last-generated=2016-07-29
statistics-simulation=
{
  "numerical Jacobians": "0", 
  "nonlinear": " ", 
  "number of continuous time states": "2", 
  "linear": " "
}
senM_flow.m_flow=[1., 0.98000001986821627664, 0.95999998013178822198, 0.93999999602635386786, 0.92000001986821811073, 0.89999997615814208984, 0.87999999205271084435, 0.86000000794729225539, 0.83999998013177878953, 0.81999999602636652885, 0.80000001192092895508, 0.77999996821089401244, 0.75999998410543434524, 0.74000001589456565476, 0.72000001589463513696, 0.69999998807907104492, 0.68000001986815172828, 0.66000001986819589739, 0.63999999205273305769, 0.6199999920527772268, 0.60000002384185791016, 0.57999999602629381812, 0.55999999602633809825, 0.5400000278155198119, 0.51999996821091931665, 0.5, 0.48000000198675829566, 0.46000003377564946394, 0.43999997218462538751, 0.41999997417147855172, 0.40000000596046447754, 0.3800000079472227732, 0.3600000397361140525, 0.33999997814508986504, 0.31999998013194291824, 0.30000001192092895508, 0.28000001390768736176, 0.26000001589444565742, 0.23999996920448790627, 0.21999998609236001701, 0.20000000298023223877, 0.18000001986810446053, 0.16000002185491013496, 0.13999997516495238381, 0.11999998460222031926, 0.10000000149011611938, 0.08000001092743132258, 0.06000002409006061771, 0.03999997367478900362, 0.01999998683740042416, 0., -0.01999998683740042416, -0.03999997367478900362, -0.06000002409006061771, -0.07999994735038643001, -0.10000000149011611938, -0.12000004817926544776, -0.13999997516454804058, -0.16000002185531422838, -0.17999995629098816674, -0.20000000298023223877, -0.2200000496694763108, -0.23999996920408378509, -0.26000001589484972309, -0.27999995033052371696, -0.30000001192092895508, -0.3200000437090118055, -0.33999997814468579937, -0.36000003973651839573, -0.37999994437005923942, -0.40000000596046447754, -0.42000003774854710592, -0.43999997218422104428, -0.46000003377605369614, -0.479999938409973681, -0.5, -0.52000003178808285043, -0.53999999602607917648, -0.56000002781577895572, -0.57999993244913050638, -0.60000002384185791016, -0.62000005562994076058, -0.6399999602632920892, -0.66000005165725761369, -0.6799999562909881945, -0.69999998807907104492, -0.7200000794710408325, -0.7399999841051502214, -0.7600000158948497786, -0.7799999205289591675, -0.80000001192092895508, -0.8200000437090118055, -0.83999994834274238631, -0.8600000397367079108, -0.87999994437005923942, -0.89999997615814208984, -0.92000006755086949362, -0.93999997218422104428, -0.96000000397392082352, -0.97999996821191714957, -1.]
time=[0., 60.]
senS_flow.S_flow=[95.35918426513671875, 93.45200355478904441497, 91.54482284443838580046, 89.63763412577645794954, 87.73045379435127699708, 85.82326507568359375, 83.91608398641044175292, 82.0089028971384976785, 80.1017156941700960715, 78.19453460489874885297, 76.287353515625, 74.38016479695671989703, 72.47298370768538688935, 70.56579650471695686065, 68.6586138997505770476, 66.751434326171875, 64.8442471231986417024, 62.93706451822983893862, 61.02988112995745240141, 59.1226947103095810121, 57.215511322021484375, 55.3083317484306533629, 53.40114532877672104405, 51.49396194050432029599, 49.5867755208564560121, 47.679592132568359375, 45.7724125589775283629, 43.86522917068942462038, 41.95803971969142054377, 40.0508563314033310121, 38.1436767578125, 36.2364933695244033629, 34.32930998123631383123, 32.42212053023829554377, 30.51493904929276723692, 28.6077556610107421875, 26.70057418007128546833, 24.79339079179531424302, 22.88620324812167794448, 20.97901985983964223692, 19.07183837890625, 17.16465499062422495058, 15.25747255601044116702, 13.35028405866855294448, 11.44310162406084430131, 9.535919189453125, 7.628736278006731375, 5.72155384339750661127, 3.81436510763705083349, 1.90718255381890444689, 0., -1.9118532862087684876, -3.84768285626592199122, -5.83048076097436673848, -7.88201708068185080691, -10.0219516754150390625, -12.26775472251615717312, -14.63388993949341454481, -17.13118118228893393962, -19.76696092662704984377, -22.5450420379638671875, -25.46573640240210423258, -28.52608856840008044742, -31.72016178265344521492, -35.03950788716318953675, -38.472728729248046875, -42.00773007358142052681, -45.6295691755536125811, -49.32395264999994566324, -53.07613939518951440277, -56.870697021484375, -60.69445631556046549804, -64.53428161201021850957, -68.3777209493320015099, -72.21465853047737937231, -76.0361328125, -79.83393295572328440812, -83.60256480433959325183, -87.33746047135922196958, -91.03587167601510543591, -94.69585418701171875, -98.31714782171584943171, -101.89998173024733318925, -105.44598836797240437591, -108.95638148809646850168, -112.43378448486328125, -115.88028063248130195007, -119.29871698026570925322, -122.69170809297493462964, -126.06202605739400723905, -129.412353515625, -132.74523245116444059022, -136.06318243336997397819, -139.3684123972183499518, -142.66271135901470756835, -145.9480438232421875, -149.22635720414450588578, -152.49842418701331325792, -155.76489672749502801707, -159.02634363818950191671, -162.283447265625]
senS.s=[95.35918426513671875, 95.35918426513671875, 95.35918426513671875, 95.35918426513671875, 95.35918426513671875, 95.35918426513671875, 95.35918426513671875, 95.35918426513671875, 95.35918426513671875, 95.35918426513671875, 95.35918426513671875, 95.35918426513671875, 95.35918426513671875, 95.35918426513671875, 95.35918426513671875, 95.35918426513671875, 95.35918426513671875, 95.35918426513671875, 95.35918426513671875, 95.35918426513671875, 95.35918426513671875, 95.35918426513671875, 95.35918426513671875, 95.35918426513671875, 95.35918426513671875, 95.35918426513671875, 95.35918426513671875, 95.35918426513671875, 95.35918426513671875, 95.35918426513671875, 95.35918426513671875, 95.35918426513671875, 95.35918426513671875, 95.35918426513671875, 95.35918426513671875, 95.35918426513671875, 95.35918426513671875, 95.35918426513671875, 95.35918426513671875, 95.35918426513671875, 95.35918426513671875, 95.35918426513671875, 95.35918426513671875, 95.35918426513671875, 95.35918426513671875, 95.35918426513671875, 95.35918426513671875, 95.35918426513671875, 95.35918426513671875, 95.35918426513671875, 95.361236572265625, 95.59272742274986001121, 96.19213008346746107691, 97.17463837734629805709, 98.52528001066310991973, 100.21952056884765625, 102.23124488482784499865, 104.52780609004740597356, 107.06986576280047529508, 109.81647537709706341502, 112.72521209716796875, 115.75332662245408243962, 118.85871489693677460764, 122.00061435419941346936, 125.14112058003257743621, 128.242431640625, 131.27413170573382217299, 134.20463194912136373205, 137.0109592697619689261, 139.67406564969965643286, 142.1767425537109375, 144.51059526424924683852, 146.66882058857362380877, 148.64721917739549894577, 150.44723071342610865031, 152.072265625, 153.52678262372367612443, 154.81956325518515882322, 155.95973339532531554141, 156.95840213961653830665, 157.826416015625, 158.57603628374539539436, 159.21871871572312784338, 159.76664796858267436619, 160.22997936942647356773, 160.61968994140625, 160.94482495758234108507, 161.21449248081100336094, 161.43644739365583973267, 161.61799579130214965517, 161.7654266357421875, 161.88443019667343492074, 161.97999561655547040573, 162.05627449836734399469, 162.1167295970209920597, 162.16448974609375, 162.20256050842777995058, 162.23237606448401493253, 162.25509645941221492649, 162.27178951275311646896, 162.283447265625]
