last-generated=2015-09-19
statistics-simulation=
{
  "numerical Jacobians": "0", 
  "nonlinear": " ", 
  "linear": " "
}
hysteresis.u=[2., 1.90211307526825801339, 1.61803398795257824538, 1.17557045313526220554, 0.6180339512284670489, 0.00000004678257561896, -0.61803408443447804821, -1.17557047249122592625, -1.6180340683058247464, -1.90211300392148308092, -1.99999999705960251895, -1.9021130673408466194, -1.61803390189016105261, -1.17557024021941902703, -0.61803404039586840035, -0.00000037425990914719, 0.61803421654971468779, 1.17557039696522402927, 1.61803372976526205207, 1.90211312181136871224, 1.99999999411920503789, 1.90211294050211998652, 1.61803395926512716407, 1.17557069745026154806, 0.6180336815459055444, 0.00000000000000061232, -0.61803456885740570836, -1.17556993052360159169, -1.6180339592651282743, -1.90211322627799184204, -1.99999997647681992952, -1.90211312181136871224, -1.61803372976526205207, -1.17557113888874376073, -0.61803421654971302246, 0.000000374259909744, 0.61803314218057903151, 1.17557024021941902703, 1.61803417354036582765, 1.90211333074461586001, 1.99999998823841007578, 1.90211300392148374705, 1.61803350026539827233, 1.17557084301934922088, 0.61803386133434656813, -0.00000074851981648049, -0.61803350175746452067, -1.1755705471499520165, -1.61803438400944710196, -1.90211287708275622599, -2., -1.90211287708578025146, -1.61803327077647551846, -1.17556900145829401616, -0.61803527345388553638, -0.00000074850865827703, 0.61803386133220672427, 1.17557084301405612159, 1.61803459446974695624, 1.90211353967101270968, 1.99999995295434063181, 1.90211333074087995954, 1.61803418097621953819, 1.17557024022311096267, 0.61803314219343830072, -0.00000149701732987468, -0.61803242305039018945, -1.175569620840705376, -1.6180337297693681009, -1.90211312181199043714, -1.99999997647717053795, -1.90211262341210796123, -1.61803501540164074157, -1.17557143474403291705, -0.61803456884900620505, -0.00000000000000538968, 0.61803456884900620505, 1.17557143474403291705, 1.61803501540164074157, 1.90211262341210796123, 1.99999997647717053795, 1.90211312181199043714, 1.61803372976936787886, 1.175569620840705376, 0.61803242305039018945, 0.00000149701733354046, -0.61803314219343830072, -1.17557024022311096267, -1.61803417353785694566, -1.90211333074087995954, -1.99999995295434063181, -1.90211353967101270968, -1.61803459446974695624, -1.17557084301405589954, -0.61803386133220672427, 0.00000074850866169738, 0.61803527345388553638, 1.1755690014582942382, 1.61803327077647551846, 1.90211287708578025146, 2.]
hysteresis.uLow_val=[0., 0.]
hysteresis.uHigh_val=[1., 1.]
hysteresis.y=[1., 1., 1., 1., 1., 1., 0., 0., 0., 0., 0., 0., 0., 0., 0., 0., 0., 1., 1., 1., 1., 1., 1., 1., 1., 1., 0., 0., 0., 0., 0., 0., 0., 0., 0., 0., 0., 1., 1., 1., 1., 1., 1., 1., 1., 0.99999403954759613633, 0., 0., 0., 0., 0., 0., 0., 0., 0., 0., 0., 1., 1., 1., 1., 1., 1., 1., 1., 0.99998807927282451491, 0., 0., 0., 0., 0., 0., 0., 0., 0., 0., 0., 1., 1., 1., 1., 1., 1., 1., 1., 1., 0., 0., 0., 0., 0., 0., 0., 0., 0., 0., 0., 1., 1., 1., 1.]
time=[0., 1.]
hysteresisInvert.uHigh_val=[1., 1.]
hysteresisInvert.y=[0., 0., 0., 0., 0., 0., 1., 1., 1., 1., 1., 1., 1., 1., 1., 1., 1., 0., 0., 0., 0., 0., 0., 0., 0., 0., 1., 1., 1., 1., 1., 1., 1., 1., 1., 1., 1., 0., 0., 0., 0., 0., 0., 0., 0., 0.00000596045240388814, 1., 1., 1., 1., 1., 1., 1., 1., 1., 1., 1., 0., 0., 0., 0., 0., 0., 0., 0., 0.00001192072717545907, 1., 1., 1., 1., 1., 1., 1., 1., 1., 1., 1., 0., 0., 0., 0., 0., 0., 0., 0., 0., 1., 1., 1., 1., 1., 1., 1., 1., 1., 1., 1., 0., 0., 0., 0.]
hysteresisInvert.u=[2., 1.90211307526825801339, 1.61803398795257824538, 1.17557045313526220554, 0.6180339512284670489, 0.00000004678257561896, -0.61803408443447804821, -1.17557047249122592625, -1.6180340683058247464, -1.90211300392148308092, -1.99999999705960251895, -1.9021130673408466194, -1.61803390189016105261, -1.17557024021941902703, -0.61803404039586840035, -0.00000037425990914719, 0.61803421654971468779, 1.17557039696522402927, 1.61803372976526205207, 1.90211312181136871224, 1.99999999411920503789, 1.90211294050211998652, 1.61803395926512716407, 1.17557069745026154806, 0.6180336815459055444, 0.00000000000000061232, -0.61803456885740570836, -1.17556993052360159169, -1.6180339592651282743, -1.90211322627799184204, -1.99999997647681992952, -1.90211312181136871224, -1.61803372976526205207, -1.17557113888874376073, -0.61803421654971302246, 0.000000374259909744, 0.61803314218057903151, 1.17557024021941902703, 1.61803417354036582765, 1.90211333074461586001, 1.99999998823841007578, 1.90211300392148374705, 1.61803350026539827233, 1.17557084301934922088, 0.61803386133434656813, -0.00000074851981648049, -0.61803350175746452067, -1.1755705471499520165, -1.61803438400944710196, -1.90211287708275622599, -2., -1.90211287708578025146, -1.61803327077647551846, -1.17556900145829401616, -0.61803527345388553638, -0.00000074850865827703, 0.61803386133220672427, 1.17557084301405612159, 1.61803459446974695624, 1.90211353967101270968, 1.99999995295434063181, 1.90211333074087995954, 1.61803418097621953819, 1.17557024022311096267, 0.61803314219343830072, -0.00000149701732987468, -0.61803242305039018945, -1.175569620840705376, -1.6180337297693681009, -1.90211312181199043714, -1.99999997647717053795, -1.90211262341210796123, -1.61803501540164074157, -1.17557143474403291705, -0.61803456884900620505, -0.00000000000000538968, 0.61803456884900620505, 1.17557143474403291705, 1.61803501540164074157, 1.90211262341210796123, 1.99999997647717053795, 1.90211312181199043714, 1.61803372976936787886, 1.175569620840705376, 0.61803242305039018945, 0.00000149701733354046, -0.61803314219343830072, -1.17557024022311096267, -1.61803417353785694566, -1.90211333074087995954, -1.99999995295434063181, -1.90211353967101270968, -1.61803459446974695624, -1.17557084301405589954, -0.61803386133220672427, 0.00000074850866169738, 0.61803527345388553638, 1.1755690014582942382, 1.61803327077647551846, 1.90211287708578025146, 2.]
hysteresisInvert.uLow_val=[0., 0.]
hysteresisVariableBounds.uLow=[0., -0.01000000000000000021, -0.02000000000000000042, -0.02999999999999999889, -0.04000000000000000083, -0.05000000000000000278, -0.05999999999999999778, -0.07000000000000000666, -0.08000000000000000167, -0.08999999999999999667, -0.10000000000000000555, -0.11000000000000000056, -0.11999999999999999556, -0.13000000000000000444, -0.14000000000000001332, -0.14999999999999999445, -0.16000000000000000333, -0.17000000000000001221, -0.17999999999999999334, -0.19000000000000000222, -0.2000000000000000111, -0.20999999999999999223, -0.22000000000000000111, -0.23000000000000000999, -0.23999999999999999112, -0.25, -0.26000000000000000888, -0.27000000000000001776, -0.28000000000000002665, -0.28999999999999998002, -0.2999999999999999889, -0.30999999999999999778, -0.32000000000000000666, -0.33000000000000001554, -0.34000000000000002442, -0.3499999999999999778, -0.35999999999999998668, -0.36999999999999999556, -0.38000000000000000444, -0.39000000000000001332, -0.4000000000000000222, -0.40999999999999997558, -0.41999999999999998446, -0.42999999999999999334, -0.44000000000000000222, -0.4500000000000000111, -0.46000000000000001998, -0.46999999999999997335, -0.47999999999999998224, -0.48999999999999999112, -0.5, -0.51000000000000000888, -0.52000000000000001776, -0.53000000000000002665, -0.54000000000000003553, -0.55000000000000004441, -0.56000000000000005329, -0.56999999999999995115, -0.57999999999999996003, -0.58999999999999996891, -0.5999999999999999778, -0.60999999999999998668, -0.61999999999999999556, -0.63000000000000000444, -0.64000000000000001332, -0.6500000000000000222, -0.66000000000000003109, -0.67000000000000003997, -0.68000000000000004885, -0.68999999999999994671, -0.69999999999999995559, -0.70999999999999996447, -0.71999999999999997335, -0.72999999999999998224, -0.73999999999999999112, -0.75, -0.76000000000000000888, -0.77000000000000001776, -0.78000000000000002665, -0.79000000000000003553, -0.80000000000000004441, -0.81000000000000005329, -0.81999999999999995115, -0.82999999999999996003, -0.83999999999999996891, -0.8499999999999999778, -0.85999999999999998668, -0.86999999999999999556, -0.88000000000000000444, -0.89000000000000001332, -0.9000000000000000222, -0.91000000000000003109, -0.92000000000000003997, -0.93000000000000004885, -0.93999999999999994671, -0.94999999999999995559, -0.95999999999999996447, -0.96999999999999997335, -0.97999999999999998224, -0.98999999999999999112, -1.]
hysteresisVariableBounds.y=[1., 1., 1., 1., 1., 1., 0., 0., 0., 0., 0., 0., 0., 0., 0., 0., 0., 0.99998398291521883863, 1., 1., 1., 1., 1., 1., 1., 1., 0., 0., 0., 0., 0., 0., 0., 0., 0., 0., 0., 0., 1., 1., 1., 1., 1., 1., 1., 1., 0., 0., 0., 0., 0., 0., 0., 0., 0., 0., 0., 0., 1., 1., 1., 1., 1., 1., 1., 1., 1., 0., 0., 0., 0., 0., 0., 0., 0., 0., 0., 0., 0., 1., 1., 1., 1., 1., 1., 1., 1., 0., 0., 0., 0., 0., 0., 0., 0., 0., 0., 0., 0., 0., 0.]
hysteresisVariableBounds.uHigh=[1., 1.00999999068677137615, 1.01999998137354275229, 1.02999997206031346231, 1.03999996274713857325, 1.04999995157123593437, 1.0599999441207079709, 1.07000005215404980774, 1.08000004470345700724, 1.09000002980237575834, 1.10000002235176408405, 1.11000001490115240976, 1.12000000745054073548, 1.12999999999992906119, 1.13999998509884781228, 1.14999997019776634133, 1.15999997019762424166, 1.1699999552974711392, 1.17999994039546174385, 1.19000005960460919496, 1.20000004470335031037, 1.21000004470338584639, 1.22000002980230459748, 1.23000001490104415858, 1.24000001490108124891, 1.25, 1.25999999999985790033, 1.26999997019783750218, 1.27999997019769540252, 1.28999997019805068277, 1.2999999403955329047, 1.30999994039539080504, 1.32000005960453825615, 1.33000002980173626099, 1.34000002980237575834, 1.35000002980223365867, 1.36000000000021303848, 1.37000000000007093881, 1.37999999999992906119, 1.38999999999978696152, 1.39999997019776634133, 1.40999997019762424166, 1.41999997019826373901, 1.42999994039546174385, 1.44000005960460919496, 1.4500000596044670953, 1.46000002980194931723, 1.47000002980230459748, 1.48000002980216249782, 1.49000000000014209967, 1.5, 1.50999999999971579179, 1.51999999999943158357, 1.52999999999914737536, 1.5399999403959947486, 1.54999994039571054039, 1.5599999403953552779, 1.57000005960443167474, 1.58000005960414746653, 1.59000005960386325832, 1.60000000000071040951, 1.6100000000004262013, 1.62000000000547461632, 1.62999999999985800692, 1.6399999999995737987, 1.64999999999928959049, 1.65999994039613674168, 1.66999994039585253347, 1.67999994039556832526, 1.6900000596046447221, 1.70000005960428945961, 1.7100000596040052514, 1.72000000000085262464, 1.73000000000056841643, 1.74000000000028420821, 1.75, 1.75999999999971579179, 1.76999999999943158357, 1.77999999999914737536, 1.7899999403959947486, 1.79999994039571054039, 1.8099999403953552779, 1.82000005960443167474, 1.83000005960414746653, 1.84000005960386325832, 1.85000000000071040951, 1.8600000000004262013, 1.87000000000014199308, 1.87999999999985800692, 1.8899999999995737987, 1.89999999999928959049, 1.90999994039613674168, 1.91999994039585253347, 1.92999994039556832526, 1.9400000596046447221, 1.95000005960428945961, 1.9600000596040052514, 1.97000000000085262464, 1.98000000000056841643, 1.99000000000028420821, 2.]
hysteresisVariableBounds.u=[2., 1.90211307526825801339, 1.61803398795257824538, 1.17557045313526220554, 0.6180339512284670489, 0.00000004678257561896, -0.61803408443447804821, -1.17557047249122592625, -1.6180340683058247464, -1.90211300392148308092, -1.99999999705960251895, -1.9021130673408466194, -1.61803390189016105261, -1.17557024021941902703, -0.61803404039586840035, -0.00000037425990914719, 0.61803421654971468779, 1.17557039696522402927, 1.61803372976526205207, 1.90211312181136871224, 1.99999999411920503789, 1.90211294050211998652, 1.61803395926512716407, 1.17557069745026154806, 0.6180336815459055444, 0.00000000000000061232, -0.61803456885740570836, -1.17556993052360159169, -1.6180339592651282743, -1.90211322627799184204, -1.99999997647681992952, -1.90211312181136871224, -1.61803372976526205207, -1.17557113888874376073, -0.61803421654971302246, 0.000000374259909744, 0.61803314218057903151, 1.17557024021941902703, 1.61803417354036582765, 1.90211333074461586001, 1.99999998823841007578, 1.90211300392148374705, 1.61803350026539827233, 1.17557084301934922088, 0.61803386133434656813, -0.00000074851981648049, -0.61803350175746452067, -1.1755705471499520165, -1.61803438400944710196, -1.90211287708275622599, -2., -1.90211287708578025146, -1.61803327077647551846, -1.17556900145829401616, -0.61803527345388553638, -0.00000074850865827703, 0.61803386133220672427, 1.17557084301405612159, 1.61803459446974695624, 1.90211353967101270968, 1.99999995295434063181, 1.90211333074087995954, 1.61803418097621953819, 1.17557024022311096267, 0.61803314219343830072, -0.00000149701732987468, -0.61803242305039018945, -1.175569620840705376, -1.6180337297693681009, -1.90211312181199043714, -1.99999997647717053795, -1.90211262341210796123, -1.61803501540164074157, -1.17557143474403291705, -0.61803456884900620505, -0.00000000000000538968, 0.61803456884900620505, 1.17557143474403291705, 1.61803501540164074157, 1.90211262341210796123, 1.99999997647717053795, 1.90211312181199043714, 1.61803372976936787886, 1.175569620840705376, 0.61803242305039018945, 0.00000149701733354046, -0.61803314219343830072, -1.17557024022311096267, -1.61803417353785694566, -1.90211333074087995954, -1.99999995295434063181, -1.90211353967101270968, -1.61803459446974695624, -1.17557084301405589954, -0.61803386133220672427, 0.00000074850866169738, 0.61803527345388553638, 1.1755690014582942382, 1.61803327077647551846, 1.90211287708578025146, 2.]
hysteresisHysDelta.y=[1., 1., 1., 1., 0., 0., 0., 0., 0., 0., 0., 0., 0., 0., 0., 0., 0., 1., 1., 1., 1., 1., 1., 1., 0., 0., 0., 0., 0., 0., 0., 0., 0., 0., 0., 0., 0., 1., 1., 1., 1., 1., 1., 1., 0., 0., 0., 0., 0., 0., 0., 0., 0., 0., 0., 0., 0., 1., 1., 1., 1., 1., 1., 1., 0., 0., 0., 0., 0., 0., 0., 0., 0., 0., 0., 0., 0., 1., 1., 1., 1., 1., 1., 1., 0., 0., 0., 0., 0., 0., 0., 0., 0., 0., 0., 0., 0., 1., 1., 1., 1.]
hysteresisHysDelta.uLow_val=[0., 0.]
hysteresisHysDelta.uHigh_val=[1., 1.]
hysteresisHysDelta.u=[2., 1.90211307526825801339, 1.61803398795257824538, 1.17557045313526220554, 0.6180339512284670489, 0.00000004678257561896, -0.61803408443447804821, -1.17557047249122592625, -1.6180340683058247464, -1.90211300392148308092, -1.99999999705960251895, -1.9021130673408466194, -1.61803390189016105261, -1.17557024021941902703, -0.61803404039586840035, -0.00000037425990914719, 0.61803421654971468779, 1.17557039696522402927, 1.61803372976526205207, 1.90211312181136871224, 1.99999999411920503789, 1.90211294050211998652, 1.61803395926512716407, 1.17557069745026154806, 0.6180336815459055444, 0.00000000000000061232, -0.61803456885740570836, -1.17556993052360159169, -1.6180339592651282743, -1.90211322627799184204, -1.99999997647681992952, -1.90211312181136871224, -1.61803372976526205207, -1.17557113888874376073, -0.61803421654971302246, 0.000000374259909744, 0.61803314218057903151, 1.17557024021941902703, 1.61803417354036582765, 1.90211333074461586001, 1.99999998823841007578, 1.90211300392148374705, 1.61803350026539827233, 1.17557084301934922088, 0.61803386133434656813, -0.00000074851981648049, -0.61803350175746452067, -1.1755705471499520165, -1.61803438400944710196, -1.90211287708275622599, -2., -1.90211287708578025146, -1.61803327077647551846, -1.17556900145829401616, -0.61803527345388553638, -0.00000074850865827703, 0.61803386133220672427, 1.17557084301405612159, 1.61803459446974695624, 1.90211353967101270968, 1.99999995295434063181, 1.90211333074087995954, 1.61803418097621953819, 1.17557024022311096267, 0.61803314219343830072, -0.00000149701732987468, -0.61803242305039018945, -1.175569620840705376, -1.6180337297693681009, -1.90211312181199043714, -1.99999997647717053795, -1.90211262341210796123, -1.61803501540164074157, -1.17557143474403291705, -0.61803456884900620505, -0.00000000000000538968, 0.61803456884900620505, 1.17557143474403291705, 1.61803501540164074157, 1.90211262341210796123, 1.99999997647717053795, 1.90211312181199043714, 1.61803372976936787886, 1.175569620840705376, 0.61803242305039018945, 0.00000149701733354046, -0.61803314219343830072, -1.17557024022311096267, -1.61803417353785694566, -1.90211333074087995954, -1.99999995295434063181, -1.90211353967101270968, -1.61803459446974695624, -1.17557084301405589954, -0.61803386133220672427, 0.00000074850866169738, 0.61803527345388553638, 1.1755690014582942382, 1.61803327077647551846, 1.90211287708578025146, 2.]
