last-generated=2016-01-18
statistics-simulation=
{
  "numerical Jacobians": "0", 
  "nonlinear": " ", 
  "number of continuous time states": "6", 
  "linear": " "
}
senPPMRev.ppm=[0., 8.39940683222455852786, 32.00280139882999463907, 68.9497935379025364, 116.62129687286677892644, 173.94884033386543364941, 241.53480346459588190555, 317.26207158546867503901, 398.78251662506556840526, 488.01495111566839568695, 584.10445413832076155813, 682.01655792761562224769, 784.71870011424391577748, 892.21105031847821464908, 1000.29039197671272631851, 1110.51957565483667167427, 1223.28141294030206154275, 1337.35477262517088092864, 1451.81620213408950803569, 1566.72634577570079272846, 1681.66775539228160596394, 1796.2391538871208922501, 1910.00978860561190231238, 2022.60877358882112275751, 2134.69349703127454631613, 2245.624755859375, 2355.19175401117854562472, 2463.18309694042955015902, 2569.38851956010148569476, 2673.59666325892112581641, 2776.07698510988575435476, 2876.96042536023242064402, 2975.754464255099719594, 3072.32540904651750679477, 3166.54009802644804949523, 3258.26552418309574932209, 3347.36730572611168099684, 3435.40327870828286904725, 3521.36796029500874283258, 3605.16491291205284142052, 3686.76085804709919102606, 3766.12348527263338837656, 3843.21999477415283763548, 3918.37314148739869779092, 3992.00841752327050926397, 4063.72919165277744468767, 4133.55909295170749828685, 4201.52204703774714289466, 4267.64147684530962578719, 4331.9413456166676041903, 4394.65625, 4455.73687371944015467307, 4515.19054125450747960713, 4573.05511209669384697918, 4629.36913177128917595837, 4684.17142956316911295289, 4737.49081432297407445731, 4789.34612619239487685263, 4839.78855836076581908856, 4888.85549943065507250139, 4936.5825941413077089237, 4983.00677025876302650431, 5028.16355292420848854817, 5072.00587991168322332669, 5114.58111454085519653745, 5155.94182955255291744834, 5196.11862709732395160245, 5235.14063718859961227281, 5273.03764500125453196233, 5309.83845936419675126672, 5345.57384207145787513582, 5380.27233012484612117987, 5413.96426020210219576256, 5446.67864927040682232473, 5478.44528256051671633031, 5509.29443359375, 5539.19778188764121296117, 5568.19146056435238278937, 5596.33162204446853138506, 5623.64561016413517791079, 5650.16153779528940503951, 5675.90716994314061594196, 5700.90963654614643019158, 5725.19725799364096019417, 5748.79737803174430155195, 5771.73734053928819776047, 5794.04546595449937740341, 5815.74860982994778169086, 5836.87492691419629409211, 5857.28168735067902161973, 5876.95797690832841908559, 5896.06199971408568671905, 5914.61621673416630073916, 5932.64357722224394819932, 5950.16605396340128208976, 5967.20610796653909346787, 5983.78558197475013002986, 5999.92768867997710913187, 6015.65426718464368605055, 6030.98729021019153151428, 6045.94970703125]
senPPMSta.ppm=[0., 563.24268771774211472803, 1079.06996819526648323517, 1551.73566349774660011462, 1987.35135550274571869522, 2388.40739387862731746281, 2753.49991638515530212317, 3087.67145683000262579299, 3396.51421217392999096774, 3675.4581564725276621175, 3926.58730399434534774628, 4162.17128772780142753618, 4374.97744193273683777079, 4565.00643389072502031922, 4742.9185307491634375765, 4904.75054852217635925626, 5049.53080983776180801215, 5180.51224661257583647966, 5300.15274987869634060189, 5408.29348128761830594158, 5506.13127287351107952418, 5594.97999380882083642064, 5675.94133798336861218559, 5750.08740781276355846785, 5816.17962701335000019753, 5875.8916015625, 5929.93413062499348598067, 5979.01903921182292833691, 6023.85745912007587321568, 6065.16112644495115091559, 6102.43948041062049014727, 6135.54833223191144497832, 6165.90431756767884508008, 6194.02440536780250113225, 6220.42677408724830456777, 6245.62796896187410311541, 6270.14596123575392994098, 6290.33983450319556141039, 6308.87207877467062644428, 6326.16848088458300480852, 6342.4999745517889095936, 6358.13573238229400885757, 6373.34717276037099509267, 6387.42775005836210766574, 6399.39451095313052064739, 6410.51415156679922802141, 6420.90088049530822900124, 6430.66993238722989190137, 6439.93650609639462345513, 6448.81639790307963266969, 6456.5556640625, 6463.57324856235845800256, 6470.04932818739780486794, 6476.03954431908096012194, 6481.60009679788709036075, 6486.78613677447356167249, 6491.5664138949405241874, 6495.78710419998697034316, 6499.64941287740020925412, 6503.18896698267235478852, 6506.44287602196436637314, 6509.44726145852473564446, 6512.2387682367207162315, 6514.65771589730138657615, 6516.76758093990247289184, 6518.64404012823615630623, 6520.3071279004288953729, 6521.7778324650880676927, 6523.07714997106722876197, 6524.22558831157948588952, 6525.24365536276582133723, 6526.15282870645205548499, 6526.97314226815160509432, 6527.72509626393275539158, 6528.43066340359382593306, 6529.109375, 6529.58691438380446925294, 6529.90283257141345529817, 6530.17089914297230279772, 6530.40576255693486018572, 6530.62109308255639916752, 6530.83105421485743136145, 6531.04980439879182085861, 6531.29101554428598319646, 6531.56982441277432371862, 6531.89941464457297115587, 6532.29394643007890408626, 6532.76757996900596481282, 6533.3344705305207753554, 6533.72949175288613332668, 6533.90234347060504660476, 6534.08251941328308021184, 6534.27587897144258022308, 6534.48779325435316422954, 6534.72314509624811762478, 6534.98779387678314378718, 6535.2866199016652899445, 6535.62548726145905675367, 6536.00927657541433291044, 6536.44384722085942485137, 6536.93359375]
senPPMNoRev.ppm=[0., 8.39940683222455852786, 32.00280139882999463907, 68.9497935379025364, 116.62129687286677892644, 173.94884033386543364941, 241.53480346459588190555, 317.26207158546867503901, 398.78251662506556840526, 488.01495111566839568695, 584.10445413832076155813, 682.01655792761562224769, 784.71870011424391577748, 892.21105031847821464908, 1000.29039197671272631851, 1110.51957565483667167427, 1223.28141294030206154275, 1337.35477262517088092864, 1451.81620213408950803569, 1566.72634577570079272846, 1681.66775539228160596394, 1796.2391538871208922501, 1910.00978860561190231238, 2022.60877358882112275751, 2134.69349703127454631613, 2245.624755859375, 2355.19175401117854562472, 2463.18309694042955015902, 2569.38851956010148569476, 2673.59666325892112581641, 2776.07698510988575435476, 2876.96042536023242064402, 2975.754464255099719594, 3072.32540904651750679477, 3166.54009802644804949523, 3258.26552418309574932209, 3347.36730572611168099684, 3435.40327870828286904725, 3521.36796029500874283258, 3605.16491291205284142052, 3686.76085804709919102606, 3766.12348527263338837656, 3843.21999477415283763548, 3918.37314148739869779092, 3992.00841752327050926397, 4063.72919165277744468767, 4133.55909295170749828685, 4201.52204703774714289466, 4267.64147684530962578719, 4331.9413456166676041903, 4394.65625, 4455.73687371944015467307, 4515.19054125450747960713, 4573.05511209669384697918, 4629.36913177128917595837, 4684.17142956316911295289, 4737.49081432297407445731, 4789.34612619239487685263, 4839.78855836076581908856, 4888.85549943065507250139, 4936.5825941413077089237, 4983.00677025876302650431, 5028.16355292420848854817, 5072.00587991168322332669, 5114.58111454085519653745, 5155.94182955255291744834, 5196.11862709732395160245, 5235.14063718859961227281, 5273.03764500125453196233, 5309.83845936419675126672, 5345.57384207145787513582, 5380.27233012484612117987, 5413.96426020210219576256, 5446.67864927040682232473, 5478.44528256051671633031, 5509.29443359375, 5539.19778188764121296117, 5568.19146056435238278937, 5596.33162204446853138506, 5623.64561016413517791079, 5650.16153779528940503951, 5675.90716994314061594196, 5700.90963654614643019158, 5725.19725799364096019417, 5748.79737803174430155195, 5771.73734053928819776047, 5794.04546595449937740341, 5815.74860982994778169086, 5836.87492691419629409211, 5857.28168735067902161973, 5876.95797690832841908559, 5896.06199971408568671905, 5914.61621673416630073916, 5932.64357722224394819932, 5950.16605396340128208976, 5967.20610796653909346787, 5983.78558197475013002986, 5999.92768867997710913187, 6015.65426718464368605055, 6030.98729021019153151428, 6045.94970703125]
senPPMTwoPort.ppm=[0., 8.39940683222455852786, 32.00280139882999463907, 68.9497935379025364, 116.62129687286677892644, 173.94884033386543364941, 241.53480346459588190555, 317.26207158546867503901, 398.78251662506556840526, 488.01495111566839568695, 584.10445413832076155813, 682.01655792761562224769, 784.71870011424391577748, 892.21105031847821464908, 1000.29039197671272631851, 1110.51957565483667167427, 1223.28141294030206154275, 1337.35477262517088092864, 1451.81620213408950803569, 1566.72634577570079272846, 1681.66775539228160596394, 1796.2391538871208922501, 1910.00978860561190231238, 2022.60877358882112275751, 2134.69349703127454631613, 2245.624755859375, 2355.19175401117854562472, 2463.18309694042955015902, 2569.38851956010148569476, 2673.59666325892112581641, 2776.07698510988575435476, 2876.96042536023242064402, 2975.754464255099719594, 3072.32540904651750679477, 3166.54009802644804949523, 3258.26552418309574932209, 3347.36730572611168099684, 3435.40327870828286904725, 3521.36796029500874283258, 3605.16491291205284142052, 3686.76085804709919102606, 3766.12348527263338837656, 3843.21999477415283763548, 3918.37314148739869779092, 3992.00841752327050926397, 4063.72919165277744468767, 4133.55909295170749828685, 4201.52204703774714289466, 4267.64147684530962578719, 4331.9413456166676041903, 4394.65625, 4455.73687371944015467307, 4515.19054125450747960713, 4573.05511209669384697918, 4629.36913177128917595837, 4684.17142956316911295289, 4737.49081432297407445731, 4789.34612619239487685263, 4839.78855836076581908856, 4888.85549943065507250139, 4936.5825941413077089237, 4983.00677025876302650431, 5028.16355292420848854817, 5072.00587991168322332669, 5114.58111454085519653745, 5155.94182955255291744834, 5196.11862709732395160245, 5235.14063718859961227281, 5273.03764500125453196233, 5309.83845936419675126672, 5345.57384207145787513582, 5380.27233012484612117987, 5413.96426020210219576256, 5446.67864927040682232473, 5478.44528256051671633031, 5509.29443359375, 5539.19778188764121296117, 5568.19146056435238278937, 5596.33162204446853138506, 5623.64561016413517791079, 5650.16153779528940503951, 5675.90716994314061594196, 5700.90963654614643019158, 5725.19725799364096019417, 5748.79737803174430155195, 5771.73734053928819776047, 5794.04546595449937740341, 5815.74860982994778169086, 5836.87492691419629409211, 5857.28168735067902161973, 5876.95797690832841908559, 5896.06199971408568671905, 5914.61621673416630073916, 5932.64357722224394819932, 5950.16605396340128208976, 5967.20610796653909346787, 5983.78558197475013002986, 5999.92768867997710913187, 6015.65426718464368605055, 6030.98729021019153151428, 6045.94970703125]
senPPMVol2.ppm=[6541.79833984375, 6541.79833984375]
senPPMVol.ppm=[0., 563.24268771774211472803, 1079.06996819526648323517, 1551.73566349774660011462, 1987.35135550274571869522, 2388.40739387862731746281, 2753.49991638515530212317, 3087.67145683000262579299, 3396.51421217392999096774, 3675.4581564725276621175, 3926.58730399434534774628, 4162.17128772780142753618, 4374.97744193273683777079, 4565.00643389072502031922, 4742.9185307491634375765, 4904.75054852217635925626, 5049.53080983776180801215, 5180.51224661257583647966, 5300.15274987869634060189, 5408.29348128761830594158, 5506.13127287351107952418, 5594.97999380882083642064, 5675.94133798336861218559, 5750.08740781276355846785, 5816.17962701335000019753, 5875.8916015625, 5929.93413062499348598067, 5979.01903921182292833691, 6023.85745912007587321568, 6065.16112644495115091559, 6102.43948041062049014727, 6135.54833223191144497832, 6165.90431756767884508008, 6194.02440536780250113225, 6220.42677408724830456777, 6245.62796896187410311541, 6270.14596123575392994098, 6290.33983450319556141039, 6308.87207877467062644428, 6326.16848088458300480852, 6342.4999745517889095936, 6358.13573238229400885757, 6373.34717276037099509267, 6387.42775005836210766574, 6399.39451095313052064739, 6410.51415156679922802141, 6420.90088049530822900124, 6430.66993238722989190137, 6439.93650609639462345513, 6448.81639790307963266969, 6456.5556640625, 6463.57324856235845800256, 6470.04932818739780486794, 6476.03954431908096012194, 6481.60009679788709036075, 6486.78613677447356167249, 6491.5664138949405241874, 6495.78710419998697034316, 6499.64941287740020925412, 6503.18896698267235478852, 6506.44287602196436637314, 6509.44726145852473564446, 6512.2387682367207162315, 6514.65771589730138657615, 6516.76758093990247289184, 6518.64404012823615630623, 6520.3071279004288953729, 6521.7778324650880676927, 6523.07714997106722876197, 6524.22558831157948588952, 6525.24365536276582133723, 6526.15282870645205548499, 6526.97314226815160509432, 6527.72509626393275539158, 6528.43066340359382593306, 6529.109375, 6529.58691438380446925294, 6529.90283257141345529817, 6530.17089914297230279772, 6530.40576255693486018572, 6530.62109308255639916752, 6530.83105421485743136145, 6531.04980439879182085861, 6531.29101554428598319646, 6531.56982441277432371862, 6531.89941464457297115587, 6532.29394643007890408626, 6532.76757996900596481282, 6533.3344705305207753554, 6533.72949175288613332668, 6533.90234347060504660476, 6534.08251941328308021184, 6534.27587897144258022308, 6534.48779325435316422954, 6534.72314509624811762478, 6534.98779387678314378718, 6535.2866199016652899445, 6535.62548726145905675367, 6536.00927657541433291044, 6536.44384722085942485137, 6536.93359375]
time=[0., 3.]
senPPMIn.ppm=[0., 0.]
