last-generated=2016-03-07
statistics-simulation=
{
  "numerical Jacobians": "0", 
  "nonlinear": "1", 
  "number of continuous time states": "5", 
  "linear": "0"
}
bou0.T=[273.149993896484375, 273.149993896484375]
roo.T=[293.149993896484375, 293.1500244140625, 293.149993896484375, 293.149993896484375, 293.149993896484375, 293.149993896484375, 293.149993896484375, 293.149993896484375, 293.149993896484375, 293.149993896484375, 293.149993896484375, 293.149993896484375, 293.149993896484375, 293.149993896484375, 293.149993896484375, 293.149993896484375, 293.149993896484375, 293.141387939453125, 293.141082763671875, 293.141082763671875, 293.141082763671875, 293.141082763671875, 293.141082763671875, 293.141082763671875, 293.141082763671875, 293.141082763671875, 293.141082763671875, 293.141082763671875, 293.141082763671875, 293.141082763671875, 293.141082763671875, 293.141082763671875, 293.141082763671875, 293.141082763671875, 293.141082763671875, 293.141082763671875, 293.141082763671875, 293.141082763671875, 293.141082763671875, 293.141082763671875, 293.141082763671875, 293.141082763671875, 293.141082763671875, 293.141082763671875, 293.141082763671875, 293.141082763671875, 293.141082763671875, 293.141082763671875, 293.141082763671875, 293.141082763671875, 293.14105224609375, 293.083221435546875, 293.08319091796875, 293.08319091796875, 293.08319091796875, 293.08319091796875, 293.08319091796875, 293.08319091796875, 293.08319091796875, 293.08319091796875, 293.08319091796875, 293.08319091796875, 293.08319091796875, 293.08319091796875, 293.08319091796875, 293.08319091796875, 293.08319091796875, 293.136138916015625, 293.141143798828125, 293.141143798828125, 293.141143798828125, 293.141143798828125, 293.141143798828125, 293.141143798828125, 293.141143798828125, 293.141143798828125, 293.141143798828125, 293.141143798828125, 293.141143798828125, 293.141143798828125, 293.141143798828125, 293.141143798828125, 293.141143798828125, 293.141143798828125, 293.141143798828125, 293.141143798828125, 293.141143798828125, 293.141143798828125, 293.141143798828125, 293.141143798828125, 293.141143798828125, 293.141143798828125, 293.141143798828125, 293.141143798828125, 293.141143798828125, 293.141143798828125, 293.141143798828125, 293.141143798828125, 293.141143798828125, 293.141143798828125, 293.141143798828125]
time=[0., 3600.]
oriBot.m_flow=[0.06112576648592948914, -0.02835682965815067291, -0.02835798263549804688, -0.02835790999233722687, -0.02835792861878871918, -0.02835792116820812225, -0.02835792303085327148, -0.02835792489349842072, -0.02835792303085327148, -0.02835792489349842072, -0.02835792489349842072, -0.02835792489349842072, -0.02835792489349842072, -0.02835792489349842072, -0.02835792303085327148, -0.02835792303085327148, -0.02835792489349842072, 0.00665676500648260117, 0.00664660893380641937, 0.00664660846814513206, 0.00664660939946770668, 0.00664660939946770668, 0.00664660939946770668, 0.00664660939946770668, 0.00664660939946770668, 0.00664660939946770668, 0.00664660939946770668, 0.00664660939946770668, 0.00664660939946770668, 0.00664660939946770668, 0.00664660939946770668, 0.00664660939946770668, 0.00664660939946770668, 0.00664660939946770668, 0.00664660939946770668, 0.00664660939946770668, 0.00664660939946770668, 0.00664660939946770668, 0.00664660939946770668, 0.00664660939946770668, 0.00664660939946770668, 0.00664660939946770668, 0.00664660939946770668, 0.00664660939946770668, 0.00664660939946770668, 0.00664660939946770668, 0.00664660939946770668, 0.00664660939946770668, 0.00664660939946770668, 0.00664660939946770668, 0.00729331700131297112, 0.02837069146335124969, 0.02837051451206207275, 0.02836990542709827423, 0.02837009727954864502, 0.02836989983916282654, 0.02836998924612998962, 0.02837000042200088501, 0.02836999855935573578, 0.02836999110877513885, 0.02836998738348484039, 0.02836999110877513885, 0.02836999483406543732, 0.02836999483406543732, 0.02836999483406543732, 0.02836999297142028809, 0.02836999297142028809, -0.00678765028715133667, -0.00661378540098667145, -0.00661375559866428375, -0.00661375047639012337, -0.00661375047639012337, -0.00661374814808368683, -0.00661374907940626144, -0.00661375001072883606, -0.00661374954506754875, -0.00661374954506754875, -0.00661374954506754875, -0.00661374954506754875, -0.00661374954506754875, -0.00661374954506754875, -0.00661374954506754875, -0.00661374954506754875, -0.00661374954506754875, -0.00661374954506754875, -0.00661374954506754875, -0.00661374954506754875, -0.00661374954506754875, -0.00661374954506754875, -0.00661374954506754875, -0.00661374954506754875, -0.00661374954506754875, -0.00661374954506754875, -0.00661374954506754875, -0.00661374954506754875, -0.00661374954506754875, -0.00661374954506754875, -0.00661374954506754875, -0.00661374954506754875, -0.00661374954506754875, -0.00661374954506754875]
oriChiTop.m_flow=[-0.0439749397337436676, 0.02164136059582233429, 0.0216421131044626236, 0.02164206653833389282, 0.02164207771420478821, 0.02164207398891448975, 0.02164207398891448975, 0.02164207585155963898, 0.02164207398891448975, 0.02164207585155963898, 0.02164207585155963898, 0.02164207585155963898, 0.02164207585155963898, 0.02164207585155963898, 0.02164207585155963898, 0.02164207585155963898, 0.02164207585155963898, 0.00664159096777439117, 0.00664660939946770668, 0.00664660986512899399, 0.00664660939946770668, 0.00664660939946770668, 0.00664660939946770668, 0.00664660939946770668, 0.00664660939946770668, 0.00664660939946770668, 0.00664660939946770668, 0.00664660939946770668, 0.00664660939946770668, 0.00664660939946770668, 0.00664660939946770668, 0.00664660939946770668, 0.00664660939946770668, 0.00664660939946770668, 0.00664660939946770668, 0.00664660939946770668, 0.00664660939946770668, 0.00664660939946770668, 0.00664660939946770668, 0.00664660939946770668, 0.00664660939946770668, 0.00664660939946770668, 0.00664660939946770668, 0.00664660939946770668, 0.00664660939946770668, 0.00664660939946770668, 0.00664660939946770668, 0.00664660939946770668, 0.00664660939946770668, 0.00664660939946770668, 0.00629839533939957619, -0.02163046598434448242, -0.02163034677505493164, -0.02162994816899299622, -0.02163007482886314392, -0.02162994444370269775, -0.02163000404834747314, -0.02163000963628292084, -0.02163000963628292084, -0.02163000404834747314, -0.02163000218570232391, -0.02163000404834747314, -0.02163000777363777161, -0.02163000777363777161, -0.02163000591099262238, -0.02163000591099262238, -0.02163000591099262238, -0.00652388157323002815, -0.00661373138427734375, -0.0066137462854385376, -0.00661374907940626144, -0.00661374907940626144, -0.00661375001072883606, -0.00661374954506754875, -0.00661374907940626144, -0.00661374954506754875, -0.00661374954506754875, -0.00661374954506754875, -0.00661374954506754875, -0.00661374954506754875, -0.00661374954506754875, -0.00661374954506754875, -0.00661374954506754875, -0.00661374954506754875, -0.00661374954506754875, -0.00661374954506754875, -0.00661374954506754875, -0.00661374954506754875, -0.00661374954506754875, -0.00661374954506754875, -0.00661374954506754875, -0.00661374954506754875, -0.00661374954506754875, -0.00661374954506754875, -0.00661374954506754875, -0.00661374954506754875, -0.00661374954506754875, -0.00661374954506754875, -0.00661374954506754875, -0.00661374954506754875, -0.00661374954506754875]
oriChiBot.m_flow=[-0.0439749397337436676, 0.02164136059582233429, 0.0216421131044626236, 0.02164206653833389282, 0.02164207771420478821, 0.02164207398891448975, 0.02164207398891448975, 0.02164207585155963898, 0.02164207398891448975, 0.02164207585155963898, 0.02164207585155963898, 0.02164207585155963898, 0.02164207585155963898, 0.02164207585155963898, 0.02164207585155963898, 0.02164207585155963898, 0.02164207585155963898, 0.00664159096777439117, 0.00664660939946770668, 0.00664660986512899399, 0.00664660939946770668, 0.00664660939946770668, 0.00664660939946770668, 0.00664660939946770668, 0.00664660939946770668, 0.00664660939946770668, 0.00664660939946770668, 0.00664660939946770668, 0.00664660939946770668, 0.00664660939946770668, 0.00664660939946770668, 0.00664660939946770668, 0.00664660939946770668, 0.00664660939946770668, 0.00664660939946770668, 0.00664660939946770668, 0.00664660939946770668, 0.00664660939946770668, 0.00664660939946770668, 0.00664660939946770668, 0.00664660939946770668, 0.00664660939946770668, 0.00664660939946770668, 0.00664660939946770668, 0.00664660939946770668, 0.00664660939946770668, 0.00664660939946770668, 0.00664660939946770668, 0.00664660939946770668, 0.00664660939946770668, 0.00629839533939957619, -0.02163046598434448242, -0.02163034677505493164, -0.02162994816899299622, -0.02163007482886314392, -0.02162994444370269775, -0.02163000404834747314, -0.02163000963628292084, -0.02163000963628292084, -0.02163000404834747314, -0.02163000218570232391, -0.02163000404834747314, -0.02163000777363777161, -0.02163000777363777161, -0.02163000591099262238, -0.02163000591099262238, -0.02163000591099262238, -0.00652388157323002815, -0.00661373138427734375, -0.0066137462854385376, -0.00661374907940626144, -0.00661374907940626144, -0.00661375001072883606, -0.00661374954506754875, -0.00661374907940626144, -0.00661374954506754875, -0.00661374954506754875, -0.00661374954506754875, -0.00661374954506754875, -0.00661374954506754875, -0.00661374954506754875, -0.00661374954506754875, -0.00661374954506754875, -0.00661374954506754875, -0.00661374954506754875, -0.00661374954506754875, -0.00661374954506754875, -0.00661374954506754875, -0.00661374954506754875, -0.00661374954506754875, -0.00661374954506754875, -0.00661374954506754875, -0.00661374954506754875, -0.00661374954506754875, -0.00661374954506754875, -0.00661374954506754875, -0.00661374954506754875, -0.00661374954506754875, -0.00661374954506754875, -0.00661374954506754875, -0.00661374954506754875]
con.u_m=[293.149993896484375, 293.1500244140625, 293.149993896484375, 293.149993896484375, 293.149993896484375, 293.149993896484375, 293.149993896484375, 293.149993896484375, 293.149993896484375, 293.149993896484375, 293.149993896484375, 293.149993896484375, 293.149993896484375, 293.149993896484375, 293.149993896484375, 293.149993896484375, 293.149993896484375, 293.141387939453125, 293.141082763671875, 293.141082763671875, 293.141082763671875, 293.141082763671875, 293.141082763671875, 293.141082763671875, 293.141082763671875, 293.141082763671875, 293.141082763671875, 293.141082763671875, 293.141082763671875, 293.141082763671875, 293.141082763671875, 293.141082763671875, 293.141082763671875, 293.141082763671875, 293.141082763671875, 293.141082763671875, 293.141082763671875, 293.141082763671875, 293.141082763671875, 293.141082763671875, 293.141082763671875, 293.141082763671875, 293.141082763671875, 293.141082763671875, 293.141082763671875, 293.141082763671875, 293.141082763671875, 293.141082763671875, 293.141082763671875, 293.141082763671875, 293.14105224609375, 293.083221435546875, 293.08319091796875, 293.08319091796875, 293.08319091796875, 293.08319091796875, 293.08319091796875, 293.08319091796875, 293.08319091796875, 293.08319091796875, 293.08319091796875, 293.08319091796875, 293.08319091796875, 293.08319091796875, 293.08319091796875, 293.08319091796875, 293.08319091796875, 293.136138916015625, 293.141143798828125, 293.141143798828125, 293.141143798828125, 293.141143798828125, 293.141143798828125, 293.141143798828125, 293.141143798828125, 293.141143798828125, 293.141143798828125, 293.141143798828125, 293.141143798828125, 293.141143798828125, 293.141143798828125, 293.141143798828125, 293.141143798828125, 293.141143798828125, 293.141143798828125, 293.141143798828125, 293.141143798828125, 293.141143798828125, 293.141143798828125, 293.141143798828125, 293.141143798828125, 293.141143798828125, 293.141143798828125, 293.141143798828125, 293.141143798828125, 293.141143798828125, 293.141143798828125, 293.141143798828125, 293.141143798828125, 293.141143798828125, 293.141143798828125]
con.u_s=[293.149993896484375, 293.149993896484375]
con.y=[0., -0.00018795822688844055, -0.00000625397615294787, 0.00000107268738247512, -0.00000035878855442206, 0.00000008634486903247, 0.00000007772314347676, -0.0000000525378140992, -0.00000001824531636885, -0.00000000206199501918, 0.00000000549448486709, 0.00000000678852529745, 0.00000000418566514782, 0.00000000005059064279, -0.00000000325258042722, -0.00000000335887762049, -0.00000000011368683772, 0.04312473908066749573, 0.04453229159116744995, 0.04453257098793983459, 0.04453235119581222534, 0.04453240334987640381, 0.04453237727284431458, 0.04453238099813461304, 0.0445323847234249115, 0.0445323847234249115, 0.0445323847234249115, 0.04453238099813461304, 0.04453238099813461304, 0.04453238099813461304, 0.04453238099813461304, 0.04453238099813461304, 0.04453238099813461304, 0.04453238099813461304, 0.04453238099813461304, 0.04453238099813461304, 0.04453238099813461304, 0.04453238099813461304, 0.04453238099813461304, 0.04453238099813461304, 0.04453238099813461304, 0.04453238099813461304, 0.04453238099813461304, 0.04453238099813461304, 0.04453238099813461304, 0.04453238099813461304, 0.04453238099813461304, 0.04453238099813461304, 0.04453238099813461304, 0.04453238099813461304, 0.04469896107912063599, 0.33395177125930786133, 0.33403664827346801758, 0.33402976393699645996, 0.33403101563453674316, 0.3340301513671875, 0.33403047919273376465, 0.33403053879737854004, 0.33403050899505615234, 0.33403050899505615234, 0.33403047919273376465, 0.33403050899505615234, 0.33403050899505615234, 0.33403050899505615234, 0.33403050899505615234, 0.33403050899505615234, 0.33403050899505615234, 0.0693712383508682251, 0.04431753605604171753, 0.04431320354342460632, 0.04431243240833282471, 0.04431247338652610779, 0.04431215673685073853, 0.04431229457259178162, 0.04431240633130073547, 0.04431233182549476624, 0.04431231319904327393, 0.044312305748462677, 0.04431230947375297546, 0.04431231692433357239, 0.04431232064962387085, 0.04431232437491416931, 0.04431232064962387085, 0.04431232064962387085, 0.04431231692433357239, 0.04431231692433357239, 0.04431231692433357239, 0.04431231692433357239, 0.04431231692433357239, 0.04431231692433357239, 0.04431231692433357239, 0.04431231692433357239, 0.04431231692433357239, 0.04431231692433357239, 0.04431231692433357239, 0.04431231692433357239, 0.04431231692433357239, 0.04431231692433357239, 0.04431231692433357239, 0.04431231692433357239, 0.04431231692433357239]
