last-generated=2016-03-15
statistics-simulation=
{
  "numerical Jacobians": "0", 
  "nonlinear": " ", 
  "number of continuous time states": "15", 
  "linear": "0, 0, 0"
}
dooAB.vBA=[0.00300000002607703209, 0.01283652428537607193, 0.02398204617202281952, 0.03495607897639274597, 0.04513009637594223022, 0.05445573851466178894, 0.06306549161672592163, 0.07071070373058319092, 0.07726913690567016602, 0.08263559639453887939, 0.08672922104597091675, 0.08949158340692520142, 0.09086988121271133423, 0.0908098071813583374, 0.08939216285943984985, 0.08873829245567321777, 0.08613520115613937378, 0.08374450355768203735, 0.08023869246244430542, 0.07582011818885803223, 0.07197012007236480713, 0.066153697669506073, 0.06168153136968612671, 0.05612098425626754761, 0.05016516149044036865, 0.04529537633061408997, 0.03895340114831924438, 0.03424549475312231583, 0.02909414842724798375, 0.02381185255944728851, 0.02007220126688480377, 0.01519998256117105484, 0.01230365410447120667, 0.00917181000113487244, 0.00646815542131662369, 0.00482519948855042458, 0.00300000002607703209, 0.00300000002607703209, 0.00300000002607703209, 0.00300000002607703209, 0.00300000002607703209, 0.00300000002607703209, 0.00300000002607703209, 0.00300000002607703209, 0.00300000002607703209, 0.00300000002607703209, 0.00300000002607703209, 0.00300000002607703209, 0.00300000002607703209, 0.00300000002607703209, 0.00299083022400736809, 0.0128435920923948288, 0.02400392107665538788, 0.03496305644512176514, 0.04577985405921940198, 0.05402753874659544514, 0.06328326463699346371, 0.07071255147457122803, 0.07726736366748809814, 0.0826384127140045166, 0.08672921359539031982, 0.08948920667171478271, 0.09087046235799789429, 0.09083542227745056152, 0.08935470134019851685, 0.08866119384765625, 0.08608873188495635986, 0.08363174647092819214, 0.08018957078456878662, 0.07563723623752593994, 0.07188717275857925415, 0.06613866239786148071, 0.06154913082718849182, 0.05612512305378913879, 0.05001690611243247986, 0.04516880586743354797, 0.0388967469334602356, 0.03411446884274482727, 0.02897441759705543518, 0.0237234700471162796, 0.0199598260223865509, 0.01511606946587562561, 0.01223427336663007736, 0.00900220684707164764, 0.00642054853960871696, 0.00473699206486344337, 0.00300000002607703209, 0.00300000002607703209, 0.00300000002607703209, 0.00300000002607703209, 0.00300000002607703209, 0.00300000002607703209, 0.00300000002607703209, 0.00300000002607703209, 0.00300000002607703209, 0.00300000002607703209, 0.00300000002607703209, 0.00300000002607703209, 0.00300000002607703209, 0.00300000002607703209, 0.00325888977386057377]
dooAC.vAB=[0.00100000004749745131, 0.00372535432688891888, 0.00392005825415253639, 0.00419404404237866402, 0.00429821666330099106, 0.00434818491339683533, 0.00438702572137117386, 0.00441720336675643921, 0.00443876581266522408, 0.00445335078984498978, 0.00446135131642222404, 0.00446542771533131599, 0.0044560600072145462, 0.00441330624744296074, 0.00438082916662096977, 0.00438132137060165405, 0.0043758549727499485, 0.00438734004274010658, 0.0043961014598608017, 0.00437114061787724495, 0.00441658031195402145, 0.00437811203300952911, 0.00440750829875469208, 0.00440858956426382065, 0.00437868433073163033, 0.00443666521459817886, 0.00437970459461212158, 0.0044071543961763382, 0.00440705893561244011, 0.00437955092638731003, 0.00441906927153468132, 0.00439048977568745613, 0.00439827144145965576, 0.00438940385356545448, 0.00437348568812012672, 0.004381577018648386, 0.00438068760558962822, 0.00441639963537454605, 0.0044546038843691349, 0.00446528196334838867, 0.00446167495101690292, 0.00445363437756896019, 0.00443920772522687912, 0.00441748322919011116, 0.00438728183507919312, 0.00434810621663928032, 0.0042978343553841114, 0.00419515790417790413, 0.00391791574656963348, 0.0037250816822052002, 0.00366637157276272774, 0.00372509565204381943, 0.00392023148015141487, 0.00418801745399832726, 0.00428109383210539905, 0.00435923319309949875, 0.00438120355829596519, 0.00441779056563973427, 0.00443943450227379799, 0.00445395801216363907, 0.00446274876594543457, 0.00446703704074025154, 0.00445897551253437996, 0.00441908510401844978, 0.00438048131763935089, 0.00438110064715147018, 0.00437792437151074409, 0.00438725389540195465, 0.00438388669863343239, 0.00437920261174440384, 0.00441663060337305069, 0.00437792390584945679, 0.00440442841500043869, 0.00441655982285737991, 0.00437074620276689529, 0.00443440582603216171, 0.00439358595758676529, 0.00438784016296267509, 0.0044060233049094677, 0.00437560398131608963, 0.00441934820264577866, 0.00437131710350513458, 0.00439501926302909851, 0.00438317330554127693, 0.0043764142319560051, 0.00437789922580122948, 0.00438300846144556999, 0.00441349949687719345, 0.00445772008970379829, 0.00447034463286399841, 0.00446860166266560555, 0.00445624068379402161, 0.0044370102696120739, 0.00441465852782130241, 0.00438753003254532814, 0.00434981938451528549, 0.00429614493623375893, 0.00419884780421853065, 0.00391683122143149376, 0.00372564233839511871, 0.00366746308282017708]
dooBC.vAB=[0.00100000004749745131, 0.01338570099323987961, 0.02414369210600852966, 0.03457275032997131348, 0.04453454166650772095, 0.05375925824046134949, 0.062291756272315979, 0.06987635046243667603, 0.07639154046773910522, 0.08172894269227981567, 0.08580611646175384521, 0.08855878561735153198, 0.08995512127876281738, 0.08998281508684158325, 0.08860667794942855835, 0.0877106785774230957, 0.08523124456405639648, 0.08253790438175201416, 0.07916939258575439453, 0.07449516654014587402, 0.07071153819561004639, 0.06505399197340011597, 0.06028455495834350586, 0.05486205965280532837, 0.04866851493716239929, 0.04385900869965553284, 0.03769122809171676636, 0.03269124776124952836, 0.02767743915319441014, 0.02216099575161933899, 0.01848826184868812561, 0.01378343440592288971, 0.01058390084654092789, 0.00760497432202100754, 0.00461973203346133232, 0.00309579027816653252, 0.00099159637466073036, 0.00100000004749745131, 0.00100000004749745131, 0.00100000004749745131, 0.00100000004749745131, 0.00100000004749745131, 0.00100000004749745131, 0.00100000004749745131, 0.00100000004749745131, 0.00100000004749745131, 0.00100000004749745131, 0.00100000004749745131, 0.00100000004749745131, 0.00100000004749745131, 0.00231303251348435879, 0.01339334156364202499, 0.02416756562888622284, 0.03456297144293785095, 0.04516395181417469373, 0.05334015935659414814, 0.0625034347176552374, 0.06987694650888442993, 0.07638854533433914185, 0.08173038065433502197, 0.0858047977089881897, 0.08855618536472320557, 0.08995123207569122314, 0.09000197798013687134, 0.08859479427337646484, 0.08762937784194946289, 0.08518256992101669312, 0.08242489397525787354, 0.07911371439695358276, 0.07431536167860031128, 0.07062784582376480103, 0.06503807753324508667, 0.06015310809016227722, 0.05486552417278289795, 0.04852107539772987366, 0.04373476281762123108, 0.03763887286186218262, 0.03255946934223175049, 0.02756170742213726044, 0.02207422256469726562, 0.01838097721338272095, 0.01369925215840339661, 0.01051739044487476349, 0.00744290836155414581, 0.0045745503157377243, 0.00301436474546790123, 0.00100000004749745131, 0.00100000004749745131, 0.00100000004749745131, 0.00100000004749745131, 0.00100000004749745131, 0.00100000004749745131, 0.00100000004749745131, 0.00100000004749745131, 0.00100000004749745131, 0.00100000004749745131, 0.00100000004749745131, 0.00100000004749745131, 0.00100000004749745131, 0.00100000004749745131, 0.00258298264816403389]
dooAC.vBA=[0.00300000002607703209, 0.00300000002607703209, 0.00300000002607703209, 0.00300000002607703209, 0.00300000002607703209, 0.00300000002607703209, 0.00300000002607703209, 0.00300000002607703209, 0.00300000002607703209, 0.00300000002607703209, 0.00300000002607703209, 0.00300000002607703209, 0.00300000002607703209, 0.00300000002607703209, 0.00300000002607703209, 0.00300000002607703209, 0.00300000002607703209, 0.00300000002607703209, 0.00300000002607703209, 0.00300000002607703209, 0.00300000002607703209, 0.00300000002607703209, 0.00300000002607703209, 0.00300000002607703209, 0.00300000002607703209, 0.00300000002607703209, 0.00300000002607703209, 0.00300000002607703209, 0.00300000002607703209, 0.00300000002607703209, 0.00300000002607703209, 0.00300000002607703209, 0.00300000002607703209, 0.00300000002607703209, 0.00300000002607703209, 0.00300000002607703209, 0.00300000002607703209, 0.00300000002607703209, 0.00300000002607703209, 0.00300000002607703209, 0.00300000002607703209, 0.00300000002607703209, 0.00300000002607703209, 0.00300000002607703209, 0.00300000002607703209, 0.00300000002607703209, 0.00300000002607703209, 0.00300000002607703209, 0.00300000002607703209, 0.00300000002607703209, 0.00300000002607703209, 0.00300000002607703209, 0.00300000002607703209, 0.00300000002607703209, 0.00300000002607703209, 0.00300000002607703209, 0.00300000002607703209, 0.00300000002607703209, 0.00300000002607703209, 0.00300000002607703209, 0.00300000002607703209, 0.00300000002607703209, 0.00300000002607703209, 0.00300000002607703209, 0.00300000002607703209, 0.00300000002607703209, 0.00300000002607703209, 0.00300000002607703209, 0.00300000002607703209, 0.00300000002607703209, 0.00300000002607703209, 0.00300000002607703209, 0.00300000002607703209, 0.00300000002607703209, 0.00300000002607703209, 0.00300000002607703209, 0.00300000002607703209, 0.00300000002607703209, 0.00300000002607703209, 0.00300000002607703209, 0.00300000002607703209, 0.00300000002607703209, 0.00300000002607703209, 0.00300000002607703209, 0.00300000002607703209, 0.00300000002607703209, 0.00300000002607703209, 0.00300000002607703209, 0.00300000002607703209, 0.00300000002607703209, 0.00300000002607703209, 0.00300000002607703209, 0.00300000002607703209, 0.00300000002607703209, 0.00300000002607703209, 0.00300000002607703209, 0.00300000002607703209, 0.00300000002607703209, 0.00300000002607703209, 0.00300000002607703209, 0.00300000002607703209]
dooAB.vAB=[0.00100000004749745131, 0.00100000004749745131, 0.00100000004749745131, 0.00100000004749745131, 0.00100000004749745131, 0.00100000004749745131, 0.00100000004749745131, 0.00100000004749745131, 0.00100000004749745131, 0.00100000004749745131, 0.00100000004749745131, 0.00100000004749745131, 0.00100000004749745131, 0.00100000004749745131, 0.00102387345395982612, 0.00315033597871661186, 0.00465147523209452629, 0.00761262327432632446, 0.01063223369419574738, 0.01387680135667324066, 0.01850921660661697388, 0.02220547012984752655, 0.02769409492611885071, 0.03269804641604423523, 0.03769001364707946777, 0.04384770616888999939, 0.04865316674113273621, 0.05483067408204080756, 0.06024846807122231918, 0.06507090479135513306, 0.07064199447631835938, 0.07449126988649368286, 0.07915466278791427612, 0.0823701024055480957, 0.08521322160959243774, 0.08765086531639099121, 0.08860769122838973999, 0.08998402208089828491, 0.08992341160774230957, 0.08854997158050537109, 0.08585830032825469971, 0.08173873275518417358, 0.07639710605144500732, 0.06989383697509765625, 0.06230925396084785461, 0.05377362668514251709, 0.04442880675196647644, 0.03446090221405029297, 0.02414229139685630798, 0.0133907785639166832, 0.00233660661615431309, 0.00100000004749745131, 0.00100000004749745131, 0.00100000004749745131, 0.00100000004749745131, 0.00100000004749745131, 0.00100000004749745131, 0.00100000004749745131, 0.00100000004749745131, 0.00100000004749745131, 0.00100000004749745131, 0.00100000004749745131, 0.00100000004749745131, 0.00100000004749745131, 0.00099557975772768259, 0.00306830368936061859, 0.00460360012948513031, 0.00750130042433738708, 0.0105432095006108284, 0.01380377728492021561, 0.01839420385658740997, 0.02208365499973297119, 0.02759446017444133759, 0.03252624347805976868, 0.03762625902891159058, 0.04375084862112998962, 0.04850108921527862549, 0.05476420372724533081, 0.06013524159789085388, 0.06496730446815490723, 0.07054674625396728516, 0.07432091981172561646, 0.07903138548135757446, 0.08235291391611099243, 0.08515094965696334839, 0.087567940354347229, 0.0886144787073135376, 0.0899628177285194397, 0.08997516334056854248, 0.08853651583194732666, 0.08575826138257980347, 0.08170970529317855835, 0.07643917202949523926, 0.06995017081499099731, 0.06230717524886131287, 0.05377585813403129578, 0.04442488402128219604, 0.03445393219590187073, 0.0241425633430480957, 0.01339452061802148819, 0.00259511359035968781]
time=[0., 7200.]
dooBC.vBA=[0.00300000002607703209, 0.00300000002607703209, 0.00300000002607703209, 0.00300000002607703209, 0.00300000002607703209, 0.00300000002607703209, 0.00300000002607703209, 0.00300000002607703209, 0.00300000002607703209, 0.00300000002607703209, 0.00300000002607703209, 0.00300000002607703209, 0.00300000002607703209, 0.00300000002607703209, 0.00300000002607703296, 0.00488486466929316521, 0.00650132214650511742, 0.00918124616146087646, 0.01235452108085155487, 0.01529976073652505875, 0.02009508572518825531, 0.02385786920785903931, 0.02911213785409927368, 0.03425310924649238586, 0.03895335271954536438, 0.0452846921980381012, 0.05015042051672935486, 0.05609017983078958686, 0.06164612621068955856, 0.06617124378681182861, 0.07190009206533432007, 0.07581309229135513306, 0.08022537827491760254, 0.08357537537813186646, 0.08611884713172912598, 0.08868069201707839966, 0.08936038613319396973, 0.0908142775297164917, 0.09084141254425048828, 0.08948239684104919434, 0.08678241819143295288, 0.08264598995447158813, 0.07727522403001785278, 0.07072895020246505737, 0.06308385729789733887, 0.05446968972682952881, 0.04502514004707336426, 0.03485034778714179993, 0.02397779375314712524, 0.0128409629687666893, 0.00299114757217466831, 0.00300000002607703209, 0.00300000002607703209, 0.00300000002607703209, 0.00300000002607703209, 0.00300000002607703209, 0.00300000002607703209, 0.00300000002607703209, 0.00300000002607703209, 0.00300000002607703209, 0.00300000002607703209, 0.00300000002607703209, 0.00300000002607703209, 0.00300000002607703209, 0.00300000002607703209, 0.00479809893295168877, 0.00645256089046597481, 0.00906712375581264496, 0.01226494181901216507, 0.01522605493664741516, 0.01997744478285312653, 0.02373600006103515625, 0.02901245839893817902, 0.03408074378967285156, 0.03889253735542297363, 0.04518861323595046997, 0.04999641329050064087, 0.05603010207414627075, 0.06153356283903121948, 0.06606923788785934448, 0.07180655002593994141, 0.07564660906791687012, 0.08010453730821609497, 0.08356191962957382202, 0.08605691045522689819, 0.08860225975513458252, 0.0893745124340057373, 0.09079930931329727173, 0.09089680016040802002, 0.08946682512760162354, 0.08668004721403121948, 0.0826164931058883667, 0.07731902599334716797, 0.07078749686479568481, 0.06308244168758392334, 0.05447068437933921814, 0.04502360895276069641, 0.03485275432467460632, 0.02397593110799789429, 0.01284562889486551285, 0.00325400615110993385]
