last-generated=2016-08-03
statistics-simulation=
{
  "numerical Jacobians": "0", 
  "nonlinear": " ", 
  "linear": " "
}
calendarTimeCustom.year=[2014., 2014., 2014., 2014., 2014., 2014., 2014., 2014., 2014., 2014., 2014., 2014., 2014., 2014., 2014., 2014., 2014., 2014., 2014., 2014., 2014., 2015., 2015., 2015., 2015., 2015., 2015., 2015., 2015., 2015., 2015., 2015., 2015., 2015., 2015., 2015., 2015., 2015., 2015., 2015., 2015., 2015., 2015., 2015., 2015., 2015., 2015., 2015., 2015., 2015., 2015., 2015., 2015., 2016., 2016., 2016., 2016., 2016., 2016., 2016., 2016., 2016., 2016., 2016., 2016., 2016., 2016., 2016., 2016., 2016., 2016., 2016., 2016., 2016., 2016., 2016., 2016., 2016., 2016., 2016., 2016., 2016., 2016., 2016., 2016., 2017., 2017., 2017., 2017., 2017., 2017., 2017., 2017., 2017., 2017., 2017., 2017., 2017., 2017., 2017., 2017.]
calendarTime2016.year=[2016., 2016., 2016., 2016., 2016., 2016., 2016., 2016., 2016., 2016., 2016., 2016., 2016., 2016., 2016., 2016., 2016., 2016., 2016., 2016., 2016., 2016., 2016., 2016., 2016., 2016., 2016., 2016., 2016., 2016., 2016., 2016., 2017., 2017., 2017., 2017., 2017., 2017., 2017., 2017., 2017., 2017., 2017., 2017., 2017., 2017., 2017., 2017., 2017., 2017., 2017., 2017., 2017., 2017., 2017., 2017., 2017., 2017., 2017., 2017., 2017., 2017., 2017., 2017., 2018., 2018., 2018., 2018., 2018., 2018., 2018., 2018., 2018., 2018., 2018., 2018., 2018., 2018., 2018., 2018., 2018., 2018., 2018., 2018., 2018., 2018., 2018., 2018., 2018., 2018., 2018., 2018., 2018., 2018., 2018., 2019., 2019., 2019., 2019., 2019., 2019.]
time=[0., 100000000.]
calendarTimeCustom.month=[5., 5., 5., 6., 6., 7., 7., 7., 8., 8., 8., 9., 9., 10., 10., 10., 11., 11., 11., 12., 12., 1., 1., 1., 2., 2., 3., 3., 3., 4., 4., 4., 5., 5., 6., 6., 6., 7., 7., 7., 8., 8., 9., 9., 9., 10., 10., 10., 11., 11., 12., 12., 12., 1., 1., 1., 2., 2., 3., 3., 3., 4., 4., 5., 5., 5., 6., 6., 6., 7., 7., 8., 8., 8., 9., 9., 9., 10., 10., 11., 11., 11., 12., 12., 12., 1., 1., 2., 2., 2., 3., 3., 4., 4., 4., 5., 5., 5., 6., 6., 7.]
calendarTime2016.month=[1., 1., 1., 2., 2., 2., 3., 3., 4., 4., 4., 5., 5., 5., 6., 6., 7., 7., 7., 8., 8., 8., 9., 9., 10., 10., 10., 11., 11., 12., 12., 12., 1., 1., 1., 2., 2., 3., 3., 3., 4., 4., 5., 5., 5., 6., 6., 6., 7., 7., 8., 8., 8., 9., 9., 9., 10., 10., 11., 11., 11., 12., 12., 12., 1., 1., 2., 2., 2., 3., 3., 4., 4., 4., 5., 5., 5., 6., 6., 7., 7., 7., 8., 8., 8., 9., 9., 10., 10., 10., 11., 11., 11., 12., 12., 1., 1., 1., 2., 2., 3.]
calendarTimeCustom.day=[4., 16., 27., 8., 19., 1., 12., 24., 5., 16., 28., 8., 20., 1., 13., 25., 5., 17., 28., 10., 22., 2., 14., 25., 6., 17., 1., 13., 24., 5., 16., 28., 9., 21., 2., 13., 25., 6., 18., 29., 10., 22., 2., 14., 25., 7., 18., 30., 11., 22., 4., 15., 27., 7., 19., 31., 11., 23., 5., 17., 28., 9., 21., 2., 14., 25., 6., 17., 29., 11., 22., 3., 14., 26., 7., 18., 30., 11., 23., 3., 15., 27., 8., 20., 31., 12., 23., 4., 16., 27., 11., 22., 3., 14., 26., 8., 19., 31., 11., 23., 4.]
calendarTime2016.day=[1., 12., 24., 4., 16., 27., 10., 22., 2., 14., 25., 7., 18., 30., 11., 22., 4., 15., 27., 7., 19., 31., 11., 23., 4., 16., 27., 8., 20., 1., 13., 24., 5., 16., 28., 9., 20., 4., 15., 27., 7., 19., 1., 12., 24., 4., 16., 27., 9., 21., 1., 13., 24., 5., 16., 28., 10., 21., 2., 13., 25., 7., 18., 30., 10., 22., 2., 14., 26., 9., 21., 1., 13., 24., 6., 18., 29., 10., 21., 3., 14., 26., 7., 18., 30., 10., 22., 3., 15., 27., 7., 19., 30., 12., 23., 4., 16., 27., 8., 19., 3.]
calendarTime2016.hour=[0., 13., 3., 17., 7., 20., 10., 0., 14., 3., 17., 7., 21., 11., 0., 14., 4., 18., 7., 21., 11., 1., 15., 4., 18., 8., 22., 11., 1., 15., 5., 19., 8., 22., 12., 2., 15., 5., 19., 9., 23., 12., 2., 16., 6., 19., 9., 23., 13., 3., 16., 6., 20., 10., 23., 13., 3., 17., 7., 20., 10., 0., 14., 3., 17., 7., 21., 11., 0., 14., 4., 18., 7., 21., 11., 1., 15., 4., 18., 8., 22., 11., 1., 15., 5., 19., 8., 22., 12., 2., 15., 5., 19., 9., 23., 12., 2., 16., 6., 19., 9.]
calendarTimeCustom.hour=[12., 2., 16., 5., 19., 9., 23., 12., 2., 16., 6., 20., 9., 23., 13., 3., 16., 6., 20., 10., 0., 13., 3., 17., 7., 20., 10., 0., 14., 4., 17., 7., 21., 11., 0., 14., 4., 18., 8., 21., 11., 1., 15., 4., 18., 8., 22., 12., 1., 15., 5., 19., 8., 22., 12., 2., 16., 5., 19., 9., 23., 12., 2., 16., 6., 20., 9., 23., 13., 3., 16., 6., 20., 10., 0., 13., 3., 17., 7., 20., 10., 0., 14., 4., 17., 7., 21., 11., 0., 14., 4., 18., 8., 21., 11., 1., 15., 4., 18., 8., 22.]
calendarTime2016.minute=[1427412992., 1428396289.11860179901123046875, 1429379713.79020977020263671875, 1430363010.61224484443664550781, 1431346308.09190797805786132812, 1432329732.74074077606201171875, 1433313030.13786220550537109375, 1434296324.66666674613952636719, 1435279624.24974822998046875, 1436263040., 1437246345.4814815521240234375, 1438229643.25274729728698730469, 1439212940.86432170867919921875, 1440196237.29870128631591796875, 1441179660.98550724983215332031, 1442162959.34465527534484863281, 1443146260.37810945510864257812, 1444129678.33599996566772460938, 1445112960., 1446096402.73170733451843261719, 1447079700.48000001907348632812, 1448062997.122112274169921875, 1449046294.48303389549255371094, 1450029717.73584914207458496094, 1451013016.57599997520446777344, 1451996317.25714278221130371094, 1452979610.57085824012756347656, 1453963008., 1454946334.29951691627502441406, 1455929628.67199993133544921875, 1456912927.16883111000061035156, 1457896348.61477041244506835938, 1458879653.92592597007751464844, 1459862944.76799988746643066406, 1460846354.96296286582946777344, 1461829668.71713137626647949219, 1462813056., 1463796385.07177042961120605469, 1464779688.79681277275085449219, 1465762985.02564096450805664062, 1466746280.96000003814697265625, 1467729698.90909099578857421875, 1468713000.96000003814697265625, 1469696305.40350866317749023438, 1470679597.05599999427795410156, 1471662976., 1472646322.71698117256164550781, 1473629617.15199995040893554688, 1474613030.8860759735107421875, 1475596337.15199995040893554688, 1476579638.85714292526245117188, 1477563054.40637445449829101562, 1478546360.40677976608276367188, 1479529653.24799990653991699219, 1480513024., 1481496370.24299073219299316406, 1482479673.34400010108947753906, 1483462968., 1484446265.34400010108947753906, 1485429698.78260874748229980469, 1486412989.44000005722045898438, 1487396286.95081973075866699219, 1488379585.2749004364013671875, 1489363072., 1490346306.37037038803100585938, 1491329601.53600001335144042969, 1492313023.20987653732299804688, 1493296325.35458159446716308594, 1494279622.62068963050842285156, 1495263040.51200008392333984375, 1496246344., 1497229641.72799992561340332031, 1498212992., 1499196361.98165130615234375, 1500179657.72799992561340332031, 1501162950.24390244483947753906, 1502146257.26984119415283203125, 1503129685.33333325386047363281, 1504112977.9200000762939453125, 1505096269.57575750350952148438, 1506079687.68000006675720214844, 1507063040., 1508046289.45454549789428710938, 1509029703.68000006675720214844, 1510013005.10843372344970703125, 1510996314.11199998855590820312, 1511979717.24590158462524414062, 1512963034.11199998855590820312, 1513946322.82352948188781738281, 1514929626.11199998855590820312, 1515912960., 1516896344.79279279708862304688, 1517879649.5238094329833984375, 1518862956.42352938652038574219, 1519846242.30399990081787109375, 1520829667.09677410125732421875, 1521812962.30399990081787109375, 1522796291.65714287757873535156, 1523779670.01600003242492675781, 1524763008., 1525746304.]
calendarTimeCustom.minute=[1375886592., 1376869888.95880150794982910156, 1377853186.04595398902893066406, 1378836610.61224484443664550781, 1379819908.09190797805786132812, 1380803204.74074077606201171875, 1381786502.13786220550537109375, 1382769924.66666674613952636719, 1383753224.24974822998046875, 1384736512., 1385719819.06172847747802734375, 1386703115.25274729728698730469, 1387686540.86432170867919921875, 1388669837.29870128631591796875, 1389653137.31400966644287109375, 1390636557.42657351493835449219, 1391619860.37810945510864257812, 1392603152.38400006294250488281, 1393586560., 1394569874.73170733451843261719, 1395553172.48000001907348632812, 1396536592.8976898193359375, 1397519894.48303389549255371094, 1398503189.73584914207458496094, 1399486488.57599997520446777344, 1400469917.25714278221130371094, 1401453210.57085824012756347656, 1402436480., 1403419806.29951691627502441406, 1404403225.08800005912780761719, 1405386527.16883111000061035156, 1406369824.702594757080078125, 1407353244.44444441795349121094, 1408336544.76799988746643066406, 1409319845.92592597007751464844, 1410303264.12749004364013671875, 1411286528., 1412269857.07177042961120605469, 1413253160.79681277275085449219, 1414236585.02564096450805664062, 1415219880.96000003814697265625, 1416203182.54545450210571289062, 1417186472.96000003814697265625, 1418169905.40350866317749023438, 1419153197.05599999427795410156, 1420136576., 1421119915.47169804573059082031, 1422103217.15199995040893554688, 1423086512.60759496688842773438, 1424069931.00799989700317382812, 1425053225.14285707473754882812, 1426036533.03585648536682128906, 1427019932.20338988304138183594, 1428003253.24799990653991699219, 1428986496., 1429969850.61682248115539550781, 1430953145.34400010108947753906, 1431936568., 1432919865.34400010108947753906, 1433903170.78260874748229980469, 1434886461.44000005722045898438, 1435869886.95081973075866699219, 1436853185.2749004364013671875, 1437836544., 1438819896.88888883590698242188, 1439803201.53600001335144042969, 1440786507.85185194015502929688, 1441769916.6852588653564453125, 1442753204.96551728248596191406, 1443736521.72799992561340332031, 1444719944., 1445703241.72799992561340332031, 1446686592., 1447669833.98165130615234375, 1448653129.72799992561340332031, 1449636550.24390244483947753906, 1450619857.26984119415283203125, 1451603157.33333325386047363281, 1452586567.68000006675720214844, 1453569869.57575750350952148438, 1454553169.9200000762939453125, 1455536512., 1456519889.45454549789428710938, 1457503185.9200000762939453125, 1458486605.10843372344970703125, 1459469914.11199998855590820312, 1460453212.32786893844604492188, 1461436506.11199998855590820312, 1462419922.82352948188781738281, 1463403226.11199998855590820312, 1464386560., 1465369816.79279279708862304688, 1466353121.5238094329833984375, 1467336538.35294127464294433594, 1468319842.30399990081787109375, 1469303139.09677410125732421875, 1470286550.01600003242492675781, 1471269891.65714287757873535156, 1472253154.30399990081787109375, 1473236480., 1474219904.]
