last-generated=2016-07-29
statistics-simulation=
{
  "numerical Jacobians": "0", 
  "nonlinear": " ", 
  "number of continuous time states": "3", 
  "linear": " "
}
expSine.y=[100., 110.78752918843568409102, 118.42340114707356235613, 123.47265649974555401513, 126.43920152635311637823, 127.76500696202334950158, 127.83161156068048569523, 126.96316531818462181036, 125.43067136483863066587, 123.45675734443405247021, 121.2209399795640223374, 118.86481461657450608982, 116.49726805005015251027, 114.19933212806641620318, 112.02874005491614184393, 110.0240642617922617319, 108.20840393428383663377, 106.59265164164516193068, 105.17827701667908968375, 103.95971653333126027974, 102.92640714716013405905, 102.06441447573035929963, 101.35775749434485248912, 100.78948233242637400053, 100.34246042756554118114, 100., 99.74629954625601158114, 99.56672684893386815475, 99.44797517029653022291, 99.37821193747193149193, 99.34703066111246982928, 99.34546661177773785312, 99.36589052489394191525, 99.40193170897157415311, 99.44834898132926070957, 99.50093081876086387183, 99.55634299866885328356, 99.61202237354524413604, 99.6660614263600450613, 99.71710975002483223761, 99.76425931129875834813, 99.80695344444572469911, 99.84495549040629214232, 99.87821958203680594579, 99.90687561655430215524, 99.93117525794508537729, 99.95144651757348697174, 99.96807098562385363039, 99.98143006615279659854, 99.99194335035282676927, 100., 100.00596619117996510795, 100.0101928774237194375, 100.01298523538561369151, 100.0146255466152496183, 100.01535797069119837488, 100.01539611820953723509, 100.01491546579019598084, 100.01406860179670843536, 100.01296996760180491037, 100.01173401188128764261, 100.01043701357409076991, 100.00912475647781718635, 100.00785064639059385172, 100.00665283039418795852, 100.0055465672776762176, 100.00453949224716154731, 100.00364685198653091902, 100.00286102349490136021, 100.00218963608494959772, 100.0016174310494676547, 100.0011444082793019561, 100.00074768175544193127, 100.00043487607034364828, 100.00019073508155997843, 100., 99.99986267078929813579, 99.99976348862401209772, 99.99969482410961063579, 99.99965667732794827316, 99.99964141845703125, 99.99964141844793630298, 99.9996490478515625, 99.99967193603515625, 99.9996948243187944172, 99.99972534170592552982, 99.99975585932043031789, 99.99978637693493510596, 99.99981689454943989404, 99.99983978276941343211, 99.99987030038391822018, 99.9998931883765180828, 99.99991607659649162088, 99.99993133544921875, 99.99994659424737619702, 99.99996185302734375, 99.99996948250372952316, 99.99998474110179813579, 99.99999237053270917386, 99.99999237060546875, 100.]
time=[0., 1.]
booleanPulse.y=[1., 1., 1., 1., 1., 1., 1., 1., 1., 1., 1., 0., 0., 0., 0., 0., 0., 0., 0., 0., 0., 1., 1., 1., 1., 1., 1., 1., 1., 1., 1., 0., 0., 0., 0., 0., 0., 0., 0., 0., 0., 1., 1., 1., 1., 1., 1., 1., 1., 1., 1., 0., 0., 0., 0., 0., 0., 0., 0., 0., 0., 1., 1., 1., 1., 1., 1., 1., 1., 1., 0.99999403963644006854, 0., 0., 0., 0., 0., 0., 0., 0., 0., 0., 1., 1., 1., 1., 1., 1., 1., 1., 1., 0.99998807927282451491, 0., 0., 0., 0., 0., 0., 0., 0., 0., 0.]
intWitRes1.y=[0., 1.05675902478703198639, 2.205275588800438058, 3.41679128369065088222, 4.66791736480427754685, 5.9400900843098742854, 7.21891324966668435081, 8.49349208859270987659, 9.75587295039821533749, 11.00057176232392919246, 12.22413998625435560541, 13.42460353292520203183, 14.60151035988129564203, 15.75539643289975089147, 16.88734810808287178929, 17.99826937694816919588, 19.09020653292022018377, 20.16504459355751421867, 21.22443505258677731717, 22.27056146595073116146, 23.30507247739609155701, 1.02485294464278897664, 2.04202163374797551754, 3.05279618142530884128, 4.05848699976145876889, 5.06016016006469726562, 6.05877971383995994614, 7.05520570739685748407, 8.05014407700510226107, 9.0441139883620511597, 10.03768993197435399622, 11.03115725671048252821, 12.02493071136715663272, 13.01906741434291348014, 14.01380407990397536366, 15.00884496919654864655, 16.0047154485688878367, 17.00077581580177010778, 17.99735689011408013016, 18.99433850845327853563, 19.99172532703285298794, 0.99785810641139138788, 1.99610698021227750409, 2.99470186325563947349, 3.99360918975796241881, 4.99272704034283076879, 5.992059350495694936, 6.99159395689865181822, 7.99125587914316692917, 8.99108123789585356178, 9.9910335540771484375, 10.99106502537165397371, 11.99114322677132804529, 12.99125194579914754911, 13.99136614777757614547, 14.99149203287260689876, 15.99162554737438846075, 16.99175715453718993331, 17.99187636392337452662, 18.99199557330955911993, 19.99210691427868269443, 1.00010943400076346421, 2.00020813938374431018, 3.0002944469747490075, 4.00036907203377722908, 5.00043249139059842179, 6.0004813670205452425, 7.00052905078525089522, 8.00056862829837278639, 9.00060009957325668495, 10.00062298774860813921, 11.0006372928542610623, 12.00064277651312849571, 13.00064945223448198419, 14.00065517426787486954, 15.0006580352783203125, 16.00066089627966903208, 17.00065994260194557341, 18.00066089623647158646, 19.00065398219061663099, 20.00065112116653054386, 0.9999961256958922462, 1.99999368189272774821, 2.99999141689931647647, 3.99998974794794781573, 4.99998188023630252275, 5.99998140337640784026, 6.99998092652219749965, 7.99998044966798804722, 8.99998044965093590974, 9.99997949595956825419, 10.99997353558461732348, 11.99997353556756607418, 12.99997353555051482488, 13.99997448921487297469, 14.99997448919071629803, 15.99997544283774786322, 16.99997043613370450998, 17.99997138979551536409, 18.9999723434573297709, 19.9999713897705078125]
intWitRes2.y=[0., 1.05675902478703198639, 2.205275588800438058, 3.41679128369065088222, 4.66791736480427754685, 5.9400900843098742854, 7.21891324966668435081, 8.49349208859270987659, 9.75587295039821533749, 11.00057176232392919246, 12.22413998625435560541, 13.42460353292520203183, 14.60151035988129564203, 15.75539643289975089147, 16.88734810808287178929, 17.99826937694816919588, 19.09020653292022018377, 20.16504459355751421867, 21.22443505258677731717, 22.27056146595073116146, 23.30507247739609155701, 3.02485294464239817813, 4.04202139532939686006, 5.05279594300722667555, 6.05848699976145876889, 7.06016016006469726562, 8.05877971384223457108, 9.05520618423145862153, 10.05014407700481804397, 11.0441139883620511597, 12.03768993197435399622, 13.03115725671048252821, 14.02493071136715663272, 15.01906741434291348014, 16.01380312623136603634, 17.00884496919654864655, 18.00471544856206662644, 19.00077581580177010778, 19.99735689011408013016, 20.99433850845327853563, 21.99172532703285298794, 2.99785816601571664108, 3.99610698021384092016, 4.99470162483791302321, 5.99360918975796241881, 6.99272704034283076879, 7.992059350495694936, 8.99159443373581090952, 9.99125587914316604099, 10.99108123789585356178, 11.9910335540771484375, 12.99106502537165397371, 13.99114322677132804529, 14.99125194579914754911, 15.99136614777757614547, 16.99149203287260689876, 17.99162650104756622227, 18.99175715453718993331, 19.99187636392337452662, 20.99199557330955911993, 21.99210691427868269443, 3.00010943400161611549, 4.00020837780175497755, 5.00029420855673834012, 6.00036907203377722908, 7.00043249139059842179, 8.00048089018964070362, 9.00052952761445190788, 10.00056862830007808896, 11.00060009957325668495, 12.00062298774860813921, 13.0006372928542610623, 14.00064277651312849571, 15.00064945223448198419, 16.0006551742678766459, 17.0006580352783203125, 18.00066089627966903208, 19.00065994260194557341, 20.00066089623647158646, 21.00065398219061663099, 22.00065112116653054386, 2.99999618530046596732, 3.99999356268386474511, 4.99999165531590605838, 5.99998974794794825982, 6.99998188023630252275, 7.99998140337640784026, 8.99998044968731392146, 9.99998044966798715905, 10.99998044965093590974, 11.99997949595956825419, 12.99997353558461732348, 13.99997353556756607418, 14.99997353555051482488, 15.99997448921487297469, 16.99997448919640063991, 17.99997544283774786322, 18.99997043613370450998, 19.99997138979551536409, 20.9999723434573297709, 21.9999713897705078125]
intNoReset.y=[0., 1.05675902478703198639, 2.205275588800438058, 3.41679128369065088222, 4.66791736480427754685, 5.9400900843098742854, 7.21891324966668435081, 8.49349208859270987659, 9.75587295039821533749, 11.00057176232392919246, 12.22413998625435560541, 13.42460353292520203183, 14.60151035988129564203, 15.75539643289975089147, 16.88734810808287178929, 17.99826937694816919588, 19.09020653292022018377, 20.16504459355751421867, 21.22443505258677731717, 22.27056146595073116146, 23.30507247739609155701, 24.3299262059049468121, 25.34709561026441448917, 26.35786968110636507845, 27.36356026102116700827, 28.365234375, 29.36385249827061016958, 30.36027992232960315278, 31.35521876877670877093, 32.34918677278587750834, 33.3427646237411323682, 34.33623099480749374379, 35.33000254212348778537, 36.32414115245356356354, 37.3188778180004163687, 38.31391966096332168945, 39.30979014032088514341, 40.30585050757422749257, 41.30242967453790470245, 42.29941320021209349989, 43.29679811146236545483, 44.29465901783505898948, 45.29290520945012588072, 46.29150319190702589367, 47.29040932632184990325, 48.28952526957741042679, 49.28885948705588759822, 50.28839504713799613, 51.28805649254137222215, 52.28788280495984963636, 53.28783416748046875, 54.28786563877497428621, 55.28794288650942689856, 56.28805065189476408705, 57.28816771485521286422, 58.28829073893866308254, 59.28842520710225727498, 60.28855586059187743331, 61.28867506997806202662, 62.28879427936424661993, 63.28890752768199945422, 64.28902292234363358148, 65.2891154289035284819, 66.2892079353542840181, 67.28927755362144580431, 68.28933954249407634052, 69.28938794134484169263, 70.28944230072289656164, 71.28948140141193334784, 72.28951287270444936439, 73.28953671451546370008, 74.28954529763547043331, 75.28955554960452900559, 76.28955650335728932987, 77.28956508635906175186, 78.2895660400390625, 79.28956699371906324814, 80.28956794739906399627, 81.28956890107906474441, 82.28956389434091533985, 83.28956484793906156483, 84.28955817222652058263, 85.28955912587724697005, 86.28955245019000130924, 87.28955340376995764018, 88.28954839704999812966, 89.2895417213900373099, 90.28954267503365826997, 91.28954362867727923003, 92.2895445823209001901, 93.28954553596452115016, 94.28953289994097985982, 95.28953385358460081989, 96.28953480722822177995, 97.28953576088804311439, 98.28953671451546370008, 99.28953766815908466015, 100.2895326615300746198, 101.28953361517369557987, 102.28953456881731653993, 103.2895355224609375]
