last-generated=2017-01-18
statistics-simulation=
{
  "numerical Jacobians": "0", 
  "nonlinear": " ", 
  "number of continuous time states": "8", 
  "linear": "0"
}
TSet.y=[289.149993896484375, 289.149993896484375, 289.149993896484375, 289.149993896484375, 289.149993896484375, 289.149993896484375, 289.149993896484375, 289.149993896484375, 289.149993896484375, 289.149993896484375, 289.149993896484375, 289.149993896484375, 289.149993896484375, 289.149993896484375, 289.149993896484375, 293.149993896484375, 293.149993896484375, 293.149993896484375, 293.149993896484375, 293.149993896484375, 293.149993896484375, 293.149993896484375, 293.149993896484375, 293.149993896484375, 293.149993896484375, 293.149993896484375, 293.149993896484375, 293.149993896484375, 293.149993896484375, 293.149993896484375, 293.149993896484375, 293.149993896484375, 293.149993896484375, 293.149993896484375, 293.149993896484375, 293.149993896484375, 293.149993896484375, 293.149993896484375, 293.149993896484375, 293.149993896484375, 289.149993896484375, 289.149993896484375, 289.149993896484375, 289.149993896484375, 289.149993896484375, 289.149993896484375, 289.149993896484375, 289.149993896484375, 289.149993896484375, 289.149993896484375, 289.149993896484375, 289.149993896484375, 289.149993896484375, 289.149993896484375, 289.149993896484375, 289.149993896484375, 289.149993896484375, 289.149993896484375, 289.149993896484375, 289.149993896484375, 289.149993896484375, 289.149993896484375, 289.149993896484375, 289.149993896484375, 289.149993896484375, 293.149993896484375, 293.149993896484375, 293.149993896484375, 293.149993896484375, 293.149993896484375, 293.149993896484375, 293.149993896484375, 293.149993896484375, 293.149993896484375, 293.149993896484375, 293.149993896484375, 293.149993896484375, 293.149993896484375, 293.149993896484375, 293.149993896484375, 293.149993896484375, 293.149993896484375, 293.149993896484375, 293.149993896484375, 293.149993896484375, 293.149993896484375, 293.149993896484375, 293.149993896484375, 293.149993896484375, 293.149993896484375, 289.149993896484375, 289.149993896484375, 289.149993896484375, 289.149993896484375, 289.149993896484375, 289.149993896484375, 289.149993896484375, 289.149993896484375, 289.149993896484375, 289.149993896484375, 289.149993896484375]
TOut.y=[284.149993896484375, 284.189422607421875, 284.307098388671875, 284.501129150390625, 284.768463134765625, 285.10491943359375, 285.505157470703125, 285.962890625, 286.470855712890625, 287.0211181640625, 287.60491943359375, 288.213104248046875, 288.8360595703125, 289.463958740234375, 290.0869140625, 290.695098876953125, 291.278900146484375, 291.829132080078125, 292.337127685546875, 292.794830322265625, 293.195098876953125, 293.531524658203125, 293.79888916015625, 293.992919921875, 294.110565185546875, 294.149993896484375, 294.110565185546875, 293.992919921875, 293.79888916015625, 293.531524658203125, 293.195098876953125, 292.794830322265625, 292.337127685546875, 291.829132080078125, 291.278900146484375, 290.695098876953125, 290.0869140625, 289.463958740234375, 288.8360595703125, 288.213104248046875, 287.60491943359375, 287.0211181640625, 286.470855712890625, 285.962890625, 285.505157470703125, 285.10491943359375, 284.768463134765625, 284.501129150390625, 284.307098388671875, 284.189422607421875, 284.149993896484375, 284.189422607421875, 284.307098388671875, 284.501129150390625, 284.768463134765625, 285.10491943359375, 285.505157470703125, 285.962890625, 286.470855712890625, 287.0211181640625, 287.60491943359375, 288.213104248046875, 288.8360595703125, 289.463958740234375, 290.0869140625, 290.695098876953125, 291.278900146484375, 291.829132080078125, 292.337127685546875, 292.794830322265625, 293.195098876953125, 293.531524658203125, 293.79888916015625, 293.992919921875, 294.110565185546875, 294.149993896484375, 294.110565185546875, 293.992919921875, 293.79888916015625, 293.531524658203125, 293.195098876953125, 292.794830322265625, 292.337127685546875, 291.829132080078125, 291.278900146484375, 290.695098876953125, 290.0869140625, 289.463958740234375, 288.8360595703125, 288.213104248046875, 287.60491943359375, 287.0211181640625, 286.470855712890625, 285.962890625, 285.505157470703125, 285.10491943359375, 284.768463134765625, 284.501129150390625, 284.307098388671875, 284.189422607421875, 284.149993896484375]
THeaOut.T=[293.149993896484375, 290.223663330078125, 290.47503662109375, 290.423309326171875, 290.350250244140625, 290.25823974609375, 290.148773193359375, 290.02349853515625, 289.884490966796875, 289.73394775390625, 289.574127197265625, 289.407623291015625, 289.237091064453125, 289.179656982421875, 289.380584716796875, 298.20562744140625, 293.611358642578125, 293.512542724609375, 293.373382568359375, 293.247955322265625, 293.151519775390625, 293.225860595703125, 293.373748779296875, 293.547943115234375, 293.715484619140625, 293.85302734375, 293.9454345703125, 293.98065185546875, 293.952972412109375, 293.858489990234375, 293.69537353515625, 293.464630126953125, 293.168487548828125, 293.510955810546875, 293.6612548828125, 293.821075439453125, 293.987548828125, 294.158111572265625, 294.330047607421875, 294.500640869140625, 292.330047607421875, 290.688568115234375, 289.3970947265625, 290.021453857421875, 290.147216796875, 290.256927490234375, 290.349151611328125, 290.4224853515625, 290.475738525390625, 290.508026123046875, 290.51904296875, 290.508514404296875, 290.476531982421875, 290.42333984375, 290.349639892578125, 290.2572021484375, 290.14776611328125, 290.023101806640625, 289.88494873046875, 289.73504638671875, 289.575164794921875, 289.4075927734375, 289.237060546875, 289.17962646484375, 289.38055419921875, 298.205780029296875, 293.612091064453125, 293.512542724609375, 293.373382568359375, 293.247955322265625, 293.151519775390625, 293.225860595703125, 293.373748779296875, 293.54791259765625, 293.715606689453125, 293.852935791015625, 293.9451904296875, 293.9808349609375, 293.952880859375, 293.85845947265625, 293.695404052734375, 293.464630126953125, 293.168487548828125, 293.511138916015625, 293.6612548828125, 293.821075439453125, 293.987548828125, 294.158111572265625, 294.330047607421875, 294.500640869140625, 292.330078125, 290.688446044921875, 289.3970947265625, 290.02154541015625, 290.147216796875, 290.256927490234375, 290.34918212890625, 290.4224853515625, 290.475738525390625, 290.50811767578125, 290.51904296875]
TVol.T=[293.149993896484375, 290.2222900390625, 289.149810791015625, 289.150299072265625, 289.150390625, 289.15045166015625, 289.150543212890625, 289.150604248046875, 289.150665283203125, 289.150726318359375, 289.1507568359375, 289.150787353515625, 289.150787353515625, 289.179718017578125, 289.3807373046875, 292.733795166015625, 293.154541015625, 293.150665283203125, 293.150604248046875, 293.150543212890625, 293.15155029296875, 293.2259521484375, 293.37384033203125, 293.54803466796875, 293.715576171875, 293.85308837890625, 293.945465087890625, 293.98065185546875, 293.95294189453125, 293.858428955078125, 293.695281982421875, 293.4644775390625, 293.168304443359375, 293.149383544921875, 293.1492919921875, 293.14923095703125, 293.14923095703125, 293.149200439453125, 293.149200439453125, 293.14923095703125, 292.3289794921875, 290.687713623046875, 289.39642333984375, 289.1494140625, 289.149444580078125, 289.1495361328125, 289.14959716796875, 289.149688720703125, 289.149810791015625, 289.14990234375, 289.149993896484375, 289.15008544921875, 289.15020751953125, 289.150299072265625, 289.150390625, 289.15045166015625, 289.150543212890625, 289.150604248046875, 289.150665283203125, 289.150726318359375, 289.1507568359375, 289.150787353515625, 289.150787353515625, 289.1796875, 289.380706787109375, 292.73394775390625, 293.154449462890625, 293.150665283203125, 293.150604248046875, 293.150543212890625, 293.151519775390625, 293.225921630859375, 293.37384033203125, 293.54803466796875, 293.7156982421875, 293.85302734375, 293.945220947265625, 293.9808349609375, 293.95281982421875, 293.858367919921875, 293.6953125, 293.4644775390625, 293.168304443359375, 293.149383544921875, 293.1492919921875, 293.14923095703125, 293.14923095703125, 293.149200439453125, 293.149200439453125, 293.14923095703125, 292.329010009765625, 290.6876220703125, 289.39642333984375, 289.1494140625, 289.149444580078125, 289.1495361328125, 289.14959716796875, 289.149688720703125, 289.1497802734375, 289.14990234375, 289.149993896484375]
time=[0., 172800.]
hea.TSet=[288.149993896484375, 288.149993896484375, 290.4754638671875, 290.42291259765625, 290.349700927734375, 290.257598876953125, 290.14801025390625, 290.02264404296875, 289.883575439453125, 289.73297119140625, 289.573089599609375, 289.40655517578125, 289.235992431640625, 288.149993896484375, 288.149993896484375, 303.149993896484375, 293.612518310546875, 293.511627197265625, 293.372528076171875, 293.247222900390625, 293.11199951171875, 288.149993896484375, 288.149993896484375, 288.149993896484375, 288.149993896484375, 288.149993896484375, 288.149993896484375, 288.149993896484375, 288.149993896484375, 288.149993896484375, 288.149993896484375, 288.149993896484375, 288.149993896484375, 293.511749267578125, 293.662261962890625, 293.822113037109375, 293.9886474609375, 294.159210205078125, 294.33111572265625, 294.501708984375, 288.149993896484375, 288.149993896484375, 288.149993896484375, 290.02227783203125, 290.147979736328125, 290.257568359375, 290.349700927734375, 290.42291259765625, 290.47601318359375, 290.508148193359375, 290.51904296875, 290.50836181640625, 290.47625732421875, 290.42291259765625, 290.349090576171875, 290.256561279296875, 290.147003173828125, 290.022247314453125, 289.884033203125, 289.73406982421875, 289.574127197265625, 289.406524658203125, 289.235992431640625, 288.149993896484375, 288.149993896484375, 303.149993896484375, 293.61328125, 293.511627197265625, 293.372528076171875, 293.247222900390625, 293.112640380859375, 288.149993896484375, 288.149993896484375, 288.149993896484375, 288.149993896484375, 288.149993896484375, 288.149993896484375, 288.149993896484375, 288.149993896484375, 288.149993896484375, 288.149993896484375, 288.149993896484375, 288.149993896484375, 293.511932373046875, 293.662261962890625, 293.822113037109375, 293.9886474609375, 294.159210205078125, 294.33111572265625, 294.501708984375, 288.149993896484375, 288.149993896484375, 288.149993896484375, 290.02239990234375, 290.147979736328125, 290.257568359375, 290.349700927734375, 290.42291259765625, 290.47601318359375, 290.508270263671875, 290.51904296875]
hea.Q_flow=[0., 0.00003834084782283753, 261.376861572265625, 251.0654754638671875, 236.6352386474609375, 218.4705963134765625, 196.8621826171875, 172.14154052734372157829, 144.7124786376953125, 115.01149749755859375, 83.479827880859375, 50.637485504150390625, 16.9976558685302734375, 0.00003834084782283753, 0.00003834084782283753, 1080., 90.1178436279296875, 71.35418701171869315658, 43.92023468017578125, 19.198108673095703125, 0.00003834084782283753, 0.00003834084782283753, 0.00003834084782283753, 0.00003834084782283753, 0.00003834084782283753, 0.00003834084782283753, 0.00003834084782283753, 0.00003834084782283753, 0.00003834084782283753, 0.00003834084782283753, 0.00003834084782283753, 0.00003834084782283753, 0.00003834084782283753, 71.3228759765625, 100.99293518066419039769, 132.51980590820298289145, 165.3623504638671875, 199.002655029296875, 232.911102294921875, 266.553497314453125, 0.00003834084782283753, 0.00003834084782283753, 0.00003834084782283753, 172.0014801025390625, 196.8028411865234375, 218.4199981689453125, 236.59320068359375, 251.03643798828125, 261.514556884765625, 267.861053466796875, 270.013946533203125, 267.912139892578125, 261.585235595703125, 251.0704498291015625, 236.5152740478515625, 218.26527404785139196974, 196.66600036621073854803, 172.06303405761741487368, 144.8019256591796875, 115.22823333740234375, 83.68752288818359375, 50.633373260498046875, 16.996646881103515625, 0.00003834084782283753, 0.00003834084782283753, 1080., 90.282135009765625, 71.35321044921875, 43.92007064819313910675, 19.19831275939960946175, 0.00003834084782283753, 0.00003834084782283753, 0.00003834084782283753, 0.00003834084782283753, 0.00003834084782283753, 0.00003834084782283753, 0.00003834084782283753, 0.00003834084782283753, 0.00003834084782283753, 0.00003834084782283753, 0.00003834084782283753, 0.00003834084782283753, 0.00003834084782283753, 71.3645782470703125, 100.99346923828125, 132.520233154296875, 165.3621673583984375, 199.002685546875, 232.9110870361328125, 266.553375244140625, 0.00003834084782283753, 0.00003834084782283753, 0.00003834084782283753, 172.024139404296875, 196.8016357421875, 218.419769287109375, 236.594085693359375, 251.03680419921875, 261.514129638671875, 267.881561279296875, 270.01361083984375]
