last-generated=2016-04-27
statistics-simulation=
{
  "numerical Jacobians": "0", 
  "nonlinear": " ", 
  "number of continuous time states": "6", 
  "linear": "4, 0"
}
thermalZoneThreeElements.TIndAir=[320.197723388671875, 296.67720336914061363132, 291.53358154296876136868, 292.29677124023436363132, 295.06889648437498863132, 291.90814208984375, 293.03341064453127273737, 294.86477050781252273737, 292.497528076171875, 294.07721557617185226263, 297.595550537109375, 293.95641479492189773737, 295.01595458984377273737, 300.52150878906252273737, 296.40220947265623863132, 298.343597412109375, 301.58046264648436363132, 299.150848388671875, 304.19103393554689773737, 302.513397216796875, 303.25286865234375, 305.96076049804685226263, 302.57462768554688636868, 300.10648193359372726263, 306.36036987304686363132, 305.7103271484375, 305.71774902343747726263, 307.17377319335935226263, 304.417083740234375, 305.73070678710939773737, 312.480438232421875, 305.98037109375002273737, 308.63800048828125, 316.39656372070311363132, 310.85009155273439773737, 311.914825439453125, 317.19074096679685226263, 308.18105468750002273737, 311.01229248046877273737, 315.2257080078125, 310.12396240234375, 313.35854492187502273737, 316.71054687499997726263, 314.44782714843751136868, 318.75762329101564773737, 313.605804443359375, 308.838043212890625, 312.07294921875001136868, 309.05704956054688636868, 309.68341674804685226263, 317.5692138671875, 311.09859008789061363132, 311.82896728515623863132, 317.48444213867185226263, 310.62025146484376136868, 310.110687255859375, 317.22008666992189773737, 311.42339477539064773737, 313.67612915039063636868, 318.46862182617189773737, 313.046173095703125, 317.86243286132810226263, 310.50080566406251136868, 308.74424438476563636868, 313.24421386718751136868, 306.895782470703125, 307.942718505859375, 312.94423217773436363132, 307.87730712890623863132, 309.1455078125, 311.44757080078125, 308.212371826171875, 307.46781005859372726263, 311.54202880859372726263, 303.49062500000002273737, 304.010894775390625, 310.54841308593751136868, 303.69774169921873863132, 306.91170043945311363132, 308.76329345703123863132, 303.795166015625, 305.33035888671872726263, 301.652587890625, 300.45863647460936363132, 303.58400268554686363132, 297.0718994140625, 296.20444946289063636868, 300.46275634765623863132, 296.17979125976563636868, 298.34615478515627273737, 300.033660888671875, 296.00957031249998863132, 295.78317871093747726263, 296.95818481445314773737, 293.01070556640627273737, 293.61981201171875, 294.69939575195314773737, 292.30670166015625, 295.41451416015627273737, 293.87691040039061363132, 292.6033935546875]
time=[0., 31536000.]
