last-generated=2016-01-27
statistics-simulation=
{
  "numerical Jacobians": "0", 
  "nonlinear": " ", 
  "number of continuous time states": "2", 
  "linear": " "
}
heaPum.sta_a1.T=[293.149993896484375, 293.149993896484375, 295.149993896484375, 301.149993896484375, 303.149993896484375, 303.149993896484375, 303.149993896484375, 303.149993896484375, 303.149993896484375, 303.149993896484375, 303.149993896484375, 303.149993896484375, 303.149993896484375, 303.149993896484375, 303.149993896484375, 303.149993896484375, 303.149993896484375, 303.149993896484375, 303.149993896484375, 303.149993896484375, 303.149993896484375, 303.149993896484375, 303.149993896484375, 303.149993896484375, 303.149993896484375, 303.149993896484375, 303.149993896484375, 303.149993896484375, 303.149993896484375, 303.149993896484375, 303.149993896484375, 303.149993896484375, 303.149993896484375, 303.149993896484375, 303.149993896484375, 303.149993896484375, 303.149993896484375, 303.149993896484375, 303.149993896484375, 303.149993896484375, 303.149993896484375, 303.149993896484375, 303.149993896484375, 303.149993896484375, 303.149993896484375, 303.149993896484375, 303.149993896484375, 303.149993896484375, 303.149993896484375, 303.149993896484375, 303.149993896484375, 303.149993896484375, 303.149993896484375, 303.149993896484375, 303.149993896484375, 303.149993896484375, 303.149993896484375, 303.149993896484375, 303.149993896484375, 303.149993896484375, 303.149993896484375, 303.149993896484375, 303.149993896484375, 303.149993896484375, 303.149993896484375, 303.149993896484375, 303.149993896484375, 303.149993896484375, 303.149993896484375, 303.149993896484375, 303.149993896484375, 303.149993896484375, 303.149993896484375, 303.149993896484375, 303.149993896484375, 303.149993896484375, 303.149993896484375, 303.149993896484375, 303.149993896484375, 303.149993896484375, 303.149993896484375, 303.149993896484375, 303.149993896484375, 303.149993896484375, 303.149993896484375, 303.149993896484375, 303.149993896484375, 303.149993896484375, 303.149993896484375, 303.149993896484375, 303.149993896484375, 303.149993896484375, 303.149993896484375, 303.149993896484375, 303.149993896484375, 303.149993896484375, 303.149993896484375, 303.149993896484375, 303.149993896484375, 303.149993896484375, 303.149993896484375]
heaPum.sta_b2.T=[293.149993896484375, 274.167724609375, 272.534698486328125, 273.362457275390625, 274.959259033203125, 275.804412841796875, 276.09320068359375, 276.1806640625, 276.205657958984375, 276.212432861328125, 276.21417236328125, 276.214630126953125, 276.21484375, 276.214874267578125, 276.214874267578125, 276.214874267578125, 276.214874267578125, 276.214874267578125, 276.214874267578125, 276.214874267578125, 276.214874267578125, 276.214874267578125, 276.214874267578125, 276.214874267578125, 276.214874267578125, 276.214874267578125, 277.659912109375, 280.0399169921875, 281.3489990234375, 281.769195556640625, 281.88909912109375, 281.921417236328125, 281.929718017578125, 281.931610107421875, 281.932220458984375, 281.932586669921875, 281.932647705078125, 281.932647705078125, 281.932647705078125, 281.9326171875, 281.9326171875, 281.9326171875, 281.9326171875, 281.9326171875, 281.9326171875, 281.9326171875, 281.9326171875, 281.9326171875, 281.9326171875, 281.9326171875, 281.9326171875, 285.758209228515625, 293.57373046875, 296.974945068359375, 297.84912109375, 298.072784423828125, 298.130401611328125, 298.145263671875, 298.14892578125, 298.150177001953125, 298.150299072265625, 298.1500244140625, 298.149871826171875, 298.149810791015625, 298.14984130859375, 298.149871826171875, 298.14990234375, 298.149932861328125, 298.149932861328125, 298.14996337890625, 298.14996337890625, 298.14996337890625, 298.149993896484375, 298.149993896484375, 298.149993896484375, 298.149993896484375, 298.149993896484375, 298.149993896484375, 298.149993896484375, 298.149993896484375, 298.149993896484375, 298.149993896484375, 298.149993896484375, 298.149993896484375, 298.149993896484375, 298.149993896484375, 298.149993896484375, 298.149993896484375, 298.149993896484375, 298.149993896484375, 298.149993896484375, 298.149993896484375, 298.149993896484375, 298.149993896484375, 298.149993896484375, 298.149993896484375, 298.149993896484375, 298.149993896484375, 298.149993896484375, 298.149993896484375, 298.149993896484375]
heaPum.sta_a2.T=[288.149993896484375, 288.149993896484375, 288.149993896484375, 288.149993896484375, 288.149993896484375, 288.149993896484375, 288.149993896484375, 288.149993896484375, 288.149993896484375, 288.149993896484375, 288.149993896484375, 288.149993896484375, 288.149993896484375, 288.149993896484375, 288.149993896484375, 288.149993896484375, 288.149993896484375, 288.149993896484375, 288.149993896484375, 288.149993896484375, 288.149993896484375, 288.149993896484375, 288.149993896484375, 288.149993896484375, 288.149993896484375, 288.149993896484375, 294.149993896484375, 298.149993896484375, 298.149993896484375, 298.149993896484375, 298.149993896484375, 298.149993896484375, 298.149993896484375, 298.149993896484375, 298.149993896484375, 298.149993896484375, 298.149993896484375, 298.149993896484375, 298.149993896484375, 298.149993896484375, 298.149993896484375, 298.149993896484375, 298.149993896484375, 298.149993896484375, 298.149993896484375, 298.149993896484375, 298.149993896484375, 298.149993896484375, 298.149993896484375, 298.149993896484375, 298.149993896484375, 298.149993896484375, 298.149993896484375, 298.149993896484375, 298.149993896484375, 298.149993896484375, 298.149993896484375, 298.149993896484375, 298.149993896484375, 298.149993896484375, 298.149993896484375, 298.149993896484375, 298.149993896484375, 298.149993896484375, 298.149993896484375, 298.149993896484375, 298.149993896484375, 298.149993896484375, 298.149993896484375, 298.149993896484375, 298.149993896484375, 298.149993896484375, 298.149993896484375, 298.149993896484375, 298.149993896484375, 298.149993896484375, 298.149993896484375, 298.149993896484375, 298.149993896484375, 298.149993896484375, 298.149993896484375, 298.149993896484375, 298.149993896484375, 298.149993896484375, 298.149993896484375, 298.149993896484375, 298.149993896484375, 298.149993896484375, 298.149993896484375, 298.149993896484375, 298.149993896484375, 298.149993896484375, 298.149993896484375, 298.149993896484375, 298.149993896484375, 298.149993896484375, 298.149993896484375, 298.149993896484375, 298.149993896484375, 298.149993896484375, 298.149993896484375]
heaPum.sta_b1.T=[293.149993896484375, 306.28466796875, 307.7708740234375, 310.99578857421875, 313.8916015625, 314.482208251953125, 314.587066650390625, 314.606597900390625, 314.61016845703125, 314.61077880859375, 314.61083984375, 314.610870361328125, 314.61090087890625, 314.61090087890625, 314.61090087890625, 314.61090087890625, 314.61090087890625, 314.61090087890625, 314.61090087890625, 314.61090087890625, 314.61090087890625, 314.61090087890625, 314.61090087890625, 314.61090087890625, 314.61090087890625, 314.61090087890625, 315.546234130859375, 317.320465087890625, 317.759246826171875, 317.81390380859375, 317.821563720703125, 317.822479248046875, 317.82257080078125, 317.822540283203125, 317.82257080078125, 317.822601318359375, 317.822601318359375, 317.822601318359375, 317.822601318359375, 317.822601318359375, 317.822601318359375, 317.822601318359375, 317.822601318359375, 317.822601318359375, 317.822601318359375, 317.822601318359375, 317.822601318359375, 317.822601318359375, 317.822601318359375, 317.822601318359375, 317.822601318359375, 314.346832275390625, 307.36419677734375, 304.28204345703125, 303.453399658203125, 303.2314453125, 303.171661376953125, 303.155548095703125, 303.1513671875, 303.149932861328125, 303.14971923828125, 303.14996337890625, 303.150115966796875, 303.15020751953125, 303.150177001953125, 303.150146484375, 303.150115966796875, 303.15008544921875, 303.150054931640625, 303.150054931640625, 303.1500244140625, 303.1500244140625, 303.1500244140625, 303.149993896484375, 303.149993896484375, 303.149993896484375, 303.149993896484375, 303.149993896484375, 303.149993896484375, 303.149993896484375, 303.149993896484375, 303.149993896484375, 303.149993896484375, 303.149993896484375, 303.149993896484375, 303.149993896484375, 303.149993896484375, 303.149993896484375, 303.149993896484375, 303.149993896484375, 303.149993896484375, 303.149993896484375, 303.149993896484375, 303.149993896484375, 303.149993896484375, 303.149993896484375, 303.149993896484375, 303.149993896484375, 303.149993896484375, 303.149993896484375, 303.149993896484375]
time=[0., 3600.]
heaPum.QEva_flow=[-175890., -50668.34375, -47057.66015625, -40838.4765625, -36581.83203125, -35828.60546875, -35698.390625, -35674.265625, -35669.84375, -35669.109375, -35669.015625, -35669.00390625, -35668.95703125, -35668.953125, -35668.95703125, -35668.9609375, -35668.9609375, -35668.9609375, -35668.95703125, -35668.95703125, -35668.95703125, -35668.95703125, -35668.95703125, -35668.95703125, -35668.95703125, -35668.95703125, -44243.25390625, -49657.70703124999272404239, -48613.6796875, -48486.88671875, -48469.1796875, -48467.046875, -48466.828125, -48466.90234375, -48466.85546875, -48466.78125, -48466.76953125, -48466.78515625, -48466.79296875, -48466.796875, -48466.796875, -48466.80078125, -48466.80078125, -48466.80078125, -48466.80078125, -48466.80078125, -48466.80078125, -48466.80078125, -48466.80078125, -48466.80078125, -48466.80078125, -23289.517578125, 0., 0., 0., 0., 0., 0., 0., 0., 0., 0., 0., 0., 0., 0., 0., 0., 0., 0., 0., 0., 0., 0., 0., 0., 0., 0., 0., 0., 0., 0., 0., 0., 0., 0., 0., 0., 0., 0., 0., 0., 0., 0., 0., 0., 0., 0., 0., 0., -0.]
heaPum.QCon_flow=[185890., 60668.34375, 57057.66015625, 50838.4765625, 46581.83203125, 45828.60546875, 45698.390625, 45674.265625, 45669.84375, 45669.109375, 45669.015625, 45669.00390625, 45668.95703125, 45668.953125, 45668.95703125, 45668.9609375, 45668.9609375, 45668.9609375, 45668.95703125, 45668.95703125, 45668.95703125, 45668.95703125, 45668.95703125, 45668.95703125, 45668.95703125, 45668.95703125, 54243.25390625, 59657.70703124999272404239, 58613.6796875, 58486.88671875, 58469.1796875, 58467.046875, 58466.828125, 58466.90234375, 58466.85546875, 58466.78125, 58466.76953125, 58466.78515625, 58466.79296875, 58466.796875, 58466.796875, 58466.80078125, 58466.80078125, 58466.80078125, 58466.80078125, 58466.80078125, 58466.80078125, 58466.80078125, 58466.80078125, 58466.80078125, 58466.80078125, 27289.517578125, 0., 0., 0., 0., 0., 0., 0., 0., 0., 0., 0., 0., 0., 0., 0., 0., 0., 0., 0., 0., 0., 0., 0., 0., 0., 0., 0., 0., 0., 0., 0., 0., 0., 0., 0., 0., 0., 0., 0., 0., 0., 0., 0., 0., 0., 0., 0., 0., 0.]
heaPum.P=[10000., 10000., 10000., 10000., 10000., 10000., 10000., 10000., 10000., 10000., 10000., 10000., 10000., 10000., 10000., 10000., 10000., 10000., 10000., 10000., 10000., 10000., 10000., 10000., 10000., 10000., 10000., 10000., 10000., 10000., 10000., 10000., 10000., 10000., 10000., 10000., 10000., 10000., 10000., 10000., 10000., 10000., 10000., 10000., 10000., 10000., 10000., 10000., 10000., 10000., 10000., 4000., 0., 0., 0., 0., 0., 0., 0., 0., 0., 0., 0., 0., 0., 0., 0., 0., 0., 0., 0., 0., 0., 0., 0., 0., 0., 0., 0., 0., 0., 0., 0., 0., 0., 0., 0., 0., 0., 0., 0., 0., 0., 0., 0., 0., 0., 0., 0., 0., 0.]
heaPum.dp1=[7199.1025390625, 7199.1025390625]
heaPum.dp2=[7701.845703125, 7701.845703125]
heaPum.COP=[17.589000701904296875, 5.06683397293090820312, 4.70576620101928710938, 4.08384752273559570312, 3.65818333625793457031, 3.58286046981811523438, 3.56983900070190429688, 3.5674266815185546875, 3.56698441505432128906, 3.56691098213195800781, 3.56690168380737304688, 3.56690049171447753906, 3.56689572334289550781, 3.56689524650573730469, 3.56689572334289550781, 3.56689596176147460938, 3.56689596176147460938, 3.56689596176147460938, 3.56689572334289550781, 3.56689572334289550781, 3.56689572334289550781, 3.56689572334289550781, 3.56689572334289550781, 3.56689572334289550781, 3.56689572334289550781, 3.56689572334289550781, 4.42432546615600585938, 4.96577072143554598682, 4.86136770248413085938, 4.84868860244750976562, 4.84691762924194335938, 4.8467044830322265625, 4.84668254852294921875, 4.84669017791748046875, 4.8466854095458984375, 4.8466777801513671875, 4.84667682647705078125, 4.84667873382568359375, 4.84667921066284179688, 4.8466796875, 4.8466796875, 4.8466796875, 4.84668016433715820312, 4.84668016433715820312, 4.84668016433715820312, 4.84668016433715820312, 4.84668016433715820312, 4.84668016433715820312, 4.84668016433715820312, 4.84668016433715820312, 4.84668016433715820312, 5.82237958908081054688, 10.007289886474609375, 14.88652706146240234375, 17.16563415527344460543, 17.90224075317383167771, 18.111865997314453125, 18.1691455841064453125, 18.1841373443603515625, 18.189250946044921875, 18.1899929046630859375, 18.1891021728515625, 18.1885471343994140625, 18.1882686614990234375, 18.18841552734375, 18.188480377197265625, 18.188632965087890625, 18.1887493133544921875, 18.18878936767578125, 18.188831329345703125, 18.1888713836669921875, 18.1889133453369140625, 18.188953399658203125, 18.1889705657958984375, 18.18897247314453125, 18.1889743804931640625, 18.1889781951904296875, 18.1889801025390625, 18.1889820098876953125, 18.1889858245849609375, 18.18898773193359375, 18.1889896392822265625, 18.1889934539794921875, 18.188995361328125, 18.1889972686767578125, 18.188999176025390625, 18.188999176025390625, 18.188999176025390625, 18.188999176025390625, 18.188999176025390625, 18.188999176025390625, 18.188999176025390625, 18.188999176025390625, 18.188999176025390625, 18.188999176025390625, 18.188999176025390625, 18.188999176025390625, 18.188999176025390625, 18.1890010833740234375, 18.1890010833740234375, 18.1890010833740234375]
heaPum.COP_nominal=[3.63779997825622558594, 3.63779997825622558594]
