last-generated=2016-12-02
statistics-initialization=
{
  "numerical Jacobians": "0", 
  "nonlinear": "1, 1, 31, 1, 1, 1, 1, 1, 1"
}
statistics-simulation=
{
  "numerical Jacobians": "0", 
  "nonlinear": "0, 0, 29, 0, 1, 0, 1, 1, 1", 
  "number of continuous time states": "74", 
  "linear": "24"
}
pmpSouth.m_flow=[-0.00000000000000220076, 3.54442763328552246094, 5.22914171218872070312, 5.27702617645263671875, 5.18299579620361328125, 5.11426258087158203125, 5.0762042999267578125, 5.06334209442138671875, 5.07039928436279296875, 5.09176921844482421875, 5.12205934524536132812, 5.15368366241455078125, 5.1846027374267578125, 5.2206268310546875, 5.25637722015380859375, 5.28935718536376953125, 5.31896829605102539062, 5.3452548980712890625, 5.36843013763427734375, 5.38873577117919921875, 5.40639352798461914062, 5.42159128189086914062, 5.43448781967163085938, 5.44521236419677734375, 5.45387220382690429688, 5.46055364608764648438, 5.4653148651123046875, 5.77848720550537109375, 6.106616973876953125, 6.24413061141967773438, 6.26326274871826171875, 6.23372602462768554688, 6.19444513320922851562, 6.15895032882690429688, 6.12858533859252929688, 6.10116624832153320312, 6.07445240020751953125, 6.04242277145385742188, 6.0121555328369140625, 5.98064422607421875, 5.94541168212890625, 5.90557003021240234375, 5.86070537567138671875, 5.81045293807983398438, 5.7544002532958984375, 5.69207048416137695312, 5.6229228973388671875, 5.5463542938232421875, 5.4616947174072265625, 5.36822414398193359375, 5.26516199111938476562, 4.08169794082641601562, 1.57373166084289550781, 0.42117387056350708008, 0.0648451000452041626, 0.01297463662922382355, 0.00849616620689630508, 0.00811179075390100479, 0.00790856592357158661, 0.00761542376130819321, 0.00724338041618466377, 0.00680184783414006233, 0.00629411870613694191, 0.00572204543277621269, 0.00509091373533010483, 0.00441229436546564102, 0.00370551366358995438, 0.00299759348854422569, 0.002320876345038414, 0.00170817016623914242, 0.00118643557652831078, 0.00077149434946477413, 0.00046526617370545864, 0.00025731793721206486, 0.00012885466276202351, 0.00005789651913801208, 0.00002385449442954268, 0.00000988818646874279, 0.00000481831875731586, 0.00000375383569917176, 0.00000381084055334213, 0.00000353133873431943, 0.00000275319916909211, 0.00000186642000699067, 0.0000011326967523928, 0.00000062618698848382, 0.00000031683941870142, 0.00000014772767542581, 0.00000006525609563823, 0.00000002773397689282, 0.00000001137517635641, 0.00000000461118743189, 0.00000000195585481144, 0.00000000090656337992, 0.00000000047705028816, 0.00000000029527111312, 0.00000000021773181869, 0.00000000018610449293, 0.00000000017734627655, 0.00000000017638175642, 0.00000000017891410575]
pmpNorth.m_flow=[-0.00000000000000249873, 3.94020032882690429688, 5.780712127685546875, 5.8084468841552734375, 5.68927621841430664062, 5.60433673858642578125, 5.5571746826171875, 5.54053735733032226562, 5.5478343963623046875, 5.57223987579345703125, 5.60726070404052734375, 5.64485883712768554688, 5.6798152923583984375, 5.72112321853637695312, 5.76237154006958007812, 5.80038118362426757812, 5.83438825607299804688, 5.86444807052612304688, 5.89083623886108398438, 5.9138622283935546875, 5.933811187744140625, 5.95092344284057617188, 5.96540212631225585938, 5.97741222381591796875, 5.9870891571044921875, 5.9945430755615234375, 5.99984836578369140625, 6.3913631439208984375, 6.80835819244384765625, 6.98150873184204101562, 7.00043964385986328125, 6.95755290985107421875, 6.904178619384765625, 6.85752153396606445312, 6.81881570816040039062, 6.78486347198486328125, 6.752532958984375, 6.714885711669921875, 6.67811059951782226562, 6.64080667495727539062, 6.59928941726684570312, 6.55220890045166015625, 6.49896526336669921875, 6.43906641006469726562, 6.37196636199951171875, 6.29704189300537109375, 6.21359109878540039062, 6.12084054946899414062, 6.0179462432861328125, 5.90402317047119140625, 5.77814483642578125, 4.46809911727905273438, 1.71990275382995605469, 0.45870697498321533203, 0.07298414409160614014, 0.01460466533899307251, 0.00955244246870279312, 0.00910499598830938339, 0.00885728932917118073, 0.00850488338619470596, 0.00806058011949062347, 0.00753564760088920593, 0.00693502463400363922, 0.0062628602609038353, 0.00552810216322541237, 0.00474748527631163597, 0.00394646404311060905, 0.00315795326605439186, 0.00241837440989911556, 0.00176158128306269646, 0.00121242040768265724, 0.00078254804247990251, 0.00046930264215916395, 0.0002585557522252202, 0.00012916552077513188, 0.00005795932884211652, 0.00002386516098340508, 0.00000989009640761651, 0.0000048189285735134, 0.00000375449280909379, 0.00000381233826374228, 0.00000353472523784149, 0.0000027591565867624, 0.00000187453633770929, 0.00000114177146315342, 0.00000063457099486186, 0.00000032340111033591, 0.00000015214089899018, 0.00000006790028805881, 0.0000000291774782113, 0.00000001210039179966, 0.00000000495695795522, 0.00000000212259720911, 0.00000000099203245618, 0.00000000052569604225, 0.00000000032727362487, 0.00000000024248009156, 0.00000000020805535073, 0.0000000001988791215, 0.00000000019829755893, 0.00000000020155227487]
time=[0., 1000.]
