last-generated=2016-01-11
statistics-initialization=
{
  "numerical Jacobians": "0", 
  "nonlinear": "1"
}
statistics-simulation=
{
  "numerical Jacobians": "0", 
  "nonlinear": "0, 1", 
  "linear": " "
}
valIndFromMflow.m_flow_set=[0.05000000074505805969, 0.06899999869614885373, 0.08800000037252828089, 0.10700000204890734723, 0.12600000372529213122, 0.14499999441206859463, 0.1640000070780443242, 0.1829999977648241738, 0.20200001043079685026, 0.22099999403954084798, 0.23999999180437467383, 0.25900000447034748907, 0.27800000223517018494, 0.29699999999999288081, 0.31600001341104599906, 0.33499999701977661859, 0.35400000894069139079, 0.37299999254942206584, 0.39199997615825932229, 0.41100001788135437364, 0.43000000149012057582, 0.44900001341103529251, 0.46799999701976596755, 0.4869999806285588706, 0.50599999254949135086, 0.52499997615814208984, 0.54400004768355947338, 0.56300000298008834321, 0.58200001490114527947, 0.60100002682195330372, 0.61999998211844664642, 0.63899999403957463695, 0.65800000596056040791, 0.67699996125719585915, 0.6959999731779684673, 0.71499998509891871112, 0.73399999999980813925, 0.75300001192086496449, 0.7720000238417797922, 0.79100003576255240034, 0.8099999910594010144, 0.82900000298017362255, 0.84800001490133702919, 0.86699997019779484475, 0.88599998211863850717, 0.90499999403969544343, 0.92400000894058487155, 0.94300002086160605863, 0.9620000327823787778, 0.98099998807894317476, 1., 1., 1., 1., 1., 1., 1., 1., 1., 1., 1., 1., 1., 1., 1., 1., 1., 1., 1., 1., 1., 1., 1., 1., 1., 1., 1., 1., 1., 1., 1., 1., 1., 1., 1., 1., 1., 1., 1., 1., 1., 1., 1., 1., 1., 1., 1., 1., 1., 1., 1.]
valInd.m_flow=[0.07180014997720718384, 0.09505565515345346106, 0.11752510169510638205, 0.13938094819963239845, 0.16072884390442046532, 0.18163986349481600624, 0.20216466758838080864, 0.22234079182016752707, 0.24219680184257705302, 0.26175456543825947886, 0.28103100967896343931, 0.30003893487758176439, 0.31878763936059117956, 0.3372834710339667752, 0.35552984367925555276, 0.37352724796685549125, 0.39127317700125774369, 0.40876149820392193579, 0.42598177758958749584, 0.442918066205101435, 0.45954653129043099291, 0.47583169797849927951, 0.49171897955107701783, 0.50711935125452223261, 0.52187002468765320007, 0.53560245037078857422, 0.5467907830800892155, 0.54772257804870605469, 0.54772257804870605469, 0.54772257804870605469, 0.54772257804870605469, 0.54772257804870605469, 0.54772257804870605469, 0.54772257804870605469, 0.54772257804870605469, 0.54772257804870605469, 0.54772257804870605469, 0.54772257804870605469, 0.54772257804870605469, 0.54772257804870605469, 0.54772257804870605469, 0.54772257804870605469, 0.54772257804870605469, 0.54772257804870605469, 0.54772257804870605469, 0.54772257804870605469, 0.54772257804870605469, 0.54772257804870605469, 0.54772257804870605469, 0.54772257804870605469, 0.54772257804870605469, 0.56921001291658712695, 0.58991531423910636978, 0.60991805442252444713, 0.62928529449845727051, 0.64807406834422032205, 0.66633325384656116874, 0.68410528957561334007, 0.70142713057140426702, 0.71833144028903361811, 0.73484691055711659491, 0.75099930856821517366, 0.76681160179084750794, 0.78230429425677960875, 0.79749610188287656243, 0.81240389286006309266, 0.8270428991593435919, 0.84142736196553480355, 0.85556994863850344135, 0.86948258013245505182, 0.88317610450551931045, 0.89666047579420427027, 0.90994503295895878825, 0.92303845783438842609, 0.93594871727121053961, 0.94868332147598266602, 0.96124918457755137435, 0.9736529227429292499, 0.98590061566293585305, 0.99799797335958506661, 1.00689922967338651993, 1.01240479827929075185, 1.0168621569191391707, 1.02074421058115349936, 1.02424145614150519101, 1.02745413037423594105, 1.03044366420120003802, 1.03325056899014899869, 1.03590417030873349624, 1.03842580668969941549, 1.04083240590957393223, 1.04313706757211943632, 1.04535054796744941719, 1.04748165457217790042, 1.04953789759017634964, 1.05152559512667997943, 1.05345011162747215216, 1.05531632372626349436, 1.05712830678732050416, 1.05888974500444965621, 1.06060373783111572266]
valIndFromMflow.m_flow=[0.08317212015390396118, 0.10306516333492470039, 0.12251549300290906497, 0.1417031151923567045, 0.16071155836483635992, 0.17958471038744594495, 0.19834749651451002994, 0.21701465491558907805, 0.2355949911828054133, 0.25409355099206282214, 0.2725127908009741251, 0.2908532630379663253, 0.30911383521271040831, 0.32729200393060536856, 0.34538379203939451045, 0.36338364007390960841, 0.38128415387987629748, 0.39907541553770653486, 0.41674457720525448501, 0.4342742901888159146, 0.45164066037720279612, 0.46880985422932441864, 0.48573059043159311221, 0.50231938868838776902, 0.51842177755796181593, 0.53367841243743896484, 0.54654032555702081186, 0.54772257804870605469, 0.54772257804870605469, 0.54772257804870605469, 0.54772257804870605469, 0.54772257804870605469, 0.54772257804870605469, 0.54772257804870605469, 0.54772257804870605469, 0.54772257804870605469, 0.54772257804870605469, 0.54772257804870605469, 0.54772257804870605469, 0.54772257804870605469, 0.54772257804870605469, 0.54772257804870605469, 0.54772257804870605469, 0.54772257804870605469, 0.54772257804870605469, 0.54772257804870605469, 0.54772257804870605469, 0.54772257804870605469, 0.54772257804870605469, 0.54772257804870605469, 0.54772257804870605469, 0.56921001291658712695, 0.58991531423910636978, 0.60991805442252444713, 0.62928529449845727051, 0.64807406834422032205, 0.66633325384656116874, 0.68410528957561334007, 0.70142713057140426702, 0.71833144028903361811, 0.73484691055711659491, 0.75099930856821517366, 0.76681160179084750794, 0.78230429425677960875, 0.79749610188287656243, 0.81240389286006309266, 0.8270428991593435919, 0.84142736196553480355, 0.85556994863850344135, 0.86948258013245505182, 0.88317610450551931045, 0.89666047579420427027, 0.90994503295895878825, 0.92303845783438842609, 0.93594871727121053961, 0.94868332147598266602, 0.96124918457755137435, 0.9736529227429292499, 0.98590061566293585305, 0.99799797335958506661, 1.00616657062678882539, 1.01061534788424234321, 1.01404285650121139817, 1.0169348761220746713, 1.01948273808589151557, 1.02178537316266204726, 1.02390181724717166389, 1.02587067989499436393, 1.02771866406656875448, 1.02946543935691336991, 1.03112590697639094905, 1.03271138259448314045, 1.03423118341727571234, 1.03569269077299330739, 1.03710198435317546561, 1.03846430937804412586, 1.03978395740081008825, 1.04106461639600400559, 1.04230940107076430756, 1.04352128391339760149, 1.0447025299072265625]
valIndDpFix.m_flow=[0.0699432864785194397, 0.09262720545036171038, 0.11452505833684685499, 0.13580337307300638372, 0.15656417791387258753, 0.17687561957952716019, 0.19678558673212798169, 0.21632862033239277921, 0.23552979868727441648, 0.25440683290337712252, 0.27297144853450494573, 0.29122996438000608999, 0.30918333410973375397, 0.32682681915907796366, 0.34414872424667775075, 0.3611283798004717438, 0.37773177612630587374, 0.39390328240752708888, 0.4095471689235817836, 0.42447769983976985086, 0.4382249972135728866, 0.44721359014511108398, 0.44721359014511108398, 0.44721359014511108398, 0.44721359014511108398, 0.44721359014511108398, 0.44721359014511108398, 0.44721359014511108398, 0.44721359014511108398, 0.44721359014511108398, 0.44721359014511108398, 0.44721359014511108398, 0.44721359014511108398, 0.44721359014511108398, 0.44721359014511108398, 0.44721359014511108398, 0.44721359014511108398, 0.44721359014511108398, 0.44721359014511108398, 0.44721359014511108398, 0.44721359014511108398, 0.44721359014511108398, 0.44721359014511108398, 0.44721359014511108398, 0.44721359014511108398, 0.44721359014511108398, 0.44721359014511108398, 0.44721359014511108398, 0.44721359014511108398, 0.44721359014511108398, 0.44721359014511108398, 0.46475802507362856675, 0.48166382489572462378, 0.49799601844639240777, 0.51380928979966600245, 0.52915022949972767563, 0.54405879622833908105, 0.55856962033665269463, 0.57271286190534875793, 0.58651516430119676748, 0.59999999198166098502, 0.61318836726085057531, 0.62609904393984938675, 0.63874877095211812783, 0.65115286673911199067, 0.66332498082743729384, 0.67527767883670830606, 0.68702254732872625187, 0.69856994523733495495, 0.70992958813932360851, 0.72111029753296329581, 0.73212023930470748745, 0.74296697869426597816, 0.75365773796136392715, 0.76419888927222112684, 0.77459669113159179688, 0.78485668676348208095, 0.79498430023206145822, 0.8049844787381938982, 0.81486193216726299227, 0.82462112937842557692, 0.83426612386695253587, 0.84380090914019845183, 0.8532291807081033852, 0.86255439565405900293, 0.87177977755996616249, 0.88090859543216726291, 0.88994383382875397182, 0.89888823456324407069, 0.90774447985317863186, 0.91651513271405682381, 0.92520264501519078326, 0.93380938529392731873, 0.9423375068923752762, 0.950789155580221923, 0.95916629830978428206, 0.96747096165536394796, 0.97570482528897117813, 0.98386989471877206448, 0.99196772997739190991, 1.]
time=[0., 2.]
