last-generated=2016-03-07
statistics-simulation=
{
  "numerical Jacobians": "0", 
  "nonlinear": " ", 
  "number of continuous time states": "9", 
  "linear": "0, 0"
}
THeaOut.T=[293.149993896484375, 290.32244873046875, 290.381805419921875, 290.433868408203125, 290.35198974609375, 290.25958251953125, 290.14990234375, 290.02496337890625, 289.88604736328125, 289.735565185546875, 289.575836181640625, 289.409393310546875, 289.238861083984375, 289.178436279296875, 289.3721923828125, 297.907196044921875, 293.8717041015625, 293.5087890625, 293.375030517578125, 293.24896240234375, 293.152099609375, 293.222869873046875, 293.3671875, 293.5391845703125, 293.7049560546875, 293.84326171875, 293.9378662109375, 293.9744873046875, 293.9495849609375, 293.859893798828125, 293.702178955078125, 293.47613525390625, 293.18212890625, 293.519500732421875, 293.65936279296875, 293.81951904296875, 293.985809326171875, 294.156341552734375, 294.328277587890625, 294.4989013671875, 292.40777587890625, 290.7786865234375, 289.491790771484375, 290.00823974609375, 290.146026611328125, 290.256011962890625, 290.348480224609375, 290.42193603515625, 290.475433349609375, 290.5079345703125, 290.519073486328125, 290.508758544921875, 290.476959228515625, 290.42431640625, 290.351043701171875, 290.258636474609375, 290.149017333984375, 290.024139404296875, 289.885894775390625, 289.736175537109375, 289.576934814453125, 289.41009521484375, 289.238067626953125, 289.1815185546875, 289.37457275390625, 297.9088134765625, 293.862548828125, 293.509735107421875, 293.375091552734375, 293.248992919921875, 293.153533935546875, 293.2235107421875, 293.367645263671875, 293.53912353515625, 293.7054443359375, 293.843963623046875, 293.93621826171875, 293.97442626953125, 293.9510498046875, 293.86053466796875, 293.7017822265625, 293.47601318359375, 293.20855712890625, 293.51702880859375, 293.660125732421875, 293.819610595703125, 293.9857177734375, 294.1563720703125, 294.328277587890625, 294.4989013671875, 292.40777587890625, 290.7777099609375, 289.4869384765625, 290.01202392578125, 290.147003173828125, 290.2562255859375, 290.3485107421875, 290.421905517578125, 290.475433349609375, 290.50799560546875, 290.5191650390625]
TSet.y=[289.149993896484375, 289.149993896484375, 289.149993896484375, 289.149993896484375, 289.149993896484375, 289.149993896484375, 289.149993896484375, 289.149993896484375, 289.149993896484375, 289.149993896484375, 289.149993896484375, 289.149993896484375, 289.149993896484375, 289.149993896484375, 289.149993896484375, 293.149993896484375, 293.149993896484375, 293.149993896484375, 293.149993896484375, 293.149993896484375, 293.149993896484375, 293.149993896484375, 293.149993896484375, 293.149993896484375, 293.149993896484375, 293.149993896484375, 293.149993896484375, 293.149993896484375, 293.149993896484375, 293.149993896484375, 293.149993896484375, 293.149993896484375, 293.149993896484375, 293.149993896484375, 293.149993896484375, 293.149993896484375, 293.149993896484375, 293.149993896484375, 293.149993896484375, 293.149993896484375, 289.149993896484375, 289.149993896484375, 289.149993896484375, 289.149993896484375, 289.149993896484375, 289.149993896484375, 289.149993896484375, 289.149993896484375, 289.149993896484375, 289.149993896484375, 289.149993896484375, 289.149993896484375, 289.149993896484375, 289.149993896484375, 289.149993896484375, 289.149993896484375, 289.149993896484375, 289.149993896484375, 289.149993896484375, 289.149993896484375, 289.149993896484375, 289.149993896484375, 289.149993896484375, 289.149993896484375, 289.149993896484375, 293.149993896484375, 293.149993896484375, 293.149993896484375, 293.149993896484375, 293.149993896484375, 293.149993896484375, 293.149993896484375, 293.149993896484375, 293.149993896484375, 293.149993896484375, 293.149993896484375, 293.149993896484375, 293.149993896484375, 293.149993896484375, 293.149993896484375, 293.149993896484375, 293.149993896484375, 293.149993896484375, 293.149993896484375, 293.149993896484375, 293.149993896484375, 293.149993896484375, 293.149993896484375, 293.149993896484375, 293.149993896484375, 289.149993896484375, 289.149993896484375, 289.149993896484375, 289.149993896484375, 289.149993896484375, 289.149993896484375, 289.149993896484375, 289.149993896484375, 289.149993896484375, 289.149993896484375, 289.149993896484375]
TVol.T=[293.149993896484375, 290.280181884765625, 289.189605712890625, 289.149993896484375, 289.151123046875, 289.151275634765625, 289.1514892578125, 289.15167236328125, 289.151824951171875, 289.1519775390625, 289.152069091796875, 289.152130126953125, 289.152191162109375, 289.18035888671875, 289.377044677734375, 292.55718994140625, 293.154876708984375, 293.1512451171875, 293.151580810546875, 293.1514892578125, 293.152374267578125, 293.2249755859375, 293.370147705078125, 293.54229736328125, 293.707733154296875, 293.845367431640625, 293.939056396484375, 293.974639892578125, 293.948577880859375, 293.857666015625, 293.698699951171875, 293.47149658203125, 293.17901611328125, 293.148193359375, 293.148101806640625, 293.14794921875, 293.147857666015625, 293.1478271484375, 293.1478271484375, 293.147857666015625, 292.374725341796875, 290.752532958984375, 289.4652099609375, 289.139251708984375, 289.14886474609375, 289.14874267578125, 289.14892578125, 289.149169921875, 289.149444580078125, 289.14971923828125, 289.149993896484375, 289.1502685546875, 289.150543212890625, 289.150787353515625, 289.151031494140625, 289.151275634765625, 289.1514892578125, 289.15167236328125, 289.151824951171875, 289.151947021484375, 289.152069091796875, 289.15216064453125, 289.15155029296875, 289.183837890625, 289.379425048828125, 292.55877685546875, 293.155181884765625, 293.15118408203125, 293.151641845703125, 293.1514892578125, 293.153289794921875, 293.2255859375, 293.37060546875, 293.542236328125, 293.708251953125, 293.8460693359375, 293.937408447265625, 293.974578857421875, 293.950042724609375, 293.858306884765625, 293.698333740234375, 293.471343994140625, 293.178985595703125, 293.14788818359375, 293.148101806640625, 293.147918701171875, 293.147857666015625, 293.1478271484375, 293.1478271484375, 293.147857666015625, 292.374725341796875, 290.751861572265625, 289.466217041015625, 289.1396484375, 289.14892578125, 289.148773193359375, 289.148895263671875, 289.149200439453125, 289.149444580078125, 289.14971923828125, 289.149993896484375]
TOut.y=[284.149993896484375, 284.189422607421875, 284.307098388671875, 284.501129150390625, 284.768463134765625, 285.10491943359375, 285.505157470703125, 285.962890625, 286.470855712890625, 287.0211181640625, 287.60491943359375, 288.213104248046875, 288.8360595703125, 289.463958740234375, 290.0869140625, 290.695098876953125, 291.278900146484375, 291.829132080078125, 292.337127685546875, 292.794830322265625, 293.195098876953125, 293.531524658203125, 293.79888916015625, 293.992919921875, 294.110565185546875, 294.149993896484375, 294.110565185546875, 293.992919921875, 293.79888916015625, 293.531524658203125, 293.195098876953125, 292.794830322265625, 292.337127685546875, 291.829132080078125, 291.278900146484375, 290.695098876953125, 290.0869140625, 289.463958740234375, 288.8360595703125, 288.213104248046875, 287.60491943359375, 287.0211181640625, 286.470855712890625, 285.962890625, 285.505157470703125, 285.10491943359375, 284.768463134765625, 284.501129150390625, 284.307098388671875, 284.189422607421875, 284.149993896484375, 284.189422607421875, 284.307098388671875, 284.501129150390625, 284.768463134765625, 285.10491943359375, 285.505157470703125, 285.962890625, 286.470855712890625, 287.0211181640625, 287.60491943359375, 288.213104248046875, 288.8360595703125, 289.463958740234375, 290.0869140625, 290.695098876953125, 291.278900146484375, 291.829132080078125, 292.337127685546875, 292.794830322265625, 293.195098876953125, 293.531524658203125, 293.79888916015625, 293.992919921875, 294.110565185546875, 294.149993896484375, 294.110565185546875, 293.992919921875, 293.79888916015625, 293.531524658203125, 293.195098876953125, 292.794830322265625, 292.337127685546875, 291.829132080078125, 291.278900146484375, 290.695098876953125, 290.0869140625, 289.463958740234375, 288.8360595703125, 288.213104248046875, 287.60491943359375, 287.0211181640625, 286.470855712890625, 285.962890625, 285.505157470703125, 285.10491943359375, 284.768463134765625, 284.501129150390625, 284.307098388671875, 284.189422607421875, 284.149993896484375]
time=[0., 172800.]
hea.Q_flow=[0., 0., 225.5871734619140625, 253.04052734375, 236.520904541015625, 218.2247161865234375, 196.5054168701171875, 171.76620483398434657829, 144.2928314208984375, 114.55272674560546875, 82.99881744384765625, 50.136844635009765625, 16.48619842529296875, 0., 0., 1080., 136.4661407470703125, 70.26924133300776986744, 43.621791839599609375, 18.8093280792236328125, 0., 0., 0., 0., 0., 0., 0., 0., 0., 0., 0., 0., 0., 73.5637969970703125, 101.36141204833997164769, 133.01634216308579539145, 165.8652496337890625, 199.5149383544921875, 233.425506591796875, 267.06280517578125, 0., 0., 0., 174.6187896728515625, 196.9844818115234375, 218.729827880859375, 236.875518798828125, 251.2438812255859375, 261.676422119140625, 267.9556884765625, 270.02215576171875, 267.86029052734375, 261.45458984375, 250.9465789794921875, 236.376434326171875, 218.04434204101545446974, 196.32926940917948854803, 171.61015319824241487368, 144.2659912109375, 114.67572021484375, 83.21831512451171875, 50.272724151611328125, 17.024417877197265625, 0., 0., 1080., 134.676177978515625, 70.463714599609375, 43.61127853393532660675, 18.82449722290058957697, 0.0000000000000721645, 0., 0., 0., 0., 0., 0., 0., 0., 0., 0., 0., 0., 73.25991058349609375, 101.51396942138671875, 133.0521087646484375, 165.85125732421875, 199.519439697265625, 233.4267120361328125, 267.06036376953125, 0., 0., 0., 175.108306884765625, 197.1267242431640625, 218.753265380859375, 236.8946533203125, 251.2375335693359375, 261.672088623046875, 267.969146728515625, 270.038665771484375]
