last-generated=2015-08-10
statistics-simulation=
{
  "numerical Jacobians": "0", 
  "nonlinear": " ", 
  "linear": " "
}
y=[-1., -1.020408154001308354, -1.04166662790444397579, -1.06382978114919790613, -1.08695650312895564227, -1.11111116226150508091, -1.13636362900588427927, -1.16279065528761416104, -1.19047618421558754065, -1.21951221361174355629, -1.24999999536656014598, -1.28205132681383870974, -1.31578947047237693191, -1.35135139785821678515, -1.3888888336201408169, -1.42857143844084721884, -1.47058822280466161558, -1.51515149254140868429, -1.56249996529247359156, -1.61290324982803978671, -1.66666661048315978277, -1.72413794151115817854, -1.78571427634167756437, -1.85185179253943577038, -1.92307690804246500527, -2., -2.0792804465073402298, -2.14458507237581263993, -2.18319105791525824856, -2.18890260400570157984, -2.16033296823043308166, -2.0994706327653820388, -2.0105029796347162474, -1.8988683595838393714, -1.77050893316757873563, -1.63130870863017496397, -1.48668178884836255094, -1.34129578815307803907, -1.19891160046065392564, -1.06231491721881310397, -0.93332488874537200552, -0.81286223582367111984, -0.70106504267670965991, -0.59743220847198230672, -0.50098607714643106359, -0.41044469163418834112, -0.32438842561728153946, -0.24141589323403109257, -0.16028349407085079603, -0.08001794853978498601, 0., 0.08001794853864677148, 0.16028373425372094419, 0.24141613772552802941, 0.32438817479304588032, 0.41044469163574526238, 0.50098607714610232655, 0.59743220847090983128, 0.70106536361418325676, 0.81286258378538278624, 0.93332451833305163369, 1.06231491722163196023, 1.1989116004616433564, 1.34129578815204997255, 1.4866817888452585894, 1.63130913302433389056, 1.77050852930654212258, 1.89886799850472431928, 2.01050297963581980909, 2.09947063276564049872, 2.1603329682296865677, 2.18890263380256122616, 2.18319111648904051748, 2.14458522927652728285, 2.07928044650629617607, 2., 1.92307679805917608462, 1.8518516910902842465, 1.78571408751781457447, 1.72413803071681526191, 1.66666669360146446621, 1.61290324982822563804, 1.56249996529299095549, 1.5151514245384125612, 1.47058809447640248536, 1.42857156050256750568, 1.38888889140426230462, 1.35135139785795588274, 1.31578944471152059492, 1.28205127805932361795, 1.2499999258660678958, 1.21951230258555121111, 1.19047622665373431516, 1.16279067552180270795, 1.13636361939678143251, 1.11111113478931011755, 1.08695645052415756915, 1.06382984465896202053, 1.04166666849571476483, 1.02040817347483780964, 1.]
xInv=[-1., -1.020408154001308354, -1.04166662790444397579, -1.06382978114919790613, -1.08695650312895564227, -1.11111116226150508091, -1.13636362900588427927, -1.16279065528761416104, -1.19047618421558754065, -1.21951221361174355629, -1.24999999536656014598, -1.28205132681383870974, -1.31578947047237693191, -1.35135139785821678515, -1.3888888336201408169, -1.42857143844084721884, -1.47058822280466161558, -1.51515149254140868429, -1.56249996529247359156, -1.61290324982803978671, -1.66666661048315978277, -1.72413794151115817854, -1.78571427634167756437, -1.85185179253943577038, -1.92307690804246500527, -2., -2.08333333734054937381, -2.17391290148166183016, -2.27272723884888350199, -2.38095245376647390856, -2.49999985246462630428, -2.63157888959393426731, -2.77777778343346559708, -2.94117619025939802668, -3.1249999310134040087, -3.3333333881051716574, -3.57142817758306252429, -3.84615359717639382353, -4.16666667609536034433, -4.5454551041717961013, -4.99999970782115710222, -5.55555556940270900412, -6.25000105072061362677, -7.14285636516088295878, -8.33333335799669505661, -9.99994039547596180739, 0., 0., 0., 0., 0., 0., 0., 0., 0., 0., 8.33333335800179142439, 7.14285636517146205193, 6.24999872797041344796, 5.55555375995786793197, 5.00000121640015215974, 4.54545510416282461108, 4.1666666760928512403, 3.84615359717846416743, 3.57142817758842356923, 3.33333273102355676087, 3.12500051870276385202, 2.94117670666565667048, 2.77777778343180159482, 2.63157888959344798963, 2.49999985246682543405, 2.3809521172599814598, 2.27272754931886877827, 2.17391318387136855961, 2.08333333733930547993, 2., 1.92307679805917608462, 1.8518516910902842465, 1.78571408751781457447, 1.72413803071681526191, 1.66666669360146446621, 1.61290324982822563804, 1.56249996529299095549, 1.5151514245384125612, 1.47058809447640248536, 1.42857156050256750568, 1.38888889140426230462, 1.35135139785795588274, 1.31578944471152059492, 1.28205127805932361795, 1.2499999258660678958, 1.21951230258555121111, 1.19047622665373431516, 1.16279067552180270795, 1.13636361939678143251, 1.11111113478931011755, 1.08695645052415756915, 1.06382984465896202053, 1.04166666849571476483, 1.02040817347483780964, 1.]
time=[0., 1.]
dy_dt=[-2., -2.08246565056268684302, -2.17013883997460821362, -2.26346755677778332938, -2.36294890374645527586, -2.4691357531389512836, -2.5826447168556656564, -2.70416450128244978401, -2.83446719693150628316, -2.97442001913579678885, -3.12499997689053277128, -3.28731108724384402109, -3.46260385671926895768, -3.6523009295624784265, -3.85802458449837804011, -4.08163247629925685089, -4.32525977731516686475, -4.59136814908605206398, -4.88281228375101949979, -5.20291384195019901426, -5.55555523434383680126, -5.94530371172966809468, -6.37755113368825998776, -6.85871055619440905815, -7.39644987465743408706, -8., -7.50530707602816349322, -5.34696908789341840418, -2.27383295202135693458, 1.15226687582935860554, 4.52658786851556627084, 7.57449177024513886636, 10.12713018318252267136, 12.09987699348397605092, 13.47323758447251762504, 14.27609663363635128519, 14.57126887620084154662, 14.4431344389715441423, 13.98725862067944625267, 13.3018644604267031184, 12.48102429738445451335, 11.6094280948942198961, 10.75862301173503965401, 9.98455481487811269403, 9.3263023906716231437, 8.80588765877555701422, 8.42898300230185881787, 8.18642709605948759588, 8.05640403246769132295, 8.00713827693284230236, 8., 8.00713827693247459649, 8.05640428931722674122, 8.18642766925741938167, 8.42898210461565078333, 8.80588765878326640291, 9.32630239066957500427, 9.98455481487030027665, 10.75862545847760998186, 11.6094306970027005832, 12.48102172907267970459, 13.3018644604433511347, 13.98725862068377523428, 14.44313443896959192614, 14.571268876203212983, 14.27609494254337008101, 13.47324067429127403273, 12.09988195424256218757, 10.12713018315893620525, 7.57449177023495856531, 4.52658786857383610425, 1.15225657482834820122, -2.2738229464785364442, -5.34696090787086397711, -7.50530707605128988291, -8., -7.39644902949474580822, -6.85870980747935021782, -6.37754978934344585184, -5.94530432907022454714, -5.55555578959110629711, -5.20291384195140071967, -4.88281228375424358745, -4.59136773818687871085, -4.32525902410264873055, -4.08163317500594668985, -3.85802490634602746056, -3.65230092956106444646, -3.46260372123240767195, -3.28731083780833488461, -3.12499963025402971439, -2.97442045396501519861, -2.83446739950167225786, -2.70416459559584199113, -2.58264467320468105171, -2.46913563131060476152, -2.36294867548475773233, -2.26346782760978237903, -2.17013900945609750082, -2.08246573020981662339, -2.]
d2y_dt2=[-8., -8.49985982160295883148, -9.04224493666978546003, -9.63177685127091720574, -10.27369123779768145255, -10.97393698057975974791, -11.73929416045015372561, -12.57750890048133385335, -13.49746244669454497966, -14.50936565945661449462, -15.6249998271089616253, -16.85800560177467488643, -18.22423210997090237129, -19.74216729077423337912, -21.43346966705029288391, -23.32361484972614107392, -25.44270405946116753171, -27.82647278917113453645, -30.51757610395452502416, -33.56718523282984278922, -37.03703580652057070211, -41.00209327391026903342, -45.55393659488362345655, -50.80526119846938826186, -56.89577078846857460803, -64., 146.85104005605197130535, 272.3913454155053273098, 332.92135156901571235721, 345.59743469537505689004, 324.73090277954628390944, 282.07127021604355832096, 227.07742669928660461665, 167.17541793881667899768, 108.00200431327246519686, 53.63708939084995108715, 6.82104349724629699381, -30.84083281491973593802, -58.68589303118341859999, -76.81637082081940093303, -85.93407859680034732719, -87.18849843439353719532, -82.03797589687219726784, -72.12429099711137325812, -59.16024063936171017986, -44.83070177648582443908, -30.70669935400520245139, -18.17258321586356828448, -8.36683679614142228331, -2.13567724408937387182, 0., 2.13567724402326764022, 8.36686132162564888404, 18.1726177356704923227, 30.70665923540907016331, 44.83070177674246536981, 59.16024063931188692322, 72.1242909969897141309, 82.0379989833567151436, 87.18850353632838334761, 85.9340920076013645712, 76.81637082055152632165, 58.68589303102751841834, 30.84083281515975727416, -6.82104349632251860669, -53.63724254357490650591, -108.00183463804523853469, -167.17523823934143933911, -227.07742669991534967266, -282.07127021621721496558, -324.73090277899029842956, -345.59744871551691858258, -332.92144011962790273174, -272.39160837359065681085, -146.85104005383257685935, 64., 56.89576104633556496992, 50.8052529099927170364, 45.55392223797772288663, 41.00209968242891278578, 37.03704137036739041378, 33.56718523284151700636, 30.51757610398465558887, 27.8264690649595145544, 25.44269742816032575661, 23.32362084911826016764, 21.43347235601951439321, 19.74216729076273679766, 18.22423104108532854184, 16.85800368752477140788, 15.62499723378458149625, 14.50936884711215135724, 13.49746389709117622147, 12.57750955990077734725, 11.73929386301149691008, 10.97393617018664535578, 10.27368975209017598615, 9.63177858368179329318, 9.042245998148946029, 8.49986031023917121274, 8.]
