last-generated=2017-02-18
statistics-initialization=
{
  "linear": "3"
}
statistics-simulation=
{
  "numerical Jacobians": "0", 
  "nonlinear": " ", 
  "number of continuous time states": "3", 
  "linear": "0, 0, 2"
}
thermalZoneOneElement.TAir=[295.149993896484375, 301.656097412109375, 287.91118774414064773737, 289.803314208984375, 303.40036621093747726263, 290.24688720703125, 292.51052246093752273737, 303.035125732421875, 288.97698974609375, 292.09862670898439773737, 309.0440673828125, 290.99246826171872726263, 294.69066162109373863132, 314.2095947265625, 293.41310424804686363132, 297.85833740234375, 310.08375244140626136868, 297.22145996093752273737, 312.76528320312502273737, 315.56941528320311363132, 301.364959716796875, 313.5653076171875, 302.65381469726560226263, 296.290069580078125, 319.5863037109375, 305.218719482421875, 300.243499755859375, 315.7125244140625, 301.43785400390623863132, 301.81781005859375, 325.960052490234375, 299.98255615234376136868, 305.98331909179688636868, 338.28850708007814773737, 304.57836303710939773737, 310.7117919921875, 343.68650512695313636868, 302.70001220703125, 320.15647583007813636868, 345.711761474609375, 305.556640625, 321.77336425781248863132, 335.59284667968751136868, 310.25426025390623863132, 328.9141845703125, 315.860992431640625, 302.86904296875002273737, 319.93092041015626136868, 304.146728515625, 308.60046997070310226263, 331.393157958984375, 305.20518798828123863132, 310.49091796875001136868, 337.65433959960938636868, 305.16764526367188636868, 310.578704833984375, 343.47876586914060226263, 306.72654418945313636868, 321.00133056640623863132, 345.97493896484377273737, 308.32745361328125, 327.06971435546876136868, 306.63742675781247726263, 305.42402954101561363132, 323.72298583984377273737, 301.15234375, 304.56654663085936363132, 323.720672607421875, 301.82564697265627273737, 306.48602294921875, 321.701080322265625, 303.82549438476564773737, 303.25031127929685226263, 330.082183837890625, 298.97389526367186363132, 300.937957763671875, 334.92353515625001136868, 298.99567260742185226263, 311.68353881835935226263, 330.22929077148438636868, 300.556640625, 311.43250732421876136868, 300.74490966796872726263, 296.86241455078123863132, 312.14377441406247726263, 292.3258056640625, 293.95485229492186363132, 311.646697998046875, 292.96508178710939773737, 297.00328979492189773737, 309.428131103515625, 291.63074340820310226263, 293.42775268554686363132, 303.55466918945313636868, 288.465118408203125, 291.43609619140625, 300.58510742187502273737, 289.72272338867185226263, 299.56622924804685226263, 297.67800292968752273737, 291.257965087890625]
time=[0., 31536000.]
