last-generated=2016-02-19
statistics-initialization=
{
  "numerical Jacobians": "0", 
  "nonlinear": "1, 1"
}
statistics-simulation=
{
  "numerical Jacobians": "0", 
  "nonlinear": "0, 0", 
  "number of continuous time states": "6", 
  "linear": " "
}
conPID.y=[0.375, 0.56506711244583129883, 0.67599153518676757812, 0.7204983830451965332, 0.73838853836059570312, 0.74554860591888427734, 0.74843180179595947266, 0.74959033727645874023, 0.75006669759750366211, 0.75023722648620605469, 0.75031709671020507812, 0.75035059452056884766, 0.75035971403121948242, 0.4349886775016784668, 0.32416051626205433234, 0.28026568889617919922, 0.26489964127540588379, 0.25960373878479003906, 0.25776904821395874023, 0.25713708996772766113, 0.25692045688629150391, 0.25685206055641174316, 0.25682082772254943848, 0.25680968165397644043, 0.256809234619140625, 0.25681015849113464355, 0.63494485616683959961, 0.70406472682952891962, 0.73175352811813354492, 0.74287253618240356445, 0.74737882614135742188, 0.74915128946304321289, 0.74989795684814453125, 0.75016754865646362305, 0.75028580427169799805, 0.75034248828887939453, 0.75036013126373291016, 0.75036120414733886719, 0.43498679995536804199, 0.32415935397148132324, 0.28026592731475830078, 0.26490193605422973633, 0.25960591435432434082, 0.25776597857475280762, 0.25714120268821716309, 0.25691738724708557129, 0.25685152411460876465, 0.2568226158618927002, 0.25681033730506896973, 0.25680816173553466797, 0.25680965185165405273, 0.63494461774826049805, 0.70406460762023925781, 0.73175346851348876953, 0.74287247657775878906, 0.74737882614135742188, 0.74915128946304321289, 0.74989795684814453125, 0.75016754865646362305, 0.75028580427169799805, 0.75034248828887939453, 0.75036013126373291016, 0.75036120414733886719, 0.43498682975769042969, 0.32415938377380371094, 0.28026592731475830078, 0.26490190625190734863, 0.25960588455200195312, 0.25776603817939758301, 0.2571411430835723877, 0.25691741704940795898, 0.25685152411460876465, 0.2568226158618927002, 0.25681033730506896973, 0.25680816173553466797, 0.25680965185165405273, 0.63494461774826049805, 0.70406460762023925781, 0.73175346851348876953, 0.74287247657775878906, 0.74737882614135742188, 0.74915128946304321289, 0.74989795684814453125, 0.75016754865646362305, 0.75028580427169799805, 0.75034248828887939453, 0.75036013126373291016, 0.75036120414733886719, 0.43498682975769042969, 0.32415938377380371094, 0.28026592731475830078, 0.26490190625190734863, 0.25960588455200195312, 0.25776600837707519531, 0.2571411430835723877, 0.25691741704940795898, 0.25685107707977294922, 0.25682207942008972168, 0.25681081414222717285, 0.25680935382843017578, 0.25680962204933166504]
conPID.u_m=[0., 0.52255403995513916016, 0.65873086452484130859, 0.71335685253143310547, 0.73530459403991699219, 0.74408555030822753906, 0.74762642383575439453, 0.74904531240463256836, 0.74963015317916870117, 0.74983930587768554688, 0.7499370574951171875, 0.74997824430465698242, 0.74998950958251953125, 0.47552970051765441895, 0.34099489450454700812, 0.28581514954566955566, 0.26275551319122314453, 0.25444561243057250977, 0.25153455138206481934, 0.25052443146705627441, 0.25017967820167541504, 0.25007009506225585938, 0.25002017617225646973, 0.25000238418579101562, 0.25000172853469848633, 0.2500031888484954834, 0.60837227106094360352, 0.69315665960311900751, 0.72716319561004649774, 0.74080502986907958984, 0.74633443355560302734, 0.74850660562515258789, 0.74942362308502197266, 0.74975717067718505859, 0.74989783763885498047, 0.74996709823608398438, 0.74999016523361206055, 0.74999207258224487305, 0.4755363166332244873, 0.34099176526069641113, 0.28581550717353820801, 0.26276108622550964355, 0.25445017218589782715, 0.25152933597564697266, 0.25053119659423828125, 0.25017449259757995605, 0.25006926059722900391, 0.25002306699752807617, 0.25000342726707458496, 0.24999998509883880615, 0.25000235438346862793, 0.60837203264236450195, 0.69315659999847412109, 0.72716319561004638672, 0.74080497026443481445, 0.74633443355560302734, 0.74850660562515258789, 0.74942362308502197266, 0.7497571110725402832, 0.74989783763885498047, 0.74996709823608398438, 0.74999016523361206055, 0.74999207258224487305, 0.47553622722625732422, 0.34099179506301879883, 0.28581550717353820801, 0.26276102662086486816, 0.25445014238357543945, 0.25152942538261413574, 0.25053110718727111816, 0.25017455220222473145, 0.25006926059722900391, 0.25002303719520568848, 0.25000342726707458496, 0.25, 0.25000238418579101562, 0.60837203264236450195, 0.69315659999847412109, 0.72716319561004638672, 0.74080497026443481445, 0.74633443355560302734, 0.74850660562515258789, 0.74942362308502197266, 0.7497571110725402832, 0.74989783763885498047, 0.74996709823608398438, 0.74999016523361206055, 0.74999207258224487305, 0.47553622722625732422, 0.34099179506301879883, 0.28581550717353820801, 0.26276102662086486816, 0.25445014238357543945, 0.25152942538261413574, 0.25053110718727111816, 0.25017455220222473145, 0.25006851553916931152, 0.25002217292785644531, 0.25000423192977905273, 0.2500018775463104248, 0.25000229477882385254]
conPID.u_s=[0.75, 0.75, 0.75, 0.75, 0.75, 0.75, 0.75, 0.75, 0.75, 0.75, 0.75, 0.75, 0.75, 0.25, 0.25, 0.25, 0.25, 0.25, 0.25, 0.25, 0.25, 0.25, 0.25, 0.25, 0.25, 0.25, 0.75, 0.75, 0.75, 0.75, 0.75, 0.75, 0.75, 0.75, 0.75, 0.75, 0.75, 0.75, 0.25, 0.25, 0.25, 0.25, 0.25, 0.25, 0.25, 0.25, 0.25, 0.25, 0.25, 0.25, 0.25, 0.75, 0.75, 0.75, 0.75, 0.75, 0.75, 0.75, 0.75, 0.75, 0.75, 0.75, 0.75, 0.25, 0.25, 0.25, 0.25, 0.25, 0.25, 0.25, 0.25, 0.25, 0.25, 0.25, 0.25, 0.25, 0.75, 0.75, 0.75, 0.75, 0.75, 0.75, 0.75, 0.75, 0.75, 0.75, 0.75, 0.75, 0.25, 0.25, 0.25, 0.25, 0.25, 0.25, 0.25, 0.25, 0.25, 0.25, 0.25, 0.25, 0.25]
time=[0., 3600.]
