last-generated=2016-06-23
statistics-initialization=
{
  "numerical Jacobians": "0", 
  "nonlinear": "1"
}
statistics-simulation=
{
  "numerical Jacobians": "0", 
  "nonlinear": "1", 
  "number of continuous time states": "4", 
  "linear": " "
}
floMac1.y=[1., 1., 1., 1., 1., 1., 1., 1., 1., 1., 1., 1., 1., 1., 1., 1., 1., 1., 1., 1., 1., 1., 1., 1., 1., 1., 1., 1., 1., 1., 1., 1., 1., 1., 1., 1., 1., 1., 1., 1., 1., 1., 1., 1., 1., 1., 1., 1., 1., 1., 1., 0., 0., 0., 0., 0., 0., 0., 0., 0., 0., 0., 0., 0., 0., 0., 0., 0., 0., 0., 0., 0., 0., 0., 0., 0., 0., 0., 0., 0., 0., 0., 0., 0., 0., 0., 0., 0., 0., 0., 0., 0., 0., 0., 0., 0., 0., 0., 0., 0., 0.]
time=[0., 300.]
floMac2.dp=[-2000., -2000., -2000., -2000., -2000., -2000., -2000., -2000., -2000., -2000., -2000., -2000., -2000., -2000., -2000., -2000., -2000., -2000., -2000., -2000., -2000., -2000., -2000., -2000., -2000., -2000., -2000., -2000., -2000., -2000., -2000., -2000., -2000., -2000., -2000., -2000., -2000., -2000., -2000., -2000., -2000., -2000., -2000., -2000., -2000., -2000., -2000., -2000., -2000., -2000., -2000., -2862.145263671875, -3891.115478515625, -4346.4189453125, -4392.7900390625, -4291.26123046875, -4181.1899414062490905053, -4102.7993164062509094947, -4055.677490234375, -4029.322021484375, -4015.541015625, -4008.18212890625, -4004.6201171875, -4002.85986328125, -4001.86572265625, -4001.38720703125, -4001.3779296875, -4001.393310546875, -4001.399169921875, -4001.3994140625, -4001.3994140625, -4001.3994140625, -4001.3994140625, -4001.3994140625, -4001.3994140625, -4001.3994140625, -4001.3994140625, -4001.3994140625, -4001.3994140625, -4001.3994140625, -4001.3994140625, -4001.3994140625, -4001.3994140625, -4001.3994140625, -4001.3994140625, -4001.3994140625, -4001.3994140625, -4001.3994140625, -4001.3994140625, -4001.3994140625, -4001.3994140625, -4001.3994140625, -4001.3994140625, -4001.3994140625, -4001.3994140625, -4001.3994140625, -4001.3994140625, -4001.3994140625, -4001.3994140625, -4001.3994140625, -4001.3994140625]
floMac1.dp=[-2000., -2000., -2000., -2000., -2000., -2000., -2000., -2000., -2000., -2000., -2000., -2000., -2000., -2000., -2000., -2000., -2000., -2000., -2000., -2000., -2000., -2000., -2000., -2000., -2000., -2000., -2000., -2000., -2000., -2000., -2000., -2000., -2000., -2000., -2000., -2000., -2000., -2000., -2000., -2000., -2000., -2000., -2000., -2000., -2000., -2000., -2000., -2000., -2000., -2000., -2000., -1137.854736328125, -108.8845977783203125, 346.419097900390625, 392.7901611328125, 291.261383056640625, 181.18975830078036892701, 102.79940032959045481675, 55.677425384521484375, 29.3219394683837890625, 15.54100799560546875, 8.1821880340576171875, 4.62014102935791015625, 2.85978269577026367188, 1.86578261852264404297, 1.38725054264068603516, 1.37795925140380859375, 1.39326417446136474609, 1.39909112453460693359, 1.39940297603607177734, 1.39940774440765380859, 1.39941036701202392578, 1.39941143989562988281, 1.39941143989562988281, 1.39941072463989257812, 1.39940989017486572266, 1.39940929412841796875, 1.39940953254699707031, 1.39940977096557617188, 1.39940989017486572266, 1.39941000938415527344, 1.39941012859344482422, 1.399410247802734375, 1.39941036701202392578, 1.39941036701202392578, 1.39941036701202392578, 1.39941036701202392578, 1.39941036701202392578, 1.39941036701202392578, 1.399410247802734375, 1.399410247802734375, 1.399410247802734375, 1.399410247802734375, 1.39941012859344482422, 1.39941012859344482422, 1.39941012859344482422, 1.39941012859344482422, 1.399410247802734375, 1.399410247802734375, 1.399410247802734375, 1.399410247802734375]
floMac2.m_flow=[-995.58599853515625, 0.07832604646682739258, 0.47036466002464294434, 0.62368750572204589844, 0.69092398881912231445, 0.72117906808853149414, 0.73501092195510864258, 0.74133259057998657227, 0.74425601959228515625, 0.74552446603775024414, 0.74617218971252441406, 0.74647980928421020508, 0.74658638238906860352, 0.7466284632682800293, 0.74665725231170654297, 0.74667620658874511719, 0.74668711423873901367, 0.74669188261032104492, 0.74669235944747924805, 0.74669045209884643555, 0.74668800830841064453, 0.7466869354248046875, 0.74668776988983154297, 0.74668842554092407227, 0.74668890237808227539, 0.74668931961059570312, 0.74668955802917480469, 0.74668973684310913086, 0.74668985605239868164, 0.74668985605239868164, 0.74668985605239868164, 0.74668979644775390625, 0.74668967723846435547, 0.74668955802917480469, 0.74668943881988525391, 0.74668937921524047852, 0.74668931961059570312, 0.74668931961059570312, 0.74668931961059570312, 0.74668937921524047852, 0.74668943881988525391, 0.7466894984245300293, 0.7466894984245300293, 0.7466894984245300293, 0.7466894984245300293, 0.7466894984245300293, 0.7466894984245300293, 0.7466894984245300293, 0.7466894984245300293, 0.7466894984245300293, 0.7466894984245300293, 0.63939702510833740234, 0.51134347915649414062, 0.45468175411224365234, 0.44891095161437988281, 0.46154603362083435059, 0.47524425387382518426, 0.48499980568885797672, 0.49086403846740722656, 0.49414393305778503418, 0.49585893750190734863, 0.49677473306655883789, 0.49721804261207580566, 0.49743711948394775391, 0.49756079912185668945, 0.49762037396430969238, 0.4976215064525604248, 0.4976195991039276123, 0.49761888384819030762, 0.49761885404586791992, 0.49761885404586791992, 0.49761885404586791992, 0.49761885404586791992, 0.49761885404586791992, 0.49761885404586791992, 0.49761885404586791992, 0.49761885404586791992, 0.49761885404586791992, 0.49761885404586791992, 0.49761885404586791992, 0.49761885404586791992, 0.49761885404586791992, 0.49761885404586791992, 0.49761885404586791992, 0.49761885404586791992, 0.49761885404586791992, 0.49761885404586791992, 0.49761885404586791992, 0.49761885404586791992, 0.49761885404586791992, 0.49761885404586791992, 0.49761885404586791992, 0.49761885404586791992, 0.49761885404586791992, 0.49761885404586791992, 0.49761885404586791992, 0.49761885404586791992, 0.49761885404586791992, 0.49761885404586791992, 0.49761885404586791992, 0.49761885404586791992]
floMac1.m_flow=[-995.58599853515625, 0.07832604646682739258, 0.47036466002464294434, 0.62368750572204589844, 0.69092398881912231445, 0.72117906808853149414, 0.73501092195510864258, 0.74133259057998657227, 0.74425601959228515625, 0.74552446603775024414, 0.74617218971252441406, 0.74647980928421020508, 0.74658638238906860352, 0.7466284632682800293, 0.74665725231170654297, 0.74667620658874511719, 0.74668711423873901367, 0.74669188261032104492, 0.74669235944747924805, 0.74669045209884643555, 0.74668800830841064453, 0.7466869354248046875, 0.74668776988983154297, 0.74668842554092407227, 0.74668890237808227539, 0.74668931961059570312, 0.74668955802917480469, 0.74668973684310913086, 0.74668985605239868164, 0.74668985605239868164, 0.74668985605239868164, 0.74668979644775390625, 0.74668967723846435547, 0.74668955802917480469, 0.74668943881988525391, 0.74668937921524047852, 0.74668931961059570312, 0.74668931961059570312, 0.74668931961059570312, 0.74668937921524047852, 0.74668943881988525391, 0.7466894984245300293, 0.7466894984245300293, 0.7466894984245300293, 0.7466894984245300293, 0.7466894984245300293, 0.7466894984245300293, 0.7466894984245300293, 0.7466894984245300293, 0.7466894984245300293, 0.7466894984245300293, 0.63939702510833740234, 0.51134347915649414062, 0.45468175411224365234, 0.44891095161437988281, 0.46154603362083435059, 0.47524425387382518426, 0.48499980568885797672, 0.49086403846740722656, 0.49414393305778503418, 0.49585893750190734863, 0.49677473306655883789, 0.49721804261207580566, 0.49743711948394775391, 0.49756079912185668945, 0.49762037396430969238, 0.4976215064525604248, 0.4976195991039276123, 0.49761888384819030762, 0.49761885404586791992, 0.49761885404586791992, 0.49761885404586791992, 0.49761885404586791992, 0.49761885404586791992, 0.49761885404586791992, 0.49761885404586791992, 0.49761885404586791992, 0.49761885404586791992, 0.49761885404586791992, 0.49761885404586791992, 0.49761885404586791992, 0.49761885404586791992, 0.49761885404586791992, 0.49761885404586791992, 0.49761885404586791992, 0.49761885404586791992, 0.49761885404586791992, 0.49761885404586791992, 0.49761885404586791992, 0.49761885404586791992, 0.49761885404586791992, 0.49761885404586791992, 0.49761885404586791992, 0.49761885404586791992, 0.49761885404586791992, 0.49761885404586791992, 0.49761885404586791992, 0.49761885404586791992, 0.49761885404586791992, 0.49761885404586791992, 0.49761885404586791992]
