last-generated=2016-11-10
statistics-initialization=
{
  "numerical Jacobians": "0", 
  "nonlinear": "5"
}
statistics-simulation=
{
  "numerical Jacobians": "0", 
  "nonlinear": "1", 
  "number of continuous time states": "10", 
  "linear": "0, 0, 0, 0, 0"
}
zone.T=[293.149993896484375, 294.808685302734375, 294.902252197265625, 295.12689208984375, 293.344390869140625, 293.798065185546875, 295.086181640625, 295.1494140625, 295.0682373046875, 295.09149169921875, 295.06976318359375, 295.12890625, 294.704315185546875, 295.121826171875, 295.122528076171875, 293.679107666015625, 295.14349365234375, 295.144195556640625, 293.160888671875, 295.102996826171875, 293.174102783203125, 293.297119140625, 295.1195068359375, 294.989593505859375, 293.21875, 293.17333984375, 295.098541259765625, 293.706298828125, 293.2164306640625, 293.8216552734375, 294.093658447265625, 293.492279052734375, 293.351043701171875, 293.205291748046875, 293.6729736328125, 293.811920166015625, 293.673675537109375, 293.7069091796875, 293.558380126953125, 293.930816650390625, 294.334136962890625, 294.669036865234375, 294.962158203125, 295.549591064453125, 295.54156494140625, 295.550567626953125, 296.190887451171875, 296.35650634765625, 296.401580810546875, 296.90087890625, 296.577301025390625, 296.98309326171875, 297.167999267578125, 296.886383056640625, 297.25164794921875, 297.271697998046875, 297.2647705078125, 297.267303466796875, 297.26971435546875, 297.26556396484375, 297.254486083984375, 297.253021240234375, 297.046417236328125, 297.078704833984375, 297.05084228515625, 296.789581298828125, 296.6708984375, 296.52471923828125, 296.4969482421875, 296.413726806640625, 296.15008544921875, 295.839263916015625, 295.31658935546875, 294.792327880859375, 294.770172119140625, 294.599945068359375, 294.0897216796875, 293.474395751953125, 293.213470458984375, 295.071929931640625, 293.17852783203125, 293.1920166015625, 293.4931640625, 293.176300048828125, 293.216949462890625, 294.9830322265625, 293.1812744140625, 293.231536865234375, 293.15643310546875, 295.040191650390625, 294.99755859375, 295.09930419921875, 295.11322021484375, 293.234130859375, 295.13238525390625, 294.3018798828125, 295.102264404296875, 295.109649658203125, 293.166656494140625, 295.12396240234375, 295.117950439453125]
time=[0., 31536000.]
heaWat.u=[1., 1., 1., 1., 0., 1., 1., 1., 1., 1., 1., 1., 1., 1., 1., 1., 1., 1., 0., 1., 0., 0., 1., 1., 0., 0., 1., 0., 0., 0., 0., 0., 0., 0., 0., 0., 0., 0., 0., 0., 0., 0., 0., 0., 0., 0., 0., 0., 0., 0., 0., 0., 0., 0., 0., 0., 0., 0., 0., 0., 0., 0., 0., 0., 0., 0., 0., 0., 0., 0., 0., 0., 0., 0., 0., 0., 0., 0., 0., 1., 0., 0., 0., 0., 0., 1., 0., 0., 0., 1., 1., 1., 1., 0., 1., 1., 1., 1., 0., 1., 1.]
vavDam.y=[0.10000000149011611938, 0.10000000149011611938, 0.10000000149011611938, 0.10000000149011611938, 0.10000000149011611938, 0.10000000149011611938, 0.10000000149011611938, 0.10000000149011611938, 0.10000000149011611938, 0.10000000149011611938, 0.10000000149011611938, 0.10000000149011611938, 0.10000000149011611938, 0.10000000149011611938, 0.10000000149011611938, 0.10000000149011611938, 0.10000000149011611938, 0.10000000149011611938, 0.10000000149011611938, 0.10000000149011611938, 0.10000000149011611938, 0.10000000149011611938, 0.10000000149011611938, 0.10000000149011611938, 0.10000000149011611938, 0.10000000149011611938, 0.10000000149011611938, 0.10000000149011611938, 0.10000000149011611938, 0.10000000149011611938, 0.10000000149011611938, 0.10000000149011611938, 0.10000000149011611938, 0.10000000149011611938, 0.10000000149011611938, 0.10000000149011611938, 0.10000000149011611938, 0.10000000149011611938, 0.10000000149011611938, 0.10000000149011611938, 0.10000000149011611938, 0.10000000149011611938, 0.10000000149011611938, 0.10000000149011611938, 0.10000000149011611938, 0.10000000149011611938, 0.10000000149011611938, 0.10000000149011611938, 0.10000000149011611938, 0.10000000149011611938, 0.10000000149011611938, 0.10000000149011611938, 0.10000000149011611938, 0.10000000149011611938, 0.10163759440183639526, 0.12171262502670288086, 0.11476106941699981689, 0.11731061339378356934, 0.11970783025026321411, 0.1155618131160736084, 0.10450062155723571777, 0.10302856564521789551, 0.10000000149011611938, 0.10000000149011611938, 0.10000000149011611938, 0.10000000149011611938, 0.10000000149011611938, 0.10000000149011611938, 0.10000000149011611938, 0.10000000149011611938, 0.10000000149011611938, 0.10000000149011611938, 0.10000000149011611938, 0.10000000149011611938, 0.10000000149011611938, 0.10000000149011611938, 0.10000000149011611938, 0.10000000149011611938, 0.10000000149011611938, 0.10000000149011611938, 0.10000000149011611938, 0.10000000149011611938, 0.10000000149011611938, 0.10000000149011611938, 0.10000000149011611938, 0.10000000149011611938, 0.10000000149011611938, 0.10000000149011611938, 0.10000000149011611938, 0.10000000149011611938, 0.10000000149011611938, 0.10000000149011611938, 0.10000000149011611938, 0.10000000149011611938, 0.10000000149011611938, 0.10000000149011611938, 0.10000000149011611938, 0.10000000149011611938, 0.10000000149011611938, 0.10000000149011611938, 0.10000000149011611938]
fan.sta_b.T=[291.985260009765625, 293.3951416015625, 293.474700927734375, 293.665618896484375, 292.150482177734375, 292.536102294921875, 293.631011962890625, 293.684783935546875, 293.615753173828125, 293.635528564453125, 293.6170654296875, 293.667327880859375, 293.306427001953125, 293.66131591796875, 293.66192626953125, 292.43499755859375, 293.679718017578125, 293.680328369140625, 291.9945068359375, 293.64532470703125, 292.0057373046875, 292.110321044921875, 293.65936279296875, 293.548919677734375, 292.043701171875, 292.005096435546875, 293.641510009765625, 292.4581298828125, 292.041717529296875, 292.55615234375, 292.787384033203125, 292.27618408203125, 292.156158447265625, 292.032257080078125, 292.429779052734375, 292.54791259765625, 292.430389404296875, 292.458648681640625, 292.3323974609375, 292.648956298828125, 292.991790771484375, 293.27642822265625, 293.52557373046875, 294.02490234375, 294.01806640625, 294.0257568359375, 294.57000732421875, 294.7108154296875, 294.749114990234375, 295.173492431640625, 294.898468017578125, 295.243377685546875, 295.400543212890625, 295.16119384765625, 295.471649169921875, 295.48870849609375, 295.482818603515625, 295.4849853515625, 295.48699951171875, 295.483489990234375, 295.474090576171875, 295.47283935546875, 295.2972412109375, 295.324676513671875, 295.300994873046875, 295.07891845703125, 294.97802734375, 294.853759765625, 294.830169677734375, 294.759429931640625, 294.53533935546875, 294.2711181640625, 293.826873779296875, 293.381256103515625, 293.3624267578125, 293.21771240234375, 292.784027099609375, 292.260986328125, 292.039215087890625, 293.618896484375, 292.009521484375, 292.020965576171875, 292.276947021484375, 292.00762939453125, 292.042144775390625, 293.5433349609375, 292.0118408203125, 292.0545654296875, 291.99072265625, 293.591949462890625, 293.555694580078125, 293.64215087890625, 293.65399169921875, 292.056793212890625, 293.6702880859375, 292.96435546875, 293.644683837890625, 293.650970458984375, 291.999420166015625, 293.663116455078125, 293.65802001953125]
fan.sta_a.T=[291.649993896484375, 293.05987548828125, 293.139434814453125, 293.330352783203125, 291.815216064453125, 292.200836181640625, 293.2957763671875, 293.349517822265625, 293.280487060546875, 293.300262451171875, 293.28179931640625, 293.332061767578125, 292.971160888671875, 293.3260498046875, 293.32666015625, 292.099761962890625, 293.344451904296875, 293.345062255859375, 291.65924072265625, 293.31005859375, 291.67047119140625, 291.775054931640625, 293.3240966796875, 293.213653564453125, 291.70843505859375, 291.669830322265625, 293.306243896484375, 292.12286376953125, 291.70648193359375, 292.220916748046875, 292.452117919921875, 291.94091796875, 291.820892333984375, 291.697021484375, 292.094512939453125, 292.212646484375, 292.095123291015625, 292.123382568359375, 291.99713134765625, 292.313690185546875, 292.656524658203125, 292.941192626953125, 293.190338134765625, 293.68963623046875, 293.682830810546875, 293.69049072265625, 294.2347412109375, 294.37554931640625, 294.413848876953125, 294.838226318359375, 294.563232421875, 294.908111572265625, 295.065277099609375, 294.825927734375, 295.136383056640625, 295.1534423828125, 295.147552490234375, 295.14971923828125, 295.151763916015625, 295.148223876953125, 295.138824462890625, 295.1375732421875, 294.96197509765625, 294.989410400390625, 294.965728759765625, 294.74365234375, 294.64276123046875, 294.51849365234375, 294.494903564453125, 294.424163818359375, 294.2000732421875, 293.93585205078125, 293.491607666015625, 293.045989990234375, 293.02716064453125, 292.8824462890625, 292.448760986328125, 291.92572021484375, 291.703948974609375, 293.283660888671875, 291.67425537109375, 291.685699462890625, 291.941680908203125, 291.67236328125, 291.7069091796875, 293.208099365234375, 291.67657470703125, 291.719329833984375, 291.65545654296875, 293.256683349609375, 293.220428466796875, 293.306915283203125, 293.3187255859375, 291.721527099609375, 293.33502197265625, 292.629119873046875, 293.309417724609375, 293.315704345703125, 291.664154052734375, 293.327880859375, 293.32275390625]
