last-generated=2016-12-06
statistics-simulation=
{
  "numerical Jacobians": "0", 
  "nonlinear": "1", 
  "linear": " "
}
weaDatInpCon.HDifHor_in=[0., 0., 0., 0., 0., 0., 0., 0., 4.97728934654823440553, 16.65142851609450502792, 27.38969362699069520772, 36.57778989351713505584, 43.68550197894757047834, 48.296291351318359375, 49.86894548856295017458, 48.55840037419245902583, 44.45396687434269011874, 37.80024073674128004541, 28.9828227116511385475, 18.50666662362907999295, 6.96820508516749637096, -0.10050345101640127676, -0.09524668294649855926, -0.08449376374483107133, -0.06882298565827882353, -0.04910713119002488303, -0.02645069733262062073]
weaDatInpCon.HGloHor_in=[0., 0., 0., 0., 0., 0., 0., 0., 9.95457869309646881106, 33.30285703218901005584, 54.77938725398139041545, 73.15557978703427011169, 87.37100395789514095668, 96.59258270263671875, 99.73789097712590034917, 97.11680074838491805167, 88.90793374868538023748, 75.60048147348256009082, 57.96564542330227709499, 37.0133332472581599859, 13.93641017033499274191, -0.20100690203280255353, -0.19049336589299711853, -0.16898752748966214265, -0.13764597131655764706, -0.09821426238004976605, -0.05290139466524124146]
time=[0., 86400.]
weaDatInpCon.weaBus.HDirNor=[0.00009999999747378752, 0.00009999999747378752, 0.00009999999747378752, 0.00009999999747378752, 0.00009999999747378752, 0.00009999999747378752, 0.00009999999747378752, 0.00009999999747378752, 54.25626012807845199859, 130.93110421987680069833, 107.3781544612004239525, 105.30869058462289444833, 108.181884765625, 114.4268798828125, 125.53938880333532779332, 145.62558805025540209499, 191.12703998272240824008, 418.07364126352183575364, 1039.09859525240426592063, 1367.699951171875, 736.45386601562120176823, 0.00009999999747378752, 0.00009999999747378752, 0.00009999999747378752, 0.00009999999747378752, 0.00009999999747378752, 0.00009999999747378752]
