last-generated=2016-09-23
statistics-initialization=
{
  "linear": "5"
}
statistics-simulation=
{
  "numerical Jacobians": "0", 
  "nonlinear": " ", 
  "number of continuous time states": "5", 
  "linear": "0, 4, 0"
}
thermalZoneThreeElements.TAir=[295.149993896484375, 295.34035034179686363132, 290.97330932617188636868, 292.2506103515625, 294.94462280273438636868, 291.90618896484375, 292.99301757812497726263, 294.77113647460936363132, 292.68906249999997726263, 294.23718872070310226263, 297.867828369140625, 294.11994018554685226263, 295.20620117187502273737, 300.73270263671872726263, 296.60639648437501136868, 298.58416748046875, 301.68547363281248863132, 299.44086303710935226263, 304.63273925781248863132, 302.676483154296875, 303.70977783203125, 306.14680175781251136868, 302.77943725585936363132, 300.21596679687502273737, 306.77107543945311363132, 307.064453125, 306.15139160156252273737, 307.32203979492186363132, 304.75910034179685226263, 306.14501342773439773737, 312.7825927734375, 305.86848144531251136868, 309.07106933593752273737, 316.69060668945314773737, 311.39539794921876136868, 312.272216796875, 317.52019653320314773737, 308.6209716796875, 311.30161743164063636868, 315.418914794921875, 310.500030517578125, 313.54400024414064773737, 317.05601196289063636868, 314.94774780273439773737, 319.262176513671875, 314.10357666015625, 309.30225219726560226263, 312.28303222656251136868, 309.47337646484373863132, 310.08257446289064773737, 317.851104736328125, 311.57002563476561363132, 312.105010986328125, 317.87251586914061363132, 311.00606079101561363132, 310.374420166015625, 317.40050659179689773737, 311.83246459960935226263, 313.97531738281247726263, 318.56340942382814773737, 313.44183349609375, 318.42235717773439773737, 310.78234252929689773737, 309.10002441406248863132, 313.67570190429688636868, 307.155548095703125, 308.34068603515623863132, 313.33085327148438636868, 308.36400146484373863132, 309.61442260742188636868, 312.14361572265625, 308.59082641601560226263, 307.78801879882814773737, 311.78792114257811363132, 303.67711791992189773737, 304.156829833984375, 310.627349853515625, 303.91035156250001136868, 307.09931030273435226263, 308.82142333984376136868, 303.995513916015625, 305.55693359374998863132, 301.905120849609375, 300.68616943359376136868, 303.8260498046875, 297.394683837890625, 296.32309570312497726263, 300.74302978515623863132, 296.32265014648436363132, 298.66497802734375, 300.40167236328125, 296.25913085937497726263, 296.07244873046875, 297.0147705078125, 293.02071533203127273737, 293.658660888671875, 294.699981689453125, 292.408538818359375, 295.66150512695310226263, 294.02302856445311363132, 292.831298828125]
time=[0., 31536000.]
