last-generated=2016-08-29
statistics-simulation=
{
  "numerical Jacobians": "0", 
  "nonlinear": " ", 
  "number of continuous time states": "2", 
  "linear": " "
}
booleanPulse.y=[0., 0., 0., 0., 0., 0., 0., 0., 0., 0., 0., 1., 1., 1., 1., 1., 1., 1., 1., 1., 1., 0., 0., 0., 0., 0., 0., 0., 0., 0., 0., 1., 1., 1., 1., 1., 1., 1., 1., 1., 1., 0., 0., 0., 0., 0., 0., 0., 0., 0., 0., 1., 1., 1., 1., 1., 1., 1., 1., 1., 1., 0., 0., 0., 0., 0., 0., 0., 0., 0., 0.00000596036355997443, 1., 1., 1., 1., 1., 1., 1., 1., 1., 1., 0., 0., 0., 0., 0., 0., 0., 0., 0., 0.00001192072717545907, 1., 1., 1., 1., 1., 1., 1., 1., 1., 1.]
time=[0., 1.]
limPIOri.I.y=[0., 0.0050000000000000001, 0.01000000000000000021, 0.01499999999999999944, 0.02000000000000000042, 0.02500000000000000139, 0.02999999999999999889, 0.03500000000000000333, 0.04000000000000000083, 0.04499999999999999833, 0.05000000000000000278, 0.05500000000000000028, 0.05999999999999999778, 0.0599999962747185811, 0.05499999999999999334, 0.05000000372527919901, 0.04499999999999999833, 0.03999999999999999389, 0.03500000372527697912, 0.0299999981373570701, 0.02500000186264236812, 0.01999999627471581165, 0.01499999906867909016, 0.01000000186264125845, 0.0049999972060385256, 0.00000000000000000336, 0.00500000465660399573, 0.0099999944120745532, 0.01499999906867910404, 0.02000000372528251691, 0.02499999441207564899, 0.0299999981373570701, 0.03500000372527697912, 0.03999999254944383575, 0.04500000000000001221, 0.05000000372527918513, 0.05499999254944604177, 0.0599999962747185811, 0.0599999962747185811, 0.05499999254944604177, 0.05000000372527918513, 0.04500000000000001221, 0.03999999254944383575, 0.03500000372527697912, 0.0299999981373570701, 0.02499999441207564899, 0.02000000372528251691, 0.01499999906867910404, 0.0099999944120745532, 0.00500000465660399573, -0.00000000000000000694, 0.0050000046565329432, 0.01000000931306588639, 0.01500001396961215053, 0.01999998882430897504, 0.02499999441216449458, 0.02999999813733933429, 0.03500000372522366066, 0.04000000745045623196, 0.04500001490091693618, 0.0499999888243067292, 0.05499999254955262318, 0.05999999627475410824, 0.05999999627475410824, 0.05499999254955262318, 0.0499999888243067292, 0.04500001490091693618, 0.04000000745045623196, 0.03500000372522366066, 0.02999999813733933429, 0.02499999441216449458, 0.01999998882430897504, 0.01500001396961215053, 0.01000000931306588639, 0.0050000046565329432, 0.00000000000000001767, 0.0050000046565329432, 0.01000000931306588639, 0.01500001396961215053, 0.01999998882430897504, 0.02499999441216449458, 0.02999999813733933429, 0.03500000372522366066, 0.04000000745045623196, 0.04500001490091693618, 0.0499999888243067292, 0.05499999254955262318, 0.05999999627475410824, 0.05999999627475410824, 0.05499999254955262318, 0.0499999888243067292, 0.04500001490091693618, 0.04000000745045623196, 0.03500000372522366066, 0.02999999813733933429, 0.02499999441216449458, 0.01999998882430897504, 0.01500001396961215053, 0.01000000931306588639, 0.0050000046565329432, 0.00000000000000006245]
limPIWithReset.I.y=[0., 0.0050000000000000001, 0.01000000000000000021, 0.01499999999999999944, 0.02000000000000000042, 0.02500000000000000139, 0.02999999999999999889, 0.03500000000000000333, 0.04000000000000000083, 0.04499999999999999833, 0.05000000000000000278, 0.00500000018626396009, 0.01000000111758458932, 0.00999999739230122975, 0.00500000018626395315, 0.00000000298022634522, -0.0050000016763773053, -0.0099999988824145819, -0.01499999608845517529, -0.02000000074505584036, -0.02499999888241569157, -0.03000000260769709881, -0.0350000007450558398, -0.03999999701977553779, -0.04500000447033836171, -0.05000000074505805969, -0.04499999701976775679, -0.04000000447034834927, -0.03500000074505582592, -0.02999999515713039355, -0.02500000633298241071, 0.00499999869615116999, 0.01000000335275461061, 0.0149999931082312743, 0.0199999977648291638, 0.0250000033527557064, 0.02999999217690368924, 0.03499999776483470049, 0.03499999776483470049, 0.02999999217690368924, 0.0250000033527557064, 0.0199999977648291638, 0.0149999931082312743, 0.01000000335275461061, 0.00499999869615116999, -0.00000000593545219209, -0.00499999571592588121, -0.0100000003725279063, -0.01500000502913689804, -0.0199999947846024595, -0.02500000037252902985, 0.0050000046565329432, 0.01000000931306588639, 0.01500001396961215053, 0.01999998882430897504, 0.02499999441216449458, 0.02999999813733933429, 0.03500000372522366066, 0.04000000745045623196, 0.04500001490091693618, 0.0499999888243067292, 0.05499999254955262318, 0.05999999627475410824, 0.05999999627475410824, 0.05499999254955262318, 0.0499999888243067292, 0.04500001490091693618, 0.04000000745045623196, 0.03500000372522366066, 0.02999999813733933429, 0.02499984540307396627, -0.00500001061689748019, -0.00999998547160762738, -0.01499999012814945062, -0.01999999478467351377, -0.02500000037252902985, -0.01999999478467351377, -0.01499999012814945062, -0.00999998547160762738, -0.00500001061689748019, -0.00000000598536358865, 0.00499999869613343417, 0.01000000335270129388, 0.0150000080092420069, 0.02000001266576717854, 0.02499998845179990034, 0.02999999217701026719, 0.03499999776486134584, 0.03499999776487022762, 0.02999999217701026719, 0.02499969043361745941, -0.00499998677544538292, -0.00999999143197221989, -0.01499999608850849202, -0.02000000074507357617, -0.02500000633289356511, -0.03000001005810393542, -0.03499998584416329911, -0.03999998956936479111, -0.04499999701983881106, -0.05000000074505805969]
limPIWithReset.y=[0.5, 0.50499999534338568807, 0.50999999068677137615, 0.51499998603015673115, 0.51999998137356928662, 0.52499997578561796718, 0.52999997206035398545, 0.53500002607702490387, 0.54000002235172850362, 0.54500001490118787917, 0.55000001117588204202, 0.5049999955296472498, 0.50999999180434141266, -0.49000001192089343016, -0.49500000447034392392, -0.49999999701981218125, -0.50499999701974107591, -0.50999998956920045146, -0.514999982118659827, -0.51999998211865983144, -0.52499997466804815272, -0.52999997466817250213, -0.53500002682208125382, -0.54000001937141628439, -0.54500001937146957953, -0.55000001192092895508, 0.45500001788132238278, 0.46000000298015231159, 0.46500000298022337031, 0.47000000298017008404, 0.47499998807915982946, 0.50499999403955331267, 0.50999999403948226284, 0.51499997913847206377, 0.51999997913840101393, 0.52499997913850748876, 0.529999964237319654, 0.53500002384175138204, -0.46500000596042895262, -0.47000000596035790279, -0.47499999105934770371, -0.47999999105932988908, -0.48500002086152799174, -0.49000000596041115575, -0.49500000596044674284, -0.50000000596037563749, -0.50499999105936543842, -0.50999999105929438858, -0.51499999105922333875, -0.51999997615821313968, -0.52499997615814208984, 0.50499999999985789589, 0.50999999999971579179, 0.51499999999957368768, 0.5199999701979973743, 0.52499997019785527019, 0.52999997019767763895, 0.53500002980221583737, 0.54000002980207373326, 0.54500002980193162916, 0.55000000000035520475, 0.55500000000021310065, 0.56000000000007099654, -0.44000000000000000222, -0.44500000000000000666, -0.4500000000000000111, -0.45500000000000001554, -0.46000000000000001998, -0.46500000000000002442, -0.46999999999999997335, -0.47500014900894688141, -0.50500000596014471554, -0.50999997615856840216, -0.51499997615842629806, -0.51999997615828419395, -0.52499997615814208984, 0.4799999940395355269, 0.48500002384157370194, 0.49000002384143159784, 0.49499999403953554022, 0.49999999403971318035, 0.50499999403953554911, 0.50999999403942897214, 0.51499999403928686803, 0.51999999403992624991, 0.52499996423756833952, 0.52999996423742623541, 0.53500002384178690917, -0.46500000596039342549, -0.47000000596025132138, -0.47500030397835968365, -0.50499998211899732592, -0.50999998211885522181, -0.51499998211871311771, -0.51999998211867759501, -0.52499998211878418086, -0.52999998211892629385, -0.53500001192050261611, -0.5400000119206447291, -0.54500001192107105918, -0.55000001192092895508]
limPIOri.y=[0.5, 0.50499999534338568807, 0.50999999068677137615, 0.51499998603015673115, 0.51999998137356928662, 0.52499997578561796718, 0.52999997206035398545, 0.53500002607702490387, 0.54000002235172850362, 0.54500001490118787917, 0.55000001117588204202, 0.55500000745057620488, 0.56000000372527036774, -0.44000000000003552936, -0.44499999254942385063, -0.44999998509888322618, -0.45500001490113456404, -0.46000000745056729423, -0.46499999999994667821, -0.4699999999999822653, -0.47499999254944158533, -0.47999999254946823513, -0.48500001490115229874, -0.4900000074505495018, -0.49500000745054062445, -0.5, 0.50499999999992895017, 0.50999998509891875109, 0.51499998509884770126, 0.51999998509902534138, 0.52499997019776645235, 0.52999997019769540252, 0.53500002980226912808, 0.5400000149008681305, 0.54500001490118787917, 0.55000001490111682934, 0.55500000000010651924, 0.56000000000003546941, -0.44000000000003552936, -0.44500000000010658807, -0.44999998509888322618, -0.45500001490113456404, -0.46000001490106351421, -0.46499999999994667821, -0.4699999999999822653, -0.47500000000008879564, -0.47999998509890096088, -0.48500001490115229874, -0.49000001490108124891, -0.49499999999992894129, -0.5, 0.50499999999985789589, 0.50999999999971579179, 0.51499999999957368768, 0.5199999701979973743, 0.52499997019785527019, 0.52999997019767763895, 0.53500002980221583737, 0.54000002980207373326, 0.54500002980193162916, 0.55000000000035520475, 0.55500000000021310065, 0.56000000000007099654, -0.44000000000000000222, -0.44500000000000000666, -0.4500000000000000111, -0.45500000000000001554, -0.46000000000000001998, -0.46500000000000002442, -0.46999999999999997335, -0.4749999999999999778, -0.47999999999999998224, -0.48499999999999998668, -0.48999999999999999112, -0.49499999999999999556, -0.5, 0.50499999999985789589, 0.50999999999971579179, 0.51499999999957368768, 0.5199999701979973743, 0.52499997019785527019, 0.52999997019767763895, 0.53500002980221583737, 0.54000002980207373326, 0.54500002980193162916, 0.55000000000035520475, 0.55500000000021310065, 0.56000000000007099654, -0.44000000000000000222, -0.44500000000000000666, -0.4500000000000000111, -0.45500000000000001554, -0.46000000000000001998, -0.46500000000000002442, -0.46999999999999997335, -0.4749999999999999778, -0.47999999999999998224, -0.48499999999999998668, -0.48999999999999999112, -0.49499999999999999556, -0.5]
