last-generated=2016-01-25
statistics-initialization=
{
  "numerical Jacobians": "0", 
  "nonlinear": "1, 1"
}
statistics-simulation=
{
  "numerical Jacobians": "0", 
  "nonlinear": "1, 1", 
  "linear": " "
}
y.y=[0., 0.02000000000000000042, 0.04000000000000000083, 0.05999999999999999778, 0.08000000000000000167, 0.10000000000000000555, 0.11999999999999999556, 0.14000000000000001332, 0.16000000000000000333, 0.17999999999999999334, 0.2000000000000000111, 0.22000000000000000111, 0.23999999999999999112, 0.26000000000000000888, 0.28000000000000002665, 0.2999999999999999889, 0.32000000000000000666, 0.34000000000000002442, 0.35999999999999998668, 0.38000000000000000444, 0.4000000000000000222, 0.41999999999999998446, 0.44000000000000000222, 0.46000000000000001998, 0.47999999999999998224, 0.5, 0.52000000000000001776, 0.54000000000000003553, 0.56000000000000005329, 0.57999999999999996003, 0.5999999999999999778, 0.61999999999999999556, 0.64000000000000001332, 0.66000000000000003109, 0.68000000000000004885, 0.69999999999999995559, 0.71999999999999997335, 0.73999999999999999112, 0.76000000000000000888, 0.78000000000000002665, 0.80000000000000004441, 0.81999999999999995115, 0.83999999999999996891, 0.85999999999999998668, 0.88000000000000000444, 0.9000000000000000222, 0.92000000000000003997, 0.93999999999999994671, 0.95999999999999996447, 0.97999999999999998224, 1., 1., 1., 1., 1., 1., 1., 1., 1., 1., 1., 1., 1., 1., 1., 1., 1., 1., 1., 1., 1., 1., 1., 1., 1., 1., 1., 1., 1., 1., 1., 1., 1., 1., 1., 1., 1., 1., 1., 1., 1., 1., 1., 1., 1., 1., 1., 1., 1., 1., 1.]
time=[0., 2.]
dp.y=[303000., 303000., 303000., 303000., 303000., 303000., 303000., 303000., 303000., 303000., 303000., 303000., 303000., 303000., 303000., 303000., 303000., 303000., 303000., 303000., 303000., 303000., 303000., 303000., 303000., 303000., 303000., 303000., 303000., 303000., 303000., 303000., 303000., 303000., 303000., 303000., 303000., 303000., 303000., 303000., 303000., 303000., 303000., 303000., 303000., 303000., 303000., 303000., 303000., 303000., 303000., 303400.00038146326551213861, 303800.00076292653102427721, 304200.00114438979653641582, 304599.99914170766714960337, 304999.99952317093266174197, 305399.99990463134599849582, 305800.00028609746368601918, 306200.00066756072919815779, 306600.00104902399471029639, 306999.99904634180711582303, 307399.99942780507262796164, 307799.99980926833814010024, 308200.00019073166185989976, 308600.00057219492737203836, 309000.00095365819288417697, 309399.99895097600528970361, 309799.99933243927080184221, 310199.99971390253631398082, 310600.00009536865400150418, 311000.00047682906733825803, 311400.00085829233285039663, 311799.99885561020346358418, 312199.99923707346897572279, 312599.99961853673448786139, 313000., 313400.00038146326551213861, 313800.00076292199082672596, 314200.00114438979653641582, 314599.99914170766714960337, 314999.99952317093266174197, 315399.99990463134599849582, 315800.00028609746368601918, 316200.00066756072919815779, 316600.00104902399471029639, 316999.99904634180711582303, 317399.99942780507262796164, 317799.99980926833814010024, 318200.00019073166185989976, 318600.00057219492737203836, 319000.00095365819288417697, 319399.99895097600528970361, 319799.99933243927080184221, 320199.99971390253631398082, 320600.00009536865400150418, 321000.00047682906733825803, 321400.00085829233285039663, 321799.99885561020346358418, 322199.99923707346897572279, 322599.99961853673448786139, 323000.]
