last-generated=2016-02-18
statistics-initialization=
{
  "numerical Jacobians": "0", 
  "nonlinear": "2"
}
statistics-simulation=
{
  "numerical Jacobians": "0", 
  "nonlinear": "2", 
  "number of continuous time states": "6", 
  "linear": " "
}
floMac1.y=[1., 1., 1., 1., 1., 1., 1., 1., 1., 1., 1., 1., 1., 1., 1., 1., 1., 1., 1., 1., 1., 1., 1., 1., 1., 1., 1., 1., 1., 1., 1., 1., 1., 1., 1., 1., 1., 1., 1., 1., 1., 1., 1., 1., 1., 1., 1., 1., 1., 1., 1., 0., 0., 0., 0., 0., 0., 0., 0., 0., 0., 0., 0., 0., 0., 0., 0., 0., 0., 0., 0., 0., 0., 0., 0., 0., 0., 0., 0., 0., 0., 0., 0., 0., 0., 0., 0., 0., 0., 0., 0., 0., 0., 0., 0., 0., 0., 0., 0., 0., 0.]
time=[0., 300.]
floMac2.dp=[0., -1166.6256103515625, -2483.97021484375, -3253.6982421875, -3641.571044921875, -3826.898193359375, -3914.087158203125, -3953.697509765625, -3972.6630859375, -3980.95751953125, -3984.70947265625, -3986.720703125, -3987.633056640625, -3987.905517578125, -3987.99755859375, -3988.08642578125, -3988.1474609375, -3988.185546875, -3988.205078125, -3988.210693359375, -3988.207275390625, -3988.19921875, -3988.19140625, -3988.1884765625, -3988.191162109375, -3988.193359375, -3988.195068359375, -3988.196533203125, -3988.197509765625, -3988.1982421875, -3988.19873046875, -3988.198974609375, -3988.198974609375, -3988.19873046875, -3988.198486328125, -3988.1982421875, -3988.19775390625, -3988.197509765625, -3988.197265625, -3988.197021484375, -3988.19677734375, -3988.19677734375, -3988.197021484375, -3988.197265625, -3988.197265625, -3988.197509765625, -3988.197509765625, -3988.197509765625, -3988.197509765625, -3988.197509765625, -3988.197509765625, -3811.54345703125, -3566.988037109375, -3379.40771484375, -3265.297119140625, -3220.51220703125, -3202.815185546875, -3192.431640625, -3189.1279296875, -3188.244873046875, -3188.012451171875, -3187.94873046875, -3187.93212890625, -3187.927490234375, -3187.92578125, -3187.925048828125, -3187.925048828125, -3187.925048828125, -3187.9248046875, -3187.9248046875, -3187.9248046875, -3187.9248046875, -3187.9248046875, -3187.9248046875, -3187.9248046875, -3187.9248046875, -3187.9248046875, -3187.9248046875, -3187.9248046875, -3187.9248046875, -3187.9248046875, -3187.9248046875, -3187.9248046875, -3187.9248046875, -3187.9248046875, -3187.9248046875, -3187.9248046875, -3187.9248046875, -3187.9248046875, -3187.9248046875, -3187.9248046875, -3187.9248046875, -3187.9248046875, -3187.9248046875, -3187.9248046875, -3187.9248046875, -3187.9248046875, -3187.9248046875, -3187.9248046875, -3187.9248046875, -3187.9248046875]
floMac1.dp=[0., -1166.6256103515625, -2483.97021484375, -3253.6982421875, -3641.571044921875, -3826.898193359375, -3914.087158203125, -3953.697509765625, -3972.6630859375, -3980.95751953125, -3984.70947265625, -3986.720703125, -3987.633056640625, -3987.905517578125, -3987.99755859375, -3988.08642578125, -3988.1474609375, -3988.185546875, -3988.205078125, -3988.210693359375, -3988.207275390625, -3988.19921875, -3988.19140625, -3988.1884765625, -3988.191162109375, -3988.193359375, -3988.195068359375, -3988.196533203125, -3988.197509765625, -3988.1982421875, -3988.19873046875, -3988.198974609375, -3988.198974609375, -3988.19873046875, -3988.198486328125, -3988.1982421875, -3988.19775390625, -3988.197509765625, -3988.197265625, -3988.197021484375, -3988.19677734375, -3988.19677734375, -3988.197021484375, -3988.197265625, -3988.197265625, -3988.197509765625, -3988.197509765625, -3988.197509765625, -3988.197509765625, -3988.197509765625, -3988.197509765625, -2815.953369140625, -1454.444580078125, -753.4774169921875, -407.4615478515625, -202.7513885498046875, -98.75073242187437472239, -31.3049793243413390087, -8.7516727447509765625, -2.62863874435424804688, -1.01203548908233642578, -0.56730926036834716797, -0.45186945796012878418, -0.41863715648651123047, -0.4069671630859375, -0.40309801697731018066, -0.40195801854133605957, -0.40147265791893005371, -0.40113997459411621094, -0.40096884965896606445, -0.4008973240852355957, -0.40087369084358215332, -0.40085873007774353027, -0.40084877610206604004, -0.40084227919578552246, -0.40083858370780944824, -0.40083700418472290039, -0.400836944580078125, -0.40083771944046020508, -0.40083870291709899902, -0.40083926916122436523, -0.40083900094032287598, -0.40083870291709899902, -0.40083849430084228516, -0.40083831548690795898, -0.4008381962776184082, -0.40083810687065124512, -0.40083804726600646973, -0.40083801746368408203, -0.40083801746368408203, -0.40083801746368408203, -0.40083804726600646973, -0.40083807706832885742, -0.40083813667297363281, -0.40083816647529602051, -0.4008382260799407959, -0.40083825588226318359, -0.40083825588226318359, -0.40083825588226318359, -0.4008382260799407959, -0.4008381962776184082]
floMac2.m_flow=[0., 0.27002611756324768066, 0.39401540160179138184, 0.45095026493072509766, 0.47707253694534301758, 0.48906147480010986328, 0.49460130929946899414, 0.4970976710319519043, 0.49828851222991943359, 0.49880841374397277832, 0.49904343485832214355, 0.49916934967041015625, 0.49922648072242736816, 0.49924352765083312988, 0.49924927949905395508, 0.4992548525333404541, 0.4992586672306060791, 0.49926105141639709473, 0.49926227331161499023, 0.49926263093948364258, 0.49926239252090454102, 0.49926191568374633789, 0.49926140904426574707, 0.4992612302303314209, 0.49926140904426574707, 0.49926152825355529785, 0.49926164746284484863, 0.49926173686981201172, 0.49926179647445678711, 0.4992618560791015625, 0.4992618858814239502, 0.4992618858814239502, 0.4992618858814239502, 0.4992618858814239502, 0.4992618560791015625, 0.4992618560791015625, 0.4992618262767791748, 0.49926179647445678711, 0.49926176667213439941, 0.49926176667213439941, 0.49926173686981201172, 0.49926173686981201172, 0.49926176667213439941, 0.49926176667213439941, 0.49926179647445678711, 0.49926179647445678711, 0.49926179647445678711, 0.49926179647445678711, 0.49926179647445678711, 0.49926179647445678711, 0.49926179647445678711, 0.52124607563018798828, 0.55168056488037109375, 0.57502466440200805664, 0.58922547101974487305, 0.59479892253875732422, 0.59700125455856323242, 0.59829348325729370117, 0.59870457649230957031, 0.59881454706192016602, 0.59884339570999145508, 0.59885138273239135742, 0.5988534092903137207, 0.59885400533676147461, 0.59885424375534057617, 0.59885430335998535156, 0.59885430335998535156, 0.59885430335998535156, 0.59885430335998535156, 0.59885430335998535156, 0.59885430335998535156, 0.59885430335998535156, 0.59885430335998535156, 0.59885430335998535156, 0.59885430335998535156, 0.59885430335998535156, 0.59885430335998535156, 0.59885430335998535156, 0.59885430335998535156, 0.59885430335998535156, 0.59885430335998535156, 0.59885430335998535156, 0.59885430335998535156, 0.59885430335998535156, 0.59885430335998535156, 0.59885430335998535156, 0.59885430335998535156, 0.59885430335998535156, 0.59885430335998535156, 0.59885430335998535156, 0.59885430335998535156, 0.59885430335998535156, 0.59885430335998535156, 0.59885430335998535156, 0.59885430335998535156, 0.59885430335998535156, 0.59885430335998535156, 0.59885430335998535156, 0.59885430335998535156, 0.59885430335998535156, 0.59885430335998535156]
floMac1.m_flow=[0., 0.27002611756324768066, 0.39401540160179138184, 0.45095026493072509766, 0.47707253694534301758, 0.48906147480010986328, 0.49460130929946899414, 0.4970976710319519043, 0.49828851222991943359, 0.49880841374397277832, 0.49904343485832214355, 0.49916934967041015625, 0.49922648072242736816, 0.49924352765083312988, 0.49924927949905395508, 0.4992548525333404541, 0.4992586672306060791, 0.49926105141639709473, 0.49926227331161499023, 0.49926263093948364258, 0.49926239252090454102, 0.49926191568374633789, 0.49926140904426574707, 0.4992612302303314209, 0.49926140904426574707, 0.49926152825355529785, 0.49926164746284484863, 0.49926173686981201172, 0.49926179647445678711, 0.4992618560791015625, 0.4992618858814239502, 0.4992618858814239502, 0.4992618858814239502, 0.4992618858814239502, 0.4992618560791015625, 0.4992618560791015625, 0.4992618262767791748, 0.49926179647445678711, 0.49926176667213439941, 0.49926176667213439941, 0.49926173686981201172, 0.49926173686981201172, 0.49926176667213439941, 0.49926176667213439941, 0.49926179647445678711, 0.49926179647445678711, 0.49926179647445678711, 0.49926179647445678711, 0.49926179647445678711, 0.49926179647445678711, 0.49926179647445678711, 0.38373002409934997559, 0.20070764422416687012, 0.03085526637732982635, -0.09536135941743850708, -0.15308281779289245605, -0.17775706946849836876, -0.19283615052700031622, -0.19773678481578826904, -0.19905574619770050049, -0.19940316677093505859, -0.19949868321418762207, -0.19952347874641418457, -0.1995306164026260376, -0.199533119797706604, -0.19953395426273345947, -0.19953419268131256104, -0.19953429698944091797, -0.19953437149524688721, -0.1995344012975692749, -0.19953441619873046875, -0.1995344310998916626, -0.1995344310998916626, -0.1995344310998916626, -0.1995344310998916626, -0.1995344310998916626, -0.1995344310998916626, -0.1995344310998916626, -0.1995344310998916626, -0.1995344310998916626, -0.1995344310998916626, -0.1995344310998916626, -0.1995344310998916626, -0.1995344310998916626, -0.1995344310998916626, -0.1995344310998916626, -0.1995344310998916626, -0.1995344310998916626, -0.1995344310998916626, -0.1995344310998916626, -0.1995344310998916626, -0.1995344310998916626, -0.1995344310998916626, -0.1995344310998916626, -0.1995344310998916626, -0.1995344310998916626, -0.1995344310998916626, -0.1995344310998916626, -0.1995344310998916626, -0.1995344310998916626, -0.1995344310998916626]
