last-generated=2017-02-18
statistics-initialization=
{
  "linear": "7"
}
statistics-simulation=
{
  "numerical Jacobians": "0", 
  "nonlinear": " ", 
  "number of continuous time states": "6", 
  "linear": "0, 5, 0, 0"
}
thermalZoneFourElements.TAir=[295.149993896484375, 294.11921386718751136868, 289.506317138671875, 290.53540649414060226263, 293.24509887695313636868, 290.661865234375, 291.78218383789061363132, 293.19440917968751136868, 291.01838378906251136868, 292.62447509765627273737, 295.913238525390625, 292.46222534179685226263, 293.58768920898438636868, 299.01306762695310226263, 294.836669921875, 296.676239013671875, 299.55173339843747726263, 297.48098144531252273737, 302.438690185546875, 300.40255126953127273737, 301.362335205078125, 303.71051025390625, 300.36727294921877273737, 297.88898315429685226263, 304.58073730468748863132, 303.87347412109375, 303.5343017578125, 304.65697021484373863132, 302.39576416015626136868, 303.70803222656252273737, 310.03094482421875, 303.52860107421872726263, 306.14451293945313636868, 313.62584838867189773737, 308.26709594726560226263, 309.108489990234375, 314.072052001953125, 305.64859619140622726263, 308.50803222656247726263, 312.61696166992186363132, 307.778289794921875, 310.64412841796877273737, 314.20158081054688636868, 311.98289794921873863132, 315.68052368164063636868, 310.65411376953125, 306.01442871093752273737, 309.29876098632814773737, 306.58707885742188636868, 307.35602416992185226263, 315.045379638671875, 308.20457763671873863132, 309.26924438476561363132, 314.70181884765622726263, 308.17844238281247726263, 307.74102783203125, 314.55131835937498863132, 308.75118408203127273737, 310.942474365234375, 315.86765136718747726263, 310.563079833984375, 315.16655273437498863132, 307.72265014648439773737, 306.447662353515625, 310.81728515625002273737, 304.506439208984375, 305.77498168945311363132, 310.51941528320310226263, 305.64822998046872726263, 306.883331298828125, 309.08612060546875, 305.98820800781248863132, 305.26845703125002273737, 309.21031494140623863132, 301.503326416015625, 302.093414306640625, 308.28270263671873863132, 301.71691284179689773737, 304.62427368164060226263, 306.48000488281252273737, 301.7479248046875, 303.10064697265625, 299.72926635742186363132, 298.64582519531251136868, 301.36721191406252273737, 295.146148681640625, 294.68927612304685226263, 298.89723510742186363132, 294.53517456054686363132, 296.83913574218752273737, 298.34552001953125, 294.42195434570311363132, 294.05061645507811363132, 295.37254028320313636868, 291.52197265625, 292.0682373046875, 293.08535156250002273737, 290.95438232421872726263, 293.87833251953122726263, 292.02830200195313636868, 291.2625732421875]
time=[0., 31536000.]
