last-generated=2016-04-27
statistics-simulation=
{
  "numerical Jacobians": "0", 
  "nonlinear": " ", 
  "number of continuous time states": "5", 
  "linear": "3, 0"
}
thermalZoneTwoElements.TIndAir=[320.197723388671875, 298.20130004882810226263, 292.60203247070313636868, 293.94971313476560226263, 297.33528442382811363132, 293.529144287109375, 294.91975708007811363132, 297.09068603515623863132, 294.409393310546875, 296.31502685546877273737, 300.52154541015625, 296.10507812499997726263, 297.38482666015625, 303.95557250976560226263, 298.96788330078123863132, 301.337127685546875, 305.18195190429685226263, 302.295806884765625, 308.34912109375, 306.09547729492186363132, 307.240234375, 310.36037597656252273737, 306.24899902343747726263, 303.35220947265622726263, 310.946380615234375, 310.134918212890625, 310.01972045898435226263, 311.67744140625001136868, 308.44745483398435226263, 310.01203002929685226263, 318.22900390625, 310.29456176757810226263, 313.57016601562497726263, 322.919189453125, 316.159576416015625, 317.42779541015625, 323.71376342773436363132, 312.75715332031251136868, 316.14229125976561363132, 321.20780639648438636868, 315.1964111328125, 319.02479858398436363132, 323.09440307617188636868, 320.41607666015625, 325.58437500000002273737, 319.170745849609375, 313.561248779296875, 317.43787231445310226263, 313.905670166015625, 314.69173583984377273737, 324.198577880859375, 316.32726440429689773737, 317.16475219726561363132, 323.99896850585935226263, 315.70383911132813636868, 315.072174072265625, 323.635894775390625, 316.75499877929689773737, 319.37031860351561363132, 325.09252319335939773737, 318.675994873046875, 324.43411865234372726263, 315.38919677734372726263, 313.38001708984376136868, 318.88142089843751136868, 311.197113037109375, 312.54046020507814773737, 318.5302734375, 312.39583740234377273737, 313.98351440429689773737, 316.692474365234375, 312.83918457031251136868, 311.92966918945313636868, 316.82669677734372726263, 307.07787475585939773737, 307.747161865234375, 315.699066162109375, 307.41634521484377273737, 311.34804077148436363132, 313.507659912109375, 307.655242919921875, 309.43686523437497726263, 305.0052490234375, 303.66279907226561363132, 307.42156982421875, 299.607147216796875, 298.54868774414063636868, 303.73076171874998863132, 298.58125610351561363132, 301.30652465820310226263, 303.279449462890625, 298.43137207031247726263, 298.23978881835938636868, 299.48726196289061363132, 294.81986694335938636868, 295.683074951171875, 296.92000122070311363132, 294.09645996093752273737, 297.88778076171877273737, 295.93215332031252273737, 294.500579833984375]
time=[0., 31536000.]
