last-generated=2016-12-02
statistics-initialization=
{
  "numerical Jacobians": "0", 
  "nonlinear": "1, 1, 13, 1, 1, 1, 1, 1, 1"
}
statistics-simulation=
{
  "numerical Jacobians": "0", 
  "nonlinear": "0, 0, 12, 0, 1, 0, 1, 1, 1", 
  "number of continuous time states": "74", 
  "linear": "24"
}
pmpSouth.m_flow=[0.00000000000000757106, 3.54553914070129394531, 5.22914171218872070312, 5.27702617645263671875, 5.18299579620361328125, 5.11426258087158203125, 5.0762042999267578125, 5.06334209442138671875, 5.07039928436279296875, 5.09176921844482421875, 5.12205934524536132812, 5.15368366241455078125, 5.1846027374267578125, 5.2206268310546875, 5.25637722015380859375, 5.28935718536376953125, 5.31896829605102539062, 5.345249176025390625, 5.36842012405395507812, 5.38872575759887695312, 5.40636157989501953125, 5.42137384414672851562, 5.434326171875, 5.44507312774658203125, 5.45371389389038085938, 5.46043682098388671875, 5.4652347564697265625, 5.77845525741577148438, 6.10656595230102539062, 6.2440948486328125, 6.26324558258056640625, 6.23371410369873046875, 6.194438934326171875, 6.15892648696899414062, 6.12855958938598632812, 6.10118436813354492188, 6.07450103759765625, 6.04242086410522460938, 6.01214885711669921875, 5.98065423965454101562, 5.9454174041748046875, 5.90557861328125, 5.86071157455444335938, 5.81045198440551757812, 5.75439882278442382812, 5.6920719146728515625, 5.6229267120361328125, 5.54635572433471679688, 5.46169281005859375, 5.36821413040161132812, 5.26514720916748046875, 4.08168840408325195312, 1.59466493129730224609, 0.46710646152496337891, 0.079189300537109375, 0.01546641159802675247, 0.00997171830385923386, 0.00928496569395065308, 0.00872065778821706772, 0.00815428048372268677, 0.00749201513826847076, 0.00675914483144879341, 0.00599355902522802353, 0.00520331505686044693, 0.0044107525609433651, 0.00363883166573941708, 0.00290980120189487934, 0.0022456352598965168, 0.00166496739257127047, 0.00117987103294581175, 0.00079426635056734085, 0.00050410378025844693, 0.00029875649488531053, 0.00016334012616425753, 0.0000812419893918559, 0.00003639796341303736, 0.00001497862376709236, 0.00000620502805759315, 0.00000302087232739723, 0.00000235078528021404, 0.0000023859795419412, 0.00000221388245336129, 0.00000173198452557699, 0.00000118185403152893, 0.00000072510931659053, 0.00000040752172481007, 0.00000021099704383687, 0.00000010136565720131, 0.00000004644278916999, 0.0000000205895087646, 0.00000000884610251717, 0.00000000376557052206, 0.00000000167841485155, 0.00000000081696904797, 0.00000000045061193665, 0.00000000029154792469, 0.00000000022400838129, 0.00000000019881692126, 0.00000000019605755908, 0.00000000020109627852, 0.00000000020968210501]
pmpNorth.m_flow=[-0.00000000000000190254, 3.94019484519958496094, 5.780712127685546875, 5.8084468841552734375, 5.68927621841430664062, 5.60433673858642578125, 5.5571746826171875, 5.54053735733032226562, 5.5478343963623046875, 5.57223987579345703125, 5.60726070404052734375, 5.64485883712768554688, 5.6798152923583984375, 5.72112321853637695312, 5.76237154006958007812, 5.80038118362426757812, 5.83438825607299804688, 5.86444091796875, 5.89082384109497070312, 5.91384983062744140625, 5.93377447128295898438, 5.95067834854125976562, 5.96522092819213867188, 5.97725629806518554688, 5.98691272735595703125, 5.9944133758544921875, 5.99975919723510742188, 6.39133024215698242188, 6.8082981109619140625, 6.98146677017211914062, 7.00041961669921875, 6.95753765106201171875, 6.90417146682739257812, 6.85748958587646484375, 6.8187808990478515625, 6.78488874435424804688, 6.75259733200073242188, 6.71488237380981445312, 6.67809343338012695312, 6.64081716537475585938, 6.59929704666137695312, 6.55221986770629882812, 6.498973846435546875, 6.43906497955322265625, 6.37196445465087890625, 6.29704380035400390625, 6.21359586715698242188, 6.12084293365478515625, 6.0179443359375, 5.90401124954223632812, 5.77812623977661132812, 4.46808719635009765625, 1.74250459671020507812, 0.51050096750259399414, 0.08998946845531463623, 0.01757215708494186401, 0.01131067704409360886, 0.0105044608935713768, 0.00983076542615890503, 0.00914929714053869247, 0.00835672486573457718, 0.00748519646003842354, 0.00658123334869742393, 0.00565843749791383743, 0.00474580936133861542, 0.00387162365950644016, 0.0030612132977694273, 0.00233705341815948486, 0.00171575183048844337, 0.00120557309128344059, 0.00080597872147336602, 0.00050883978838101029, 0.00030042420257814229, 0.00016383943147957325, 0.00008136562973959371, 0.00003642279261839576, 0.00001498282927059336, 0.00000620578020971152, 0.00000302111152450379, 0.00000235104334933567, 0.00000238656662077119, 0.00000221521395360469, 0.00000173434341377288, 0.00000118513651159446, 0.00000072883602797447, 0.00000041108742721008, 0.00000021392402516085, 0.00000010346175116638, 0.00000004779865037108, 0.00000002139795363121, 0.00000000929328614063, 0.00000000400117849964, 0.00000000180390502535, 0.0000000008876975266, 0.00000000049459847329, 0.00000000032286984197, 0.00000000024996463233, 0.00000000022325886972, 0.00000000022131491084, 0.00000000022792802368, 0.00000000023838422902]
time=[0., 1000.]
