last-generated=2016-06-22
statistics-initialization=
{
  "numerical Jacobians": "0", 
  "nonlinear": "1, 1, 1, 1"
}
statistics-simulation=
{
  "numerical Jacobians": "0", 
  "nonlinear": "1, 1, 1, 1", 
  "linear": " "
}
pum.dpMachine=[310.1064453125, 310.1064453125, 310.1064453125, 310.1064453125, 310.1064453125, 310.1064453125, 310.1064453125, 310.1064453125, 310.1064453125, 310.1064453125, 310.1064453125, 310.1064453125, 310.1064453125, 310.1064453125, 310.1064453125, 310.1064453125, 310.1064453125, 310.1064453125, 310.1064453125, 310.1064453125, 310.1064453125, 310.1064453125, 310.1064453125, 310.1064453125, 310.1064453125, 310.1064453125, 322.44205929892348194699, 335.51930326331427067998, 349.3980695945318188933, 364.14426935742039859178, 379.8306693062720000853, 396.53777667616770941095, 414.35468854333385024802, 433.3802539252948236026, 453.72451034781687440045, 475.50993174841806876429, 498.87328715786549082623, 523.96782215754080880288, 550.96516238307413004804, 580.05845419541492447024, 611.46531272580898530578, 645.43171439931347777019, 682.2362567270820363774, 722.19528295712530052697, 765.66962760913133934082, 813.07104344285778552148, 864.87141516303017851897, 921.61347150491917545878, 983.92255611694622530194, 1052.52202672210796663421, 1128.251953125, 1212.08992880566893290961, 1305.17828980769104418869, 1408.85663995926142888493, 1524.70042367140399619529, 1654.57149317148446243664, 1800.67366953094824566506, 1965.62671393223263294203, 2152.77670492009292502189, 2366.48864479929079607246, 2611.64171634751892270287, 2894.09454304296332338708, 3220.817461827188708412, 3599.92915270725097798277, 4040.43940932244004216045, 4551.25913852956091432134, 5138.36459066155566688394, 5797.32161418403848074377, 6511.99556338183447223855, 7283.69745284827331488486, 8051.04430161884101835312, 8655.0711202817656158004, 8887.44497966025846835691, 9020.82284020754195807967, 9254.10914578211122716311, 9499.880859375, 9499.880859375, 9499.880859375, 9499.880859375, 9499.880859375, 9499.880859375, 9499.880859375, 9499.880859375, 9499.880859375, 9499.880859375, 9499.880859375, 9499.880859375, 9499.880859375, 9499.880859375, 9499.880859375, 9499.880859375, 9499.880859375, 9499.880859375, 9499.880859375, 9499.880859375, 9499.880859375, 9499.880859375, 9499.880859375, 9499.880859375, 9499.880859375, 9499.880859375]
time=[0., 1.]
pum1.dpMachine=[77.50687408447265625, 77.50687408447265625, 77.50687408447265625, 77.50687408447265625, 77.50687408447265625, 77.50687408447265625, 77.50687408447265625, 77.50687408447265625, 77.50687408447265625, 77.50687408447265625, 77.50687408447265625, 77.50687408447265625, 77.50687408447265625, 77.50687408447265625, 77.50687408447265625, 77.50687408447265625, 77.50687408447265625, 77.50687408447265625, 77.50687408447265625, 77.50687408447265625, 77.50687408447265625, 77.50687408447265625, 77.50687408447265625, 77.50687408447265625, 77.50687408447265625, 77.50687408447265625, 80.59002227029233722533, 83.8585321765922344639, 87.32737689580785911403, 91.01303419646944803389, 94.93368051129861839854, 99.10945027280311592222, 103.56261012329616733041, 108.31785706192593465857, 113.40270809276186980696, 118.84777407400402182702, 124.68723200877060719449, 130.95937802546436046214, 137.70715668383536467445, 144.97880116830469887645, 152.82868474997192720366, 161.31834730029083857517, 170.51739242603957791289, 180.50492120478560309493, 191.37108121808881833203, 203.21882592100777742417, 216.16609598067677211475, 230.34855830553530608995, 245.92254881551031076015, 263.06883065862882631336, 281.9974365234375, 302.9526884960253596546, 326.22020110471908083127, 352.13481427141113044854, 381.09029758035586610276, 413.55217505795945953651, 450.07131045070764230331, 491.30258301894428996093, 538.0837025865153009363, 591.50503471577076197718, 652.78585635189062941208, 723.39082327340076972177, 805.06239768787077082379, 899.8298833865634378526, 1009.94572877755524586973, 1137.63717229277881415328, 1284.39791040391992282821, 1449.11824537649886224244, 1627.775135967448250085, 1820.6947489535282329598, 2012.53048458876332915679, 2163.5451238649693550542, 2221.67691858952412076178, 2255.08266306047198668239, 2313.46405396544605537201, 2374.985107421875, 2374.985107421875, 2374.985107421875, 2374.985107421875, 2374.985107421875, 2374.985107421875, 2374.985107421875, 2374.985107421875, 2374.985107421875, 2374.985107421875, 2374.985107421875, 2374.985107421875, 2374.985107421875, 2374.985107421875, 2374.985107421875, 2374.985107421875, 2374.985107421875, 2374.985107421875, 2374.985107421875, 2374.985107421875, 2374.985107421875, 2374.985107421875, 2374.985107421875, 2374.985107421875, 2374.985107421875, 2374.985107421875]
pum2.dpMachine=[0.7715288996696472168, 0.7715288996696472168, 0.7715288996696472168, 0.7715288996696472168, 0.7715288996696472168, 0.7715288996696472168, 0.7715288996696472168, 0.7715288996696472168, 0.7715288996696472168, 0.7715288996696472168, 0.7715288996696472168, 0.7715288996696472168, 0.7715288996696472168, 0.7715288996696472168, 0.7715288996696472168, 0.7715288996696472168, 0.7715288996696472168, 0.7715288996696472168, 0.7715288996696472168, 0.7715288996696472168, 0.7715288996696472168, 0.7715288996696472168, 0.7715288996696472168, 0.7715288996696472168, 0.7715288996696472168, 0.7715288996696472168, 0.80222466638587774934, 0.83476617338298242377, 0.86930274541704632973, 0.90599844056199374531, 0.9450343966263801132, 0.98661117729083191996, 1.03095057924001731742, 1.07829862418560784576, 1.12892959641892298706, 1.18314829857242198585, 1.24129549054072452208, 1.30375274930958617858, 1.37094775211550112815, 1.44336162916710786241, 1.52153606377811256856, 1.60608437848212970422, 1.69770050741911404657, 1.79717283047057896361, 1.90540042255395469795, 2.02340951488058173879, 2.15237630181010697328, 2.29365374437909164129, 2.44880074002038616854, 2.61962110751244559026, 2.80820965766906738281, 3.01700470173687573805, 3.24885606213295297096, 3.50710637785784173914, 3.79568678953523042097, 4.11924512530062525428, 4.48328390557227418611, 4.89434464647943467952, 5.36102903670821095972, 5.89403113297559055894, 6.50550211389592902833, 7.21006715905159989433, 8.02512413792389089906, 8.97093154622445965174, 10.06996994164867409438, 11.34444949064111618497, 12.80921913273504486597, 14.45303632644747260372, 16.23750935623312940947, 18.16566704810030685735, 20.08384725086095912161, 21.59537136735092843765, 22.18358907439871785527, 22.52940646723367734694, 23.22697564151350491102, 23.7499847412109375, 23.7499847412109375, 23.7499847412109375, 23.7499847412109375, 23.7499847412109375, 23.7499847412109375, 23.7499847412109375, 23.7499847412109375, 23.7499847412109375, 23.7499847412109375, 23.7499847412109375, 23.7499847412109375, 23.7499847412109375, 23.7499847412109375, 23.7499847412109375, 23.7499847412109375, 23.7499847412109375, 23.7499847412109375, 23.7499847412109375, 23.7499847412109375, 23.7499847412109375, 23.7499847412109375, 23.7499847412109375, 23.7499847412109375, 23.7499847412109375, 23.7499847412109375]
pum3.dpMachine=[0.03053016401827335358, 0.03053016401827335358, 0.03053016401827335358, 0.03053016401827335358, 0.03053016401827335358, 0.03053016401827335358, 0.03053016401827335358, 0.03053016401827335358, 0.03053016401827335358, 0.03053016401827335358, 0.03053016401827335358, 0.03053016401827335358, 0.03053016401827335358, 0.03053016401827335358, 0.03053016401827335358, 0.03053016401827335358, 0.03053016401827335358, 0.03053016401827335358, 0.03053016401827335358, 0.03053016401827335358, 0.03053016401827335358, 0.03053016401827335358, 0.03053016401827335358, 0.03053016401827335358, 0.03053016401827335358, 0.03053016401827335358, 0.03174822897793672799, 0.03303982920627501069, 0.03441094962901470461, 0.03586816541363290617, 0.03741874356295699783, 0.03907073248753249739, 0.04083304610809080498, 0.04271558418691449172, 0.04472937733442101244, 0.04688671365343427544, 0.04920133980234965565, 0.05168866616587378116, 0.05436599015578287564, 0.05725279510175530773, 0.06037106173240303769, 0.06374570108911389865, 0.067404975567106451, 0.07138103697686722093, 0.07571064789526672778, 0.08043587056788621681, 0.08560505807197690831, 0.09127399396852128866, 0.09750718586837499313, 0.10437955025621863114, 0.11197848618030548096, 0.12040623388383130121, 0.12978296400295999402, 0.14025052113968933254, 0.15197700608277570078, 0.16516282996696510232, 0.18004771694417526229, 0.19694427962360705475, 0.21623574708160345215, 0.23837308939711870925, 0.26390856016412284069, 0.29351876650945807334, 0.32802666464283219971, 0.36841701598491422009, 0.41581930226857616306, 0.47139301514522535808, 0.5359195472725529763, 0.60877930324384232907, 0.69078010167188863555, 0.77848984853597580358, 0.85434186339218465278, 0.88366082403262269374, 0.90544841993094871135, 0.92917187973739245876, 0.94468872635873624155, 0.94999986886978149414, 0.94999986886978149414, 0.94999986886978149414, 0.94999986886978149414, 0.94999986886978149414, 0.94999986886978149414, 0.94999986886978149414, 0.94999986886978149414, 0.94999986886978149414, 0.94999986886978149414, 0.94999986886978149414, 0.94999986886978149414, 0.94999986886978149414, 0.94999986886978149414, 0.94999986886978149414, 0.94999986886978149414, 0.94999986886978149414, 0.94999986886978149414, 0.94999986886978149414, 0.94999986886978149414, 0.94999986886978149414, 0.94999986886978149414, 0.94999986886978149414, 0.94999986886978149414, 0.94999986886978149414, 0.94999986886978149414]
