last-generated=2015-07-27
statistics-simulation=
{
  "numerical Jacobians": "0",
  "nonlinear": "1",
  "number of continuous time states": "7",
  "linear": " "
}
vol1.T=[293.149993896484375, 284.16131591796875, 294.7645263671875, 294.82501220703125, 291.100250244140625, 294.349456787109375, 292.846923828125, 292.973236083984375, 293.419525146484375, 292.976470947265625, 293.203887939453125, 293.16668701171875, 293.11517333984375, 293.174713134765625, 293.141021728515625, 293.1488037109375, 293.1544189453125, 293.14654541015625, 293.15142822265625, 293.1500244140625, 293.149444580078125, 293.150482177734375, 293.1497802734375, 293.1500244140625, 293.150054931640625, 293.149932861328125, 293.1500244140625, 293.149993896484375, 293.149993896484375, 293.149993896484375, 293.149993896484375, 293.149993896484375, 293.149993896484375, 293.149993896484375, 293.149993896484375, 293.149993896484375, 293.149993896484375, 293.149993896484375, 293.149993896484375, 293.149993896484375, 293.149993896484375, 293.149993896484375, 293.149993896484375, 293.149993896484375, 293.149993896484375, 293.149993896484375, 293.149993896484375, 293.149993896484375, 293.149993896484375, 293.149993896484375, 293.149993896484375, 293.149993896484375, 293.149993896484375, 293.149993896484375, 293.149993896484375, 293.149993896484375, 293.149993896484375, 293.149993896484375, 293.149993896484375, 293.149993896484375, 293.149993896484375, 293.149993896484375, 293.149993896484375, 293.149993896484375, 293.149993896484375, 293.149993896484375, 293.149993896484375, 293.149993896484375, 293.149993896484375, 293.149993896484375, 293.149993896484375, 293.149993896484375, 293.149993896484375, 293.149993896484375, 293.149993896484375, 293.149993896484375, 293.149993896484375, 293.149993896484375, 293.149993896484375, 293.149993896484375, 293.149993896484375, 293.149993896484375, 293.149993896484375, 293.149993896484375, 293.149993896484375, 293.149993896484375, 293.149993896484375, 293.149993896484375, 293.149993896484375, 293.149993896484375, 293.149993896484375, 293.149993896484375, 293.149993896484375, 293.149993896484375, 293.149993896484375, 293.149993896484375, 293.149993896484375, 293.149993896484375, 293.149993896484375, 293.149993896484375, 293.149993896484375]
time=[0., 600.]
vol1.X_w=[0.00999999977648258209, 0.00527361733838915825, 0.00497348327189683914, 0.00499745830893516541, 0.00500011211261153221, 0.00500001991167664528, 0.00499999988824129105, 0.00499999988824129105, 0.00499999988824129105, 0.00499999988824129105, 0.00499999988824129105, 0.00499999988824129105, 0.00499999988824129105, 0.00499999988824129105, 0.00499999988824129105, 0.00499999988824129105, 0.00499999988824129105, 0.00499999988824129105, 0.00499999988824129105, 0.00499999988824129105, 0.00499999988824129105, 0.00499999988824129105, 0.00499999988824129105, 0.00499999988824129105, 0.00499999988824129105, 0.00499999988824129105, 0.00499999988824129105, 0.00499999988824129105, 0.00499999988824129105, 0.00499999988824129105, 0.00499999988824129105, 0.00499999988824129105, 0.00499999988824129105, 0.00499999988824129105, 0.00499999988824129105, 0.00499999988824129105, 0.00499999988824129105, 0.00499999988824129105, 0.00499999988824129105, 0.00499999988824129105, 0.00499999988824129105, 0.00499999988824129105, 0.00499999988824129105, 0.00499999988824129105, 0.00499999988824129105, 0.00499999988824129105, 0.00499999988824129105, 0.00499999988824129105, 0.00499999988824129105, 0.00499999988824129105, 0.00499999988824129105, 0.00499999988824129105, 0.00499999988824129105, 0.00499999988824129105, 0.00499999988824129105, 0.00499999988824129105, 0.00499999988824129105, 0.00499999988824129105, 0.00499999988824129105, 0.00499999988824129105, 0.00499999988824129105, 0.00499999988824129105, 0.00499999988824129105, 0.00499999988824129105, 0.00499999988824129105, 0.00499999988824129105, 0.00499999988824129105, 0.00499999988824129105, 0.00499999988824129105, 0.00499999988824129105, 0.00499999988824129105, 0.00499999988824129105, 0.00499999988824129105, 0.00499999988824129105, 0.00499999988824129105, 0.00499999988824129105, 0.00499999988824129105, 0.00499999988824129105, 0.00499999988824129105, 0.00499999988824129105, 0.00499999988824129105, 0.00499999988824129105, 0.00499999988824129105, 0.00499999988824129105, 0.00499999988824129105, 0.00499999988824129105, 0.00499999988824129105, 0.00499999988824129105, 0.00499999988824129105, 0.00499999988824129105, 0.00499999988824129105, 0.00499999988824129105, 0.00499999988824129105, 0.00499999988824129105, 0.00499999988824129105, 0.00499999988824129105, 0.00499999988824129105, 0.00499999988824129105, 0.00499999988824129105, 0.00499999988824129105, 0.00499999988824129105]
QLat.u=[-297.007965087890625, 4.45905017852783203125, 0.64669996500015258789, -0.00796454772353172302, -0.00465683126822113991, -0.00006841291178716347, 0.00002961109566967934, 0.00000123442305266508, -0.00000016821218196128, -0.00000001270446414736, 0.00000000081426609899, 0.00000000010787897659, -0.00000000000815340503, -0.00000000000081008345, 0.00000000000024832932, 0.00000000000001938446, -0.00000000000118380197, -0.0000000000000408533, -0.00000000000002198039, -0.00000000000001562852, -0.00000000001185258228, -0.00000000000603924289, -0.00000000000309606767, -0.00000000002790206954, 0.00000000001081538765, 0.00000000000764169197, 0.00000000000835660534, 0.00000000000363810848, -0.00000000000716543838, -0.0000000000264374269, -0.00000000000347144991, 0.00000000000668546078, 0.00000000000637632351, 0.00000000000504670958, -0.00000000004158744876, 0.00000000000090460452, 0.00000000000107099724, 0.00000000000024482665, 0.00000000000001580718, 0.00000000000001060431, 0.00000000000000132893, 0.00000000000000083937, 0.0000000000000003498, 0.00000000000000031612, -0.00000000000001404294, -0.00000000000001397448, -0.00000000000001390602, -0.00000000000001383756, -0.00000000000001376909, -0.0000000000000138609, -0.00000000000001395692, -0.00000000000001405295, -0.00000000000001414898, 0.00000000000000018251, 0.00000000000000008648, -0.00000000000000000955, -0.00000000000000010558, -0.00000000000000020161, -0.00000000000000029764, -0.00000000000000039366, -0.00000000000000045504, -0.00000000000001485869, -0.00000000000001483482, -0.00000000000001481095, -0.00000000000001478708, -0.00000000000001476321, -0.00000000000001473934, -0.00000000000001471547, -0.0000000000000146916, -0.00000000000001466773, -0.00000000000001464385, -0.00000000000001461998, -0.00000000000000016859, -0.00000000000000014472, -0.00000000000000012085, -0.00000000000000009698, -0.00000000000001450063, -0.00000000000001447676, -0.00000000000001445289, -0.00000000000001442901, -0.00000000000001440514, -0.00000000000001438127, -0.0000000000000143574, -0.00000000000001433353, -0.00000000000028824756, -0.00000000000060093494, -0.00000000000089919484, -0.00000000000119745468, -0.00000000000149571458, -0.00000000000179397447, -0.00000000000207780689, -0.00000000000239049427, -0.00000000000268875417, -0.00000000000298701406, -0.00000000000328527375, -0.00000000000358353364, -0.00000000000388179376, -0.00000000000419448113, -0.00000000000449274081, -0.00000000000479100093, -0.00000000000508926061]
QSen.u=[0., -1726.636474609375, 2530.275146484375, -1677.1019287109375, 539.6290283203125, 144.5491790771484375, -328.7860107421875, 238.11538696289045446974, -89.1678924560546875, -9.3459682464599609375, 41.431713104248046875, -33.301097869873046875, 14.15968227386474609375, -0.1923383176326751709, -5.09067296981807615452, 4.58931827545166015625, -2.17985105514526367188, 0.22997578978539293115, 0.60579007863998413086, -0.62270140647888183594, 0.32631134986877441406, -0.05855488032102584839, -0.06878069788217544556, 0.08215166628360748291, -0.04721763357520103455, 0.01142952032387256622, 0.00718071311712265015, -0.01019094791263341904, 0.00621973117813466852, -0.00191325612831860781, -0.00044734572293236852, 0.00103985599707812071, -0.00074732501525431871, 0.00055240333313122392, -0.00007252077193698176, -0.00023027200950309634, -0.0000536850857315585, 0.00000134575498123013, 0.00001076005719369277, 0.00000477816456623259, 0.00000237763470067875, 0.00000124676455470763, 0.00000011589452242333, -0.00000008320094480041, -0.00000007351316355653, -0.00000006381401362887, -0.00000005412623238499, -0.00000004442708245733, -0.00000003473930121345, -0.0000000316491437502, -0.00000002872957338695, -0.00000002581000302371, -0.0000000228904308841, -0.00000001997086052086, -0.00000001705129015761, -0.00000001413171979436, -0.00000001121214943112, -0.00000000830394686346, -0.00000000538437650022, -0.00000000246480591493, -0.00000000038075151365, -0.00000000036823286087, -0.00000000034434552432, -0.00000000033182687154, -0.00000000030793956274, -0.00000000029542090996, -0.0000000002715335734, -0.00000000025901492062, -0.00000000024649626784, -0.00000000022260894517, -0.00000000021009029239, -0.00000000018620295583, -0.00000000017368430305, -0.00000000016116566415, -0.00000000013727832759, -0.00000000012475967481, -0.0000000001008723452, -0.00000000008835369936, -0.0000000000644663628, -0.00000000005194771696, -0.00000000002806038388, -0.0000000000155417363, -0.00000000000302308721, 0.00000000002086424436, -0.00000000002402501809, -0.0000000000636580233, -0.00000000010329102157, -0.00000000014292401984, -0.00000000019392570882, -0.00000000023355870016, -0.00000000027319171925, -0.00000000032419339435, -0.00000000036382641344, -0.00000000040345940477, -0.00000000045446107988, -0.00000000049409409897, -0.00000000053372711806, -0.00000000058472876541, -0.0000000006243617845, -0.00000000066399480358, -0.00000000070362776716]
vol1.p=[101325., 101325., 101325., 101325., 101325., 101325., 101325., 101325., 101325., 101325., 101325., 101325., 101325., 101325., 101325., 101325., 101325., 101325., 101325., 101325., 101325., 101325., 101325., 101325., 101325., 101325., 101325., 101325., 101325., 101325., 101325., 101325., 101325., 101325., 101325., 101325., 101325., 101325., 101325., 101325., 101325., 101325., 101325., 101325., 101325., 101325., 101325., 101325., 101325., 101325., 101325., 101325., 101325., 101325., 101325., 101325., 101325., 101325., 101325., 101325., 101325., 101325., 101325., 101325., 101325., 101325., 101325., 101325., 101325., 101325., 101325., 101325., 101325., 101325., 101325., 101325., 101325., 101325., 101325., 101325., 101325., 101325., 101325., 101325., 101325., 101325., 101325., 101325., 101325., 101325., 101325., 101325., 101325., 101325., 101325., 101325., 101325., 101325., 101325., 101325., 101325.]
