last-generated=2017-02-18
statistics-initialization=
{
  "linear": "4"
}
statistics-simulation=
{
  "numerical Jacobians": "0", 
  "nonlinear": " ", 
  "number of continuous time states": "4", 
  "linear": "0, 3, 0"
}
thermalZoneTwoElements.TAir=[295.149993896484375, 296.90501098632813636868, 292.11345214843748863132, 293.79140014648436363132, 297.14329833984373863132, 293.22601318359375, 294.71864624023436363132, 296.91373291015622726263, 294.34442749023435226263, 296.38842163085939773737, 300.368316650390625, 296.02998046875001136868, 297.30148925781247726263, 303.80435791015622726263, 299.01979980468752273737, 301.492828369140625, 305.08862915039060226263, 302.42246704101563636868, 308.517852783203125, 305.91837158203122726263, 307.409454345703125, 310.56797485351563636868, 306.26120605468747726263, 303.419647216796875, 311.06011962890625, 310.51495361328125, 310.21782226562498863132, 311.63511352539063636868, 308.70613403320311363132, 310.28481445312502273737, 318.75531005859375, 310.69053344726563636868, 314.045928955078125, 323.21004638671877273737, 316.70131225585936363132, 317.881195068359375, 323.89982299804688636868, 313.04097900390627273737, 316.35793457031252273737, 321.10850219726563636868, 315.6019287109375, 319.22824707031247726263, 323.35064086914064773737, 320.93677978515626136868, 326.04859008789060226263, 319.569488525390625, 313.88819580078126136868, 317.67432861328126136868, 314.15472412109375, 314.91591796875002273737, 324.476593017578125, 316.71256103515622726263, 317.35145874023436363132, 324.18925170898438636868, 315.96376953125002273737, 315.242919921875, 323.665283203125, 317.08602294921877273737, 319.67812500000002273737, 325.03328857421877273737, 319.06060791015625, 324.89996948242185226263, 315.47664794921877273737, 313.5843505859375, 319.108917236328125, 311.31622314453125, 312.77269897460939773737, 318.59090576171877273737, 312.65822143554686363132, 314.2662353515625, 317.2786865234375, 313.06690673828126136868, 312.224945068359375, 316.94495239257810226263, 307.18967285156247726263, 308.011444091796875, 315.74089355468748863132, 307.613922119140625, 311.45729980468752273737, 313.54754638671875, 307.889007568359375, 309.54474487304685226263, 305.09505004882811363132, 303.76216430664061363132, 307.479888916015625, 299.671112060546875, 298.62312011718751136868, 303.84661865234375, 298.61143798828123863132, 301.47805175781252273737, 303.26531982421875, 298.43585815429685226263, 298.31755981445314773737, 299.28632812500001136868, 294.76471557617185226263, 295.71612548828125, 296.80293579101561363132, 294.0819091796875, 297.95997924804686363132, 295.91901855468751136868, 294.77301025390625]
time=[0., 31536000.]
