last-generated=2016-12-02
statistics-initialization=
{
  "numerical Jacobians": "0", 
  "nonlinear": "1, 1, 1, 1, 7, 1, 1"
}
statistics-simulation=
{
  "numerical Jacobians": "0", 
  "nonlinear": "0, 0, 1, 1, 7, 1, 1", 
  "number of continuous time states": "74", 
  "linear": "24"
}
pmpSouth.m_flow=[0., 3.54551649093627929688, 5.22917652130126953125, 5.277130126953125, 5.183071136474609375, 5.11437320709228515625, 5.076473236083984375, 5.06378269195556640625, 5.07101964950561523438, 5.09257602691650390625, 5.12294626235961914062, 5.1546421051025390625, 5.18562364578247070312, 5.22168636322021484375, 5.2574596405029296875, 5.2904605865478515625, 5.32008790969848632812, 5.34638643264770507812, 5.36957597732543945312, 5.38989686965942382812, 5.40756702423095703125, 5.4227752685546875, 5.43568086624145507812, 5.4464168548583984375, 5.4550876617431640625, 5.46177577972412109375, 5.46654367446899414062, 5.77903604507446289062, 6.10674571990966796875, 6.24418163299560546875, 6.26329135894775390625, 6.23372983932495117188, 6.1944484710693359375, 6.15893983840942382812, 6.12857675552368164062, 6.101192474365234375, 6.07448482513427734375, 6.04240655899047851562, 6.01215028762817382812, 5.98064899444580078125, 5.94541406631469726562, 5.90557718276977539062, 5.86070919036865234375, 5.81045246124267578125, 5.75439929962158203125, 5.69207143783569335938, 5.62292575836181640625, 5.54635524749755859375, 5.46169185638427734375, 5.36821460723876953125, 5.26514959335327148438, 4.08169031143188476562, 1.59448552131652832031, 0.46547728776931762695, 0.07306279987096786499, 0.00663112476468086243, 0.00058892648667097092, 0.00004884484951617196, -0.00000092890093128517, -0.00000050378554306008, -0.00000004311957724212, -0.00000000233194352717, -0.00000000129733312981, -0.00000000068332972614, 0.00000000004679948096, 0.00000000012470120769, 0.00000000002617656612, -0.00000000001542975123, -0.00000000000987358719, -0.0000000000011940956, 0.00000000000073336861, 0.00000000000053453693, 0.00000000000027692006, 0.00000000000003986814, -0.00000000000000166408, -0.00000000000000680993, -0.00000000000000097918, -0.0000000000000000366, -0.00000000000000000229, -0.00000000000000000099, -0.00000000000000000129, -0.00000000000000000037, -0.00000000000000000009, -0.00000000000000000003, -0.00000000000000000002, -0., 0.00000000000000000002, 0.00000000000000000002, -0., -0., 0.00000000000000000001, 0., -0., -0.00000000000000000001, -0., 0., 0., -0., -0., -0., -0.]
pmpNorth.m_flow=[0., 3.94017004966735839844, 5.78075075149536132812, 5.80856180191040039062, 5.68935918807983398438, 5.60444927215576171875, 5.55746126174926757812, 5.541011810302734375, 5.5485076904296875, 5.57312536239624023438, 5.60823297500610351562, 5.64591073989868164062, 5.68093585968017578125, 5.722286224365234375, 5.76355886459350585938, 5.80159139633178710938, 5.83561563491821289062, 5.865688323974609375, 5.89209222793579101562, 5.91513538360595703125, 5.93509769439697265625, 5.95222187042236328125, 5.9667110443115234375, 5.97873353958129882812, 5.98842334747314453125, 5.99588441848754882812, 6.00119733810424804688, 6.39196872711181640625, 6.80850076675415039062, 6.9815654754638671875, 7.00047159194946289062, 6.957553863525390625, 6.90418100357055664062, 6.85750627517700195312, 6.8188037872314453125, 6.78489923477172851562, 6.752574920654296875, 6.71485996246337890625, 6.67809724807739257812, 6.640811920166015625, 6.59929227828979492188, 6.5522174835205078125, 6.49897050857543945312, 6.43906545639038085938, 6.37196493148803710938, 6.29704332351684570312, 6.21359539031982421875, 6.12084197998046875, 6.01794290542602539062, 5.90401124954223632812, 5.77812957763671875, 4.46808958053588867188, 1.74230527877807617188, 0.50877594947814941406, 0.08317452669143676758, 0.00753596890717744827, 0.00066805444657802582, 0.00005526194581761956, -0.00000104716752957756, -0.00000056526835123805, -0.00000004809699305497, -0.00000000258246712903, -0.00000000142455269803, -0.00000000074313549758, 0.00000000005032927894, 0.00000000013267062449, 0.00000000002753375652, -0.00000000001605655886, -0.00000000001017446283, -0.0000000000012202316, 0.00000000000074410682, 0.0000000000005395447, 0.00000000000027846855, 0.00000000000003999393, -0.00000000000000166513, -0.0000000000000068142, -0.00000000000000097942, -0.00000000000000003661, -0.00000000000000000229, -0.00000000000000000099, -0.00000000000000000129, -0.00000000000000000037, -0.00000000000000000009, -0.00000000000000000003, -0.00000000000000000002, -0., 0.00000000000000000002, 0.00000000000000000002, -0., -0., 0.00000000000000000001, 0., -0., -0.00000000000000000001, -0., 0., 0., -0., -0., -0., -0.]
time=[0., 1000.]
