#1
#C1: time (Europe/Berlin)[s] from 2023-05-21T00:00:00+0200 to 2023-05-31T00:00:00+0200
#C2: global horizontal radiation [W/m2]
#C3: module temperature [°C]
double ROF-rad_module_temp_2023(2814,3)
0	0.0	13.940000000000001
300	0.0	13.838
600	0.0	13.824000000000002
900	0.0	13.892000000000001
1200	0.0	13.88
1500	0.0	13.798000000000002
1800	0.0	13.7
2100	0.0	13.62
2400	0.0	13.62
2700	0.0	13.572
3000	0.0	13.584
3300	0.0	13.675999999999998
3600	0.0	13.675999999999998
3900	0.0	13.584
4200	0.0	13.5
4500	0.0	13.451999999999998
4800	0.0	13.416
5100	0.0	13.463999999999999
5400	0.0	13.475999999999999
5700	0.0	13.463999999999999
6000	0.0	13.440000000000001
6300	0.0	13.409999999999998
6600	0.0	13.357
6900	0.0	13.334444444444445
7200	0.0	13.274000000000001
7500	0.0	13.312000000000001
7800	0.0	13.238
8100	0.0	13.190000000000001
8400	0.0	13.136
8700	0.0	12.876
9000	0.0	12.488000000000001
9300	0.0	12.2
9600	0.0	11.975999999999999
9900	0.0	11.904
10200	0.0	11.963999999999999
10500	0.0	12.0
10800	0.0	12.036000000000001
11100	0.0	12.024000000000001
11400	0.0	12.0
11700	0.0	12.0
12000	0.0	11.988
12300	0.0	11.94
12600	0.0	11.916
12900	0.0	11.892
13200	0.0	11.94
13500	0.0	11.94
13800	0.0	11.892
14100	0.0	11.952
14400	0.0	12.048000000000002
14700	0.0	12.12
15000	0.0	12.12
15300	0.0	12.12
15600	0.0	12.06
15900	0.0	12.06
16200	0.0	12.06
16500	0.0	12.048000000000002
16800	0.0	12.06
17100	0.0	12.12
17400	0.0	12.175999999999998
17700	0.0	12.19
18000	0.0	12.202
18300	0.0	12.19
19800	0.0	12.333333333333334
20100	3.1260000000000003	12.366000000000001
20400	0.0	12.404
20700	8.986	12.5
21000	12.892	12.596
21300	21.098	12.702
21600	18.363999999999997	12.75
21900	17.972	12.598
22200	28.52	12.364
22500	32.038	12.213999999999999
22800	35.944	12.133999999999999
23100	38.684000000000005	12.16
23400	41.81	12.612
23700	48.44799999999999	13.05
24000	54.702	13.425999999999998
24300	62.908	13.814000000000002
24600	67.206	14.173999999999998
24900	72.674	14.536000000000001
25200	70.33	14.864
25500	76.97	15.124
25800	80.098	15.437999999999999
26100	82.832	15.738
26400	89.08399999999999	16.05
26700	95.726	16.524
27000	101.80444444444443	17.416666666666668
27300	112.65666666666665	18.146666666666665
27600	117.60799999999999	18.712
27900	121.51399999999998	19.124000000000002
28200	134.408	19.576
28500	136.35999999999999	20.088
28800	145.348	20.488
29100	146.51999999999998	20.924
29400	149.64600000000002	21.363999999999997
29700	147.302	21.586000000000002
30000	143.78400000000002	21.8
30300	139.878	21.976
30600	143.786	22.084
30900	147.3	22.186
31200	148.08399999999997	22.387999999999998
31500	150.818	22.524
31800	145.348	22.726
32100	138.316	22.75
32400	134.40800000000002	22.762
32700	124.64000000000001	22.662000000000003
33000	131.67200000000003	22.56
33300	132.454	22.572
33600	124.63799999999999	22.688
33900	122.68599999999999	22.738
34200	116.826	22.851999999999997
34500	116.436	22.913999999999998
34800	116.04400000000001	23.212
35100	114.874	22.998
35400	157.07199999999997	22.048000000000002
35700	202.78400000000002	21.236
36000	116.04400000000001	20.802
36300	116.826	20.838
36600	120.34400000000001	21.286
36900	122.68799999999999	22.0
37200	117.998	22.5
37500	126.59199999999998	23.024
37800	128.546	23.538
38100	137.924	23.976
38400	378.216	24.574
38700	295.774	25.25
39000	386.03200000000004	26.312
39300	564.202	27.924
39600	555.996	29.526
39900	541.5400000000001	32.224000000000004
40200	500.512	35.525999999999996
40500	475.11800000000005	38.174
40800	491.526	39.660000000000004
41100	278.194	39.586
41400	321.562	38.602
41700	480.196	38.55
42000	515.358	39.524
42300	571.2320000000001	39.938
42600	574.75	41.212
42900	550.1359999999999	41.676
43200	576.702	42.136
43500	559.9019999999999	43.664
43800	581.784	43.964
44100	520.8320000000001	44.912
44400	568.888	45.348
44700	576.3140000000001	45.05
45000	684.542	44.798
45300	670.0840000000001	45.788
45600	747.448	47.674
45900	734.944	49.352
46200	682.9799999999999	49.636
46500	590.768	48.612
46800	473.9459999999999	47.6
47100	481.3660000000001	46.036
47400	449.328	45.074
47700	375.484	43.538
48000	471.68777777777774	40.632
48300	541.1479999999999	39.701
48600	582.5620000000001	39.064
48900	617.728	40.214
49200	671.26	43.327999999999996
49500	640.392	45.05
49800	623.5899999999999	45.94
50100	573.9680000000001	46.75
50400	572.798	47.3
50700	550.524	47.388
51000	501.294	46.138
51300	463.396	44.924
51600	441.12399999999997	44.562
51900	436.826	44.25
52200	458.70599999999996	43.524
52500	392.284	42.914
52800	389.93999999999994	42.426
53100	360.63399999999996	42.162
53400	581.002	41.275999999999996
53700	739.6320000000001	43.476
54000	647.814	46.386
54300	459.09399999999994	47.214
54600	413.77400000000006	46.474000000000004
54900	237.95	45.412
55200	189.11	42.624
55500	260.21999999999997	40.552
55800	437.60600000000005	40.05
56100	400.096	40.712
56400	462.61400000000003	40.576
56700	515.75	41.15
57000	559.122	41.488
57300	336.018	41.724000000000004
57600	237.55599999999998	40.788
57900	221.148	39.512
58200	309.44999999999993	38.336
58500	283.274	37.612
58800	348.914	36.928
59100	308.668	37.188
59400	253.18800000000002	37.39
59700	272.72200000000004	37.012
60000	420.026	37.038
60300	436.828	38.212
60600	418.4620000000001	39.278
60900	332.504	39.612
61200	376.264	39.498000000000005
61500	352.04	39.352
61800	301.246	39.162
62100	208.254	38.45
62400	241.856	37.112
62700	234.82200000000003	35.976
63000	220.756	35.212
63300	212.554	34.95
63600	195.748	34.476
63900	190.668	33.838
64200	189.108	32.962
64500	178.948	32.5
64800	160.978	32.212
65100	218.804	31.951999999999998
65400	339.14399999999995	32.275999999999996
65700	338.754	33.428
66000	327.03200000000004	34.362
66300	245.37199999999999	34.812
66600	204.738	34.612
66900	175.82600000000002	33.8
67200	173.08999999999997	32.962
67500	167.618	32.374
67800	170.748	31.912
68100	145.34799999999998	31.436
68400	119.56000000000002	30.15
68700	117.7757142857143	28.535714285714285
69000	99.048	27.71
69300	87.71600000000001	27.645
69600	78.53399999999999	27.236
69900	63.688	26.938
70200	61.346000000000004	26.624000000000002
70500	57.04600000000001	26.276
70800	55.480000000000004	25.976
71100	58.998000000000005	25.75
71400	54.31	25.535999999999998
71700	54.31	25.376
72000	44.15	25.212
72300	35.554	24.988
72600	31.258000000000003	24.75
72900	25.395999999999997	24.438
73200	16.409999999999997	24.136000000000003
73500	16.41	23.875999999999998
73800	15.238	23.636000000000003
74100	3.5159999999999996	23.401999999999997
74400	3.5159999999999996	23.124000000000002
74700	3.1260000000000003	22.887999999999998
75000	0.0	22.662
75300	0.0	22.438
75600	0.0	22.124000000000002
75900	0.0	21.864
76200	0.0	21.636000000000003
76500	0.0	21.426
76800	0.0	21.2
77100	0.0	21.035999999999998
77400	0.0	20.916
77700	0.0	20.738
78000	0.0	20.572
78300	0.0	20.439999999999998
78600	0.0	20.3
78900	0.0	20.238
79200	0.0	20.110000000000003
79500	0.0	20.06
79800	0.0	20.048
80100	0.0	20.012
80400	0.0	19.976
80700	0.0	19.951999999999998
81000	0.0	19.902
81300	0.0	19.45
81600	0.0	18.912
81900	0.0	18.802
82200	0.0	19.098000000000003
82500	0.0	19.302
82800	0.0	19.44
83100	0.0	19.524
83400	0.0	19.636
83700	0.0	19.762
84000	0.0	19.823999999999998
84300	0.0	19.865999999999996
84600	0.0	19.94
84900	0.0	19.94
85200	0.0	19.94
85500	0.0	19.964000000000002
85800	0.0	19.988
86100	0.0	19.976
86400	0.0	19.94
86700	0.0	19.904
87000	0.0	19.81
87300	0.0	19.762
87600	0.0	19.69
87900	0.0	19.662000000000003
88200	0.0	19.596
88500	0.0	19.572
88800	0.0	19.464
89100	0.0	19.404
89400	0.0	19.31
89700	0.0	19.195714285714285
90000	0.0	19.148000000000003
90300	0.0	19.06375
90600	0.0	18.904
90900	0.0	18.838
91200	0.0	18.762
91500	0.0	18.726
91800	0.0	18.598000000000003
92100	0.0	18.427999999999997
92400	0.0	18.298
92700	0.0	18.188
93000	0.0	18.12
93300	0.0	18.06
93600	0.0	17.964
93900	0.0	17.916
94200	0.0	17.892
94500	0.0	17.952
94800	0.0	18.012
95100	0.0	18.06
95400	0.0	18.0
95700	0.0	17.964
96000	0.0	17.928
96300	0.0	17.826
96600	0.0	17.726
96900	0.0	17.572
97200	0.0	17.451999999999998
97500	0.0	17.3
97800	0.0	17.174
98100	0.0	17.108
98400	0.0	17.012
98700	0.0	16.89
99000	0.0	16.686
99300	0.0	16.512
99600	0.0	16.338
99900	0.0	16.188
100200	0.0	16.072
100500	0.0	15.916
100800	0.0	15.866
101100	0.0	15.762
101400	0.0	15.75
101700	0.0	15.713999999999999
102000	0.0	15.662
102300	0.0	15.725999999999999
102600	0.0	15.75
102900	0.0	15.701999999999998
103200	0.0	15.62
103500	0.0	15.536000000000001
103800	0.0	15.451999999999998
104100	0.0	15.252
104400	0.0	14.723999999999998
104700	0.0	14.42
106200	0.0	15.19
106500	0.0	15.286000000000001
106800	18.362000000000002	15.428
107100	21.880000000000003	15.597999999999999
107400	25.786	15.8
107700	27.740000000000002	15.939999999999998
108000	30.866000000000003	16.036
108300	34.774	16.122
108600	38.68	16.202
108900	48.452	16.3
109200	47.275999999999996	16.452
109500	53.918000000000006	16.61
109800	58.608000000000004	16.788
110100	66.422	17.024
110400	73.454	17.276
110700	74.56333333333333	17.57166666666667
111000	78.70285714285714	17.877142857142857
111300	75.8	18.174
111600	84.002	18.413999999999998
111900	75.408	18.572000000000003
112200	74.23599999999999	18.662
112500	71.89599999999999	18.69
112800	68.378	18.648000000000003
113100	67.98599999999999	18.56
113400	58.998000000000005	18.464
113700	61.343999999999994	18.326
114000	59.782000000000004	18.25
114300	73.848	18.25
114600	84.786	18.363999999999997
114900	89.476	18.574
115200	95.724	18.826
115500	112.526	19.136000000000003
115800	123.076	19.526
116100	121.90599999999999	19.887999999999998
116400	123.85999999999999	20.276
116700	132.45000000000002	20.674
117000	133.62800000000001	21.0
117300	134.018	21.314
117600	140.662	21.548000000000002
117900	143.394	21.826
118200	148.474	22.238
118500	152.38	22.536
118800	149.64600000000002	22.662
119100	157.45999999999998	22.826
119400	148.864	22.848000000000003
119700	154.726	22.176
120000	153.94400000000002	21.488
120300	150.036	21.198
120600	142.61200000000002	21.148
120900	136.36399999999998	21.887999999999998
121200	129.718	22.413999999999998
121500	126.202	22.636
121800	154.72599999999997	22.738
122100	243.81200000000004	22.851999999999997
122400	146.91000000000003	23.098000000000003
122700	137.92400000000004	23.375999999999998
123000	142.612	23.636
123300	156.678	23.875999999999998
123600	168.00799999999998	24.3
123900	193.408	24.887999999999998
124200	213.334	25.662
124500	216.45999999999998	26.438
124800	261.392	26.938
125100	276.236	27.35
125400	260.61	27.762
125700	472.7700000000001	28.338
126000	610.3019999999999	29.589999999999996
126300	541.928	32.488
126600	463.78599999999994	35.224000000000004
126900	434.48199999999997	36.94
127200	447.37600000000003	37.812
127500	598.192	39.088
127800	581.0020000000001	41.214
128100	432.918	42.236000000000004
128400	339.144	41.636
128700	327.81399999999996	40.8
129000	321.95399999999995	39.712
129300	353.99399999999997	38.936
129600	412.6	37.964
129900	476.68	37.774
130200	406.35	38.574
130500	395.8	38.598
130800	446.20200000000006	39.0
131100	539.588	39.54
131400	400.488	40.786
131700	425.8866666666666	40.82333333333333
132000	437.21500000000003	41.05
132300	398.5344444444445	41.25888888888889
132600	426.668	40.664
132900	395.8	40.536
133200	528.644	40.462
133500	590.378	39.71
133800	444.246	39.326
134100	407.91200000000003	38.138
134400	418.85	37.724000000000004
134700	459.486	39.25
135000	350.47400000000005	39.976
135300	348.912	39.552
135600	444.642	39.326
135900	530.206	40.11
136200	576.312	41.612
136500	566.5440000000001	43.348
136800	437.216	44.614
137100	413.7700000000001	44.362
137400	486.84	43.738
137700	488.7900000000001	42.738
138000	596.6299999999999	42.775999999999996
138300	570.8399999999999	43.588
138600	609.5240000000001	44.25
138900	636.8720000000001	44.263999999999996
139200	709.938	45.65
139500	691.182	47.552
139800	687.278	48.736000000000004
140100	620.852	49.072
140400	581.7819999999999	48.376
140700	657.19	47.712
141000	643.9080000000001	48.036
141300	657.972	48.05
141600	651.3320000000001	48.488
141900	621.246	49.876
142200	587.644	49.888
142500	609.5260000000001	49.124
142800	611.476	49.164
143100	638.0440000000001	50.012
143400	629.45	50.8
143700	613.038	50.364
144000	600.144	50.588
144300	555.606	50.35
144600	521.6119999999999	49.45
144900	494.65200000000004	48.788
145200	424.71400000000006	46.864
145500	579.438	45.984
145800	539.586	46.112
146100	555.996	46.05
146400	527.082	45.95
146700	513.404	46.126
147000	532.162	45.262
147300	524.7360000000001	45.436
147600	516.142	45.75
147900	504.0299999999999	45.774
148200	491.918	45.45
148500	446.592	44.138
148800	441.12399999999997	42.838
149100	366.89	42.174
149400	349.69599999999997	40.652
149700	415.73	40.012
150000	387.594	40.138
150300	382.514	39.75
150600	350.866	38.876
150900	285.226	38.75
151200	231.30599999999995	38.074
151500	159.022	37.1
151800	185.592	35.848
152100	251.62199999999999	34.626
152400	356.726	34.626
152700	355.16400000000004	35.178
153000	232.86899999999997	35.281
153300	198.18000000000004	34.57555555555555
153600	170.744	32.574
153900	219.97600000000003	31.927999999999997
154200	228.57200000000003	31.865999999999996
154500	176.21200000000002	31.776
154800	146.52000000000004	31.3
155100	184.42	30.913999999999998
155400	201.612	30.714
155700	201.612	30.674
156000	197.314	30.607999999999997
156300	148.86399999999998	30.438
156600	144.56599999999997	30.0
156900	121.12200000000003	29.512
157200	126.202	29.012
157500	99.244	28.538
157800	68.376	27.824
158100	86.73800000000001	26.912
158400	54.31	26.15
158700	53.138	25.424
159000	44.541999999999994	24.812
159300	33.992	24.262
159600	28.912	23.75
159900	26.176	23.3
160200	21.488	22.851999999999997
160500	20.318	22.412
160800	8.203999999999999	22.062
161100	3.1260000000000003	21.75
161400	3.1260000000000003	21.438
161700	0.0	21.186
162000	0.0	20.875999999999998
162300	0.0	20.648000000000003
162600	0.0	20.387999999999998
162900	0.0	20.148000000000003
163200	0.0	19.887999999999998
163500	0.0	19.624000000000002
163800	0.0	19.439999999999998
164100	0.0	19.262
164400	0.0	19.096
164700	0.0	18.976
165000	0.0	18.916
165300	0.0	18.762
165600	0.0	18.636000000000003
165900	0.0	18.464
166200	0.0	18.326
166500	0.0	18.2
166800	0.0	18.035999999999998
167100	0.0	17.904
167400	0.0	17.774
167700	0.0	17.636000000000003
168000	0.0	17.439999999999998
168300	0.0	17.274
168600	0.0	17.136000000000003
168900	0.0	17.06
169200	0.0	16.976
169500	0.0	16.8
169800	0.0	16.701999999999998
170100	0.0	16.676000000000002
170400	0.0	16.584
170700	0.0	16.598
171000	0.0	16.738
171300	0.0	16.75
171600	0.0	16.762
171900	0.0	16.838
172200	0.0	16.865999999999996
172500	0.0	16.94
172800	0.0	16.94
173100	0.0	16.892
173400	0.0	16.838
173700	0.0	16.74142857142857
174000	0.0	16.681
174300	0.0	16.669
174600	0.0	16.69
174900	0.0	16.75
175200	0.0	16.81
175500	0.0	16.81
175800	0.0	16.81
176100	0.0	16.81
176400	0.0	16.81
176700	0.0	16.762
177000	0.0	16.701999999999998
177300	0.0	16.648000000000003
177600	0.0	16.584
177900	0.0	16.476
178200	0.0	16.352
178500	0.0	16.226
178800	0.0	16.176000000000002
179100	0.0	16.12
179400	0.0	16.012
179700	0.0	15.940000000000001
180000	0.0	15.940000000000001
180300	0.0	15.940000000000001
180600	0.0	15.988
180900	0.0	16.096
181200	0.0	16.12
181500	0.0	16.12
181800	0.0	16.084
182100	0.0	15.988
182400	0.0	15.928
182700	0.0	15.812000000000001
183000	0.0	15.7
183300	0.0	15.5
183600	0.0	15.276
183900	0.0	15.084
184200	0.0	14.963999999999999
184500	0.0	14.904
184800	0.0	14.88
185100	0.0	15.0
185400	0.0	14.864
185700	0.0	14.547999999999998
186000	0.0	14.302000000000001
186300	0.0	14.038
186600	0.0	14.024000000000001
186900	0.0	14.148
187200	0.0	14.376
187500	0.0	14.548000000000002
187800	0.0	14.75
188100	0.0	14.963999999999999
188400	0.0	15.072
188700	0.0	15.187999999999999
189000	0.0	15.286000000000001
189300	0.0	15.38
189600	0.0	15.439999999999998
189900	0.0	15.524000000000001
190200	0.0	15.596
190500	0.0	15.725999999999999
190800	0.0	15.809999999999999
191100	0.0	15.895
192600	0.0	16.166666666666668
192900	0.0	16.162
193200	0.0	16.162000000000003
193500	0.0	16.148
193800	0.0	16.214000000000002
194100	0.0	16.286
194400	0.0	16.38
194700	0.0	16.324
195000	0.0	16.323999999999998
195300	0.0	16.416
195600	16.8	16.464
195900	25.398	16.548000000000002
196200	23.831999999999997	16.776
196500	14.456	16.94
196800	10.55	17.0
197100	4.688000000000001	17.060000000000002
197400	9.378	17.162
197700	4.298	17.202
198000	7.031999999999999	17.25
198300	4.298	17.25
198600	16.8	17.298000000000002
198900	11.329999999999998	17.31
199200	3.1260000000000003	17.31
199500	9.768	17.337999999999997
199800	4.298	17.404
200100	12.501999999999999	17.464000000000002
200400	11.329999999999998	17.5
200700	9.768	17.312
201000	19.534	16.738
201300	16.799999999999997	15.9
201600	20.315999999999995	15.138
201900	25.786	14.538
202200	27.741999999999997	14.788
202500	45.324	15.262
202800	52.75	15.812000000000001
203100	55.484	16.387999999999998
203400	63.69	16.936
203700	75.01599999999999	17.5
204000	85.95599999999999	18.15
204300	107.44800000000001	18.85
204600	128.93800000000002	19.648000000000003
204900	137.144	20.514000000000003
205200	128.154	21.188
205500	126.98400000000001	21.662
205800	173.86999999999998	21.939999999999998
206100	179.732	22.689999999999998
206400	170.35399999999998	22.814
206700	175.824	22.762
207000	204.348	23.4
207300	245.76400000000004	24.348000000000003
207600	193.01799999999997	25.412
207900	192.62399999999997	25.788
208200	186.372	26.072000000000003
208500	179.73000000000002	26.024
208800	200.44	26.062
209100	256.312	26.336000000000002
209400	247.32799999999997	26.559999999999995
209700	220.36600000000004	26.738
210000	263.344	27.136000000000003
210300	289.134	27.75
210600	272.72400000000005	28.373999999999995
210900	257.486	28.75
211200	283.664	29.038
211500	243.41799999999998	28.862000000000002
211800	445.81000000000006	29.1
212100	367.66600000000005	29.624000000000002
212400	475.116	30.474
212700	541.536	31.252
213000	444.64	32.786
213300	465.736	32.976
213600	609.524	33.462
213900	452.454	34.186
214200	438.7780000000001	33.698
214500	649.7679999999999	34.662
214800	509.5	37.212
215100	397.364	36.862
215400	307.1499999999999	34.27111111111111
215700	293.6259999999999	33.319
216000	306.49999999999994	32.69555555555556
216300	250.842	32.724000000000004
216600	238.72999999999996	31.938
216900	176.604	31.124000000000002
217200	190.28000000000003	29.988
217500	298.12	29.439999999999998
217800	402.832	30.198
218100	255.52999999999997	31.139999999999997
218400	137.534	30.613999999999997
218700	148.86399999999998	29.04
219000	332.894	28.5
219300	271.162	29.351999999999997
219600	120.34200000000001	28.802000000000003
219900	182.46800000000002	27.824
220200	283.274	27.439999999999998
220500	445.812	28.162
220800	202.78199999999998	29.1
221100	180.12	28.625999999999998
221400	181.29199999999997	26.701999999999998
221700	145.74	25.85
222000	144.176	25.660000000000004
222300	160.97400000000002	25.476
222600	182.856	25.44
222900	207.86400000000003	25.788
223200	217.24	26.2
223500	151.6	26.314
223800	188.71800000000002	25.976
224100	258.658	25.938
224400	191.454	26.201999999999998
224700	308.27799999999996	26.274
225000	192.624	26.788
225300	130.892	26.35
225600	131.674	25.396
225900	144.95600000000002	25.12
226200	195.748	25.060000000000002
226500	216.07	25.387999999999998
226800	175.43200000000002	25.724
227100	186.764	25.378
227400	177.77599999999998	25.25
227700	116.824	24.874000000000002
228000	104.71399999999998	24.201999999999998
228300	96.116	23.514
228600	50.012	22.738
228900	45.714	21.512
229200	53.138	20.424
229500	69.158	19.512
229800	88.30199999999999	19.024
230100	102.758	19.412
230400	87.912	19.724
230700	89.47400000000002	20.0
231000	87.522	20.124
231300	83.61399999999999	20.214
231600	52.358000000000004	20.326
231900	35.166000000000004	19.986
232200	26.955999999999996	19.588
232500	15.627999999999997	19.212
232800	31.646000000000004	18.976
233100	44.932	18.826
233400	42.980000000000004	18.904
233700	25.786	18.866
234000	23.052	18.698
234300	3.1260000000000003	18.426
234600	0.0	17.887999999999998
234900	7.4239999999999995	17.188
235200	23.833999999999996	16.662
235500	37.897999999999996	16.476
235800	45.714	16.586000000000002
236100	39.39666666666667	16.790000000000003
236400	38.486	16.863999999999997
236700	40.438	16.941000000000003
237000	27.740000000000002	16.974
237300	12.894	16.6
237600	0.0	16.064
237900	0.0	15.225999999999999
238200	0.0	14.538
238500	3.1260000000000003	14.262
238800	16.018	14.138
239100	20.317999999999998	13.940000000000001
239400	11.332	13.824000000000002
239700	3.5159999999999996	13.762
240000	0.0	13.713999999999999
240300	0.0	13.61
240600	0.0	13.512
240900	4.688000000000001	13.5
241200	3.1260000000000003	13.463999999999999
241500	0.0	13.38
241800	0.0	13.312000000000001
242100	0.0	13.175999999999998
242400	0.0	13.012
242700	6.252000000000001	12.89
243000	6.252000000000001	12.648
243300	0.0	12.463999999999999
243600	0.0	12.352
243900	3.1260000000000003	12.262
244200	0.0	12.201999999999998
244500	0.0	12.148
244800	0.0	12.096
245100	0.0	12.024000000000001
245400	0.0	11.988
245700	0.0	11.94
246000	0.0	11.612
246300	0.0	10.964
246600	0.0	10.526
246900	3.1260000000000003	10.225999999999999
247200	3.1260000000000003	10.133999999999999
247500	0.0	10.524
247800	0.0	10.926
248100	0.0	11.148
248400	0.0	11.312000000000001
248700	0.0	11.44
249000	0.0	11.536000000000001
249300	0.0	11.56
249600	0.0	11.596
249900	0.0	11.596
250200	0.0	11.596
250500	0.0	11.512
250800	0.0	11.475999999999999
251100	0.0	11.38
251400	0.0	11.25
251700	0.0	11.19
252000	0.0	11.262
252300	0.0	11.298000000000002
252600	0.0	11.416
252900	0.0	11.352
253200	0.0	11.286
253500	0.0	11.2
253800	0.0	11.047999999999998
254100	0.0	10.812000000000001
254400	0.0	10.673999999999998
254700	0.0	10.686
255000	0.0	10.940000000000001
255300	0.0	11.11
255600	0.0	11.238
255900	0.0	11.213999999999999
256200	0.0	11.072
256500	0.0	10.902000000000001
256800	0.0	10.774000000000001
257100	0.0	10.678571428571429
257400	0.0	10.552999999999999
257700	0.0	10.434444444444445
258000	0.0	10.212
258300	0.0	10.072
258600	0.0	9.902000000000001
258900	0.0	9.762
259200	0.0	9.687999999999999
259500	0.0	9.62
259800	0.0	9.584
260100	0.0	9.476
260400	0.0	9.036
260700	0.0	8.55
261000	0.0	8.213999999999999
261300	0.0	7.974000000000001
261600	0.0	7.686
261900	0.0	7.634
262200	0.0	7.8
262500	0.0	7.976000000000001
262800	0.0	8.024000000000001
263100	0.0	8.096
263400	0.0	8.096
263700	0.0	8.084
264000	0.0	8.19
264300	0.0	8.161999999999999
264600	0.0	8.148
264900	0.0	8.238
265200	0.0	8.225999999999999
265500	0.0	8.262
265800	0.0	8.416
266100	0.0	8.464
266400	0.0	8.536000000000001
266700	0.0	8.536000000000001
267000	0.0	8.440000000000001
267300	0.0	8.312000000000001
267600	0.0	8.201999999999998
267900	0.0	8.288
268200	0.0	8.547999999999998
268500	0.0	8.675999999999998
268800	0.0	8.702
269100	0.0	8.864
269400	0.0	9.036000000000001
269700	0.0	9.16
270000	0.0	9.338000000000001
270300	0.0	9.475999999999999
270600	0.0	9.512
270900	0.0	9.572
271200	0.0	9.607999999999999
271500	0.0	9.648
271800	0.0	9.69
272100	0.0	9.738
272400	0.0	9.798000000000002
272700	0.0	9.762
273000	0.0	9.798
273300	0.0	9.524
273600	0.0	9.05
273900	0.0	8.686
274200	0.0	8.362
274500	0.0	8.2
274800	0.0	8.072
275100	0.0	8.34
275400	0.0	8.574
275700	0.0	8.762
276000	0.0	8.952
276300	0.0	9.123999999999999
276600	0.0	9.262
276900	0.0	9.366000000000001
277200	0.0	9.44
277500	0.0	9.512
277800	0.0	9.5
279000	0.0	9.709999999999999
279300	0.0	9.725999999999999
279600	0.0	9.774000000000001
279900	0.0	9.838000000000001
280200	4.688000000000001	9.916
280500	9.768	10.012
280800	12.111999999999998	10.096
281100	16.802	10.262
281400	19.926	10.389999999999999
281700	23.442	10.586
282000	32.818	10.814
282300	32.818	11.012
282600	32.82	11.148
282900	31.256	11.25
283200	31.258000000000003	11.378
283500	30.086000000000002	11.464
283800	36.728	11.488
284100	54.7	11.276
284400	49.232	10.988000000000001
284700	50.402	10.724
285000	61.343999999999994	10.511999999999999
285300	66.816	10.416
285600	69.15799999999999	10.674
285900	71.112	11.164
286200	78.922	11.511999999999999
286500	89.082	11.912
286800	90.64599999999999	12.352
287100	85.95599999999999	12.724
287400	82.83	12.951999999999998
287700	82.44	13.084
288000	95.726	13.314000000000002
288300	105.88399999999999	13.547999999999998
288600	102.758	13.826000000000002
288900	97.678	14.072
289200	106.27799999999999	14.238
289500	120.73400000000001	14.376
289800	120.734	14.662
290100	116.04400000000001	14.866
290400	132.846	15.024000000000001
290700	129.718	15.201999999999998
291000	138.31599999999997	15.324000000000002
291300	140.66	15.404
291600	142.61399999999998	15.488
291900	146.52	15.764
292200	139.48600000000002	16.1
292500	151.6	16.536
292800	150.42400000000004	16.838
293100	148.47400000000002	16.892
293400	143.394	16.976
293700	163.70999999999998	17.096
294000	187.154	17.264
294300	209.426	17.726
294600	217.632	18.236
294900	208.256	18.25
295200	198.48399999999998	18.122000000000003
295500	205.12800000000001	17.915999999999997
295800	198.876	17.762
296100	213.72600000000003	17.512
296400	216.852	18.137999999999998
296700	226.228	18.810000000000002
297000	218.02200000000002	19.377999999999997
297300	252.406	19.526000000000003
297600	267.25199999999995	20.310000000000002
297900	259.44	20.887999999999998
298200	235.996	21.387999999999998
298500	216.458	21.366
298800	199.51125	20.985000000000003
299100	205.325	20.786
299400	202.58800000000002	20.705000000000002
299700	209.035	20.645
300000	203.564	20.701999999999998
300300	201.614	20.726
300600	161.366	20.698
300900	160.586	20.488
301200	204.736	20.327999999999996
301500	214.11599999999999	20.375999999999998
301800	221.538	20.774
302100	222.31799999999998	21.062
302400	213.334	21.462
302700	149.256	21.598000000000003
303000	128.94	21.002
303300	157.45999999999998	19.887999999999998
303600	203.956	18.964
303900	245.762	18.562
304200	277.02	18.85
304500	286.78799999999995	19.474
304800	570.058	20.762
305100	685.714	25.55
305400	395.01800000000003	29.4
305700	350.868	30.062
306000	219.58399999999997	30.064
306300	177.38600000000002	28.426
306600	143.002	27.139999999999997
306900	135.58	25.624000000000002
307200	146.91	24.54
307500	159.804	23.698
307800	205.91	23.264
308100	259.046	23.326
308400	327.034	24.166
308700	371.576	25.500000000000004
309000	669.306	27.238
309300	563.028	31.112000000000002
309600	252.01399999999998	32.472
309900	182.464	31.314
310200	153.554	29.662
310500	176.214	27.688
310800	196.922	26.274
311100	212.554	25.21
311400	209.03599999999997	24.738
311700	214.11599999999999	24.576
312000	219.586	24.362
312300	252.01400000000004	24.560000000000002
312600	291.088	24.912
312900	361.026	26.060000000000002
313200	427.446	27.686
313500	440.342	29.324
313800	543.494	29.875999999999998
314100	382.124	29.851999999999997
314400	344.6139999999999	28.938
314700	421.976	27.886000000000003
315000	835.36	29.174
315300	670.868	32.874
315600	476.67999999999995	35.812
315900	455.5799999999999	35.964
316200	447.76599999999996	35.512
316500	374.70199999999994	34.686
316800	263.736	33.712
317100	580.61	32.9
317400	657.192	34.775999999999996
317700	632.576	36.001999999999995
318000	527.472	37.562
318300	636.0899999999999	38.024
318600	475.116	37.8
318900	666.9599999999999	37.076
319200	633.356	38.048
319500	491.916	39.062
319800	550.5260000000001	38.686
320100	457.534	38.661
320400	316.15833333333336	36.88666666666666
320700	166.836	33.924
321000	550.5260000000001	32.602
321300	526.3	33.474000000000004
321600	446.20200000000006	34.138
321900	485.66400000000004	34.898
322200	458.316	35.474000000000004
322500	419.6360000000001	35.424
322800	430.96400000000006	34.763999999999996
323100	421.196	34.938
323400	411.428	34.44
323700	395.406	34.426
324000	378.21799999999996	34.016
324300	362.198	32.076
324600	348.912	30.488
324900	336.802	29.25
325200	325.86	27.988
325500	311.404	27.185999999999996
325800	304.76	27.564
326100	288.352	27.613999999999997
326400	237.558	27.324
326700	262.174	26.887999999999998
327000	248.49799999999996	26.326
327300	241.46599999999998	26.288
327600	169.18	25.988
327900	179.33999999999997	24.824
328200	203.568	24.288
328500	187.15400000000002	23.9
328800	142.22	23.538
329100	161.758	22.887999999999998
329400	147.692	22.248
329700	137.53400000000005	21.724
330000	125.42	21.186
330300	113.30800000000002	20.588
330600	111.748	19.860000000000003
330900	94.554	19.288
331200	84.00399999999999	18.65
331500	82.05	18.0
331800	47.275999999999996	17.35
332100	35.162	16.65
332400	30.863999999999997	15.975999999999999
332700	23.833999999999996	15.436000000000002
333000	23.834000000000003	14.95
333300	16.802	14.514
333600	8.596	14.124
333900	3.1260000000000003	13.75
334200	0.0	13.45
334500	0.0	13.148
334800	0.0	12.925999999999998
335100	0.0	12.61
335400	0.0	12.261999999999999
335700	0.0	11.472
336000	0.0	10.75
336300	0.0	10.187999999999999
336600	0.0	9.65
336900	0.0	9.239999999999998
337200	0.0	9.136
337500	0.0	9.012
337800	0.0	9.0
338100	0.0	9.123999999999999
338400	0.0	9.225999999999999
338700	0.0	9.225999999999999
339000	0.0	9.25
339300	0.0	9.202
339600	0.0	9.175999999999998
339900	0.0	9.202
340200	0.0	9.148
340500	0.0	9.175999999999998
340800	0.0	9.206
341100	0.0	9.22888888888889
341400	0.0	9.225999999999999
341700	0.0	9.213999999999999
342000	0.0	9.187999999999999
342300	0.0	9.148
342600	0.0	9.19
342900	0.0	9.133999999999999
343200	0.0	9.048
343500	0.0	8.904
343800	0.0	8.814
344100	0.0	8.661999999999999
344400	0.0	8.584
344700	0.0	8.56
345000	0.0	8.596
345300	0.0	8.66
345600	0.0	8.786000000000001
345900	0.0	8.762
346200	0.0	8.748
346500	0.0	8.388000000000002
346800	0.0	8.014
347100	0.0	7.662000000000001
347400	0.0	7.302
347700	0.0	7.023999999999999
348000	0.0	6.94
348300	0.0	7.0
348600	0.0	7.122
348900	0.0	7.273999999999999
349200	0.0	7.351999999999999
349500	0.0	7.428
349800	0.0	7.4159999999999995
350100	0.0	7.38
350400	0.0	7.44
350700	0.0	7.548
351000	0.0	7.7
351300	0.0	7.648000000000001
351600	0.0	7.62
351900	0.0	7.662000000000001
352200	0.0	7.69
352500	0.0	7.662000000000001
352800	0.0	7.5120000000000005
353100	0.0	7.476000000000001
353400	0.0	7.452
353700	0.0	7.464
354000	0.0	7.452000000000001
354300	0.0	7.5
354600	0.0	7.595999999999999
354900	0.0	7.634
355200	0.0	7.676
355500	0.0	7.676
355800	0.0	7.688
356100	0.0	7.726000000000001
356400	0.0	7.7
356700	0.0	7.7379999999999995
357000	0.0	7.648000000000001
357300	0.0	7.462000000000001
357600	0.0	7.112
357900	0.0	6.814
358200	0.0	6.523999999999999
358500	0.0	6.363999999999999
358800	0.0	6.238
359100	0.0	6.0600000000000005
359400	0.0	5.901999999999999
359700	0.0	5.928000000000001
360000	0.0	6.0600000000000005
360300	0.0	6.176
360600	0.0	6.297999999999999
360900	0.0	6.378
361200	0.0	6.523999999999999
361500	0.0	6.674444444444443
361800	0.0	6.807999999999998
362100	0.0	6.855555555555555
362400	0.0	7.098000000000001
362700	0.0	7.174000000000001
363000	0.0	7.174000000000001
363300	0.0	7.124
363600	0.0	7.19
365400	0.0	7.09
365700	3.1260000000000003	6.973999999999999
366000	9.768	6.5120000000000005
366300	3.1260000000000003	6.1240000000000006
366600	16.41	5.863999999999999
366900	13.283999999999997	5.738
367200	19.145999999999997	5.69
367500	19.144	5.8999999999999995
367800	25.784	6.35
368100	31.648000000000003	6.938
368400	32.818	7.412000000000001
368700	33.989999999999995	7.814
369000	26.176	7.976000000000001
369300	30.476	8.06
369600	32.82000000000001	8.133999999999999
369900	41.416	8.226
370200	34.769999999999996	8.392000000000001
370500	27.740000000000002	8.452
370800	33.989999999999995	8.597999999999999
371100	31.65	8.75
371400	32.038	8.786
371700	31.258	8.81
372000	35.164	8.88
372300	58.60799999999999	9.012
372600	36.727999999999994	9.2
372900	37.118	9.412
373200	37.900000000000006	9.648
373500	39.464	9.786000000000001
373800	40.636	9.904
374100	35.164	9.975999999999999
374400	38.29	10.036000000000001
374700	40.24400000000001	10.161999999999999
375000	41.806	10.276
375300	77.752	10.427999999999999
375600	53.138	10.536000000000001
375900	46.496	10.674
376200	50.402	10.840000000000002
376500	48.842	10.788
376800	60.95399999999999	10.713999999999999
377100	48.058	10.685999999999998
377400	48.45	10.547999999999998
377700	43.762	10.511999999999999
378000	58.60799999999999	10.876000000000001
378300	108.62	11.212
378600	91.42800000000001	11.873999999999999
378900	61.34599999999999	12.738000000000001
379200	81.66	13.012
379500	62.903999999999996	13.326000000000002
379800	57.826	13.597999999999999
380100	58.60600000000001	13.901999999999997
380400	59.0	14.185999999999998
380700	60.172000000000004	14.5
381000	62.513999999999996	14.788
381300	118.388	15.012
381600	86.73999999999998	15.212
381900	79.445	15.717142857142857
382200	93.578	16.131
382500	105.68700000000001	16.499000000000002
382800	130.89000000000001	17.345
383100	122.298	18.162
383400	234.042	18.538000000000004
383700	228.964	19.576
384000	380.16999999999996	21.201999999999998
384300	555.994	22.376
384600	695.872	23.936
384900	636.092	26.797999999999995
385200	151.20999999999998	28.176
385500	381.73400000000004	27.362000000000002
385800	783.0020000000001	29.348000000000003
386100	397.756	31.836000000000002
386400	654.4559999999999	32.05
386700	236.388	32.36
387000	811.918	32.4
387300	582.956	35.160000000000004
387600	299.28999999999996	35.736000000000004
387900	518.4860000000001	35.774
388200	618.12	36.102
388500	710.33	37.724000000000004
388800	715.0179999999999	39.986000000000004
389100	724.3979999999999	41.410000000000004
389400	724.786	42.452
389700	740.0240000000001	43.786
390000	578.658	44.862
390300	744.716	43.462
390600	790.0360000000001	43.476
390900	836.14	45.11
391200	835.358	46.272000000000006
391500	414.946	46.45
391800	691.966	45.474000000000004
392100	455.58000000000004	44.7
392400	251.62599999999998	43.564
392700	624.762	41.25
393000	533.7239999999999	41.352
393300	799.024	41.248000000000005
393600	814.652	42.548
393900	740.806	44.224000000000004
394200	740.0260000000001	44.614
394500	425.1039999999999	45.826
394800	543.1020000000001	44.010000000000005
395100	576.312	42.44
395400	781.83	43.013999999999996
395700	893.9680000000001	44.46
396000	455.188	45.388
396300	345.78599999999994	43.574
396600	404.786	40.928000000000004
396900	451.672	38.513999999999996
397200	399.70799999999997	36.336
397500	459.488	34.5
397800	372.74800000000005	33.426
398100	314.53000000000003	32.124
398400	616.556	31.676
398700	555.9939999999999	32.763999999999996
399000	714.2359999999999	35.674
399300	727.91	38.525999999999996
399600	148.082	38.938
399900	532.162	37.024
400200	490.746	37.664
400500	253.96800000000002	38.572
400800	324.686	37.788
401100	759.5600000000001	38.464
401400	787.694	41.29
401700	766.984	43.5
402000	198.096	43.426
402300	244.2	39.976
402600	515.3580000000001	37.888
402900	449.32875	38.0475
403200	646.4459999999999	39.38
403500	658.36375	41.0075
403800	682.198	43.324
404100	664.226	43.336
404400	616.1659999999999	43.474000000000004
404700	596.24	42.525999999999996
405000	593.5020000000001	41.827999999999996
405300	592.33	42.462
405600	599.754	43.074
405900	597.804	42.836
406200	566.1540000000001	42.074
406500	559.122	42.286
406800	536.85	42.612
407100	512.234	41.538
407400	429.012	39.202
407700	490.354	37.138
408000	460.66	35.672000000000004
408300	454.8	34.6
408600	445.422	34.538
408900	433.7	35.074
409200	418.4599999999999	35.926
409500	409.86799999999994	36.524
409800	396.96799999999996	36.5
410100	394.236	35.638
410400	389.548	35.724000000000004
410700	370.79599999999994	35.224000000000004
411000	357.12	34.424
411300	347.742	33.748000000000005
411600	303.98	33.864
411900	248.892	32.974000000000004
412200	313.358	32.536
412500	186.764	32.088
412800	281.71	31.336000000000002
413100	275.454	30.552
413400	274.678	30.062
413700	264.908	29.336000000000002
414000	244.97999999999996	29.162
414300	225.05599999999998	28.874000000000002
414600	217.632	28.614000000000004
414900	185.982	28.076
415200	193.796	27.45
415500	141.048	26.7
415800	169.57	25.986
416100	155.50400000000002	25.574
416400	150.816	25.076
416700	139.096	24.535999999999998
417000	130.89	23.812
417300	116.826	23.15
417600	106.67	22.363999999999997
417900	96.508	21.625999999999998
418200	84.78599999999999	21.062
418500	42.196000000000005	20.375999999999998
418800	34.382000000000005	19.688
419100	24.616000000000003	19.062
419400	19.535999999999998	18.524
419700	15.238	18.112000000000002
420000	10.158	17.51
420300	6.642	16.528
420600	4.298	15.636
420900	0.0	15.173999999999998
421200	0.0	14.788
421500	0.0	14.0
421800	0.0	13.3
422100	0.0	12.664
422400	0.0	12.212
422700	0.0	11.952
423000	0.0	12.024000000000001
423300	0.0	12.0
423600	0.0	11.988
423900	0.0	11.957999999999998
424200	0.0	11.921999999999999
424500	0.0	11.92
424800	0.0	11.852
425100	0.0	11.75
425400	0.0	11.786000000000001
425700	0.0	11.81
426000	0.0	11.774000000000001
426300	0.0	11.675999999999998
426600	0.0	11.62
426900	0.0	11.596
427200	0.0	11.596
427500	0.0	11.56
427800	0.0	11.5
428100	0.0	11.475999999999999
428400	0.0	11.378000000000002
428700	0.0	11.2
429000	0.0	11.048
429300	0.0	10.902000000000001
429600	0.0	10.774000000000001
429900	0.0	10.713999999999999
430200	0.0	10.648
430500	0.0	10.536
430800	0.0	10.475999999999999
431100	0.0	10.338000000000001
431400	0.0	10.262
431700	0.0	10.25
432000	0.0	10.201999999999998
432300	0.0	10.187999999999999
432600	0.0	10.326
432900	0.0	10.574
433200	0.0	10.774000000000001
433500	0.0	10.852
433800	0.0	11.0
434100	0.0	11.123999999999999
434400	0.0	10.924
434700	0.0	10.336
435000	0.0	9.774000000000001
435300	0.0	9.3
435600	0.0	8.9
435900	0.0	8.75
436200	0.0	8.916
436500	0.0	8.963999999999999
436800	0.0	8.892000000000001
437100	0.0	8.866000000000001
437400	0.0	8.725999999999999
437700	0.0	8.714
438000	0.0	8.725999999999999
438300	0.0	8.852
438600	0.0	8.916
438900	0.0	8.928
439200	0.0	8.866000000000001
439500	0.0	8.798
439800	0.0	8.673999999999998
440100	0.0	8.536
440400	0.0	8.392000000000001
440700	0.0	8.286
441000	0.0	8.213999999999999
441300	0.0	8.161999999999999
441600	0.0	8.0
441900	0.0	7.851999999999999
442200	0.0	7.8
442500	0.0	7.636
442800	0.0	7.56
443100	0.0	7.5120000000000005
443400	0.0	7.476000000000001
443700	0.0	7.4159999999999995
444000	0.0	7.378
444300	0.0	7.273999999999999
444600	0.0	7.126249999999999
444900	0.0	7.055
445200	0.0	6.943333333333334
445500	0.0	6.851999999999999
445800	0.0	6.864
446100	0.0	6.6
446400	0.0	6.2
446700	0.0	5.826
447000	0.0	5.5
447300	0.0	5.25
447600	0.0	5.134
447900	0.0	5.134
448200	0.0	5.25
448500	0.0	5.366
448800	0.0	5.5760000000000005
449100	0.0	5.787999999999999
449400	0.0	5.976000000000001
449700	0.0	6.047999999999999
450000	0.0	6.1433333333333335
451800	0.0	6.77
452100	10.158	6.828
452400	8.986	6.904000000000001
452700	20.315999999999995	7.036
453000	13.284	7.122
453300	21.098000000000003	7.176
453600	25.005999999999997	7.188
453900	25.786	7.378
454200	26.568	7.464000000000001
454500	27.742	7.488000000000001
454800	27.742	7.62
455100	29.302000000000003	7.712000000000001
455400	32.428000000000004	7.7620000000000005
455700	32.040000000000006	7.773999999999999
456000	30.086000000000002	7.837999999999999
456300	37.50600000000001	7.904000000000001
456600	34.774	8.0
456900	38.290000000000006	7.962000000000001
457200	38.682	7.6240000000000006
457500	38.682	7.325999999999999
457800	40.24400000000001	7.072
458100	43.368	6.976000000000001
458400	44.92999999999999	6.952000000000001
458700	71.112	7.362
459000	49.622	7.95
459300	46.494	8.488
459600	49.62	8.938
459900	50.794	9.2
460200	48.05800000000001	9.414
460500	50.402	9.75
460800	51.574	10.011999999999999
461100	53.528000000000006	10.326
461400	53.92	10.597999999999999
461700	81.27000000000001	10.814000000000002
462000	55.872	10.988
462300	56.26400000000001	11.174
462600	51.964	11.364
462900	55.482000000000006	11.524
463200	57.436	11.712
463500	55.482000000000006	11.889999999999999
463800	56.656000000000006	12.024000000000001
464100	64.85999999999999	12.250000000000002
464400	114.48400000000001	12.488000000000001
464700	96.506	12.698
465000	81.80749999999998	13.295000000000002
465300	68.37700000000001	13.563999999999998
465600	65.77333333333333	13.738333333333335
465900	66.032	13.916
466200	73.064	14.012
466500	72.674	14.174000000000001
466800	91.42999999999999	14.378
467100	117.99600000000001	14.475999999999999
467400	90.256	14.584
467700	97.286	14.474
468000	80.878	13.975999999999999
468300	81.66	13.586000000000002
468600	86.73799999999999	13.376
468900	124.63799999999999	13.185999999999998
469200	89.86399999999999	13.157999999999998
469500	99.632	13.75
469800	155.50799999999998	14.475999999999999
470100	163.322	15.15
470400	344.224	17.226
470700	628.2760000000001	18.148000000000003
471000	641.174	18.74
471300	644.6879999999999	21.523999999999997
471600	646.2520000000001	25.298000000000002
471900	657.194	29.076
472200	657.582	31.85
472500	673.6	34.076
472800	683.37	36.986000000000004
473100	690.7940000000001	38.786
473400	697.434	40.174
473700	701.344	41.260000000000005
474000	704.076	41.410000000000004
474300	714.2379999999999	42.726
474600	716.972	44.126
474900	705.248	44.826
475200	714.6279999999999	44.586
475500	719.7079999999999	44.312
475800	724.396	44.174
476100	733.3820000000001	45.262
476400	738.85	45.938
476700	741.196	46.462
477000	741.1940000000001	46.498000000000005
477300	746.6659999999999	44.286
477600	745.494	44.114
477900	740.024	44.525999999999996
478200	736.5060000000001	45.034000000000006
478500	734.5540000000001	43.398
478800	744.712	43.788
479100	743.54	45.562
479400	751.7460000000001	46.224000000000004
479700	748.23	45.074
480000	748.2259999999999	43.138
480300	748.62	41.662
480600	744.7119999999999	41.376
480900	748.2279999999998	41.028
481200	745.1020000000001	41.2
481500	741.5880000000001	42.462
481800	744.3199999999999	43.7
482100	739.634	44.525999999999996
482400	735.7239999999999	45.564
482700	731.4280000000001	45.174
483000	732.6	44.5
483300	726.3480000000002	44.062
483600	722.444	45.31
483900	715.798	46.4
484200	717.3619999999999	46.3
484500	714.236	46.436
484800	706.424	45.476
485100	707.594	46.126
485400	705.2479999999999	46.236000000000004
485700	705.6419999999999	46.71
486000	697.1899999999998	45.85125
486300	685.129	45.694
486600	675.6657142857144	45.50857142857143
486900	665.3979999999999	45.6
487200	660.316	46.0
487500	656.412	46.238
487800	651.332	45.436
488100	640.7819999999999	44.952
488400	633.358	45.438
488700	623.982	44.924
489000	622.808	43.510000000000005
489300	615.384	41.914
489600	608.35	41.062
489900	594.286	39.302
490200	592.332	38.912
490500	579.828	39.326
490800	570.842	40.088
491100	569.28	39.8
491400	557.168	39.638
491700	550.1360000000001	40.15
492000	539.584	41.062
492300	529.034	40.751999999999995
492600	518.486	39.8
492900	503.63800000000003	39.126
493200	496.60600000000005	38.916
493500	489.96000000000004	38.338
493800	476.678	37.462
494100	463.784	36.251999999999995
494400	453.236	36.25
494700	448.158	35.876
495000	435.26399999999995	35.698
495300	425.104	34.588
495600	411.03999999999996	34.660000000000004
495900	393.456	34.738
496200	380.17199999999997	34.6
496500	364.15200000000004	34.1
496800	357.12	33.739999999999995
497100	355.166	33.512
497400	339.536	33.14
497700	328.59800000000007	31.988
498000	319.608	29.936
498300	309.452	28.688
498600	293.432	27.676
498900	286.78999999999996	27.0
499200	271.15999999999997	27.112000000000002
499500	266.474	27.314
499800	248.892	26.814
500100	244.98200000000003	26.176
500400	228.57	25.976
500700	216.458	25.926
501000	201.61200000000002	25.588
501300	182.464	25.084
501600	170.744	24.564
501900	163.71	24.326
502200	152.77200000000002	23.964
502500	137.532	23.362000000000002
502800	125.42	22.8
503100	118.38799999999999	22.362000000000002
503400	109.4	21.712
503700	100.806	21.088
504000	92.21000000000001	20.336000000000002
504300	89.084	19.75
504600	87.51999999999998	19.276000000000003
504900	67.204	18.85
505200	46.104	18.276
505500	44.544000000000004	17.712
505800	32.82000000000001	17.25
506100	28.522000000000002	16.812
506400	22.662	16.412
506700	14.456	16.014
507000	6.251	15.237
507300	4.103	14.9
507600	2.232857142857143	14.445714285714287
507900	0.0	13.937999999999999
508200	0.0	13.712
508500	0.0	13.512
508800	0.0	13.363999999999999
509100	0.0	13.038
509400	0.0	12.824000000000002
509700	0.0	12.685999999999998
510000	0.0	12.452
510300	0.0	12.298
510600	0.0	12.122
510900	0.0	12.048
511200	0.0	11.975999999999999
511500	0.0	11.814
511800	0.0	11.238
512100	0.0	10.562000000000001
512400	0.0	9.862
512700	0.0	9.238
513000	0.0	8.788
513300	0.0	8.81
513600	0.0	8.762
513900	0.0	8.661999999999999
514200	0.0	8.621999999999998
514500	0.0	8.661999999999999
514800	0.0	8.548
515100	0.0	8.475999999999999
515400	0.0	8.428
515700	0.0	8.324000000000002
516000	0.0	8.352
516300	0.0	8.524
516600	0.0	8.7
516900	0.0	8.937999999999999
517200	0.0	9.048
517500	0.0	9.262
517800	0.0	9.31
518100	0.0	9.286
518400	0.0	9.225999999999999
518700	0.0	9.161999999999999
519000	0.0	9.108
519300	0.0	9.048
519600	0.0	8.904
519900	0.0	8.764
520200	0.0	8.584
520500	0.0	8.475999999999999
520800	0.0	8.352
521100	0.0	8.225999999999999
521400	0.0	8.175999999999998
521700	0.0	8.059999999999999
522000	0.0	7.94
522300	0.0	8.024000000000001
522600	0.0	8.174
522900	0.0	8.364
523200	0.0	8.44
523500	0.0	8.44
523800	0.0	8.512
524100	0.0	8.584
524400	0.0	8.524000000000001
524700	0.0	8.476
525000	0.0	8.064
525300	0.0	7.612
525600	0.0	7.174000000000001
525900	0.0	6.839999999999999
526200	0.0	6.5120000000000005
526500	0.0	6.536
526800	0.0	6.572
527100	0.0	6.662000000000001
527400	0.0	6.786
527700	0.0	7.011428571428572
528000	0.0	7.1370000000000005
528300	0.0	7.104000000000001
528600	0.0	6.9879999999999995
528900	0.0	6.890000000000001
529200	0.0	6.824
529500	0.0	6.797999999999999
529800	0.0	6.75
530100	0.0	6.714
530400	0.0	6.698
530700	0.0	6.674000000000001
531000	0.0	6.62
531300	0.0	6.648000000000001
531600	0.0	6.7379999999999995
531900	0.0	6.773999999999999
532200	0.0	6.714
532500	0.0	6.69
532800	0.0	6.648000000000001
533100	0.0	6.56
533400	0.0	6.572
533700	0.0	6.464
534000	0.0	6.3020000000000005
534300	0.0	6.112
534600	0.0	5.964
534900	0.0	5.916
535200	0.0	5.786
535500	0.0	5.688000000000001
535800	0.0	5.700000000000001
536100	0.0	5.676
536400	0.0	5.545
538200	0.0	4.75
538500	0.0	4.926
538800	7.813999999999998	5.098000000000001
539100	16.018	5.302
539400	14.456	5.5
539700	13.284	5.724
540000	21.880000000000003	5.839999999999999
540300	22.27	6.048
540600	28.52	6.212
540900	30.473999999999997	6.486
541200	28.131999999999998	6.776000000000001
541500	30.863999999999997	6.952000000000001
541800	35.164	7.095999999999999
542100	42.2	7.224000000000001
542400	33.6	7.44
542700	36.726	7.674000000000001
543000	39.464	7.825999999999999
543300	40.244	7.976000000000001
543600	36.336	8.096
543900	46.104	8.175999999999998
544200	37.9	8.288
544500	47.67	8.404
544800	47.668	8.512
545100	69.936	8.661999999999999
545400	48.842	8.852
545700	45.714	9.062
546000	42.98199999999999	9.326000000000002
546300	47.275999999999996	9.488
546600	49.62	9.661999999999999
546900	46.494	9.864
547200	48.45	10.048000000000002
547500	52.355999999999995	9.888000000000002
547800	52.745999999999995	9.623999999999999
548100	48.062	9.5
548400	46.8875	9.398750000000001
548700	50.402	9.575
549000	50.794	10.352
549300	51.96600000000001	10.623999999999999
549600	49.622	10.938
549900	55.089999999999996	11.326
550200	63.68599999999999	11.686
550500	69.548	12.011999999999999
550800	59.391999999999996	12.35
551100	57.827999999999996	12.95
551400	64.078	13.212
551700	61.34400000000001	13.309999999999999
552000	62.126	13.404
552300	58.60799999999999	13.548000000000002
552600	61.736000000000004	13.662
552900	60.56400000000001	13.8
553200	66.816	14.363999999999999
553500	98.852	14.416
553800	115.652	14.38
554100	75.02	14.416
554400	72.284	14.475999999999999
554700	70.722	14.559999999999999
555000	74.628	14.622
555300	126.20200000000003	14.8
555600	75.41	14.928
555900	78.14199999999998	15.112
556200	78.532	15.352
556500	154.336	15.638
556800	286.79	17.910000000000004
557100	630.23	19.353999999999996
557400	645.0799999999999	19.574
557700	654.8480000000001	23.036
558000	665.3979999999999	27.360000000000003
558300	667.74	30.363999999999997
558600	676.728	32.712
558900	682.588	34.162
559200	685.7120000000001	35.538
559500	699.0000000000001	36.936
559800	704.076	39.75
560100	707.5939999999999	41.2
560400	711.5	43.488
560700	721.2719999999999	46.098
561000	723.2239999999999	47.926
561300	725.962	48.462
561600	725.1800000000001	49.574
561900	734.162	50.324
562200	732.992	50.952
562500	735.3340000000001	50.586
562800	736.116	50.826
563100	744.7120000000001	51.826
563400	749.794	52.038
563700	753.3100000000001	51.275999999999996
564000	750.9659999999999	50.36
564300	751.746	50.112
564600	757.9960000000001	49.988
564900	757.9959999999999	50.212
565200	754.8720000000001	50.674
565500	755.652	49.446000000000005
565800	752.918	49.474000000000004
566100	758.386	50.246
566400	759.95	50.876
566700	757.2180000000001	51.364
567000	754.874	51.326
567300	756.042	50.8
567600	753.6999999999999	50.4
567900	750.574	50.95
568200	753.6980000000001	50.65
568500	751.356	50.188
568800	750.184	50.274
569100	747.446	50.914
569400	739.1925	48.33625
569700	734.164	46.236000000000004
570000	726.7400000000001	44.62833333333333
570300	722.8340000000001	46.352
570600	720.4879999999999	47.474000000000004
570900	720.098	48.988
571200	714.2360000000001	47.388
571500	708.3779999999999	46.39
571800	709.158	47.788
572100	698.608	48.986000000000004
572400	693.1360000000001	50.275999999999996
572700	694.306	51.013999999999996
573000	692.7479999999999	51.15
573300	686.106	50.2
573600	682.9759999999999	50.576
573900	676.338	49.926
574200	668.132	50.474000000000004
574500	658.756	50.362
574800	655.2379999999999	50.612
575100	647.8140000000001	50.052
575400	642.734	48.976
575700	638.434	48.524
576000	631.796	48.712
576300	619.682	47.838
576600	618.1220000000001	48.102
576900	603.6640000000001	48.586
577200	591.158	48.852
577500	585.3	49.05
577800	573.9680000000001	48.8
578100	566.5440000000001	48.412
578400	553.262	48.074
578700	544.272	47.3
579000	538.0219999999999	47.424
579300	530.598	46.336
579600	517.7059999999999	45.75
579900	504.41999999999996	44.986000000000004
580200	496.60599999999994	44.824
580500	486.0559999999999	43.763999999999996
580800	476.678	41.774
581100	468.47400000000005	39.79
581400	456.36199999999997	38.15
581700	447.76599999999996	37.126
582000	429.012	35.976
582300	420.41400000000004	37.212
582600	413.38199999999995	38.072
582900	395.02	38.0
583200	386.812	37.7
583500	375.87399999999997	37.288
583800	359.854	36.848
584100	350.47799999999995	36.362
584400	339.92600000000004	35.962
584700	327.81399999999996	35.88
585000	311.794	35.501999999999995
585300	297.72799999999995	34.976
585600	289.916	34.386
585900	277.802	33.862
586200	262.954	33.112
586500	255.92199999999997	32.588
586800	241.856	32.312
587100	229.744	31.6
587400	218.022	30.912
587700	202.786	30.35
588000	191.06199999999998	29.65
588300	172.698	27.954
588600	164.10399999999998	26.262
588900	150.036	25.288
589200	136.36	25.137999999999998
589500	129.326	24.788
589800	123.856	24.45
590100	109.792	23.964
590400	90.35374999999999	23.08625
590700	73.259	22.406
591000	51.35285714285713	21.607142857142858
591300	31.256	20.576
591600	32.428	19.988
591900	24.224	19.45
592200	26.568	18.962
592500	10.55	18.488
592800	19.536	18.074
593100	7.813999999999998	17.674
593400	3.1260000000000003	17.3
593700	0.0	16.863999999999997
594000	0.0	16.486
594300	0.0	16.124000000000002
594600	0.0	15.762
594900	0.0	15.437999999999999
595200	0.0	15.173999999999998
595500	0.0	14.876
595800	0.0	14.502
596100	0.0	13.714000000000002
596400	0.0	12.962
596700	0.0	12.274
597000	0.0	11.75
597300	0.0	11.352
597600	0.0	11.225999999999999
597900	0.0	11.110000000000001
598200	0.0	11.0
598500	0.0	10.864
598800	0.0	10.762
599100	0.0	10.648
599400	0.0	10.584
599700	0.0	10.512
600000	0.0	10.463999999999999
600300	0.0	10.416
600600	0.0	10.38
600900	0.0	10.38
601200	0.0	10.338000000000001
601500	0.0	10.25
601800	0.0	10.175999999999998
602100	0.0	10.122
602400	0.0	10.084
602700	0.0	10.012
603000	0.0	9.988
603300	0.0	9.94
603600	0.0	9.88
603900	0.0	9.88
604200	0.0	9.838000000000001
604500	0.0	9.81
604800	0.0	9.774000000000001
605100	0.0	9.786
605400	0.0	9.738
605700	0.0	9.69
606000	0.0	9.62
606300	0.0	9.572000000000001
606600	0.0	9.488
606900	0.0	9.475999999999999
607200	0.0	9.451999999999998
607500	0.0	9.5
607800	0.0	9.5
608100	0.0	9.512
608400	0.0	9.56
608700	0.0	9.488
609000	0.0	9.44
609300	0.0	9.404
609600	0.0	9.392
609900	0.0	9.186
610200	0.0	8.888000000000002
610500	0.0	8.562
610800	0.0	8.276
611100	0.0	8.098
611400	0.0	8.006
611700	0.0	8.036000000000001
612000	0.0	8.17
612300	0.0	8.427999999999999
612600	0.0	8.416
612900	0.0	8.427999999999999
613200	0.0	8.416
613500	0.0	8.464
613800	0.0	8.44
614100	0.0	8.44
614400	0.0	8.416
614700	0.0	8.338000000000001
615000	0.0	8.31
615300	0.0	8.366000000000001
615600	0.0	8.352
615900	0.0	8.366000000000001
616200	0.0	8.404
616500	0.0	8.352
616800	0.0	8.31
617100	0.0	8.262
617400	0.0	8.225999999999999
617700	0.0	8.161999999999999
618000	0.0	8.12
618300	0.0	8.072
618600	0.0	8.036
618900	0.0	7.964
619200	0.0	7.94
619500	0.0	7.9159999999999995
619800	0.0	7.797999999999999
620100	0.0	7.75
620400	0.0	7.714
620700	0.0	7.75
621000	0.0	7.7379999999999995
621300	0.0	7.662000000000001
621600	0.0	7.337999999999999
621900	0.0	6.938
622200	0.0	6.674000000000001
622500	0.0	6.401999999999999
622800	0.0	6.212000000000001
624600	0.0	6.845
624900	3.1260000000000003	6.964
625200	14.065999999999999	7.109999999999999
625500	17.19	7.325999999999999
625800	16.41	7.452000000000001
626100	24.615999999999996	7.612
626400	24.613999999999997	7.75
626700	21.490000000000002	7.878
627000	25.786	8.062000000000001
627300	29.302000000000003	8.314000000000002
627600	26.57	8.511999999999999
627900	28.522000000000002	8.712
628200	30.476	8.852
628500	34.774	9.059999999999999
628800	30.086000000000002	9.276
629100	31.256	9.488000000000001
629400	35.554	9.712
629700	32.43	9.902
630000	38.682	10.136
630300	39.854	10.288
630600	38.288	10.476
630900	48.842	10.61
631200	48.05800000000001	10.814
631500	58.218	11.074
631800	43.63166666666666	11.386666666666668
632100	43.63111111111111	11.681111111111111
632400	41.806	11.988
632700	43.37	12.06
633000	46.106	11.788
633300	48.838	11.438
633600	53.92	11.161999999999999
633900	45.324	11.012
634200	48.06	10.928
634500	48.839999999999996	11.097999999999999
634800	51.965999999999994	11.414
635100	48.84	11.724
635400	51.96600000000001	12.062
635700	53.92	12.462
636000	53.91799999999999	12.814000000000002
636300	57.434000000000005	13.148000000000001
636600	61.342000000000006	13.512
636900	73.45599999999999	13.988
637200	67.20599999999999	14.376
637500	57.826	14.85
637800	70.33	15.288
638100	59.39000000000001	15.536000000000001
638400	60.956	15.75
638700	60.562	16.036
639000	66.032	16.264
639300	62.513999999999996	16.514
639600	67.204	17.176
639900	83.614	17.428
640200	162.93	17.452
640500	75.79799999999999	17.464000000000002
640800	75.018	17.548000000000002
641100	71.502	17.648
641400	72.28399999999999	17.774
641700	111.74600000000001	17.928
642000	80.488	18.098000000000003
642300	74.626	18.326
642600	74.238	18.524
642900	183.64000000000001	18.752
643200	201.21800000000002	20.65
643500	628.668	23.15
643800	641.562	23.464000000000002
644100	644.3	25.7
644400	651.332	30.488
644700	660.316	34.263999999999996
645000	669.302	35.588
645300	675.9440000000001	37.013999999999996
645600	682.586	38.086
645900	684.5419999999999	39.013999999999996
646200	689.6200000000001	40.226
646500	698.2180000000001	43.55
646800	701.344	46.414
647100	707.9860000000001	48.462
647400	716.972	49.839999999999996
647700	712.672	51.5
648000	720.488	51.6
648300	724.7860000000001	51.3
648600	728.302	52.636
648900	729.4760000000001	53.262
649200	736.118	54.138
649500	738.46	54.263999999999996
649800	736.8979999999999	53.436
650100	742.366	53.05
650400	742.7579999999999	53.55
650700	740.0219999999999	54.422000000000004
651000	745.104	54.426
651300	743.9300000000001	54.248000000000005
651600	746.664	54.376
651900	743.93	53.852
652200	745.1020000000001	53.188
652500	747.448	52.912
652800	746.6659999999999	53.452
653100	748.4466666666666	52.85333333333333
653400	743.02	52.916666666666664
653700	741.194	53.186
654000	738.46	53.438
654300	737.6800000000001	54.176
654600	739.632	54.614
654900	738.85	54.512
655200	732.6	54.412
655500	735.3340000000001	54.164
655800	734.5519999999999	54.486000000000004
656100	729.4739999999999	54.488
656400	721.2700000000001	54.65
656700	724.3960000000001	54.462
657000	716.5799999999999	54.062
657300	717.7539999999999	54.048
657600	711.112	54.338
657900	710.72	53.312
658200	709.55	49.989999999999995
658500	695.8720000000001	48.062
658800	691.9639999999999	46.262
659100	686.4939999999999	44.988
659400	675.9440000000001	44.936
659700	671.2560000000001	46.412
660000	670.476	47.924
660300	663.052	48.464
660600	658.364	49.15
660900	652.894	50.14
661200	652.502	51.338
661500	640.3879999999999	51.05
661800	631.792	49.838
662100	621.6360000000001	49.524
662400	612.26	49.878
662700	600.9280000000001	50.088
663000	597.802	49.124
663300	587.642	48.088
663600	583.7360000000001	48.46
663900	578.658	48.45
664200	578.658	48.1
664500	565.3720000000001	48.025999999999996
664800	554.43	48.45
665100	545.8340000000001	48.038
665400	538.412	47.89
665700	528.648	47.636
666000	516.926	47.562
666300	505.98400000000004	47.314
666600	500.122	47.452
666900	488.4	47.402
667200	480.196	47.012
667500	468.8660000000001	46.452
667800	461.05	46.339999999999996
668100	450.5	46.338
668400	439.56000000000006	46.126
668700	435.26599999999996	45.564
669000	429.01000000000005	44.862
669300	421.588	44.364
669600	414.554	43.576
669900	255.532	42.05
670200	271.16	40.762
670500	333.28599999999994	39.688
670800	281.31800000000004	39.1
671100	249.67199999999997	38.55
671400	191.062	37.488
671700	196.53400000000002	36.262
672000	246.93599999999998	34.802
672300	240.292	34.188
672600	140.658	33.314
672900	128.93800000000002	30.951999999999998
673200	94.946	28.598000000000003
673500	209.81599999999997	26.874000000000002
673800	260.22200000000004	26.0
674100	225.05599999999998	27.631
674400	210.79300000000003	28.412
674700	180.122	28.880000000000003
675000	174.262	28.798000000000002
675300	161.368	28.624000000000002
675600	145.738	28.264
675900	133.62599999999998	27.9
676200	131.674	27.55
676500	115.654	26.936
676800	107.44800000000001	26.288
677100	93.38200000000002	25.712
677400	44.542	25.076
677700	33.21	24.274
678000	30.868000000000002	23.538
678300	26.178000000000004	22.824
678600	23.834	22.125999999999998
678900	15.627999999999997	21.564
679200	17.58	21.25
687000	0.0	15.107999999999999
687300	0.0	15.12
687600	0.0	15.096
687900	0.0	15.072
688200	0.0	14.714000000000002
688500	0.0	14.0
688800	0.0	13.475999999999999
689100	0.0	13.035999999999998
689400	0.0	12.774000000000001
689700	0.0	12.916
690000	0.0	12.940000000000001
690300	0.0	12.963999999999999
690600	0.0	13.048000000000002
690900	0.0	13.036000000000001
691200	0.0	12.988
691500	0.0	12.939999999999998
691800	0.0	12.838
692100	0.0	12.809999999999999
692400	0.0	12.786
692700	0.0	12.661999999999999
693000	0.0	12.572000000000001
693300	0.0	12.62
693600	0.0	12.607999999999999
693900	0.0	12.56
694200	0.0	12.56
694500	0.0	12.56
694800	0.0	12.488
695100	0.0	12.370000000000001
695400	0.0	12.368333333333334
695700	0.0	12.352
696000	0.0	12.225999999999999
696300	0.0	12.096
696600	0.0	11.951999999999998
696900	0.0	11.892000000000001
697200	0.0	11.81
697500	0.0	11.738
697800	0.0	11.661999999999999
698100	0.0	11.62
698400	0.0	11.548
698700	0.0	11.463999999999999
699000	0.0	11.404
699300	0.0	11.298
699600	0.0	11.25
699900	0.0	11.238
700200	0.0	11.161999999999999
700500	0.0	11.12
700800	0.0	11.084
701100	0.0	10.988
701400	0.0	10.88
701700	0.0	10.774000000000001
702000	0.0	10.69
702300	0.0	10.62
702600	0.0	10.584
702900	0.0	10.548
703200	0.0	10.451999999999998
703500	0.0	10.404
703800	0.0	10.352
704100	0.0	10.248
704400	0.0	9.824
704700	0.0	9.314
705000	0.0	8.926
705300	0.0	8.514
705600	0.0	8.338000000000001
705900	0.0	8.452
706200	0.0	8.5
706500	0.0	8.5
706800	0.0	8.548
707100	0.0	8.66
707400	0.0	8.8
707700	0.0	8.88
708000	0.0	8.838000000000001
708300	0.0	8.81
708600	0.0	8.81
708900	0.0	8.824000000000002
709200	0.0	8.916
709500	0.0	8.985
711000	5.859999999999999	9.56
711300	0.0	9.56
711600	0.0	9.584
711900	14.847999999999999	9.738000000000001
712200	27.74	9.988
712500	29.692	10.224
712800	31.65	10.5
713100	33.6	10.84
713400	34.382	11.136
713700	33.212	11.376
714000	41.024	11.574
714300	48.45	11.888000000000002
714600	50.404	12.312
714900	60.172000000000004	12.776
715200	59.391999999999996	13.224
715500	58.61	13.535999999999998
715800	65.44625	13.9925
716100	67.59599999999999	14.437999999999999
716400	67.59599999999999	14.736
716700	73.846	15.026000000000002
717000	67.206	15.262
717300	80.096	14.762
717600	60.564	13.851999999999999
717900	69.15799999999999	13.238
718200	53.138	12.674000000000001
718500	54.31	12.136
718800	66.03399999999999	12.148
719100	73.066	12.599999999999998
719400	66.42399999999999	13.088
719700	51.96600000000001	13.402000000000001
720000	62.907999999999994	13.536000000000001
720300	54.30800000000001	13.686000000000002
720600	59.779999999999994	13.901999999999997
720900	71.502	14.16
721200	84.784	14.575999999999999
721500	84.39599999999999	15.038
721800	99.242	15.512
722100	98.852	16.05
722400	73.454	16.31
722700	85.178	16.404
723000	73.84400000000001	16.512
723300	81.27	16.572
723600	98.46000000000001	16.826
723900	85.176	17.312
724200	104.71399999999998	17.75
724500	119.952	18.062
724800	114.08999999999999	18.45
725100	85.56800000000001	18.8
725400	93.77	18.877999999999997
725700	108.62	19.036
726000	95.724	19.224
726300	113.30799999999999	19.416
726600	193.408	19.612000000000002
726900	203.95399999999998	20.262
727200	166.838	21.012
727500	216.852	21.712
727800	196.92200000000003	22.65
728100	187.158	23.412
728400	157.85	24.014
728700	132.844	24.137999999999998
729000	151.98999999999998	23.826
729300	177.38600000000002	23.674
729600	150.81800000000004	23.878
729900	470.0379999999999	25.610000000000003
730200	640.7819999999999	26.362000000000002
730500	647.034	26.221999999999998
730800	652.5020000000001	28.586000000000002
731100	527.472	31.351999999999997
731400	603.662	32.260000000000005
731700	673.6020000000001	33.912
732000	695.8720000000001	35.364
732300	706.8120000000001	36.760000000000005
732600	394.236	38.588
732900	377.828	38.498000000000005
733200	518.878	36.996
733500	311.404	38.188
733800	591.55	37.802
734100	265.29799999999994	36.8
734400	266.86199999999997	35.062
734700	390.32800000000003	33.724000000000004
735000	403.22200000000004	33.048
735300	581.7819999999999	34.525999999999996
735600	797.07	36.962
735900	814.6519999999999	39.848
736200	494.65	42.5
736500	516.53	42.138
736800	605.8109999999999	43.995
737100	613.6279999999999	44.426
737400	753.3059999999999	42.976
737700	824.8120000000001	44.838
738000	917.414	47.314
738300	332.11199999999997	48.576
738600	186.374	44.702
738900	492.31000000000006	39.774
739200	723.2220000000001	40.112
739500	478.23999999999995	42.598
739800	216.06799999999998	42.176
740100	216.07	39.488
740400	449.328	37.688
740700	761.906	37.876
741000	784.958	40.212
741300	744.714	42.19
741600	225.83800000000002	42.174
741900	242.246	38.952
742200	779.096	36.936
742500	743.5379999999999	39.488
742800	797.07	42.564
743100	729.082	44.824
743400	600.148	45.862
743700	477.85	42.964
744000	665.008	41.474000000000004
744300	737.6800000000001	41.214
744600	774.798	42.926
744900	704.0780000000001	45.214
745200	609.9159999999999	45.862
745500	460.65999999999997	45.676
745800	272.332	44.022000000000006
746100	588.4259999999999	41.912
746400	635.312	41.938
746700	617.728	42.338
747000	666.958	42.714
747300	590.7699999999999	43.912
747600	443.078	44.124
747900	237.95	42.55
748200	417.2879999999999	40.089999999999996
748500	175.43200000000002	38.95
748800	356.338	36.489999999999995
749100	601.318	36.164
749400	601.318	37.414
749700	590.7700000000001	39.489999999999995
750000	602.8820000000001	40.524
750300	592.72	41.888
750600	617.73	42.488
750900	588.034	43.388
751200	568.4979999999999	43.802
751500	577.874	44.088
751800	561.856	44.538
752100	533.3320000000001	44.438
752400	495.434	43.864
752700	506.37399999999997	43.4
753000	489.1820000000001	42.838
753300	447.76399999999995	41.152
753600	430.1839999999999	40.9
753900	366.88599999999997	40.788
754200	411.03599999999994	39.926
754500	469.646	39.162
754800	460.66	37.474000000000004
755100	454.79599999999994	36.238
755400	454.40999999999997	35.75
755700	429.79200000000003	34.638
756000	387.59599999999995	35.148
756300	373.52799999999996	35.95
756600	369.228	35.914
756900	366.88599999999997	35.678
757200	373.52799999999996	35.3
757500	384.08000000000004	35.438
757800	343.6166666666666	35.38111111111111
758100	342.0966666666667	35.04222222222222
758400	321.956	34.1
758700	269.206	33.598
759000	216.45999999999998	32.55
759300	225.446	31.086000000000002
759600	240.68399999999997	29.802
759900	201.21999999999997	28.576
760200	159.412	27.738
760500	152.38	27.076
760800	164.884	26.486
761100	150.42800000000003	25.986
761400	119.55999999999999	25.336000000000002
761700	71.89399999999999	24.5
762000	60.56199999999999	23.588
762300	53.136	22.714
762600	61.342000000000006	21.924
762900	72.67399999999999	21.188
763200	65.642	20.024
763500	60.172000000000004	18.938
763800	51.574	18.75
764100	44.152	18.75
764400	41.028	18.636000000000003
764700	35.554	18.512
765000	28.522000000000002	18.338
765300	19.534	18.112000000000002
765600	14.845999999999998	17.864
765900	11.722	17.648000000000003
766200	7.813999999999998	17.413999999999998
766500	7.4239999999999995	17.148000000000003
766800	0.0	16.927999999999997
767100	0.0	16.698
767400	0.0	16.476
767700	0.0	16.264
768000	0.0	16.012
768300	0.0	15.790000000000001
768600	0.0	15.5
768900	0.0	15.276
769200	0.0	15.0
769500	0.0	14.738
769800	0.0	14.562000000000001
770100	0.0	14.338
770400	0.0	14.124
770700	0.0	14.012
771000	0.0	13.788
771300	0.0	13.562000000000001
771600	0.0	13.35
771900	0.0	13.225999999999999
772200	0.0	13.174000000000001
772500	0.0	13.262
772800	0.0	13.286000000000001
773100	0.0	13.262
773400	0.0	13.185999999999998
773700	0.0	12.576
774000	0.0	11.861999999999998
774300	0.0	11.338000000000001
774600	0.0	10.888
774900	0.0	10.889999999999999
775200	0.0	10.964
775500	0.0	11.186
775800	0.0	11.416
776100	0.0	11.524000000000001
776400	0.0	11.596
776700	0.0	11.56
777000	0.0	11.536000000000001
777300	0.0	11.56
777600	0.0	11.607999999999999
777900	0.0	11.69
778200	0.0	11.702
778500	0.0	11.561666666666667
778800	0.0	11.320999999999998
779100	0.0	11.284999999999998
779400	0.0	11.175999999999998
779700	0.0	10.974
780000	0.0	10.712
780300	0.0	10.426
780600	0.0	10.161999999999999
780900	0.0	9.988
781200	0.0	9.838000000000001
781500	0.0	9.738
781800	0.0	9.648
782100	0.0	9.608
782400	0.0	9.512
782700	0.0	9.44
783000	0.0	9.404
783300	0.0	9.338000000000001
783600	0.0	9.274000000000001
783900	0.0	9.31
784200	0.0	9.389999999999999
784500	0.0	9.452
784800	0.0	9.524000000000001
785100	0.0	9.5
785400	0.0	9.488
785700	0.0	9.428
786000	0.0	9.338000000000001
786300	0.0	9.238
786600	0.0	9.148
786900	0.0	9.048
787200	0.0	9.036000000000001
787500	0.0	8.712
787800	0.0	8.187999999999999
788100	0.0	7.612
788400	0.0	7.112
788700	0.0	6.74
789000	0.0	6.634
789300	0.0	6.596000000000001
789600	0.0	6.56
789900	0.0	6.5840000000000005
790200	0.0	6.662000000000001
790500	0.0	6.622
790800	0.0	6.598000000000001
791100	0.0	6.608
791400	0.0	6.5840000000000005
791700	0.0	6.69
792000	0.0	6.75
792300	0.0	6.837999999999999
792600	0.0	6.916000000000001
792900	0.0	6.904000000000001
793200	0.0	6.866
793500	0.0	6.892
793800	0.0	6.866
794100	0.0	6.866
794400	0.0	6.787999999999999
794700	0.0	6.7379999999999995
795000	0.0	6.69
795300	0.0	6.662000000000001
795600	0.0	6.69
795900	0.0	6.648000000000001
796200	0.0	6.62
797400	0.0	7.25
797700	0.0	7.351999999999999
798000	0.0	7.548
798300	0.0	7.674000000000001
798600	6.252000000000001	7.864
798900	6.642	8.036
799200	2.605	8.303333333333333
799500	10.55	8.476
799800	12.894	8.56
800100	6.252000000000001	8.596
800400	14.065999999999999	8.538
800700	9.768	8.197999999999999
801000	26.178000000000004	7.8759999999999994
801300	43.760000000000005	7.597999999999999
801600	22.662	7.389999999999999
801900	20.708000000000002	7.297999999999999
802200	32.43	7.4879999999999995
802500	24.616000000000003	7.712000000000001
802800	28.522000000000002	7.938
803100	27.350000000000005	8.325999999999999
803400	45.321999999999996	8.764
803700	71.502	9.25
804000	51.576	9.8
804300	47.666	10.288
804600	34.774	10.611999999999998
804900	34.774	10.936
805200	35.946	11.225999999999999
805500	34.382	11.326000000000002
805800	35.553999999999995	11.452
806100	37.122	11.536000000000001
806400	56.261999999999986	11.607999999999999
806700	43.760000000000005	11.675999999999998
807000	30.476	11.774000000000001
807300	29.694	11.81
807600	36.726	11.852
807900	33.208	11.975999999999999
808200	34.774	12.059999999999999
808500	33.994	12.175999999999998
808800	33.208	12.274000000000001
809100	32.04	12.452
809400	33.21	12.572
809700	35.556	12.8
810000	42.589999999999996	13.124
810300	36.727999999999994	13.312000000000001
810600	47.67	13.6
810900	58.608000000000004	13.928
811200	40.636	13.988
811500	43.760000000000005	14.212
811800	40.636	14.662
812100	41.416000000000004	14.75
812400	45.324000000000005	14.788
812700	49.232	14.751999999999999
813000	50.404	14.09
813300	73.846	13.6
813600	51.182	13.302000000000001
813900	46.888000000000005	13.085999999999999
814200	50.402	13.25
814500	118.388	13.588
814800	54.702	14.074000000000002
815100	74.62800000000001	14.45
815400	54.30800000000001	14.788
815700	71.894	15.148
816000	211.378	15.476000000000003
816300	340.706	16.552
816600	650.942	19.052
816900	659.144	20.137999999999998
817200	661.0980000000001	23.412
817500	672.04	28.451999999999998
817800	675.1659999999999	32.25
818100	689.6200000000001	35.45
818400	691.1859999999999	38.464
818700	693.1380000000001	41.215999999999994
819000	702.516	42.65
819300	708.376	42.352
819600	715.8000000000001	43.275999999999996
819900	720.49	43.862
820200	724.5425	45.7425
820500	723.419	45.614
820800	735.0425	45.78625
821100	742.368	47.251999999999995
821400	741.9759999999999	48.45
821700	752.136	48.976
822000	755.2620000000001	48.6
822300	753.7	47.724000000000004
822600	754.872	47.964
822900	756.434	48.501999999999995
823200	758.388	50.45
823500	758.778	49.327999999999996
823800	754.8720000000001	47.510000000000005
824100	764.248	47.174
824400	766.984	48.164
824700	765.8140000000001	47.278
825000	764.25	45.536
825300	766.984	44.714
825600	764.64	44.498000000000005
825900	765.03	43.864
826200	760.73	44.775999999999996
826500	760.732	47.775999999999996
826800	756.0440000000001	49.102
827100	761.514	48.712
827400	756.4340000000001	48.852
827700	758.7760000000001	49.174
828000	752.526	50.352
828300	747.0559999999999	51.186
828600	751.356	51.138
828900	747.838	51.54
829200	743.932	52.164
829500	739.242	52.275999999999996
829800	737.678	52.15
830100	735.726	51.676
830400	729.866	51.086
830700	729.8639999999999	50.638
831000	730.256	51.224000000000004
831300	726.742	51.974000000000004
831600	713.8460000000001	50.746
831900	711.5020000000001	50.688
832200	711.1099999999999	50.538
832500	698.2180000000001	50.064
832800	700.952	50.888
833100	687.668	50.962
833400	685.324	49.876
833700	678.2900000000001	49.814
834000	465.34799999999996	49.076
834300	665.008	48.088
834600	666.1800000000001	48.888
834900	652.894	49.025999999999996
835200	643.516	48.474000000000004
835500	635.7	47.224000000000004
835800	631.016	46.077999999999996
836100	619.682	47.212
836400	616.946	47.660000000000004
836700	603.2719999999999	48.064
837000	593.112	48.2
837300	588.032	48.262
837600	578.658	47.876
837900	569.28	47.814
838200	561.854	46.9
838500	553.26	46.028000000000006
838800	536.068	46.2
839100	532.552	46.138
839400	521.6139999999999	43.938
839700	514.578	41.366
840000	503.25	39.838
840300	494.65200000000004	38.572
840600	483.32399999999996	38.15
840900	472.77199999999993	39.275999999999996
841200	454.21166666666664	40.14666666666667
841500	439.756	39.999
841800	425.04714285714283	39.597142857142856
842100	403.22400000000005	38.926
842400	393.062	38.05
842700	379.38800000000003	37.748000000000005
843000	371.576	37.088
843300	360.634	36.326
843600	341.488	35.212
843900	340.70799999999997	34.376
844200	328.986	34.25
844500	313.4114285714286	34.14142857142857
844800	296.558	33.586
845100	285.618	33.126
845400	273.892	32.75
845700	266.47200000000004	32.2
846000	250.448	31.764
846300	244.2	31.459999999999997
846600	228.18	30.788
846900	220.36600000000004	30.25
847200	208.254	29.6
847500	195.362	28.913999999999998
847800	182.85600000000002	28.488
848100	172.308	27.938
848400	161.758	27.5
848700	150.038	27.026
849000	141.05200000000002	26.45
849300	131.67400000000004	25.874000000000002
849600	118.78200000000001	25.136000000000003
849900	105.88399999999999	24.436
850200	74.238	23.776
850500	35.944	22.875999999999998
850800	29.694000000000006	21.986
851100	26.958000000000006	21.15
851400	23.833999999999996	20.536
851700	10.55	20.024
852000	15.238	19.538
852300	7.813999999999998	19.136000000000003
852600	3.5159999999999996	18.814
852900	0.0	18.488
853200	0.0	18.112000000000002
853500	0.0	17.75
853800	0.0	17.5
854100	0.0	17.238
854400	0.0	16.576
854700	0.0	15.648
855000	0.0	14.85
855300	0.0	14.163999999999998
855600	0.0	13.916
855900	0.0	13.904000000000002
856200	0.0	13.904
856500	0.0	13.928
856800	0.0	14.0
857100	0.0	14.047999999999998
857400	0.0	14.072
857700	0.0	14.059999999999999
858000	0.0	14.0
858300	0.0	13.963999999999999
858600	0.0	13.904
858900	0.0	13.812000000000001
859200	0.0	13.624
859500	0.0	13.488
859800	0.0	13.440000000000001
860100	0.0	13.38
860400	0.0	13.428
860700	0.0	13.392000000000001
861000	0.0	13.392000000000001
861300	0.0	13.366
861600	0.0	13.262
861900	0.0	13.124
862200	0.0	13.0075
862500	0.0	13.006
862800	0.0	12.957142857142856
863100	0.0	12.8
863400	0.0	12.75
863700	0.0	12.636
864000	0.0	12.463999999999999
