last-generated=2017-03-31
statistics-simulation=
{
  "numerical Jacobians": "0", 
  "nonlinear": " ", 
  "number of continuous time states": "6", 
  "linear": " "
}
rooB.Xi[1]=[9.999999776482582e-03, 1.024379208683968e-02, 1.04755787178874e-02, 1.069594919681549e-02, 1.090547163039446e-02, 1.110467221587896e-02, 1.129404548555613e-02, 1.147411949932575e-02, 1.164533570408821e-02, 1.180810760706663e-02, 1.196284871548414e-02, 1.21099092066288e-02, 1.224966999143362e-02, 1.238268241286278e-02, 1.250921562314034e-02, 1.262954063713551e-02, 1.274392660707235e-02, 1.285264361649752e-02, 1.295596268028021e-02, 1.305415295064449e-02, 1.314748451113701e-02, 1.323622744530439e-02, 1.332042459398508e-02, 1.340045128017664e-02, 1.347671169787645e-02, 1.354934088885784e-02, 1.361847203224897e-02, 1.36842392385006e-02, 1.374677568674088e-02, 1.380621641874313e-02, 1.386269554495811e-02, 1.391634624451399e-02, 1.39673026278615e-02, 1.401569880545139e-02, 1.406166795641184e-02, 1.410534512251616e-02, 1.414686441421509e-02, 1.418635807931423e-02, 1.422390807420015e-02, 1.425940077751875e-02, 1.429327856749296e-02, 1.43255926668644e-02, 1.435639429837465e-02, 1.438573654741049e-02, 1.441366970539093e-02, 1.444024592638016e-02, 1.446551829576492e-02, 1.448953710496426e-02, 1.451235450804234e-02, 1.453402265906334e-02, 1.455459278076887e-02, 1.457411702722311e-02, 1.459264755249023e-02, 1.461023464798927e-02, 1.462693233042955e-02, 1.464278995990753e-02, 1.465786062180996e-02, 1.467219647020102e-02, 1.468584779649973e-02, 1.469880249351263e-02, 1.47109841927886e-02, 1.472263876348734e-02, 1.473378017544746e-02, 1.474442519247532e-02, 1.475458685308695e-02, 1.476428098976612e-02, 1.477352157235146e-02, 1.478232443332672e-02, 1.479070447385311e-02, 1.479867566376925e-02, 1.480625290423632e-02, 1.481345202773809e-02, 1.48202870041132e-02, 1.482677273452282e-02, 1.483292505145073e-02, 1.483875699341297e-02, 1.484428532421589e-02, 1.48495240136981e-02, 1.485448703169823e-02, 1.485919114202261e-02, 1.486364938318729e-02, 1.486787758767605e-02, 1.487189065665007e-02, 1.487570349127054e-02, 1.487933006137609e-02, 1.488278619945049e-02, 1.488608680665493e-02, 1.488924492150545e-02, 1.489225495606661e-02, 1.489512156695127e-02, 1.489784941077232e-02, 1.490044500678778e-02, 1.490291394293308e-02, 1.490525994449854e-02, 1.490749046206474e-02, 1.490960922092199e-02, 1.491162274032831e-02, 1.491353567689657e-02, 1.491535361856222e-02, 1.491708215326071e-02, 1.491872686892748e-02]
rooA.Xi[1]=[1.499999966472387e-02, 1.49975623935461e-02, 1.499524433165789e-02, 1.499304082244635e-02, 1.499094534665346e-02, 1.498895324766636e-02, 1.498705986887217e-02, 1.498525869101286e-02, 1.498354692012072e-02, 1.498191896826029e-02, 1.498037111014128e-02, 1.497890055179596e-02, 1.497750356793404e-02, 1.497617363929749e-02, 1.497490797191858e-02, 1.497370470315218e-02, 1.497256103903055e-02, 1.49714732542634e-02, 1.497044041752815e-02, 1.496945880353451e-02, 1.496852561831474e-02, 1.496763806790113e-02, 1.496679615229368e-02, 1.496599521487951e-02, 1.49652324616909e-02, 1.496450696140528e-02, 1.496381498873234e-02, 1.496315747499466e-02, 1.496253255754709e-02, 1.496193744242191e-02, 1.49613730609417e-02, 1.496083661913872e-02, 1.49603271856904e-02, 1.49598428979516e-02, 1.495938375592232e-02, 1.495894696563482e-02, 1.495853159576654e-02, 1.495813671499491e-02, 1.495776046067476e-02, 1.495740562677383e-02, 1.495706755667925e-02, 1.495674438774586e-02, 1.495643611997366e-02, 1.495614275336266e-02, 1.495586335659027e-02, 1.495559792965651e-02, 1.495534460991621e-02, 1.495510432869196e-02, 1.495487615466118e-02, 1.495466008782387e-02, 1.495445426553488e-02, 1.495425868779421e-02, 1.495407335460186e-02, 1.495389733463526e-02, 1.49537306278944e-02, 1.495357230305672e-02, 1.495342142879963e-02, 1.495327800512314e-02, 1.495314110070467e-02, 1.49530116468668e-02, 1.49528905749321e-02, 1.49527732282877e-02, 1.495266240090132e-02, 1.495255529880524e-02, 1.49524537846446e-02, 1.495235692709684e-02, 1.495226472616196e-02, 1.495217718183994e-02, 1.495209336280823e-02, 1.495201326906681e-02, 1.495193783193827e-02, 1.495186518877745e-02, 1.49517972022295e-02, 1.495173200964928e-02, 1.495167054235935e-02, 1.495161280035973e-02, 1.495155692100525e-02, 1.495150476694107e-02, 1.495145540684462e-02, 1.495140790939331e-02, 1.495136320590973e-02, 1.495132129639387e-02, 1.495128124952316e-02, 1.49512430652976e-02, 1.495120674371719e-02, 1.495117228478193e-02, 1.495113875716925e-02, 1.495110709220171e-02, 1.495107728987932e-02, 1.495104841887951e-02, 1.495102141052485e-02, 1.495099533349276e-02, 1.495097111910582e-02, 1.495094783604145e-02, 1.495092548429966e-02, 1.495090406388044e-02, 1.49508835747838e-02, 1.495086494833231e-02, 1.495084632188082e-02, 1.495082955807447e-02, 1.495081279426813e-02]
time=[0e+00, 3.6e+03]
rooA.T=[3.031499938964844e+02, 3.031451416015625e+02, 3.031405334472656e+02, 3.031361389160156e+02, 3.031319580078125e+02, 3.031279907226562e+02, 3.031242370605469e+02, 3.031206359863281e+02, 3.031172180175781e+02, 3.031139831542969e+02, 3.031109008789062e+02, 3.031079711914062e+02, 3.031051940917969e+02, 3.031025390625e+02, 3.031000366210938e+02, 3.030976257324219e+02, 3.030953369140625e+02, 3.030931701660156e+02, 3.030911254882812e+02, 3.030891723632812e+02, 3.030873107910156e+02, 3.030855407714844e+02, 3.030838623046875e+02, 3.03082275390625e+02, 3.030807495117188e+02, 3.030793151855469e+02, 3.030779418945312e+02, 3.030766296386719e+02, 3.030753784179688e+02, 3.030741882324219e+02, 3.030730590820312e+02, 3.030719909667969e+02, 3.030709838867188e+02, 3.030700073242188e+02, 3.03069091796875e+02, 3.030682373046875e+02, 3.030674133300781e+02, 3.030666198730469e+02, 3.030658874511719e+02, 3.030651550292969e+02, 3.030644836425781e+02, 3.030638427734375e+02, 3.03063232421875e+02, 3.030626525878906e+02, 3.030621032714844e+02, 3.030615539550781e+02, 3.030610656738281e+02, 3.030605773925781e+02, 3.030601196289062e+02, 3.030596923828125e+02, 3.030592956542969e+02, 3.030588989257812e+02, 3.030585327148438e+02, 3.030581665039062e+02, 3.030578308105469e+02, 3.030575256347656e+02, 3.030572204589844e+02, 3.030569458007812e+02, 3.030566711425781e+02, 3.030564270019531e+02, 3.030561828613281e+02, 3.030559387207031e+02, 3.030557250976562e+02, 3.030555114746094e+02, 3.030552978515625e+02, 3.030551147460938e+02, 3.03054931640625e+02, 3.030547485351562e+02, 3.030545959472656e+02, 3.030544128417969e+02, 3.030542602539062e+02, 3.030541381835938e+02, 3.030539855957031e+02, 3.030538635253906e+02, 3.030537414550781e+02, 3.030536193847656e+02, 3.030535278320312e+02, 3.030534057617188e+02, 3.030533142089844e+02, 3.0305322265625e+02, 3.030531311035156e+02, 3.030530395507812e+02, 3.03052978515625e+02, 3.030528869628906e+02, 3.030528259277344e+02, 3.03052734375e+02, 3.030526733398438e+02, 3.030526123046875e+02, 3.030525512695312e+02, 3.03052490234375e+02, 3.030524597167969e+02, 3.030523986816406e+02, 3.030523376464844e+02, 3.030523071289062e+02, 3.0305224609375e+02, 3.030522155761719e+02, 3.030521850585938e+02, 3.030521240234375e+02, 3.030520935058594e+02, 3.030520629882812e+02, 3.030520324707031e+02]
rooB.T=[2.931499938964844e+02, 2.936395263671875e+02, 2.941047668457031e+02, 2.945469360351562e+02, 2.949671936035156e+02, 2.953665771484375e+02, 2.957461547851562e+02, 2.961069641113281e+02, 2.96449951171875e+02, 2.967759094238281e+02, 2.970857238769531e+02, 2.973800659179688e+02, 2.976597290039062e+02, 2.979258422851562e+02, 2.981789245605469e+02, 2.984195556640625e+02, 2.986482543945312e+02, 2.988655700683594e+02, 2.990720825195312e+02, 2.992682800292969e+02, 2.994547729492188e+02, 2.996320495605469e+02, 2.998002014160156e+02, 2.999600219726562e+02, 3.001123046875e+02, 3.0025732421875e+02, 3.003953247070312e+02, 3.00526611328125e+02, 3.006514282226562e+02, 3.007700500488281e+02, 3.008827514648438e+02, 3.009898071289062e+02, 3.010914916992188e+02, 3.011880187988281e+02, 3.012797241210938e+02, 3.013668518066406e+02, 3.014496765136719e+02, 3.015284423828125e+02, 3.016033020019531e+02, 3.016741027832031e+02, 3.017416381835938e+02, 3.018060913085938e+02, 3.018674926757812e+02, 3.019259948730469e+02, 3.01981689453125e+02, 3.0203466796875e+02, 3.020850524902344e+02, 3.021329040527344e+02, 3.021784057617188e+02, 3.022215881347656e+02, 3.022625732421875e+02, 3.02301513671875e+02, 3.023384399414062e+02, 3.023734741210938e+02, 3.024067687988281e+02, 3.024383544921875e+02, 3.024683837890625e+02, 3.024969482421875e+02, 3.02524169921875e+02, 3.025499877929688e+02, 3.025742492675781e+02, 3.025974731445312e+02, 3.026196594238281e+02, 3.02640869140625e+02, 3.026611328125e+02, 3.026804504394531e+02, 3.026988525390625e+02, 3.027164001464844e+02, 3.027330932617188e+02, 3.027489624023438e+02, 3.027640686035156e+02, 3.027784118652344e+02, 3.027920227050781e+02, 3.028049621582031e+02, 3.028171997070312e+02, 3.028288269042969e+02, 3.0283984375e+02, 3.028502807617188e+02, 3.028601684570312e+02, 3.028695373535156e+02, 3.0287841796875e+02, 3.028868408203125e+02, 3.028948364257812e+02, 3.029024353027344e+02, 3.029096374511719e+02, 3.029165344238281e+02, 3.02923095703125e+02, 3.029294128417969e+02, 3.029353942871094e+02, 3.029411010742188e+02, 3.02946533203125e+02, 3.029517211914062e+02, 3.029566345214844e+02, 3.029613037109375e+02, 3.029657287597656e+02, 3.02969970703125e+02, 3.029739685058594e+02, 3.02977783203125e+02, 3.029814147949219e+02, 3.0298486328125e+02, 3.029881286621094e+02]
