last-generated=2020-12-01
statistics-simulation=
{
  "linear": " ",
  "nonlinear": " ",
  "number of continuous time states": "3",
  "numerical Jacobians": "0"
}
time=[0e+00, 1e+00]
der(hVapSym)=[0e+00, 1.762236567368781e+02, 7.048946253719497e+02, 1.586012890646378e+03, 2.819578498336618e+03, 4.405591179922736e+03, 6.344051557858849e+03, 8.634958911898919e+03, 1.127831398704294e+04, 1.427411411257653e+04, 1.762236471444049e+04, 2.132306078005791e+04, 2.537620622198005e+04, 2.978179712345657e+04, 3.453983564549604e+04, 3.965031718238937e+04, 4.511325593556751e+04, 5.092863174742072e+04, 5.70964564250976e+04, 6.361673597996822e+04, 7.04894588472555e+04, 7.771462987583167e+04, 8.529224311603139e+04, 9.32223013200167e+04, 1.015048248690191e+05, 1.101397734375e+05, 1.191271884602429e+05, 1.28467028890662e+05, 1.381593425777839e+05, 1.482040866834646e+05, 1.586012686875084e+05, 1.693509192784779e+05, 1.804530237170406e+05, 1.919075316697649e+05, 2.037145269770821e+05, 2.158739761235918e+05, 2.283858256499314e+05, 2.412501656735963e+05, 2.544669439030905e+05, 2.680361759635258e+05, 2.819578353680207e+05, 2.962319426804527e+05, 3.108585194572263e+05, 3.258375204353551e+05, 3.41168972455725e+05, 3.568528939486507e+05, 3.728892052505998e+05, 3.892780332289074e+05, 4.060192994381901e+05, 4.231129523137545e+05, 4.4055909375e+05, 4.583577046755327e+05, 4.765087537730964e+05, 4.950122722931382e+05, 5.138681154874833e+05, 5.330764769341381e+05, 5.526373703026465e+05, 5.725506393940544e+05, 5.928163466744151e+05, 6.134345546271047e+05, 6.344050746669646e+05, 6.55728156795932e+05, 6.774036770972285e+05, 6.994316356043809e+05, 7.218120948173894e+05, 7.445449297027269e+05, 7.676301265877665e+05, 7.910678981493817e+05, 8.14858107883326e+05, 8.390007558065356e+05, 8.634959044520189e+05, 8.883434287700044e+05, 9.135433025002234e+05, 9.390957634944866e+05, 9.650006626610789e+05, 9.91258e+05, 1.017867775578304e+06, 1.044830051828938e+06, 1.0721447037519e+06, 1.099811690331247e+06, 1.127831341430487e+06, 1.156203368201854e+06, 1.184927770696468e+06, 1.214004673880048e+06, 1.243434077735956e+06, 1.273215803658918e+06, 1.303350081691104e+06, 1.333836735395917e+06, 1.364675889805841e+06, 1.39586754492177e+06, 1.427411575710028e+06, 1.459307915979735e+06, 1.491556820944271e+06, 1.524158226581583e+06, 1.557112132907254e+06, 1.590418414955297e+06, 1.624077197675905e+06, 1.658088152292356e+06, 1.692451809189241e+06, 1.727167841758456e+06, 1.762236375e+06]
der(hVapCod)=[0e+00, 1.762236567368781e+02, 7.048946253719497e+02, 1.586012890646378e+03, 2.819578498336618e+03, 4.405591179922736e+03, 6.344051557858849e+03, 8.634958911898919e+03, 1.127831398704294e+04, 1.427411411257653e+04, 1.762236471444049e+04, 2.132306078005791e+04, 2.537620622198005e+04, 2.978179712345657e+04, 3.453983564549604e+04, 3.965031718238937e+04, 4.511325593556751e+04, 5.092863174742072e+04, 5.70964564250976e+04, 6.361673597996822e+04, 7.04894588472555e+04, 7.771462987583167e+04, 8.529224311603139e+04, 9.32223013200167e+04, 1.015048248690191e+05, 1.101397734375e+05, 1.191271884602429e+05, 1.28467028890662e+05, 1.381593425777839e+05, 1.482040866834646e+05, 1.586012686875084e+05, 1.693509192784779e+05, 1.804530237170406e+05, 1.919075316697649e+05, 2.037145269770821e+05, 2.158739761235918e+05, 2.283858256499314e+05, 2.412501656735963e+05, 2.544669439030905e+05, 2.680361759635258e+05, 2.819578353680207e+05, 2.962319426804527e+05, 3.108585194572263e+05, 3.258375204353551e+05, 3.41168972455725e+05, 3.568528939486507e+05, 3.728892052505998e+05, 3.892780332289074e+05, 4.060192994381901e+05, 4.231129523137545e+05, 4.4055909375e+05, 4.583577046755327e+05, 4.765087537730964e+05, 4.950122722931382e+05, 5.138681154874833e+05, 5.330764769341381e+05, 5.526373703026465e+05, 5.725506393940544e+05, 5.928163466744151e+05, 6.134345546271047e+05, 6.344050746669646e+05, 6.55728156795932e+05, 6.774036770972285e+05, 6.994316356043809e+05, 7.218120948173894e+05, 7.445449297027269e+05, 7.676301265877665e+05, 7.910678981493817e+05, 8.14858107883326e+05, 8.390007558065356e+05, 8.634959044520189e+05, 8.883434287700044e+05, 9.135433025002234e+05, 9.390957634944866e+05, 9.650006626610789e+05, 9.91258e+05, 1.017867775578304e+06, 1.044830051828938e+06, 1.0721447037519e+06, 1.099811690331247e+06, 1.127831341430487e+06, 1.156203368201854e+06, 1.184927770696468e+06, 1.214004673880048e+06, 1.243434077735956e+06, 1.273215803658918e+06, 1.303350081691104e+06, 1.333836735395917e+06, 1.364675889805841e+06, 1.39586754492177e+06, 1.427411575710028e+06, 1.459307915979735e+06, 1.491556820944271e+06, 1.524158226581583e+06, 1.557112132907254e+06, 1.590418414955297e+06, 1.624077197675905e+06, 1.658088152292356e+06, 1.692451809189241e+06, 1.727167841758456e+06, 1.762236375e+06]
der(cpSym)=[-0e+00, -2.148102776535247e-01, -8.591658280172189e-01, -1.932663529927676e+00, -3.434255995541927e+00, -5.361933075083412e+00, -7.712409845285442e+00, -1.048081961470492e+01, -1.36604334275657e+01, -1.724238452659732e+01, -2.121544013524521e+01, -2.556579235611516e+01, -3.027690447191969e+01, -3.532939398182537e+01, -4.070099225679631e+01, -4.636655463180448e+01, -5.229813602373329e+01, -5.846512110470849e+01, -6.483446041919184e+01, -7.137094274057971e+01, -7.803748884516105e+01, -8.479558245849881e+01, -9.160562215132285e+01, -9.842740346687137e+01, -1.052205160155071e+02, -1.119447402954102e+02, -1.185604844412757e+02, -1.250290306084965e+02, -1.313129570244179e+02, -1.37376149345343e+02, -1.431840599801864e+02, -1.487037645824629e+02, -1.539038732016307e+02, -1.587544646569693e+02, -1.632270187206354e+02, -1.672942375018146e+02, -1.709298198841161e+02, -1.741084275293935e+02, -1.768054363238966e+02, -1.789969967051238e+02, -1.806599112474941e+02, -1.817717593091614e+02, -1.823109743657019e+02, -1.822571108072694e+02, -1.815910642048698e+02, -1.802953166001757e+02, -1.783544329900832e+02, -1.757552181483468e+02, -1.724872244530859e+02, -1.685429880294751e+02, -1.639182891845703e+02, -1.586124213090128e+02, -1.526283294901102e+02, -1.459726971027918e+02, -1.386559305672575e+02, -1.306919958814411e+02, -1.220985052205649e+02, -1.128962868044175e+02, -1.031092360296248e+02, -9.276394907433381e+01, -8.188949174576592e+01, -7.051670202852267e+01, -5.867824364494059e+01, -4.640791487023585e+01, -3.374033419090409e+01, -2.071054927965189e+01, -7.353734080840245e+00, 6.295482086296233e+00, 2.020287465879526e+01, 3.433524662335915e+01, 4.866063502716845e+01, 6.314856413635331e+01, 7.777016067028767e+01, 9.249872061745202e+01, 1.073093196510812e+02, 1.221792907714844e+02, 1.370882558096993e+02, 1.520181406689643e+02, 1.669532745320948e+02, 1.818802322656993e+02, 1.967882360245045e+02, 2.116685755568159e+02, 2.265148574044129e+02, 2.41322870131921e+02, 2.560904622484962e+02, 2.708173172221257e+02, 2.855052890690482e+02, 3.001574942404131e+02, 3.14778754522877e+02, 3.293752650037893e+02, 3.439542888925002e+02, 3.585241011979807e+02, 3.730940003384719e+02, 3.876736651045451e+02, 4.022733494320939e+02, 4.169034598504539e+02, 4.315745859862844e+02, 4.46297046436158e+02, 4.610810264386362e+02, 4.759361125131038e+02, 4.9087109375e+02]
der(cpCod)=[-0e+00, -2.148102776535247e-01, -8.591658280172189e-01, -1.932663529927676e+00, -3.434255995541927e+00, -5.361933075083412e+00, -7.712409845285442e+00, -1.048081961470492e+01, -1.36604334275657e+01, -1.724238452659732e+01, -2.121544013524521e+01, -2.556579235611516e+01, -3.027690447191969e+01, -3.532939398182537e+01, -4.070099225679631e+01, -4.636655463180448e+01, -5.229813602373329e+01, -5.846512110470849e+01, -6.483446041919184e+01, -7.137094274057971e+01, -7.803748884516105e+01, -8.479558245849881e+01, -9.160562215132285e+01, -9.842740346687137e+01, -1.052205160155071e+02, -1.119447402954102e+02, -1.185604844412757e+02, -1.250290306084965e+02, -1.313129570244179e+02, -1.37376149345343e+02, -1.431840599801864e+02, -1.487037645824629e+02, -1.539038732016307e+02, -1.587544646569693e+02, -1.632270187206354e+02, -1.672942375018146e+02, -1.709298198841161e+02, -1.741084275293935e+02, -1.768054363238966e+02, -1.789969967051238e+02, -1.806599112474941e+02, -1.817717593091614e+02, -1.823109743657019e+02, -1.822571108072694e+02, -1.815910642048698e+02, -1.802953166001757e+02, -1.783544329900832e+02, -1.757552181483468e+02, -1.724872244530859e+02, -1.685429880294751e+02, -1.639182891845703e+02, -1.586124213090128e+02, -1.526283294901102e+02, -1.459726971027918e+02, -1.386559305672575e+02, -1.306919958814411e+02, -1.220985052205649e+02, -1.128962868044175e+02, -1.031092360296248e+02, -9.276394907433381e+01, -8.188949174576592e+01, -7.051670202852267e+01, -5.867824364494059e+01, -4.640791487023585e+01, -3.374033419090409e+01, -2.071054927965189e+01, -7.353734080840245e+00, 6.295482086296233e+00, 2.020287465879526e+01, 3.433524662335915e+01, 4.866063502716845e+01, 6.314856413635331e+01, 7.777016067028767e+01, 9.249872061745202e+01, 1.073093196510812e+02, 1.221792907714844e+02, 1.370882558096993e+02, 1.520181406689643e+02, 1.669532745320948e+02, 1.818802322656993e+02, 1.967882360245045e+02, 2.116685755568159e+02, 2.265148574044129e+02, 2.41322870131921e+02, 2.560904622484962e+02, 2.708173172221257e+02, 2.855052890690482e+02, 3.001574942404131e+02, 3.14778754522877e+02, 3.293752650037893e+02, 3.439542888925002e+02, 3.585241011979807e+02, 3.730940003384719e+02, 3.876736651045451e+02, 4.022733494320939e+02, 4.169034598504539e+02, 4.315745859862844e+02, 4.46297046436158e+02, 4.610810264386362e+02, 4.759361125131038e+02, 4.9087109375e+02]
der(cvSym)=[0e+00, -1.401365319257113e-01, -5.604886079600987e-01, -1.260748086952971e+00, -2.240115029773183e+00, -3.497053759735468e+00, -5.029054869110984e+00, -6.832403126038063e+00, -8.90196172472081e+00, -1.123096760599907e+01, -1.381086118849153e+01, -1.663112848753518e+01, -1.967919053453275e+01, -2.294033211791558e+01, -2.63976743500584e+01, -3.003219765396253e+01, -3.382282777105357e+01, -3.774652791540174e+01, -4.177854246918422e+01, -4.589258674412285e+01, -5.006111783279451e+01, -5.425568283626978e+01, -5.844720890245425e+01, -6.260639399441661e+01, -6.670401981065393e+01, -7.071128845214844e+01, -7.460011654446127e+01, -7.834339510099817e+01, -8.191519886288728e+01, -8.529088863533157e+01, -8.844719330878992e+01, -9.136225824033636e+01, -9.401552759713925e+01, -9.638764657887586e+01, -9.84603493397131e+01, -1.002162255992752e+02, -1.01638563225246e+02, -1.027112040858492e+02, -1.034183199314862e+02, -1.037443772659423e+02, -1.036740418866536e+02, -1.031921994440605e+02, -1.022840179355366e+02, -1.009351207222076e+02, -9.913170574142815e+01, -9.686083679599395e+01, -9.411072023047338e+01, -9.087093311100575e+01, -8.713277001826616e+01, -8.288951534896347e+01, -7.813660430908203e+01, -7.287194292868197e+01, -6.709601196007122e+01, -6.08119280247217e+01, -5.402558490463616e+01, -4.674543127422304e+01, -3.898263739415397e+01, -3.075081979780069e+01, -2.20658973116647e+01, -1.294587442979516e+01, -3.410660972964712e+00, 6.518426779179566e+00, 1.681860616550891e+01, 2.746614401104376e+01, 3.843658898315977e+01, 4.970506342906497e+01, 6.124647519846297e+01, 7.303605194595653e+01, 8.504920094257713e+01, 9.726199634611795e+01, 1.096513515535507e+02, 1.221952022655966e+02, 1.348725984787649e+02, 1.476641906116925e+02, 1.605518370420808e+02, 1.735191192626953e+02, 1.865512362145311e+02, 1.996351568406523e+02, 2.127595896079038e+02, 2.259149955532465e+02, 2.390938258332941e+02, 2.52290066432422e+02, 2.654995516890558e+02, 2.787197181180937e+02, 2.919497112260959e+02, 3.051900318987134e+02, 3.184429131627703e+02, 3.317116025563062e+02, 3.450006777303005e+02, 3.583157539365902e+02, 3.716633924725891e+02, 3.850508986812769e+02, 3.984864277373582e+02, 4.11978383887068e+02, 4.255355867386659e+02, 4.391669779774315e+02, 4.528815908227135e+02, 4.666881317750388e+02, 4.805952187559298e+02, 4.946107653995219e+02, 5.087420043945312e+02]
der(cvCod)=[0e+00, -1.401365319257113e-01, -5.604886079600987e-01, -1.260748086952971e+00, -2.240115029773183e+00, -3.497053759735468e+00, -5.029054869110984e+00, -6.832403126038063e+00, -8.90196172472081e+00, -1.123096760599907e+01, -1.381086118849153e+01, -1.663112848753518e+01, -1.967919053453275e+01, -2.294033211791558e+01, -2.63976743500584e+01, -3.003219765396253e+01, -3.382282777105357e+01, -3.774652791540174e+01, -4.177854246918422e+01, -4.589258674412285e+01, -5.006111783279451e+01, -5.425568283626978e+01, -5.844720890245425e+01, -6.260639399441661e+01, -6.670401981065393e+01, -7.071128845214844e+01, -7.460011654446127e+01, -7.834339510099817e+01, -8.191519886288728e+01, -8.529088863533157e+01, -8.844719330878992e+01, -9.136225824033636e+01, -9.401552759713925e+01, -9.638764657887586e+01, -9.84603493397131e+01, -1.002162255992752e+02, -1.01638563225246e+02, -1.027112040858492e+02, -1.034183199314862e+02, -1.037443772659423e+02, -1.036740418866536e+02, -1.031921994440605e+02, -1.022840179355366e+02, -1.009351207222076e+02, -9.913170574142815e+01, -9.686083679599395e+01, -9.411072023047338e+01, -9.087093311100575e+01, -8.713277001826616e+01, -8.288951534896347e+01, -7.813660430908203e+01, -7.287194292868197e+01, -6.709601196007122e+01, -6.08119280247217e+01, -5.402558490463616e+01, -4.674543127422304e+01, -3.898263739415397e+01, -3.075081979780069e+01, -2.20658973116647e+01, -1.294587442979516e+01, -3.410660972964712e+00, 6.518426779179566e+00, 1.681860616550891e+01, 2.746614401104376e+01, 3.843658898315977e+01, 4.970506342906497e+01, 6.124647519846297e+01, 7.303605194595653e+01, 8.504920094257713e+01, 9.726199634611795e+01, 1.096513515535507e+02, 1.221952022655966e+02, 1.348725984787649e+02, 1.476641906116925e+02, 1.605518370420808e+02, 1.735191192626953e+02, 1.865512362145311e+02, 1.996351568406523e+02, 2.127595896079038e+02, 2.259149955532465e+02, 2.390938258332941e+02, 2.52290066432422e+02, 2.654995516890558e+02, 2.787197181180937e+02, 2.919497112260959e+02, 3.051900318987134e+02, 3.184429131627703e+02, 3.317116025563062e+02, 3.450006777303005e+02, 3.583157539365902e+02, 3.716633924725891e+02, 3.850508986812769e+02, 3.984864277373582e+02, 4.11978383887068e+02, 4.255355867386659e+02, 4.391669779774315e+02, 4.528815908227135e+02, 4.666881317750388e+02, 4.805952187559298e+02, 4.946107653995219e+02, 5.087420043945312e+02]
