last-generated=2017-03-31
statistics-simulation=
{
  "numerical Jacobians": "0", 
  "nonlinear": " ", 
  "number of continuous time states": "18", 
  "linear": " "
}
CO2SenWes.C=[0e+00, 0e+00, 0e+00, 0e+00, 0e+00, 1.445099258035043e-07, 1.818800541286691e-07, 1.662960755766107e-07, 1.496047445925797e-07, 1.435660834658847e-07, 1.328465515371136e-07, 1.240680518321824e-07, 1.163015426186575e-07, 1.092326371576746e-07, 1.025469416049418e-07, 9.626734964740535e-08, 9.050636151641811e-08, 8.516626337495835e-08, 8.02208290906492e-08, 7.564381832025902e-08, 7.140898361512882e-08, 6.749010594830906e-08, 6.386093076571342e-08, 6.049522482953762e-08, 5.73667549019774e-08, 5.449285467307163e-08, 5.183175133538498e-08, 4.93338632168161e-08, 4.699218436599039e-08, 4.479971948967432e-08, 4.274946263649326e-08, 4.08344149605e-08, 3.904757761574729e-08, 3.738194465086053e-08, 3.583052077260617e-08, 3.438630002960964e-08, 3.304228357592365e-08, 3.1791472565601e-08, 3.062686459998076e-08, 2.954145550404519e-08, 2.852824820820388e-08, 2.758024031379591e-08, 2.669043119851722e-08, 2.585181846370688e-08, 2.505740326341765e-08, 2.431457524210145e-08, 2.364292761569686e-08, 2.299675649908295e-08, 2.237539931115862e-08, 2.177819879989329e-08, 2.120449416054271e-08, 2.065362103564894e-08, 2.012492394953824e-08, 1.961773854475268e-08, 1.913140756926168e-08, 1.866526844196414e-08, 1.821866035811581e-08, 1.779092428932927e-08, 1.738139943086026e-08, 1.698942675432136e-08, 1.661434367861148e-08, 1.625548939898636e-08, 1.591220488705858e-08, 1.558382933808389e-08, 1.526970372367487e-08, 1.496916546273042e-08, 1.468155375050628e-08, 1.440621044679347e-08, 1.414247297049087e-08, 1.38896831813895e-08, 1.364717849838826e-08, 1.34142990049213e-08, 1.319038567260122e-08, 1.297477592032692e-08, 1.276681071971097e-08, 1.256582926600913e-08, 1.237117075447713e-08, 1.218217615672756e-08, 1.199818289165933e-08, 1.1818531930885e-08, 1.164256335783875e-08, 1.146961459141949e-08, 1.12990274914182e-08, 1.113014036491222e-08, 1.096229329533571e-08, 1.079482547794441e-08, 1.062824583897282e-08, 1.046503061985504e-08, 1.030518426148319e-08, 1.014861261694477e-08, 9.995217986613625e-09, 9.844904447220415e-09, 9.697576075495817e-09, 9.553136059992084e-09, 9.411489365618309e-09, 9.272539180926742e-09, 9.136188694469638e-09, 9.002342871156088e-09, 8.870904899538345e-09, 8.741778856347082e-09, 8.614867930134551e-09]
CO2SenEas.C=[0e+00, 0e+00, 0e+00, 0e+00, 0e+00, 2.267871934691357e-07, 1.641893447867915e-07, 1.566880314385344e-07, 1.520608918781363e-07, 1.383619689931948e-07, 1.308680879219537e-07, 1.227964787631208e-07, 1.14981567378436e-07, 1.076454694270979e-07, 1.010102863574502e-07, 9.499596842488245e-08, 8.935724338243745e-08, 8.411819152343013e-08, 7.925616785087186e-08, 7.474851315691922e-08, 7.057256823372882e-08, 6.670568808431199e-08, 6.312520639539798e-08, 5.980847816999812e-08, 5.673284064755535e-08, 5.390888446754616e-08, 5.128880431470861e-08, 4.88291149736142e-08, 4.652294194329442e-08, 4.436341072278083e-08, 4.234365391653228e-08, 4.045680057629397e-08, 3.869597264838376e-08, 3.705430273726051e-08, 3.552491634195575e-08, 3.410093896150102e-08, 3.277550675306884e-08, 3.15417381102634e-08, 3.039276919025724e-08, 2.932172193936822e-08, 2.832172718569836e-08, 2.73859104282792e-08, 2.650740249521277e-08, 2.567932888553059e-08, 2.489481865097787e-08, 2.416109445846359e-08, 2.349726635486604e-08, 2.285852751526818e-08, 2.224423134578046e-08, 2.165372592344283e-08, 2.108636287800891e-08, 2.054149028651864e-08, 2.001846155508247e-08, 1.951662476074034e-08, 1.903532975688904e-08, 1.857392994963902e-08, 1.813177341603022e-08, 1.770821000945944e-08, 1.730258958332342e-08, 1.691426554373265e-08, 1.654258596772706e-08, 1.618690070870343e-08, 1.584656139641538e-08, 1.552091610790285e-08, 1.520931824927629e-08, 1.491111767393249e-08, 1.462566157073297e-08, 1.435230334578819e-08, 1.409039196431649e-08, 1.38392781678931e-08, 1.35983126980932e-08, 1.336684452013515e-08, 1.314422526377257e-08, 1.292980389422382e-08, 1.272293204124253e-08, 1.252295955822547e-08, 1.232923629856941e-08, 1.214111300384957e-08, 1.195794041564113e-08, 1.177906838734089e-08, 1.160384588416719e-08, 1.143162542405207e-08, 1.126175686039232e-08, 1.10935891584063e-08, 1.092647394784763e-08, 1.075976108211307e-08, 1.059394971747452e-08, 1.043147257462351e-08, 1.027233675898742e-08, 1.011644634729691e-08, 9.963707192639504e-09, 9.814024259924281e-09, 9.667301625881919e-09, 9.523445143599929e-09, 9.382360666165823e-09, 9.243952270310274e-09, 9.108124920942373e-09, 8.974784471149633e-09, 8.843835885841145e-09, 8.715184129926001e-09, 8.588733280134875e-09]
CO2SenTop.C=[0e+00, 0e+00, 0e+00, 0e+00, 0e+00, 4.589213897787658e-09, 8.829506903396123e-09, 1.280083594679127e-08, 1.64013815862063e-08, 1.963018547712636e-08, 2.255424114139259e-08, 2.518535069384598e-08, 2.754755890066463e-08, 2.966221757105814e-08, 3.155067318516559e-08, 3.322531583194177e-08, 3.47149047286166e-08, 3.60358924922366e-08, 3.719900476539806e-08, 3.821497784883832e-08, 3.909453383243999e-08, 3.98484125696541e-08, 4.048734325579062e-08, 4.102205153344585e-08, 4.146327370335712e-08, 4.180471080417192e-08, 4.206606618595288e-08, 4.226783190119932e-08, 4.24129460441236e-08, 4.250435381436546e-08, 4.254500041156462e-08, 4.253782748264712e-08, 4.248578022725269e-08, 4.239180029230738e-08, 4.225883287745091e-08, 4.208982318232302e-08, 4.188771285384973e-08, 4.165544709167079e-08, 4.139596754271224e-08, 4.111221585390012e-08, 4.080714433030153e-08, 4.048368751341513e-08, 4.014479060288068e-08, 3.979340235105155e-08, 3.943246440485382e-08, 3.905893564137841e-08, 3.86645773176042e-08, 3.826826500130664e-08, 3.787018698631073e-08, 3.747053867186878e-08, 3.706951545723314e-08, 3.666730918894245e-08, 3.626411526624906e-08, 3.586012553569162e-08, 3.545553539652246e-08, 3.505053669528024e-08, 3.464532483121729e-08, 3.424009520358596e-08, 3.383503610621119e-08, 3.343034649105903e-08, 3.302622175738179e-08, 3.262285019900446e-08, 3.222042721517937e-08, 3.181914820515885e-08, 3.141920501548157e-08, 3.102079304539984e-08, 3.062410414145234e-08, 3.022933370289138e-08, 2.983667712896931e-08, 2.944632448986795e-08, 2.905847118483962e-08, 2.867331083677982e-08, 2.829103884494089e-08, 2.791184705586147e-08, 2.753593086879391e-08, 2.716348213027686e-08, 2.679469446320581e-08, 2.642976504318995e-08, 2.606888394041107e-08, 2.571224655412152e-08, 2.536004650721679e-08, 2.501247742259238e-08, 2.466973292314378e-08, 2.433200663176649e-08, 2.399949394771284e-08, 2.367238671752148e-08, 2.335041671130966e-08, 2.303244706070018e-08, 2.271839782963525e-08, 2.240823882004861e-08, 2.210194338658766e-08, 2.17994884366135e-08, 2.150084554841669e-08, 2.120598807664464e-08, 2.091489292865845e-08, 2.062752813003499e-08, 2.03438723644922e-08, 2.006389721032065e-08, 1.978757779852458e-08, 1.951488570739457e-08, 1.924579606793486e-08]
time=[0e+00, 8.64e+04]
