last-generated=2024-04-15
statistics-simulation=
{
  "linear": " ",
  "nonlinear": "2, 2",
  "number of continuous time states": "4",
  "numerical Jacobians": "0"
}
time=[0e+00, 3.6e+03]
chi.refCyc.sigBus.TConInMea=[3.031499938964844e+02, 3.031499938964844e+02, 3.051499938964844e+02, 3.111499938964844e+02, 3.131499938964844e+02, 3.131499938964844e+02, 3.131499938964844e+02, 3.131499938964844e+02, 3.131499938964844e+02, 3.131499938964844e+02, 3.131499938964844e+02, 3.131499938964844e+02, 3.131499938964844e+02, 3.131499938964844e+02, 3.131499938964844e+02, 3.131499938964844e+02, 3.131499938964844e+02, 3.131499938964844e+02, 3.131499938964844e+02, 3.131499938964844e+02, 3.131499938964844e+02, 3.131499938964844e+02, 3.131499938964844e+02, 3.131499938964844e+02, 3.131499938964844e+02, 3.131499938964844e+02, 3.131499938964844e+02, 3.131499938964844e+02, 3.131499938964844e+02, 3.131499938964844e+02, 3.131499938964844e+02, 3.131499938964844e+02, 3.131499938964844e+02, 3.131499938964844e+02, 3.131499938964844e+02, 3.131499938964844e+02, 3.131499938964844e+02, 3.131499938964844e+02, 3.131499938964844e+02, 3.131499938964844e+02, 3.131499938964844e+02, 3.131499938964844e+02, 3.131499938964844e+02, 3.131499938964844e+02, 3.131499938964844e+02, 3.131499938964844e+02, 3.131499938964844e+02, 3.131499938964844e+02, 3.131499938964844e+02, 3.131499938964844e+02, 3.131499938964844e+02, 3.131499938964844e+02, 3.131499938964844e+02, 3.131499938964844e+02, 3.131499938964844e+02, 3.131499938964844e+02, 3.131499938964844e+02, 3.131499938964844e+02, 3.131499938964844e+02, 3.131499938964844e+02, 3.131499938964844e+02, 3.131499938964844e+02, 3.131499938964844e+02, 3.131499938964844e+02, 3.131499938964844e+02, 3.131499938964844e+02, 3.131499938964844e+02, 3.131499938964844e+02, 3.131499938964844e+02, 3.131499938964844e+02, 3.131499938964844e+02, 3.131499938964844e+02, 3.131499938964844e+02, 3.131499938964844e+02, 3.131499938964844e+02, 3.131499938964844e+02, 3.131499938964844e+02, 3.131499938964844e+02, 3.131499938964844e+02, 3.131499938964844e+02, 3.131499938964844e+02, 3.131499938964844e+02, 3.131499938964844e+02, 3.131499938964844e+02, 3.131499938964844e+02, 3.131499938964844e+02, 3.131499938964844e+02, 3.131499938964844e+02, 3.131499938964844e+02, 3.131499938964844e+02, 3.131499938964844e+02, 3.131499938964844e+02, 3.131499938964844e+02, 3.131499938964844e+02, 3.131499938964844e+02, 3.131499938964844e+02, 3.131499938964844e+02, 3.131499938964844e+02, 3.131499938964844e+02, 3.131499938964844e+02, 3.131499938964844e+02]
chi.refCyc.sigBus.TConOutMea=[2.931499938964844e+02, 3.025881042480469e+02, 3.056450805664062e+02, 3.088945007324219e+02, 3.122425537109375e+02, 3.131178283691406e+02, 3.132537841796875e+02, 3.13234619140625e+02, 3.132005920410156e+02, 3.131770629882812e+02, 3.131636962890625e+02, 3.1315673828125e+02, 3.131532592773438e+02, 3.131515502929688e+02, 3.131507568359375e+02, 3.131503601074219e+02, 3.131501770019531e+02, 3.131500854492188e+02, 3.131500244140625e+02, 3.131500244140625e+02, 3.131499938964844e+02, 3.131499938964844e+02, 3.131499938964844e+02, 3.131499938964844e+02, 3.131499938964844e+02, 3.131499938964844e+02, 3.134416198730469e+02, 3.136965942382812e+02, 3.138446655273438e+02, 3.157359619140625e+02, 3.171676940917969e+02, 3.17683837890625e+02, 3.176915283203125e+02, 3.17488037109375e+02, 3.172069702148438e+02, 3.168954772949219e+02, 3.165664367675781e+02, 3.162215270996094e+02, 3.158588256835938e+02, 3.154748840332031e+02, 3.150645751953125e+02, 3.146199035644531e+02, 3.144612426757812e+02, 3.161404418945312e+02, 3.173302612304688e+02, 3.177222900390625e+02, 3.176808776855469e+02, 3.174605407714844e+02, 3.171738586425781e+02, 3.168599243164062e+02, 3.16529052734375e+02, 3.1315625e+02, 3.094473266601562e+02, 3.083351745605469e+02, 3.089767456054688e+02, 3.09795654296875e+02, 3.089682922363281e+02, 3.053778686523438e+02, 3.05808349609375e+02, 3.067601318359375e+02, 3.072549133300781e+02, 3.074658813476562e+02, 3.076391906738281e+02, 3.078433532714844e+02, 3.080723876953125e+02, 3.083222351074219e+02, 3.086009521484375e+02, 3.089232788085938e+02, 3.093139038085938e+02, 3.098949890136719e+02, 3.082725524902344e+02, 3.053185424804688e+02, 3.059321899414062e+02, 3.068410034179688e+02, 3.072860107421875e+02, 3.074839782714844e+02, 3.0766015625e+02, 3.078678283691406e+02, 3.080990600585938e+02, 3.083515625e+02, 3.086343078613281e+02, 3.089626770019531e+02, 3.093634338378906e+02, 3.099882202148438e+02, 3.076452941894531e+02, 3.052966918945312e+02, 3.060487670898438e+02, 3.069126586914062e+02, 3.073144836425781e+02, 3.075025634765625e+02, 3.076817321777344e+02, 3.078925170898438e+02, 3.081259765625e+02, 3.083812561035156e+02, 3.086681823730469e+02, 3.090029296875e+02, 3.094145202636719e+02, 3.100883483886719e+02, 3.07087158203125e+02, 3.053101501464844e+02, 3.061641540527344e+02]
chi.refCyc.sigBus.TEvaOutMea=[2.931499938964844e+02, 2.835945739746094e+02, 2.811967468261719e+02, 2.834267883300781e+02, 2.854905700683594e+02, 2.867670593261719e+02, 2.874596862792969e+02, 2.878132629394531e+02, 2.879879760742188e+02, 2.880726928710938e+02, 2.881133117675781e+02, 2.881326293945312e+02, 2.881417846679688e+02, 2.881461181640625e+02, 2.881481628417969e+02, 2.881491394042969e+02, 2.881495971679688e+02, 2.881498107910156e+02, 2.8814990234375e+02, 2.881499633789062e+02, 2.881499938964844e+02, 2.881499938964844e+02, 2.881499938964844e+02, 2.881499938964844e+02, 2.881499938964844e+02, 2.881499938964844e+02, 2.899949645996094e+02, 2.939989929199219e+02, 2.956658020019531e+02, 2.919683227539062e+02, 2.890625610351562e+02, 2.881620483398438e+02, 2.883057250976562e+02, 2.888197021484375e+02, 2.894320983886719e+02, 2.900695495605469e+02, 2.907272033691406e+02, 2.914165649414062e+02, 2.921510009765625e+02, 2.929444274902344e+02, 2.938138732910156e+02, 2.947835998535156e+02, 2.951253967285156e+02, 2.913451232910156e+02, 2.888272094726562e+02, 2.881421508789062e+02, 2.883606262207031e+02, 2.888915710449219e+02, 2.895053100585938e+02, 2.901428527832031e+02, 2.90802490234375e+02, 3.003968811035156e+02, 3.109734802246094e+02, 3.1390869140625e+02, 3.116838073730469e+02, 3.089365844726562e+02, 3.113485717773439e+02, 3.231055908203125e+02, 3.227747802734375e+02, 3.204020690917969e+02, 3.190181579589844e+02, 3.182668151855469e+02, 3.175205993652344e+02, 3.166306762695312e+02, 3.15641845703125e+02, 3.145792236328125e+02, 3.134257507324219e+02, 3.121412963867188e+02, 3.106544799804688e+02, 3.086068420410156e+02, 3.135027160644531e+02, 3.234094543457031e+02, 3.224810791015625e+02, 3.201863708496094e+02, 3.189198913574219e+02, 3.181913146972656e+02, 3.174287719726562e+02, 3.165246887207031e+02, 3.155274047851562e+02, 3.144561157226562e+02, 3.132904357910156e+02, 3.119879150390625e+02, 3.104712219238281e+02, 3.08294921875e+02, 3.154696655273438e+02, 3.235974426269531e+02, 3.222025146484375e+02, 3.199937744140625e+02, 3.188271484375e+02, 3.181131896972656e+02, 3.173345031738281e+02, 3.164176635742188e+02, 3.154121704101562e+02, 3.143318786621094e+02, 3.131534729003906e+02, 3.118319702148438e+02, 3.102833557128906e+02, 3.079628295898438e+02, 3.172431030273438e+02, 3.236755065917969e+02, 3.219212036132812e+02]
chi.refCyc.sigBus.TEvaInMea=[2.881499938964844e+02, 2.881499938964844e+02, 2.881499938964844e+02, 2.881499938964844e+02, 2.881499938964844e+02, 2.881499938964844e+02, 2.881499938964844e+02, 2.881499938964844e+02, 2.881499938964844e+02, 2.881499938964844e+02, 2.881499938964844e+02, 2.881499938964844e+02, 2.881499938964844e+02, 2.881499938964844e+02, 2.881499938964844e+02, 2.881499938964844e+02, 2.881499938964844e+02, 2.881499938964844e+02, 2.881499938964844e+02, 2.881499938964844e+02, 2.881499938964844e+02, 2.881499938964844e+02, 2.881499938964844e+02, 2.881499938964844e+02, 2.881499938964844e+02, 2.881499938964844e+02, 2.941499938964844e+02, 2.981499938964844e+02, 2.981499938964844e+02, 2.981499938964844e+02, 2.981499938964844e+02, 2.981499938964844e+02, 2.981499938964844e+02, 2.981499938964844e+02, 2.981499938964844e+02, 2.981499938964844e+02, 2.981499938964844e+02, 2.981499938964844e+02, 2.981499938964844e+02, 2.981499938964844e+02, 2.981499938964844e+02, 2.981499938964844e+02, 2.981499938964844e+02, 2.981499938964844e+02, 2.981499938964844e+02, 2.981499938964844e+02, 2.981499938964844e+02, 2.981499938964844e+02, 2.981499938964844e+02, 2.981499938964844e+02, 2.981499938964844e+02, 2.981499938964844e+02, 2.981499938964844e+02, 2.981499938964844e+02, 2.981499938964844e+02, 2.981499938964844e+02, 2.981499938964844e+02, 2.981499938964844e+02, 2.981499938964844e+02, 2.981499938964844e+02, 2.981499938964844e+02, 2.981499938964844e+02, 2.981499938964844e+02, 2.981499938964844e+02, 2.981499938964844e+02, 2.981499938964844e+02, 2.981499938964844e+02, 2.981499938964844e+02, 2.981499938964844e+02, 2.981499938964844e+02, 2.981499938964844e+02, 2.981499938964844e+02, 2.981499938964844e+02, 2.981499938964844e+02, 2.981499938964844e+02, 2.981499938964844e+02, 2.981499938964844e+02, 2.981499938964844e+02, 2.981499938964844e+02, 2.981499938964844e+02, 2.981499938964844e+02, 2.981499938964844e+02, 2.981499938964844e+02, 2.981499938964844e+02, 2.981499938964844e+02, 2.981499938964844e+02, 2.981499938964844e+02, 2.981499938964844e+02, 2.981499938964844e+02, 2.981499938964844e+02, 2.981499938964844e+02, 2.981499938964844e+02, 2.981499938964844e+02, 2.981499938964844e+02, 2.981499938964844e+02, 2.981499938964844e+02, 2.981499938964844e+02, 2.981499938964844e+02, 2.981499938964844e+02, 2.981499938964844e+02, 2.981499938964844e+02]
chi.QCon_flow=[0e+00, 4.234685546875e+04, 2.110645703125e+04, 9.930326171875e+03, 4.67209814453125e+03, 2.198177490234375e+03, 1.03421484375e+03, 4.865906982421872e+02, 2.28937744140625e+02, 1.07713737487793e+02, 5.067861175537109e+01, 2.384395217895508e+01, 1.121842575073242e+01, 5.278194427490234e+00, 2.483351469039914e+00, 1.168385624885559e+00, 5.497092008590698e-01, 2.586314678192139e-01, 1.216877996921539e-01, 5.725505948066711e-02, 2.693894505500793e-02, 1.26749686896801e-02, 5.963658913969994e-03, 2.806256525218487e-03, 1.321166870184243e-03, 6.21802406385541e-04, 5.25430419921875e+03, 5.708320800781245e+03, 1.436264941406261e+04, 3.702622265625e+04, 4.218576171875e+04, 4.144781640625e+04, 3.911164453125e+04, 3.640613671875e+04, 3.359397265625e+04, 3.069131640625e+04, 2.767159765625e+04, 2.4506232421875e+04, 2.1163962890625e+04, 1.7603458984375e+04, 1.3763650390625e+04, 9.5475498046875e+03, 1.9825587890625e+04, 3.8468734375e+04, 4.229575390625e+04, 4.121681640625e+04, 3.881287890625e+04, 3.60964765625e+04, 3.3277265625e+04, 3.036322265625e+04, 2.7328380859375e+04, -3.23885e+04, -5.27758203125e+04, -4.115586328125e+04, -3.066920117187495e+04, -2.322010156249993e+04, -8.048208593750023e+04, -7.452596875e+04, -5.71737890625e+04, -5.095559765625e+04, -4.983113671875e+04, -4.892644921875e+04, -4.7250296875e+04, -4.522212890625e+04, -4.30510234375e+04, -4.067389453125e+04, -3.79550546875e+04, -3.471884765625e+04, -3.06238046875e+04, -2.27726328125e+04, -8.6247e+04, -7.18758046875e+04, -5.598330078125e+04, -5.071648046875e+04, -4.977544140625e+04, -4.877453125e+04, -4.703408203125e+04, -4.498707421875e+04, -4.279931640625e+04, -4.039137890625e+04, -3.76250859375e+04, -3.43156484375e+04, -3.008821484375e+04, -2.150171875e+04, -8.803409375e+04, -6.95073515625e+04, -5.496938671875e+04, -5.051596875e+04, -4.97031328125e+04, -4.860963671875e+04, -4.68153125e+04, -4.475133203125e+04, -4.254504296875e+04, -4.010444921875e+04, -3.72885546875e+04, -3.390168359375e+04, -2.9518033203125e+04, -2.0172373046875e+04, -8.77908828125e+04, -6.7274078125e+04, -5.40854921875e+04]
chi.QEva_flow=[0e+00, -3.486869921875e+04, -1.731458984375e+04, -8.1462998046875e+03, -3.832735107421875e+03, -1.803265380859375e+03, -8.484136352539062e+02, -3.991725769042966e+02, -1.878080749511719e+02, -8.836249542236328e+01, -4.157397842407227e+01, -1.956028366088867e+01, -9.202986717224121e+00, -4.329944133758545e+00, -2.037206649780271e+00, -9.584800601005554e-01, -4.509515166282654e-01, -2.121672034263611e-01, -9.982606023550034e-02, -4.696894064545631e-02, -2.209924533963203e-02, -1.039785519242287e-02, -4.892261698842049e-03, -2.302100416272879e-03, -1.083813491277397e-03, -5.100929411128163e-04, -4.061755615234375e+03, -4.492754882812497e+03, -1.131473632812508e+04, -2.8536435546875e+04, -3.1674060546875e+04, -3.05232578125e+04, -2.8531263671875e+04, -2.6526119140625e+04, -2.458189453125e+04, -2.262601953125e+04, -2.0590181640625e+04, -1.8426146484375e+04, -1.60934208984375e+04, -1.35463388671875e+04, -1.07217490234375e+04, -7.52171630859375e+03, -1.55109873046875e+04, -2.9442806640625e+04, -3.15916328125e+04, -3.0261548828125e+04, -2.827787890625e+04, -2.6297630859375e+04, -2.4363201171875e+04, -2.2403869140625e+04, -2.0356630859375e+04, 3.835716796875e+04, 5.773412109375e+04, 4.51003671875e+04, 3.359830078124995e+04, 2.513303710937493e+04, 8.539975781250028e+04, 8.37758046875e+04, 6.79234296875e+04, 6.187245703125e+04, 6.028824609375e+04, 5.862882421875e+04, 5.60591484375e+04, 5.307216015625e+04, 4.991151171875e+04, 4.6530390625e+04, 4.280075e+04, 3.855055078125e+04, 3.34400078125e+04, 2.4572626953125e+04, 9.1863484375e+04, 8.13946015625e+04, 6.67996640625e+04, 6.160490234375e+04, 6.015933984375e+04, 5.83826328125e+04, 5.573875390625e+04, 5.2728265625e+04, 4.954876953125e+04, 4.613580859375e+04, 4.2358234375e+04, 3.803457421875e+04, 3.279153125e+04, 2.31887734375e+04, 9.4284171875e+04, 7.9264421875e+04, 6.583803125e+04, 6.136916015625e+04, 6.001062890625e+04, 5.812196484375e+04, 5.541509765625e+04, 5.23833515625e+04, 4.918330859375e+04, 4.573673828125e+04, 4.19091171875e+04, 3.75078125e+04, 3.2108455078125e+04, 2.174648828125e+04, 9.4614546875e+04, 7.72411875e+04, 6.499312890625e+04]
chi.P=[1.4122759765625e+04, 1.4122759765625e+04, 0e+00, 0e+00, 0e+00, 0e+00, 0e+00, 0e+00, 0e+00, 0e+00, 0e+00, 0e+00, 0e+00, 0e+00, 0e+00, 0e+00, 0e+00, 0e+00, 0e+00, 0e+00, 0e+00, 0e+00, 0e+00, 0e+00, 0e+00, 0e+00, 1.807713256835938e+03, 7.908745117187468e+02, 1.3896794921875e+04, 1.287995703125e+04, 1.18631181640625e+04, 1.0846279296875e+04, 9.8294404296875e+03, 8.8126015625e+03, 7.79576318359375e+03, 6.77892431640625e+03, 5.7620859375e+03, 4.7452470703125e+03, 3.728408447265625e+03, 2.71156982421875e+03, 1.694731079101562e+03, 6.778924560546875e+02, 1.37838134765625e+04, 1.2766974609375e+04, 1.17501357421875e+04, 1.0733296875e+04, 9.7164580078125e+03, 8.6996201171875e+03, 7.68278125e+03, 6.6659423828125e+03, 5.649103515625e+03, 4.63226513671875e+03, 3.615426513671875e+03, 2.598587646484375e+03, 1.581749023437494e+03, 5.649104003906186e+02, 1.367083105468749e+04, 1.26539921875e+04, 1.16371533203125e+04, 1.06203154296875e+04, 9.6034765625e+03, 8.5866376953125e+03, 7.569798828125e+03, 6.55296044921875e+03, 5.53612158203125e+03, 4.519283203125e+03, 3.5024443359375e+03, 2.485605712890625e+03, 1.468766967773438e+03, 4.519283142089844e+02, 1.35578486328125e+04, 1.25410107421875e+04, 1.1524171875e+04, 1.05073330078125e+04, 9.490494140625e+03, 8.4736552734375e+03, 7.45681689453125e+03, 6.439978515625e+03, 5.4231396484375e+03, 4.40630078125e+03, 3.389462158203125e+03, 2.37262353515625e+03, 1.355784912109375e+03, 3.389462280273438e+02, 1.34448671875e+04, 1.24280283203125e+04, 1.1411189453125e+04, 1.03943505859375e+04, 9.3775126953125e+03, 8.360673828125e+03, 7.3438349609375e+03, 6.32699609375e+03, 5.31015771484375e+03, 4.29331884765625e+03, 3.276480224609375e+03, 2.2596416015625e+03, 1.242802856445312e+03, 2.259641571044922e+02, 1.3331884765625e+04, 1.23150458984375e+04, 1.129820703125e+04]
chi.refCyc.sigBus.ySet=[1e+00, 1e+00, 1e+00, 1e+00, 1e+00, 1e+00, 1e+00, 1e+00, 1e+00, 1e+00, 1e+00, 1e+00, 1e+00, 1e+00, 9.919999837875365e-01, 9.200000166893005e-01, 8.479999899864197e-01, 7.760000228881836e-01, 7.039999961853027e-01, 6.320000290870667e-01, 5.600000023841858e-01, 4.880000054836273e-01, 4.160000085830688e-01, 3.440000116825104e-01, 2.720000147819519e-01, 2.000000029802322e-01, 1.280000060796738e-01, 5.600000172853447e-02, 9.840000271797178e-01, 9.120000004768372e-01, 8.399999737739563e-01, 7.680000066757202e-01, 6.959999799728394e-01, 6.240000128746033e-01, 5.519999861717224e-01, 4.799999892711639e-01, 4.079999923706055e-01, 3.35999995470047e-01, 2.639999985694885e-01, 1.920000016689301e-01, 1.19999997317791e-01, 4.800000041723251e-02, 9.760000109672546e-01, 9.039999842643738e-01, 8.320000171661377e-01, 7.599999904632568e-01, 6.880000233650208e-01, 6.159999966621399e-01, 5.440000295639038e-01, 4.720000028610229e-01, 4.000000059604645e-01, 3.28000009059906e-01, 2.560000121593475e-01, 1.840000003576279e-01, 1.120000034570689e-01, 3.999999910592987e-02, 9.679999947547908e-01, 8.960000276565552e-01, 8.240000009536743e-01, 7.519999742507935e-01, 6.800000071525574e-01, 6.079999804496765e-01, 5.360000133514404e-01, 4.639999866485596e-01, 3.919999897480011e-01, 3.199999928474426e-01, 2.479999959468842e-01, 1.759999990463257e-01, 1.040000021457672e-01, 3.200000151991844e-02, 9.599999785423279e-01, 8.880000114440918e-01, 8.159999847412109e-01, 7.440000176429749e-01, 6.71999990940094e-01, 6.000000238418579e-01, 5.279999971389771e-01, 4.560000002384186e-01, 3.840000033378601e-01, 3.120000064373016e-01, 2.39999994635582e-01, 1.679999977350235e-01, 9.600000083446503e-02, 2.400000020861626e-02, 9.520000219345093e-01, 8.799999952316284e-01, 8.080000281333923e-01, 7.360000014305115e-01, 6.639999747276306e-01, 5.920000076293945e-01, 5.199999809265137e-01, 4.480000138282776e-01, 3.759999871253967e-01, 3.039999902248383e-01, 2.319999933242798e-01, 1.599999964237213e-01, 8.799999952316284e-02, 1.600000075995922e-02, 9.440000057220459e-01, 8.71999979019165e-01, 8.00000011920929e-01]
chi.refCyc.sigBus.yMea=[1e+00, 1e+00, 0e+00, 0e+00, 0e+00, 0e+00, 0e+00, 0e+00, 0e+00, 0e+00, 0e+00, 0e+00, 0e+00, 0e+00, 0e+00, 0e+00, 0e+00, 0e+00, 0e+00, 0e+00, 0e+00, 0e+00, 0e+00, 0e+00, 0e+00, 0e+00, 1.280000060796738e-01, 5.600000172853447e-02, 9.840000271797178e-01, 9.120000004768372e-01, 8.399999737739563e-01, 7.680000066757202e-01, 6.959999799728394e-01, 6.240000128746033e-01, 5.519999861717224e-01, 4.799999892711639e-01, 4.079999923706055e-01, 3.35999995470047e-01, 2.639999985694885e-01, 1.920000016689301e-01, 1.19999997317791e-01, 4.800000041723251e-02, 9.760000109672546e-01, 9.039999842643738e-01, 8.320000171661377e-01, 7.599999904632568e-01, 6.880000233650208e-01, 6.159999966621399e-01, 5.440000295639038e-01, 4.720000028610229e-01, 4.000000059604645e-01, 3.28000009059906e-01, 2.560000121593475e-01, 1.840000003576279e-01, 1.120000034570689e-01, 3.999999910592987e-02, 9.679999947547908e-01, 8.960000276565552e-01, 8.240000009536743e-01, 7.519999742507935e-01, 6.800000071525574e-01, 6.079999804496765e-01, 5.360000133514404e-01, 4.639999866485596e-01, 3.919999897480011e-01, 3.199999928474426e-01, 2.479999959468842e-01, 1.759999990463257e-01, 1.040000021457672e-01, 3.200000151991844e-02, 9.599999785423279e-01, 8.880000114440918e-01, 8.159999847412109e-01, 7.440000176429749e-01, 6.71999990940094e-01, 6.000000238418579e-01, 5.279999971389771e-01, 4.560000002384186e-01, 3.840000033378601e-01, 3.120000064373016e-01, 2.39999994635582e-01, 1.679999977350235e-01, 9.600000083446503e-02, 2.400000020861626e-02, 9.520000219345093e-01, 8.799999952316284e-01, 8.080000281333923e-01, 7.360000014305115e-01, 6.639999747276306e-01, 5.920000076293945e-01, 5.199999809265137e-01, 4.480000138282776e-01, 3.759999871253967e-01, 3.039999902248383e-01, 2.319999933242798e-01, 1.599999964237213e-01, 8.799999952316284e-02, 1.600000075995922e-02, 9.440000057220459e-01, 8.71999979019165e-01, 8.00000011920929e-01]
