last-generated=2025-09-18
statistics-simulation=
{
  "linear": "0, 0",
  "nonlinear": " ",
  "number of continuous time states": "8",
  "numerical Jacobians": "0"
}
time=[0e+00, 7.2e+03]
dooOpe.vAB=[-1.828544676785171e-10, 7.744496106170118e-04, 3.125230548903346e-03, 6.807654164731503e-03, 1.141147501766682e-02, 1.636873185634613e-02, 2.088581398129463e-02, 2.458854764699936e-02, 2.795247361063957e-02, 3.064373880624771e-02, 3.288184851408005e-02, 3.47185879945755e-02, 3.618595004081726e-02, 3.731879591941833e-02, 3.813710436224937e-02, 3.785751387476921e-02, 3.578067943453789e-02, 3.387857228517532e-02, 3.234732151031494e-02, 3.098581545054913e-02, 2.962019667029381e-02, 2.822226285934448e-02, 2.666028402745724e-02, 2.487239241600037e-02, 2.278349362313747e-02, 2.026508376002312e-02, 1.72391701489687e-02, 1.352770719677209e-02, 9.220972657203655e-03, 3.704414935782552e-03, 3.24737885966897e-03, 1.053058821707964e-02, 1.674487814307213e-02, 2.136292867362499e-02, 2.459181472659111e-02, 2.69025806337595e-02, 2.857163362205029e-02, 2.971433289349079e-02, 3.045809082686901e-02, 3.091798350214958e-02, 3.10978852212429e-02, 3.104600124061108e-02, 3.078963235020638e-02, 3.030506707727909e-02, 2.961446717381477e-02, 2.871350757777691e-02, 2.758331783115864e-02, 2.620786614716053e-02, 2.454350702464581e-02, 2.257425151765347e-02, 2.024138905107975e-02, 1.703925803303719e-02, 1.326317340135574e-02, 7.802356034517288e-03, 3.29844537191089e-03, 3.360969945788429e-03, 1.062333490699534e-02, 1.669644750654697e-02, 2.142071723937988e-02, 2.46251318603754e-02, 2.691911160945892e-02, 2.845070511102676e-02, 2.969867922365665e-02, 3.040360659360886e-02, 3.087593242526054e-02, 3.107341378927231e-02, 3.103739395737648e-02, 3.076831623911858e-02, 3.028065711259842e-02, 2.959004603326321e-02, 2.868235856294632e-02, 2.750477381050587e-02, 2.617064863443375e-02, 2.451491169631481e-02, 2.246297709643841e-02, 2.015327475965023e-02, 1.707417890429497e-02, 1.3226761482656e-02, 8.868508972227573e-03, 3.331238636747003e-03, 3.544609295204282e-03, 1.064820680767298e-02, 1.697364263236523e-02, 2.139317058026791e-02, 2.460541576147079e-02, 2.692448534071445e-02, 2.855622209608555e-02, 2.970138750970364e-02, 3.045202791690826e-02, 3.09135727584362e-02, 3.109767287969589e-02, 3.105719573795795e-02, 3.075961768627167e-02, 3.028221428394318e-02, 2.960780449211597e-02, 2.871343307197094e-02, 2.758470550179482e-02, 2.619638852775097e-02, 2.453511208295822e-02, 2.248525992035866e-02, 2.010968141257763e-02]
dooOpe.vBA=[1.828547174786976e-10, 7.837465964257717e-04, 3.145189257338643e-03, 6.883580703288317e-03, 1.15571366623044e-02, 1.639626547694206e-02, 2.093870565295219e-02, 2.4951146915555e-02, 2.801536954939365e-02, 3.071100078523159e-02, 3.295480832457542e-02, 3.479057177901268e-02, 3.626007959246635e-02, 3.739314526319504e-02, 3.820734098553658e-02, 3.790273144841194e-02, 3.58143150806427e-02, 3.391086310148239e-02, 3.237593173980713e-02, 3.099922090768814e-02, 2.967823669314384e-02, 2.824291214346886e-02, 2.666882053017616e-02, 2.488274686038494e-02, 2.278385311365128e-02, 2.03022938221693e-02, 1.726493425667286e-02, 1.357291545718907e-02, 8.826418779790388e-03, 3.269058652222157e-03, 3.241065191105008e-03, 1.042978558689356e-02, 1.668998412787914e-02, 2.132007293403149e-02, 2.459627948701382e-02, 2.688124217092991e-02, 2.84862294793129e-02, 2.963747270405293e-02, 3.042417205870152e-02, 3.087273798882961e-02, 3.106587566435337e-02, 3.102040104568005e-02, 3.074611723423004e-02, 3.027188032865524e-02, 2.958866022527218e-02, 2.868936583399773e-02, 2.756599895656109e-02, 2.618982642889023e-02, 2.452836185693741e-02, 2.246936410665512e-02, 1.991009712219238e-02, 1.70972403138876e-02, 1.351167261600494e-02, 9.913995862007141e-03, 3.326486330479344e-03, 3.507657675072598e-03, 1.068354118615393e-02, 1.699936576187611e-02, 2.145640179514885e-02, 2.469696849584579e-02, 2.695460617542267e-02, 2.867169864475727e-02, 2.969590574502945e-02, 3.050985559821129e-02, 3.091331198811531e-02, 3.108090907335281e-02, 3.108307719230652e-02, 3.080079890787601e-02, 3.030996024608612e-02, 2.961022220551968e-02, 2.870423160493374e-02, 2.761410363018513e-02, 2.618520893156528e-02, 2.452518045902252e-02, 2.254730090498924e-02, 1.99480876326561e-02, 1.703441888093948e-02, 1.354825869202614e-02, 8.905036374926567e-03, 3.381278365850449e-03, 3.198430873453617e-03, 1.052306033670902e-02, 1.6604358330369e-02, 2.137982659041882e-02, 2.462962828576565e-02, 2.688184753060341e-02, 2.851771377027035e-02, 2.965925447642803e-02, 3.042866848409176e-02, 3.087196312844753e-02, 3.106083162128925e-02, 3.099526837468147e-02, 3.075652942061424e-02, 3.02578043192625e-02, 2.956774830818176e-02, 2.86687109619379e-02, 2.754460461437702e-02, 2.618129551410675e-02, 2.450878918170929e-02, 2.253397181630135e-02, 2.001522295176983e-02]
dooOpeClo.vAB=[-9.164435876840571e-11, 3.714345803018659e-04, 1.559372060000896e-03, 3.401330672204494e-03, 5.670869257301092e-03, 8.072446100413799e-03, 1.024067122489214e-02, 1.206973660737276e-02, 1.383693981915712e-02, 1.532691530883312e-02, 1.661267690360546e-02, 1.769435778260231e-02, 1.857838593423367e-02, 1.927280426025391e-02, 2.066352218389512e-02, 3.039508871734142e-02, 3.578067943453789e-02, 3.387857228517532e-02, 3.234732151031494e-02, 3.098581545054913e-02, 2.962019667029381e-02, 2.822226285934448e-02, 2.666028402745724e-02, 2.487239241600037e-02, 2.278349362313747e-02, 2.026508376002312e-02, 1.72391701489687e-02, 1.352770719677209e-02, 9.220972657203655e-03, 3.704414935782552e-03, 3.24737885966897e-03, 1.053058821707964e-02, 1.674487814307213e-02, 2.136292867362499e-02, 2.459181472659111e-02, 2.69025806337595e-02, 2.857163362205029e-02, 2.971433289349079e-02, 3.045809082686901e-02, 3.091798350214958e-02, 3.10978852212429e-02, 3.104600124061108e-02, 3.078963235020638e-02, 3.030506707727909e-02, 2.961446717381477e-02, 2.871350757777691e-02, 2.758331783115864e-02, 2.620786614716053e-02, 2.454350702464581e-02, 2.257425151765347e-02, 2.024138905107975e-02, 1.703925803303719e-02, 1.326317340135574e-02, 7.802356034517288e-03, 3.29844537191089e-03, 3.360969945788429e-03, 1.062333490699534e-02, 1.669644750654697e-02, 2.142071723937988e-02, 2.46251318603754e-02, 2.691911160945892e-02, 2.845070511102676e-02, 2.969867922365665e-02, 3.040360659360886e-02, 3.087593242526054e-02, 3.107341378927231e-02, 3.103739395737648e-02, 3.076831623911858e-02, 3.028065711259842e-02, 2.959004603326321e-02, 2.868235856294632e-02, 2.750477381050587e-02, 2.617064863443375e-02, 2.451491169631481e-02, 2.246297709643841e-02, 2.015327475965023e-02, 1.707417890429497e-02, 1.3226761482656e-02, 8.868508972227573e-03, 3.331238636747003e-03, 3.544609295204282e-03, 1.064820680767298e-02, 1.697364263236523e-02, 2.139317058026791e-02, 2.460541576147079e-02, 2.692448534071445e-02, 2.855622209608555e-02, 2.970138750970364e-02, 3.045202791690826e-02, 3.09135727584362e-02, 3.109767287969589e-02, 3.105719573795795e-02, 3.075961768627167e-02, 3.028221428394318e-02, 2.960780449211597e-02, 2.871343307197094e-02, 2.758470550179482e-02, 2.619638852775097e-02, 2.453511208295822e-02, 2.248525992035866e-02, 2.010968141257763e-02]
dooOpeClo.vBA=[9.164442121845084e-11, 3.760936961043626e-04, 1.569361658766866e-03, 3.439147491008043e-03, 5.742676556110382e-03, 8.085859939455986e-03, 1.026644092053175e-02, 1.225067209452391e-02, 1.38692082837224e-02, 1.536227390170097e-02, 1.665162481367588e-02, 1.773336343467236e-02, 1.861908100545406e-02, 1.931399293243885e-02, 2.070417813956739e-02, 3.043227083981037e-02, 3.58143150806427e-02, 3.391086310148239e-02, 3.237593173980713e-02, 3.099922090768814e-02, 2.967823669314384e-02, 2.824291214346886e-02, 2.666882053017616e-02, 2.488274686038494e-02, 2.278385311365128e-02, 2.03022938221693e-02, 1.726493425667286e-02, 1.357291545718907e-02, 8.826418779790388e-03, 3.269058652222157e-03, 3.241065191105008e-03, 1.042978558689356e-02, 1.668998412787914e-02, 2.132007293403149e-02, 2.459627948701382e-02, 2.688124217092991e-02, 2.84862294793129e-02, 2.963747270405293e-02, 3.042417205870152e-02, 3.087273798882961e-02, 3.106587566435337e-02, 3.102040104568005e-02, 3.074611723423004e-02, 3.027188032865524e-02, 2.958866022527218e-02, 2.868936583399773e-02, 2.756599895656109e-02, 2.618982642889023e-02, 2.452836185693741e-02, 2.246936410665512e-02, 1.991009712219238e-02, 1.70972403138876e-02, 1.351167261600494e-02, 9.913995862007141e-03, 3.326486330479344e-03, 3.507657675072598e-03, 1.068354118615393e-02, 1.699936576187611e-02, 2.145640179514885e-02, 2.469696849584579e-02, 2.695460617542267e-02, 2.867169864475727e-02, 2.969590574502945e-02, 3.050985559821129e-02, 3.091331198811531e-02, 3.108090907335281e-02, 3.108307719230652e-02, 3.080079890787601e-02, 3.030996024608612e-02, 2.961022220551968e-02, 2.870423160493374e-02, 2.761410363018513e-02, 2.618520893156528e-02, 2.452518045902252e-02, 2.254730090498924e-02, 1.99480876326561e-02, 1.703441888093948e-02, 1.354825869202614e-02, 8.905036374926567e-03, 3.381278365850449e-03, 3.198430873453617e-03, 1.052306033670902e-02, 1.6604358330369e-02, 2.137982659041882e-02, 2.462962828576565e-02, 2.688184753060341e-02, 2.851771377027035e-02, 2.965925447642803e-02, 3.042866848409176e-02, 3.087196312844753e-02, 3.106083162128925e-02, 3.099526837468147e-02, 3.075652942061424e-02, 3.02578043192625e-02, 2.956774830818176e-02, 2.86687109619379e-02, 2.754460461437702e-02, 2.618129551410675e-02, 2.450878918170929e-02, 2.253397181630135e-02, 2.001522295176983e-02]
dooOpe.port_a1.m_flow=[-4.161354316689625e-10, 1.762490137480199e-03, 7.11260549724102e-03, 1.549406163394451e-02, 2.597391605377197e-02, 3.726004436612129e-02, 4.754611477255821e-02, 5.597995221614838e-02, 6.364364922046661e-02, 6.977658718824387e-02, 7.487800717353821e-02, 7.906541228294373e-02, 8.241129666566849e-02, 8.499477058649063e-02, 8.686113357543945e-02, 8.622339367866516e-02, 8.148708194494247e-02, 7.715018838644028e-02, 7.365948706865311e-02, 7.05561637878418e-02, 6.744392216205597e-02, 6.425834447145462e-02, 6.069942563772202e-02, 5.662631615996361e-02, 5.186813324689865e-02, 4.613247141242027e-02, 3.92419844865799e-02, 3.079166077077386e-02, 2.098733745515342e-02, 8.430789224803448e-03, 7.389991544187069e-03, 2.396190911531448e-02, 3.809863701462746e-02, 4.860172048211098e-02, 5.594366043806076e-02, 6.11969456076622e-02, 6.49908110499382e-02, 6.758788228034973e-02, 6.927808374166489e-02, 7.032317668199539e-02, 7.073196768760681e-02, 7.061406224966049e-02, 7.003150880336761e-02, 6.893033534288406e-02, 6.736087054014206e-02, 6.531322002410889e-02, 6.274434179067612e-02, 5.961768329143524e-02, 5.58338388800621e-02, 5.135628953576088e-02, 4.605130106210709e-02, 3.876819461584091e-02, 3.017851151525974e-02, 1.775433123111725e-02, 7.506195921450764e-03, 7.649146020412548e-03, 2.41797249764205e-02, 3.800631314516068e-02, 4.876432195305824e-02, 5.606310069561005e-02, 6.128914654254913e-02, 6.477906554937363e-02, 6.762272119522095e-02, 6.922934204339981e-02, 7.030574977397919e-02, 7.075580954551697e-02, 7.067375630140305e-02, 7.006047666072845e-02, 6.894905865192413e-02, 6.737517565488815e-02, 6.530675292015076e-02, 6.262359023094177e-02, 5.958390235900879e-02, 5.581198260188103e-02, 5.113815516233444e-02, 4.587773978710175e-02, 3.886628150939941e-02, 3.010657615959644e-02, 2.018507570028305e-02, 7.581473793834448e-03, 8.066378533840179e-03, 2.42295078933239e-02, 3.861908614635468e-02, 4.867047816514969e-02, 5.59745691716671e-02, 6.124675273895264e-02, 6.495574116706848e-02, 6.755843013525009e-02, 6.926429271697998e-02, 7.031314820051193e-02, 7.073149085044861e-02, 7.063953578472137e-02, 6.996326148509979e-02, 6.887838989496231e-02, 6.73457458615303e-02, 6.531306356191635e-02, 6.274751573801041e-02, 5.959159135818481e-02, 5.581475794315338e-02, 5.115384981036186e-02, 4.57516647875309e-02]
dooOpe.port_a2.m_flow=[4.161359867804748e-10, 1.783611951395869e-03, 7.157450541853905e-03, 1.566407829523087e-02, 2.629739977419376e-02, 3.730566799640656e-02, 4.763699695467949e-02, 5.676086992025376e-02, 6.372644007205963e-02, 6.985284388065338e-02, 7.495123893022537e-02, 7.912160456180573e-02, 8.245937526226044e-02, 8.503258973360062e-02, 8.688143640756607e-02, 8.618971705436707e-02, 8.144688606262207e-02, 7.712318748235703e-02, 7.363596558570862e-02, 7.050774246454239e-02, 6.750583648681641e-02, 6.424359977245331e-02, 6.06655515730381e-02, 5.660511925816536e-02, 5.183284357190132e-02, 4.618968069553375e-02, 3.928153961896896e-02, 3.088321164250371e-02, 2.008455246686932e-02, 7.439304143190384e-03, 7.376239635050297e-03, 2.373913116753101e-02, 3.799151629209518e-02, 4.853510856628418e-02, 5.59973269701004e-02, 6.120285391807556e-02, 6.485988944768906e-02, 6.748331338167191e-02, 6.927613914012909e-02, 7.029847800731659e-02, 7.073865830898285e-02, 7.063500583171844e-02, 7.000989466905594e-02, 6.892906129360199e-02, 6.737203150987625e-02, 6.532271951436996e-02, 6.276301294565201e-02, 5.962760001420975e-02, 5.584262683987617e-02, 5.115270987153053e-02, 4.53241840004921e-02, 3.891878575086594e-02, 3.075508587062359e-02, 2.256463840603828e-02, 7.570653688162475e-03, 7.982282899320231e-03, 2.430988661944876e-02, 3.867757692933083e-02, 4.881428182125092e-02, 5.618278682231903e-02, 6.131521984934807e-02, 6.521836668252945e-02, 6.754592806100845e-02, 6.939578801393509e-02, 7.031255215406418e-02, 7.069336622953415e-02, 7.06983283162117e-02, 7.005687057971954e-02, 6.894145160913467e-02, 6.735122203826904e-02, 6.5292127430439e-02, 6.281439960002899e-02, 5.956617742776871e-02, 5.579217150807381e-02, 5.129499733448029e-02, 4.538403078913689e-02, 3.875719755887985e-02, 3.082718327641487e-02, 2.026348561048508e-02, 7.694692816585302e-03, 7.279221434146166e-03, 2.395146898925304e-02, 3.779665380716324e-02, 4.86711822450161e-02, 5.607328191399574e-02, 6.120425090193748e-02, 6.493158638477325e-02, 6.753291934728622e-02, 6.928637623786926e-02, 7.029671221971512e-02, 7.072716951370239e-02, 7.057776302099228e-02, 7.003358006477356e-02, 6.889697164297104e-02, 6.732438504695892e-02, 6.527567654848099e-02, 6.271428614854813e-02, 5.960816144943237e-02, 5.579804629087448e-02, 5.129978060722351e-02, 4.556348547339439e-02]
dooOpeClo.port_a1.m_flow=[-1.165218502198126e-13, 4.722678852431272e-07, 1.982754383789143e-06, 4.325030658947071e-06, 7.211371212179074e-06, 1.02661124401493e-05, 1.302460623264778e-05, 1.535217779746745e-05, 1.76014091266552e-05, 1.949823308677878e-05, 2.113538903358858e-05, 2.251292062283028e-05, 2.363890052947681e-05, 2.452347689541057e-05, 3.162092529237321e-03, 4.616432636976242e-02, 8.148708194494247e-02, 7.715018838644028e-02, 7.365948706865311e-02, 7.05561637878418e-02, 6.744392216205597e-02, 6.425834447145462e-02, 6.069942563772202e-02, 5.662631615996361e-02, 5.186813324689865e-02, 4.613247141242027e-02, 3.92419844865799e-02, 3.079166077077386e-02, 2.098733745515342e-02, 8.430789224803448e-03, 7.389991544187069e-03, 2.396190911531448e-02, 3.809863701462746e-02, 4.860172048211098e-02, 5.594366043806076e-02, 6.11969456076622e-02, 6.49908110499382e-02, 6.758788228034973e-02, 6.927808374166489e-02, 7.032317668199539e-02, 7.073196768760681e-02, 7.061406224966049e-02, 7.003150880336761e-02, 6.893033534288406e-02, 6.736087054014206e-02, 6.531322002410889e-02, 6.274434179067612e-02, 5.961768329143524e-02, 5.58338388800621e-02, 5.135628953576088e-02, 4.605130106210709e-02, 3.876819461584091e-02, 3.017851151525974e-02, 1.775433123111725e-02, 7.506195921450764e-03, 7.649146020412548e-03, 2.41797249764205e-02, 3.800631314516068e-02, 4.876432195305824e-02, 5.606310069561005e-02, 6.128914654254913e-02, 6.477906554937363e-02, 6.762272119522095e-02, 6.922934204339981e-02, 7.030574977397919e-02, 7.075580954551697e-02, 7.067375630140305e-02, 7.006047666072845e-02, 6.894905865192413e-02, 6.737517565488815e-02, 6.530675292015076e-02, 6.262359023094177e-02, 5.958390235900879e-02, 5.581198260188103e-02, 5.113815516233444e-02, 4.587773978710175e-02, 3.886628150939941e-02, 3.010657615959644e-02, 2.018507570028305e-02, 7.581473793834448e-03, 8.066378533840179e-03, 2.42295078933239e-02, 3.861908614635468e-02, 4.867047816514969e-02, 5.59745691716671e-02, 6.124675273895264e-02, 6.495574116706848e-02, 6.755843013525009e-02, 6.926429271697998e-02, 7.031314820051193e-02, 7.073149085044861e-02, 7.063953578472137e-02, 6.996326148509979e-02, 6.887838989496231e-02, 6.73457458615303e-02, 6.531306356191635e-02, 6.274751573801041e-02, 5.959159135818481e-02, 5.581475794315338e-02, 5.115384981036186e-02, 4.57516647875309e-02]
dooOpeClo.port_a2.m_flow=[1.165219315349755e-13, 4.781820734933717e-07, 1.99529540623189e-06, 4.372338480607141e-06, 7.300447123270715e-06, 1.02784742921358e-05, 1.304929355683271e-05, 1.557008363306523e-05, 1.762574720487464e-05, 1.952172533492558e-05, 2.115870847774204e-05, 2.253186903544702e-05, 2.365604086662643e-05, 2.453793604217935e-05, 3.163228742778352e-03, 4.614762589335442e-02, 8.144688606262207e-02, 7.712318748235703e-02, 7.363596558570862e-02, 7.050774246454239e-02, 6.750583648681641e-02, 6.424359977245331e-02, 6.06655515730381e-02, 5.660511925816536e-02, 5.183284357190132e-02, 4.618968069553375e-02, 3.928153961896896e-02, 3.088321164250371e-02, 2.008455246686932e-02, 7.439304143190384e-03, 7.376239635050297e-03, 2.373913116753101e-02, 3.799151629209518e-02, 4.853510856628418e-02, 5.59973269701004e-02, 6.120285391807556e-02, 6.485988944768906e-02, 6.748331338167191e-02, 6.927613914012909e-02, 7.029847800731659e-02, 7.073865830898285e-02, 7.063500583171844e-02, 7.000989466905594e-02, 6.892906129360199e-02, 6.737203150987625e-02, 6.532271951436996e-02, 6.276301294565201e-02, 5.962760001420975e-02, 5.584262683987617e-02, 5.115270987153053e-02, 4.53241840004921e-02, 3.891878575086594e-02, 3.075508587062359e-02, 2.256463840603828e-02, 7.570653688162475e-03, 7.982282899320231e-03, 2.430988661944876e-02, 3.867757692933083e-02, 4.881428182125092e-02, 5.618278682231903e-02, 6.131521984934807e-02, 6.521836668252945e-02, 6.754592806100845e-02, 6.939578801393509e-02, 7.031255215406418e-02, 7.069336622953415e-02, 7.06983283162117e-02, 7.005687057971954e-02, 6.894145160913467e-02, 6.735122203826904e-02, 6.5292127430439e-02, 6.281439960002899e-02, 5.956617742776871e-02, 5.579217150807381e-02, 5.129499733448029e-02, 4.538403078913689e-02, 3.875719755887985e-02, 3.082718327641487e-02, 2.026348561048508e-02, 7.694692816585302e-03, 7.279221434146166e-03, 2.395146898925304e-02, 3.779665380716324e-02, 4.86711822450161e-02, 5.607328191399574e-02, 6.120425090193748e-02, 6.493158638477325e-02, 6.753291934728622e-02, 6.928637623786926e-02, 7.029671221971512e-02, 7.072716951370239e-02, 7.057776302099228e-02, 7.003358006477356e-02, 6.889697164297104e-02, 6.732438504695892e-02, 6.527567654848099e-02, 6.271428614854813e-02, 5.960816144943237e-02, 5.579804629087448e-02, 5.129978060722351e-02, 4.556348547339439e-02]
