last-generated=2018-07-20
statistics-initialization=
{
  "nonlinear": "1, 1, 1, 1",
  "numerical Jacobians": "0"
}
statistics-simulation=
{
  "linear": "0, 0, 0, 0",
  "nonlinear": " ",
  "number of continuous time states": "12",
  "numerical Jacobians": "0"
}
time=[0e+00, 1e+05]
realExpression.y=[8e+00, 4.458373039960861e-02, 4.438126459717751e-02, 4.438025504350662e-02, 4.438021779060364e-02, 4.438021406531334e-02, 4.438021406531334e-02, 4.438021406531334e-02, 4.438021406531334e-02, 4.438021406531334e-02, 4.438021406531334e-02, 4.438021406531334e-02, 4.438021406531334e-02, 4.438021406531334e-02, 4.438021406531334e-02, 4.438021406531334e-02, 4.438021406531334e-02, 4.438021406531334e-02, 4.438021406531334e-02, 4.438021406531334e-02, 4.438021406531334e-02, 4.438021406531334e-02, 4.438021406531334e-02, 4.438021406531334e-02, 4.438021406531334e-02, 4.438021406531334e-02, 4.438021406531334e-02, 4.438021406531334e-02, 4.438021406531334e-02, 4.438021406531334e-02, 4.438021406531334e-02, 4.438021406531334e-02, 4.438021406531334e-02, 4.438021406531334e-02, 4.438021406531334e-02, 4.438021406531334e-02, 4.438021406531334e-02, 4.438021406531334e-02, 4.438021406531334e-02, 4.438021406531334e-02, 4.438021406531334e-02, 4.438021406531334e-02, 4.438021406531334e-02, 4.438021406531334e-02, 4.438021406531334e-02, 4.438021406531334e-02, 4.438021406531334e-02, 4.438021406531334e-02, 4.438021406531334e-02, 4.438021406531334e-02, 4.438021406531334e-02, 4.438021406531334e-02, 4.438021406531334e-02, 4.438021406531334e-02, 4.438021406531334e-02, 4.438021406531334e-02, 4.438021406531334e-02, 4.438021406531334e-02, 4.438021406531334e-02, 4.438021406531334e-02, 4.438021406531334e-02, 4.438021406531334e-02, 4.438021406531334e-02, 4.438021406531334e-02, 4.438021406531334e-02, 4.438021406531334e-02, 4.438021406531334e-02, 4.438021406531334e-02, 4.438021406531334e-02, 4.438021406531334e-02, 4.438021406531334e-02, 4.438021406531334e-02, 4.438021406531334e-02, 4.438021406531334e-02, 4.438021406531334e-02, 4.438021406531334e-02, 4.438021406531334e-02, 4.438021406531334e-02, 4.438021406531334e-02, 4.438021406531334e-02, 4.438021406531334e-02, 4.438021406531334e-02, 4.438021406531334e-02, 4.438021406531334e-02, 4.438021406531334e-02, 4.438021406531334e-02, 4.438021406531334e-02, 4.438021406531334e-02, 4.438021406531334e-02, 4.438021406531334e-02, 4.438021406531334e-02, 4.438021406531334e-02, 4.438021406531334e-02, 4.438021406531334e-02, 4.438021406531334e-02, 4.438021406531334e-02, 4.438021406531334e-02, 4.438021406531334e-02, 4.438021406531334e-02, 4.438021406531334e-02, 4.438021406531334e-02]
Rb_ref.y=[4.438019916415215e-02, 4.438019916415215e-02]
