last-generated=2023-02-27
statistics-initialization=
{
  "nonlinear": "0, 33, 0, 0, 1, 1, 0, 1, 0, 0, 1",
  "numerical Jacobians": "0"
}
statistics-simulation=
{
  "linear": "24",
  "nonlinear": "0, 11, 1, 1, 0, 1, 0, 0, 1",
  "number of continuous time states": "74",
  "numerical Jacobians": "0"
}
time=[0e+00, 1e+03]
pmpNorth.m_flow=[0e+00, 3.935719966888428e+00, 5.780091762542725e+00, 5.809417247772217e+00, 5.690216064453125e+00, 5.605263233184814e+00, 5.558026313781738e+00, 5.541236877441406e+00, 5.548241138458252e+00, 5.572533130645752e+00, 5.607278823852539e+00, 5.646889209747314e+00, 5.681693077087402e+00, 5.721591949462891e+00, 5.762417316436768e+00, 5.800257682800293e+00, 5.834187984466553e+00, 5.864247798919678e+00, 5.890663623809814e+00, 5.913708209991455e+00, 5.933660507202148e+00, 5.950779438018799e+00, 5.965284824371338e+00, 5.977312564849854e+00, 5.987002372741699e+00, 5.994468212127686e+00, 5.999790668487549e+00, 6.390170574188232e+00, 6.807086944580078e+00, 6.980972290039062e+00, 7.000589370727539e+00, 6.958015441894531e+00, 6.90471076965332e+00, 6.85784912109375e+00, 6.819120407104492e+00, 6.785045146942139e+00, 6.75277853012085e+00, 6.716695785522461e+00, 6.678912162780762e+00, 6.641202449798584e+00, 6.599523544311523e+00, 6.55243968963623e+00, 6.499268054962158e+00, 6.439427852630615e+00, 6.372359752655029e+00, 6.297469139099121e+00, 6.214086532592773e+00, 6.121408462524414e+00, 6.018582344055176e+00, 5.904727935791016e+00, 5.778929233551025e+00, 4.472218990325928e+00, 1.755791425704956e+00, 5.375271439552307e-01, 1.095220372080803e-01, 2.161999046802521e-02, 1.502279937267303e-02, 1.356650050729513e-02, 1.285514049232006e-02, 1.190703175961971e-02, 1.085934694856405e-02, 9.728511795401573e-03, 8.548534475266933e-03, 7.349204272031784e-03, 6.16338849067688e-03, 5.026612430810928e-03, 3.973680082708597e-03, 3.033521585166454e-03, 2.227024873718619e-03, 1.564703648909926e-03, 1.046006451360881e-03, 6.604045629501343e-04, 3.902326570823789e-04, 2.131061919499189e-04, 1.059901333064772e-04, 4.749969593831338e-05, 1.955376319529023e-05, 8.111590432235971e-06, 3.968100827478338e-06, 3.087320465056109e-06, 3.117941105301725e-06, 2.891718850150937e-06, 2.267873469463666e-06, 1.543162170491996e-06, 9.437679864277015e-07, 5.321439289218688e-07, 2.74950735956736e-07, 1.366171602512622e-07, 6.396689400389732e-08, 2.746208771498004e-08, 1.227301105188872e-08, 5.951656945057948e-09, 2.976732860204834e-09, 1.374002356335779e-09, 6.462190782485777e-10, 3.768133582937594e-10, 3.204145559987381e-10, 3.576777485303495e-10, 3.912213886181348e-10, 3.627688982543731e-10, 3.51210477367303e-10]
pmpSouth.m_flow=[0e+00, 3.541494846343994e+00, 5.228469848632812e+00, 5.277796268463135e+00, 5.183751583099365e+00, 5.115017414093018e+00, 5.076897621154785e+00, 5.063910007476807e+00, 5.070724964141846e+00, 5.091999530792236e+00, 5.122062683105469e+00, 5.155687808990479e+00, 5.18610143661499e+00, 5.220992088317871e+00, 5.256397247314453e+00, 5.289239883422852e+00, 5.318791389465332e+00, 5.345078945159912e+00, 5.368277549743652e+00, 5.388598442077637e+00, 5.406260013580322e+00, 5.421464920043945e+00, 5.434384346008301e+00, 5.44512414932251e+00, 5.453794479370117e+00, 5.460485935211182e+00, 5.465262889862061e+00, 5.777538776397705e+00, 6.105616569519043e+00, 6.243685245513916e+00, 6.263339519500732e+00, 6.234050273895264e+00, 6.194831848144531e+00, 6.159196853637695e+00, 6.128818035125732e+00, 6.101312637329102e+00, 6.074650764465332e+00, 6.043768882751465e+00, 6.012720584869385e+00, 5.980940341949463e+00, 5.945602416992188e+00, 5.905767917633057e+00, 5.860960483551025e+00, 5.810754299163818e+00, 5.7547287940979e+00, 5.692428112030029e+00, 5.623335361480713e+00, 5.546823501586914e+00, 5.462218284606934e+00, 5.368802070617676e+00, 5.265803813934326e+00, 4.085395336151123e+00, 1.604923367500305e+00, 4.948326349258423e-01, 9.693736582994461e-02, 1.920747943222523e-02, 1.337573956698179e-02, 1.21132954955101e-02, 1.152115780860186e-02, 1.072235684841871e-02, 9.836157783865929e-03, 8.873328566551208e-03, 7.860005833208561e-03, 6.818463560193777e-03, 5.774399731308222e-03, 4.757528193295002e-03, 3.799326717853546e-03, 2.928586676716805e-03, 2.16888845898211e-03, 1.535348477773368e-03, 1.03265349753201e-03, 6.550114485435188e-04, 3.883321478497237e-04, 2.125359751516953e-04, 1.058485649991781e-04, 4.747121056425385e-05, 1.954893195943441e-05, 8.110724593279883e-06, 3.967823886341648e-06, 3.087024651904358e-06, 3.117272854069597e-06, 2.89020681520924e-06, 2.265190005346085e-06, 1.539441882414394e-06, 9.395635629516619e-07, 5.281171411297692e-07, 2.716627989229892e-07, 1.341925326414639e-07, 6.237277716536482e-08, 2.654739894580871e-08, 1.175035180267514e-08, 5.640167888287806e-09, 2.791860742590302e-09, 1.275787364640735e-09, 5.944386094469678e-10, 3.437171935960492e-10, 2.901380524722441e-10, 3.218724453635247e-10, 3.502462764259917e-10, 3.234120471429236e-10, 3.12055131734823e-10]
