last-generated=2023-02-27
statistics-initialization=
{
  "nonlinear": "0, 5, 1, 1, 0, 1, 1",
  "numerical Jacobians": "0"
}
statistics-simulation=
{
  "linear": " ",
  "nonlinear": "0, 7, 1, 1, 0, 1, 1",
  "number of continuous time states": "3",
  "numerical Jacobians": "0"
}
time=[0e+00, 1e+03]
pmpNorth.m_flow=[0e+00, 5.476596832275391e+00, 5.134872913360596e+00, 5.241343975067139e+00, 5.336724281311035e+00, 5.42204475402832e+00, 5.49827766418457e+00, 5.566323757171631e+00, 5.627006530761719e+00, 5.681071281433105e+00, 5.729185581207275e+00, 5.771944522857666e+00, 5.809875011444092e+00, 5.843441009521484e+00, 5.873049736022949e+00, 5.899054527282715e+00, 5.921764373779297e+00, 5.941442966461182e+00, 5.95831823348999e+00, 5.972582340240479e+00, 5.984394550323486e+00, 5.993887424468994e+00, 6.001165390014648e+00, 6.006308555603027e+00, 6.009371757507324e+00, 6.01038932800293e+00, 6.009371757507324e+00, 6.842513561248779e+00, 6.83491849899292e+00, 6.824180126190186e+00, 6.810193061828613e+00, 6.792816638946533e+00, 6.771877288818359e+00, 6.747164249420166e+00, 6.718426704406738e+00, 6.685370445251465e+00, 6.647656440734863e+00, 6.60489559173584e+00, 6.556644916534424e+00, 6.502403736114502e+00, 6.441612243652344e+00, 6.373644828796387e+00, 6.297811508178711e+00, 6.213356971740723e+00, 6.119462966918945e+00, 6.01525354385376e+00, 5.899808406829834e+00, 5.772178649902344e+00, 5.63141393661499e+00, 5.476596832275391e+00, 5.306889057159424e+00, 1.135268412446927e-15, -2.306651217199404e-23, -3.660166925464037e-23, -4.812539353431961e-23, -5.739098769558559e-23, -6.418179897942842e-23, -6.834015617899977e-23, -6.980062801537699e-23, -6.862269460081373e-23, -6.50154545622915e-23, -5.934560200299324e-23, -5.212129271906974e-23, -4.394946051377993e-23, -3.547148085750471e-23, -2.728946919109393e-23, -1.989909995345598e-23, -1.36430164564954e-23, -8.692341563216356e-24, -5.055749588132668e-24, -2.496055497808566e-24, -6.917464085467424e-25, -1.115641235049609e-25, -1.514437798770025e-28, 1.621535946304855e-27, 2.756356931706431e-29, 4.886501040150383e-27, 4.221732150304253e-18, 1.99816428833494e-17, 5.993253086702727e-17, 1.391448948072119e-16, 2.739858034511879e-16, 4.806007238601368e-16, 7.733497629308856e-16, 1.163266557122826e-15, 1.656643555382432e-15, 2.253873992755467e-15, 2.948677331696277e-15, 3.727791577349702e-15, 4.571148401612919e-15, 5.452460772242601e-15, 6.340108525801271e-15, 7.198192711918398e-15, 7.987668076340874e-15, 8.667495872774229e-15, 9.195002581335789e-15, 9.52425529936185e-15, 9.622694080359956e-15, 9.453926153751326e-15, 8.985173885576059e-15, 8.188173480450176e-15]
pmpSouth.m_flow=[0e+00, 5.018579483032227e+00, 4.728241920471191e+00, 4.816676616668701e+00, 4.896131038665771e+00, 4.967477321624756e+00, 5.03151273727417e+00, 5.0889573097229e+00, 5.140457153320312e+00, 5.186590671539307e+00, 5.227871894836426e+00, 5.26475715637207e+00, 5.297648906707764e+00, 5.326901435852051e+00, 5.352827072143555e+00, 5.375698089599609e+00, 5.395751476287842e+00, 5.413193225860596e+00, 5.42819881439209e+00, 5.440918922424316e+00, 5.451479434967041e+00, 5.459983825683594e+00, 5.466514587402344e+00, 5.471135139465332e+00, 5.47389030456543e+00, 5.474805355072021e+00, 5.47389030456543e+00, 6.153408050537109e+00, 6.146831035614014e+00, 6.137541770935059e+00, 6.125458240509033e+00, 6.110471248626709e+00, 6.092447757720947e+00, 6.071224689483643e+00, 6.046609878540039e+00, 6.018378257751465e+00, 5.986271858215332e+00, 5.949994087219238e+00, 5.90920877456665e+00, 5.863537311553955e+00, 5.812554359436035e+00, 5.75578498840332e+00, 5.692702770233154e+00, 5.622726440429688e+00, 5.545217514038086e+00, 5.459481716156006e+00, 5.36476993560791e+00, 5.260281085968018e+00, 5.145174026489258e+00, 5.018579483032227e+00, 4.879621982574463e+00, -1.89822777044461e-14, -2.757162264878614e-22, -2.556484885832527e-22, -2.348933183531727e-22, -2.135444198513872e-22, -1.917476250602789e-22, -1.697096029152412e-22, -1.477037031862642e-22, -1.260699059908362e-22, -1.052054122610671e-22, -8.55427134105223e-23, -6.751368238581782e-23, -5.150227987763005e-23, -3.779361599432398e-23, -2.653167678376415e-23, -1.769813700712228e-23, -1.11194228105617e-23, -6.499979961762739e-24, -3.471776055016768e-24, -1.637567461117645e-24, -6.247832603537647e-25, -1.8297011166424e-25, -3.363840026074435e-26, -2.165769467035678e-27, -1.610016796807136e-29, -1.635629516451892e-27, -1.795807662286551e-18, -8.943864730630623e-18, -2.824647422195463e-17, -6.90803212612512e-17, -1.433009678420335e-16, -2.647594441336612e-16, -4.485195098015578e-16, -7.098106981233475e-16, -1.062859800950893e-15, -1.519836722972548e-15, -2.090170052621997e-15, -2.780391155076398e-15, -3.594477061781348e-15, -4.534491356754594e-15, -5.601237874263082e-15, -6.794709838043233e-15, -8.114231739319612e-15, -9.558336517027574e-15, -1.112572270504366e-14, -1.281915925407245e-14, -1.462173345725612e-14, -1.652472172227089e-14, -1.851776314210594e-14, -2.058903483088351e-14]
