last-generated=2023-02-27
statistics-initialization=
{
  "nonlinear": "0, 1, 0",
  "numerical Jacobians": "0"
}
statistics-simulation=
{
  "linear": " ",
  "nonlinear": "0, 1",
  "number of continuous time states": "6",
  "numerical Jacobians": "0"
}
time=[0e+00, 3.6e+03]
conPID.u_s=[7.5e-01, 7.5e-01, 7.5e-01, 7.5e-01, 7.5e-01, 7.5e-01, 7.5e-01, 7.5e-01, 7.5e-01, 7.5e-01, 7.5e-01, 7.5e-01, 7.5e-01, 2.5e-01, 2.5e-01, 2.5e-01, 2.5e-01, 2.5e-01, 2.5e-01, 2.5e-01, 2.5e-01, 2.5e-01, 2.5e-01, 2.5e-01, 2.5e-01, 2.5e-01, 7.5e-01, 7.5e-01, 7.5e-01, 7.5e-01, 7.5e-01, 7.5e-01, 7.5e-01, 7.5e-01, 7.5e-01, 7.5e-01, 7.5e-01, 7.5e-01, 2.5e-01, 2.5e-01, 2.5e-01, 2.5e-01, 2.5e-01, 2.5e-01, 2.5e-01, 2.5e-01, 2.5e-01, 2.5e-01, 2.5e-01, 2.5e-01, 2.5e-01, 7.5e-01, 7.5e-01, 7.5e-01, 7.5e-01, 7.5e-01, 7.5e-01, 7.5e-01, 7.5e-01, 7.5e-01, 7.5e-01, 7.5e-01, 7.5e-01, 2.5e-01, 2.5e-01, 2.5e-01, 2.5e-01, 2.5e-01, 2.5e-01, 2.5e-01, 2.5e-01, 2.5e-01, 2.5e-01, 2.5e-01, 2.5e-01, 2.5e-01, 7.5e-01, 7.5e-01, 7.5e-01, 7.5e-01, 7.5e-01, 7.5e-01, 7.5e-01, 7.5e-01, 7.5e-01, 7.5e-01, 7.5e-01, 7.5e-01, 2.5e-01, 2.5e-01, 2.5e-01, 2.5e-01, 2.5e-01, 2.5e-01, 2.5e-01, 2.5e-01, 2.5e-01, 2.5e-01, 2.5e-01, 2.5e-01, 2.5e-01]
conPID.u_m=[0e+00, 5.221040844917297e-01, 6.585527658462524e-01, 7.132923603057861e-01, 7.352614402770996e-01, 7.440855503082275e-01, 7.476218342781067e-01, 7.490426301956177e-01, 7.496146559715271e-01, 7.498447895050049e-01, 7.49937891960144e-01, 7.499752044677734e-01, 7.499903440475464e-01, 4.755966365337372e-01, 3.409689664840697e-01, 2.864539921283722e-01, 2.642427086830139e-01, 2.554735541343689e-01, 2.520928680896759e-01, 2.507978975772858e-01, 2.503044605255127e-01, 2.501149475574493e-01, 2.500391900539398e-01, 2.500192821025848e-01, 2.500141561031342e-01, 2.499957829713821e-01, 6.068887710571289e-01, 6.925631761550904e-01, 7.269428372383119e-01, 7.407508492469788e-01, 7.462839484214783e-01, 7.485068440437317e-01, 7.494032979011536e-01, 7.49761164188385e-01, 7.499068379402161e-01, 7.499637007713318e-01, 7.499856948852539e-01, 7.499945759773254e-01, 4.755981862545013e-01, 3.409711420536041e-01, 2.864353954792023e-01, 2.642480731010437e-01, 2.55481094121933e-01, 2.521113157272339e-01, 2.508032023906708e-01, 2.503039836883545e-01, 2.501170933246613e-01, 2.500449419021606e-01, 2.500168681144714e-01, 2.500062882900238e-01, 2.500022947788239e-01, 6.068899035453796e-01, 6.925650238990784e-01, 7.26940929889679e-01, 7.407448887825012e-01, 7.462848424911499e-01, 7.485110759735107e-01, 7.494033575057983e-01, 7.497616410255432e-01, 7.499038577079773e-01, 7.499614357948303e-01, 7.499841451644897e-01, 7.499930262565613e-01, 4.756001234054565e-01, 3.409677743911743e-01, 2.864452600479126e-01, 2.642458975315094e-01, 2.554743885993958e-01, 2.520925998687744e-01, 2.507996559143066e-01, 2.503054440021515e-01, 2.501163482666016e-01, 2.50044196844101e-01, 2.500164806842804e-01, 2.500060796737671e-01, 2.500022649765015e-01, 6.068897843360901e-01, 6.925636529922485e-01, 7.269408702850342e-01, 7.407457828521729e-01, 7.462859749794006e-01, 7.485118508338928e-01, 7.494020462036133e-01, 7.497591376304626e-01, 7.498997449874878e-01, 7.499591708183289e-01, 7.49983549118042e-01, 7.499929666519165e-01, 4.755975008010864e-01, 3.40969055891037e-01, 2.864356338977814e-01, 2.642464935779572e-01, 2.554775774478912e-01, 2.520875036716461e-01, 2.507939040660858e-01, 2.503005564212799e-01, 2.501236200332642e-01, 2.500569224357605e-01, 2.500256896018982e-01, 2.500154972076416e-01, 2.500026822090149e-01]
conPID.y=[3.75e-01, 5.648074746131897e-01, 6.758745312690735e-01, 7.20463752746582e-01, 7.383665442466736e-01, 7.455497980117798e-01, 7.484307289123535e-01, 7.495883107185364e-01, 7.500543594360352e-01, 7.502418756484985e-01, 7.503176927566528e-01, 7.503480911254883e-01, 7.503604888916016e-01, 4.348658323287964e-01, 3.240961134433745e-01, 2.797932922840118e-01, 2.624803483486176e-01, 2.558434307575226e-01, 2.533145248889923e-01, 2.523499429225922e-01, 2.519821524620056e-01, 2.518428862094879e-01, 2.517916858196259e-01, 2.517676949501038e-01, 2.517574429512024e-01, 2.517614960670471e-01, 6.338035464286804e-01, 7.035786509513856e-01, 7.315872311592102e-01, 7.428260445594788e-01, 7.473407387733459e-01, 7.491517663002014e-01, 7.498822212219238e-01, 7.501737475395203e-01, 7.502924203872681e-01, 7.503388524055481e-01, 7.503566741943359e-01, 7.503638863563538e-01, 4.348669350147247e-01, 3.240977227687836e-01, 2.798053324222565e-01, 2.624798715114594e-01, 2.558455467224121e-01, 2.533065974712372e-01, 2.523481845855713e-01, 2.51983106136322e-01, 2.518434822559357e-01, 2.51789927482605e-01, 2.517690658569336e-01, 2.517612278461456e-01, 2.517582476139069e-01, 6.338035464286804e-01, 7.035778164863586e-01, 7.315883040428162e-01, 7.428279519081116e-01, 7.47341513633728e-01, 7.491552829742432e-01, 7.498822212219238e-01, 7.50174343585968e-01, 7.502899765968323e-01, 7.503368854522705e-01, 7.503554224967957e-01, 7.503624558448792e-01, 4.348651170730591e-01, 3.240968585014343e-01, 2.797962725162506e-01, 2.62478232383728e-01, 2.558476328849792e-01, 2.533143758773804e-01, 2.523511350154877e-01, 2.519835531711578e-01, 2.518430054187775e-01, 2.51789391040802e-01, 2.517688274383545e-01, 2.517610788345337e-01, 2.517582178115845e-01, 6.338035464286804e-01, 7.035784721374512e-01, 7.315883636474609e-01, 7.428287267684937e-01, 7.473424673080444e-01, 7.491558790206909e-01, 7.498812079429626e-01, 7.501718997955322e-01, 7.502864003181458e-01, 7.503350973129272e-01, 7.503548264503479e-01, 7.503626942634583e-01, 4.348665177822113e-01, 3.240965902805328e-01, 2.798028886318207e-01, 2.624791264533997e-01, 2.558464407920837e-01, 2.533154785633087e-01, 2.523508071899414e-01, 2.519839107990265e-01, 2.518384456634521e-01, 2.517834603786469e-01, 2.517648637294769e-01, 2.51756876707077e-01, 2.517583966255188e-01]
