last-generated=2020-12-01
statistics-simulation=
{
  "linear": " ",
  "nonlinear": " ",
  "numerical Jacobians": "0"
}
time=[0e+00, 1e+00]
p=[1.4e+06, 1.4e+06]
X[1]=[1e+00, 1e+00]
d=[6.992471218109131e+00, 6.88641690978352e+00, 6.785738940635462e+00, 6.689705842424789e+00, 6.597791186902129e+00, 6.50958824804433e+00, 6.424769867268028e+00, 6.343060019031943e+00, 6.264222131274464e+00, 6.188049343282617e+00, 6.114359389653294e+00, 6.042989249822805e+00, 5.973792534721975e+00, 5.906637637146851e+00, 5.841405872374017e+00, 5.777988471219468e+00, 5.71628711436516e+00, 5.6562118636569e+00, 5.597679656457815e+00, 5.540615068384027e+00, 5.484947697855427e+00, 5.43061300580699e+00, 5.377551072559255e+00, 5.325706980203804e+00, 5.275028201937116e+00, 5.225466728210449e+00, 5.176977588784759e+00, 5.129519513069124e+00, 5.083051687011607e+00, 5.037538014090918e+00, 4.992943339629285e+00, 4.94923497280147e+00, 4.906381576762731e+00, 4.864354188292626e+00, 4.82312537702856e+00, 4.782668089864152e+00, 4.742958125235076e+00, 4.703971404410558e+00, 4.665685635627406e+00, 4.628079837979038e+00, 4.591132662706242e+00, 4.554825293088439e+00, 4.519139243538612e+00, 4.484056020864108e+00, 4.449559203588723e+00, 4.415632207881539e+00, 4.382259873399847e+00, 4.349427219329422e+00, 4.317119087221284e+00, 4.285322696299711e+00, 4.254024028778076e+00, 4.2232103056654e+00, 4.192870082737561e+00, 4.162990962201162e+00, 4.133562150778705e+00, 4.104571376821e+00, 4.076009280298623e+00, 4.04786537082418e+00, 4.020129634748041e+00, 3.99279277369511e+00, 3.965845410333201e+00, 3.939278640388963e+00, 3.913084042572013e+00, 3.88725303382146e+00, 3.861777746298615e+00, 3.836650550552673e+00, 3.811863725464988e+00, 3.787409584584561e+00, 3.763281600951295e+00, 3.739472860426515e+00, 3.715976210461876e+00, 3.692785690525892e+00, 3.66989476043367e+00, 3.647297425234412e+00, 3.624987623400881e+00, 3.602959632873535e+00, 3.581207970058025e+00, 3.559727151259955e+00, 3.538511692834955e+00, 3.517556950489431e+00, 3.496857429263382e+00, 3.476408486449833e+00, 3.456205353695525e+00, 3.436243262592362e+00, 3.416517921583607e+00, 3.397024916174372e+00, 3.377759960901007e+00, 3.358718881107695e+00, 3.339897623686548e+00, 3.321292373928365e+00, 3.302899078685469e+00, 3.284714031012292e+00, 3.266733914683533e+00, 3.248954547190591e+00, 3.231372829088119e+00, 3.213985422525476e+00, 3.196788751184381e+00, 3.179779816440349e+00, 3.16295531606866e+00, 3.146312252589229e+00, 3.129847526550293e+00]
eta=[1.576523573021404e-05, 1.598798190158423e-05, 1.621005686583646e-05, 1.643153883952055e-05, 1.66524914872679e-05, 1.687296388077262e-05, 1.709299616087063e-05, 1.731262272442872e-05, 1.753187465789203e-05, 1.775077536328933e-05, 1.796934699469645e-05, 1.818761121675559e-05, 1.840557894341212e-05, 1.862326836457661e-05, 1.884068841332746e-05, 1.905785198481852e-05, 1.927476485910743e-05, 1.949143548465065e-05, 1.970787146079825e-05, 1.992407674755758e-05, 2.014005433853378e-05, 2.035580851537947e-05, 2.057134409208837e-05, 2.078665957129681e-05, 2.100175709237476e-05, 2.121663965226617e-05, 2.143130607233777e-05, 2.164575721246533e-05, 2.185999253190952e-05, 2.207401321014981e-05, 2.228781497239712e-05, 2.250139909304503e-05, 2.271476311551975e-05, 2.292790822395088e-05, 2.314083023185201e-05, 2.335352850359571e-05, 2.356600058733205e-05, 2.377824593056031e-05, 2.399026208066403e-05, 2.420204539966439e-05, 2.441359525748292e-05, 2.462491109603202e-05, 2.483598864647919e-05, 2.504682364294097e-05, 2.525741916103249e-05, 2.546776911505363e-05, 2.567787287928005e-05, 2.588772806801538e-05, 2.609733041670969e-05, 2.630668112086695e-05, 2.651577597134747e-05, 2.672461434377268e-05, 2.693319260022746e-05, 2.71415089216964e-05, 2.734956024996799e-05, 2.755734724613848e-05, 2.776486503137489e-05, 2.797211542461248e-05, 2.817909296891982e-05, 2.838579766428972e-05, 2.859222646216641e-05, 2.879838000437586e-05, 2.900425342170109e-05, 2.920984671409441e-05, 2.941515806256639e-05, 2.962018746712139e-05, 2.982493007032099e-05, 3.002938649390775e-05, 3.023355551661365e-05, 3.043743350044831e-05, 3.064102226437079e-05, 3.084431998939601e-05, 3.104732182853132e-05, 3.125003020170535e-05, 3.145244389805825e-05, 3.165455927955918e-05, 3.185637634619078e-05, 3.205789873591452e-05, 3.225911553495009e-05, 3.246003282244195e-05, 3.266064935562053e-05, 3.28609639359669e-05, 3.306097656345931e-05, 3.326068360013203e-05, 3.346008504599516e-05, 3.365917971532023e-05, 3.385796998147667e-05, 3.405645101884472e-05, 3.425462646536849e-05, 3.445249268309518e-05, 3.46500496720248e-05, 3.484729989534926e-05, 3.504423842864494e-05, 3.524086773310452e-05, 3.543718417078527e-05, 3.563319501759293e-05, 3.582888935969934e-05, 3.602427330934551e-05, 3.621934919569655e-05, 3.641411221533242e-05, 3.660856236820109e-05]
h=[2.8236445e+06, 2.834522500243159e+06, 2.845400500486318e+06, 2.856278500729476e+06, 2.867156500972636e+06, 2.878034499189563e+06, 2.888912501458954e+06, 2.899790499675825e+06, 2.910668501945268e+06, 2.921546496109911e+06, 2.932424498379129e+06, 2.943302500648423e+06, 2.954180502917902e+06, 2.965058505187382e+06, 2.975936499351652e+06, 2.986814493516518e+06, 2.997692503890536e+06, 3.008570498054955e+06, 3.019448492219822e+06, 3.030326502593691e+06, 3.041204496758259e+06, 3.05208250713265e+06, 3.062960501296845e+06, 3.073838495461563e+06, 3.084716505835805e+06, 3.0955945e+06, 3.106472510374764e+06, 3.117350738328391e+06, 3.128228748703155e+06, 3.139106759076875e+06, 3.149984737031545e+06, 3.160862747406309e+06, 3.171740757780178e+06, 3.1826187357347e+06, 3.193496746109464e+06, 3.204374756483482e+06, 3.215252734437855e+06, 3.226130744812618e+06, 3.237008755186785e+06, 3.247886765560357e+06, 3.258764743515773e+06, 3.269642753890089e+06, 3.280520764263661e+06, 3.291398742218927e+06, 3.302276752593393e+06, 3.313154762966964e+06, 3.324032740922082e+06, 3.334910751296696e+06, 3.345788761670268e+06, 3.356666739625236e+06, 3.36754475e+06, 3.378422760373417e+06, 3.389300770746834e+06, 3.40017878112025e+06, 3.41105672665713e+06, 3.421934737031739e+06, 3.43281274740627e+06, 3.443690757780063e+06, 3.454568768153479e+06, 3.465446778526896e+06, 3.476324724063478e+06, 3.487202734438087e+06, 3.498080744812696e+06, 3.508958755186708e+06, 3.519836765560125e+06, 3.530714775933542e+06, 3.541592721473104e+06, 3.552470731846521e+06, 3.563348742219937e+06, 3.574226752593432e+06, 3.585104762966771e+06, 3.595982773340188e+06, 3.60686071887975e+06, 3.617738729253166e+06, 3.628616739626583e+06, 3.63949475e+06, 3.650372760373417e+06, 3.661250770746834e+06, 3.67212878112025e+06, 3.683006726659812e+06, 3.693884737033229e+06, 3.704762747406568e+06, 3.715640757780063e+06, 3.726518768155565e+06, 3.737396778530174e+06, 3.748274724066458e+06, 3.759152734439875e+06, 3.770030744813292e+06, 3.780908755187304e+06, 3.791786765561913e+06, 3.802664775936522e+06, 3.813542721473104e+06, 3.824420731846521e+06, 3.835298742219937e+06, 3.84617675259373e+06, 3.857054762968261e+06, 3.86793277334287e+06, 3.87881071887975e+06, 3.889688729253166e+06, 3.900566739626583e+06, 3.91144475e+06]
u=[2.62342925e+06, 2.631223750175182e+06, 2.63908550035299e+06, 2.647001750532753e+06, 2.654964250714138e+06, 2.66296724940265e+06, 2.671006001080763e+06, 2.679076999759085e+06, 2.687177251451296e+06, 2.695303997090256e+06, 2.703455498783881e+06, 2.711629250487938e+06, 2.719823502201083e+06, 2.728037003921978e+06, 2.736268249509008e+06, 2.744515745080391e+06, 2.752778502958023e+06, 2.7610549985192e+06, 2.769344994066966e+06, 2.777647001981254e+06, 2.785960497521197e+06, 2.794284755462382e+06, 2.802619000994204e+06, 2.810962746517159e+06, 2.819315254483303e+06, 2.827676e+06, 2.836044507985814e+06, 2.844420491010595e+06, 2.852803499000432e+06, 2.861193007004276e+06, 2.86958898998793e+06, 2.877990747996096e+06, 2.886398006015289e+06, 2.894810738965414e+06, 2.903228496988779e+06, 2.911651005021681e+06, 2.920078237942601e+06, 2.928509745979079e+06, 2.936945504023901e+06, 2.94538551207528e+06, 2.953828994966398e+06, 2.962276253021949e+06, 2.970727261083759e+06, 2.979181243952525e+06, 2.987638752017017e+06, 2.996099260088066e+06, 3.004562742937311e+06, 3.013029251009403e+06, 3.021498259088647e+06, 3.029970241918819e+06, 3.0384445e+06, 3.046921258085829e+06, 3.055400516176427e+06, 3.063882024268216e+06, 3.072365731793473e+06, 3.080851489883773e+06, 3.089339497976098e+06, 3.097829506073312e+06, 3.106321264173149e+06, 3.114815022278647e+06, 3.123310479743704e+06, 3.131807737842646e+06, 3.140306745946953e+06, 3.148807254053643e+06, 3.157309512162718e+06, 3.165813020277157e+06, 3.174318227695127e+06, 3.182824985801818e+06, 3.191332993914171e+06, 3.199842502028968e+06, 3.208353260146029e+06, 3.216865268265534e+06, 3.225378475642378e+06, 3.233892983759201e+06, 3.242408491878408e+06, 3.25092525e+06, 3.259443258123976e+06, 3.267962266247951e+06, 3.276482274375503e+06, 3.285003231715691e+06, 3.29352523984056e+06, 3.302048247967754e+06, 3.310572256097452e+06, 3.319097014229474e+06, 3.327622772360602e+06, 3.3361494796692e+06, 3.344676987799732e+06, 3.353205245933244e+06, 3.361734254067352e+06, 3.370264012203844e+06, 3.378794770339741e+06, 3.387325977626285e+06, 3.395858235760096e+06, 3.40439099389629e+06, 3.412924502034631e+06, 3.421458510174341e+06, 3.429993268313813e+06, 3.438528725581583e+06, 3.447064733718671e+06, 3.455601491858143e+06, 3.46413875e+06]
s=[6.5330771484375e+03, 6.549175293328528e+03, 6.565272949938415e+03, 6.581370606548247e+03, 6.597468751439112e+03, 6.613566405050558e+03, 6.629664064658995e+03, 6.645762206551472e+03, 6.661859866159904e+03, 6.677957513774815e+03, 6.694055661663621e+03, 6.710153321272051e+03, 6.726250980880481e+03, 6.742349128768997e+03, 6.758446776384199e+03, 6.774544423999691e+03, 6.790642583881435e+03, 6.806740231496346e+03, 6.82283787911213e+03, 6.838936038993873e+03, 6.855033686608494e+03, 6.871131358211314e+03, 6.887229494106312e+03, 6.903327141720641e+03, 6.919424813323462e+03, 6.93552294921875e+03, 6.951620620821572e+03, 6.967718244449446e+03, 6.983816404330897e+03, 6.999914075933719e+03, 7.016011699561884e+03, 7.032109859443045e+03, 7.048207531045866e+03, 7.064305154674322e+03, 7.080403314555192e+03, 7.096500986158014e+03, 7.11259860978676e+03, 7.128696281387253e+03, 7.144794441268997e+03, 7.160892112872983e+03, 7.176989736499691e+03, 7.193087896381435e+03, 7.20918556798513e+03, 7.22528319161213e+03, 7.241381351493873e+03, 7.257479023097277e+03, 7.273576646724568e+03, 7.289674806606312e+03, 7.305772478209424e+03, 7.321870101837007e+03, 7.33796826171875e+03, 7.354065933321343e+03, 7.370163604923936e+03, 7.386261764800794e+03, 7.402359340456666e+03, 7.418457012062169e+03, 7.434555171942988e+03, 7.450652843545695e+03, 7.466750515148287e+03, 7.482848675025727e+03, 7.498946250681018e+03, 7.515043922287104e+03, 7.531142082167454e+03, 7.547239753770046e+03, 7.563337425372639e+03, 7.579435585250661e+03, 7.59553316090537e+03, 7.611630832512037e+03, 7.627728992391805e+03, 7.643826663994512e+03, 7.659924335596991e+03, 7.676022495475595e+03, 7.692120071129722e+03, 7.708217742736971e+03, 7.724315902616157e+03, 7.74041357421875e+03, 7.756511245821343e+03, 7.772609405700529e+03, 7.788707077307778e+03, 7.804804652961905e+03, 7.820902812840509e+03, 7.837000484442988e+03, 7.853098156045695e+03, 7.869196315925463e+03, 7.88529398753213e+03, 7.901391563186839e+03, 7.917489723064861e+03, 7.933587394667454e+03, 7.949685066270046e+03, 7.965783226150396e+03, 7.981880897756482e+03, 7.997978473411773e+03, 8.014076633289213e+03, 8.030174304891805e+03, 8.046271976494512e+03, 8.062369648096991e+03, 8.078467807975595e+03, 8.094565383629722e+03, 8.110663055236971e+03, 8.126761215116157e+03, 8.14285888671875e+03]
g=[-2.67481e+05, -2.969655319111923e+05, -3.266110638295792e+05, -3.564175957551586e+05, -3.863850651879362e+05, -4.165135290004605e+05, -4.468030040750711e+05, -4.772534053405853e+05, -5.078648179910016e+05, -5.386371764718965e+05, -5.695705578809754e+05, -6.00664876859121e+05, -6.319201959092111e+05, -6.633365150264496e+05, -6.949137481140197e+05, -7.266519810442713e+05, -7.58551261442504e+05, -7.906114317556699e+05, -8.228326019075683e+05, -8.552148202435217e+05, -8.877579277822274e+05, -9.20462084005722e+05, -9.533271289293538e+05, -9.863532361935434e+05, -1.019540267854759e+06, -1.05288825e+06, -1.08639740704816e+06, -1.120067213807015e+06, -1.15389824595941e+06, -1.18789027844529e+06, -1.222043084209644e+06, -1.256356991803633e+06, -1.290831899727682e+06, -1.325467704497906e+06, -1.360264612532671e+06, -1.395222395893993e+06, -1.430341199670238e+06, -1.465620983146523e+06, -1.501061766945268e+06, -1.536663551066474e+06, -1.572426103645562e+06, -1.60834988788173e+06, -1.644434547444456e+06, -1.680680099029117e+06, -1.717086758703006e+06, -1.753654418706507e+06, -1.790382844297486e+06, -1.827272504409021e+06, -1.864323039854192e+06, -1.90153446445067e+06, -1.938907e+06, -1.976440410886753e+06, -2.014134947079869e+06, -2.051990358581136e+06, -2.090006668287886e+06, -2.12818395441365e+06, -2.166522490843715e+06, -2.205021777605722e+06, -2.243682064682461e+06, -2.282503352066756e+06, -2.321485406908061e+06, -2.360628693914171e+06, -2.399932981227835e+06, -2.439398268864551e+06, -2.47902455682253e+06, -2.518811595088661e+06, -2.558759645064819e+06, -2.598868682956043e+06, -2.639138971150648e+06, -2.679570009662633e+06, -2.720162048503948e+06, -2.760915087653107e+06, -2.801828882764417e+06, -2.842903921535389e+06, -2.884139960613918e+06, -2.925537e+06, -2.967095039723439e+06, -3.008813829756817e+06, -3.050693870092982e+06, -3.092734409654001e+06, -3.134936199615557e+06, -3.177299239884366e+06, -3.219823030483683e+06, -3.262507821397705e+06, -3.305353612619282e+06, -3.348360147311876e+06, -3.391527938156459e+06, -3.434856479309194e+06, -3.478346270783192e+06, -3.521996812580241e+06, -3.565808604681866e+06, -3.609780884512294e+06, -3.653914426238713e+06, -3.698209218271793e+06, -3.742664760621982e+06, -3.787281303300551e+06, -3.832058846286991e+06, -3.876996871248994e+06, -3.922096413858441e+06, -3.967356956775443e+06, -4.01277825e+06]
f=[-4.8585075e+05, -5.176429069627725e+05, -5.495960639327324e+05, -5.817101896598884e+05, -6.139853153942428e+05, -6.464213725785384e+05, -6.790184418845729e+05, -7.117764990218116e+05, -7.446955059036418e+05, -7.777754881466718e+05, -8.110164950371318e+05, -8.444184394966584e+05, -8.779813840281296e+05, -9.11705266126898e+05, -9.455901854764638e+05, -9.796359796688969e+05, -1.01384288726784e+06, -1.048210681343058e+06, -1.082739475257119e+06, -1.117429258293672e+06, -1.15227998959454e+06, -1.187291773018634e+06, -1.222464504204429e+06, -1.257798110230781e+06, -1.293292894092596e+06, -1.3289485e+06, -1.364765159249356e+06, -1.400742711331342e+06, -1.436881245684335e+06, -1.473180905371336e+06, -1.509641331458895e+06, -1.546262866253483e+06, -1.583045401378131e+06, -1.619988826471263e+06, -1.657093361707223e+06, -1.694358772269368e+06, -1.731785071369339e+06, -1.769372482046521e+06, -1.807120893045866e+06, -1.845030304368267e+06, -1.883100602269815e+06, -1.921331888707178e+06, -1.95972417547028e+06, -1.998277347378667e+06, -2.036991634253155e+06, -2.075866921458001e+06, -2.114902967372484e+06, -2.15410025468417e+06, -2.193458292330537e+06, -2.232977462250071e+06, -2.2726575e+06, -2.312498788086724e+06, -2.352500826481001e+06, -2.392663865182834e+06, -2.432987663336612e+06, -2.473472701661452e+06, -2.514118740293855e+06, -2.554925779255252e+06, -2.595893568533452e+06, -2.637022608115035e+06, -2.678312401403666e+06, -2.719763190613321e+06, -2.761374980127552e+06, -2.803148019964238e+06, -2.84508181012338e+06, -2.887176600590076e+06, -2.929432139013262e+06, -2.971848929102966e+06, -3.014426719500224e+06, -3.057165260213089e+06, -3.100065051254656e+06, -3.143125842601698e+06, -3.186347126159142e+06, -3.229729667134257e+06, -3.273273458412159e+06, -3.316978e+06, -3.360843541925197e+06, -3.40487008415795e+06, -3.449057626694681e+06, -3.493405904702727e+06, -3.537915446864849e+06, -3.582585989334208e+06, -3.627417282135002e+06, -3.672409825248696e+06, -3.717563118670839e+06, -3.76287714181046e+06, -3.80835268485561e+06, -3.853988978208315e+06, -3.899786271883475e+06, -3.945744565881091e+06, -3.991863860186262e+06, -4.038143878457458e+06, -4.084584922387722e+06, -4.131187216622262e+06, -4.17795051117214e+06, -4.224874556051259e+06, -4.271959601240948e+06, -4.319205364647295e+06, -4.366612909454925e+06, -4.414180954574877e+06, -4.46191e+06]
hIse=[2.81995e+06, 2.827687750173589e+06, 2.835473250349358e+06, 2.843308000527389e+06, 2.851193000707768e+06, 2.85912924940712e+06, 2.867117001075566e+06, 2.875157499759756e+06, 2.88325125145286e+06, 2.891398747078186e+06, 2.899600748774568e+06, 2.907858000494196e+06, 2.916171252238969e+06, 2.924541254007808e+06, 2.932968749496342e+06, 2.941454744927655e+06, 2.949999503068888e+06, 2.958604248457063e+06, 2.96726974378444e+06, 2.975996252089735e+06, 2.984785247373303e+06, 2.993637005828727e+06, 3.002552501067368e+06, 3.011532496242307e+06, 3.020577254873564e+06, 3.029688e+06, 3.038865508790475e+06, 3.048109740053048e+06, 3.057422248886588e+06, 3.066803257861688e+06, 3.076253238701962e+06, 3.085773247723405e+06, 3.095363756889687e+06, 3.105025237293507e+06, 3.114758746508665e+06, 3.124564505871045e+06, 3.134443235827236e+06, 3.144395745240579e+06, 3.154422504802336e+06, 3.164524264514298e+06, 3.174701243915868e+06, 3.184954503683113e+06, 3.195284263606372e+06, 3.205691492534533e+06, 3.216176752510841e+06, 3.22674026264957e+06, 3.237382991092104e+06, 3.248105501283881e+06, 3.258908011642104e+06, 3.269791739589474e+06, 3.28075675e+06, 3.291804010582029e+06, 3.302933771323797e+06, 3.314147032221726e+06, 3.325443975686187e+06, 3.336825486391e+06, 3.348291997257853e+06, 3.359844008299508e+06, 3.371482519509462e+06, 3.3832077808872e+06, 3.395020221753837e+06, 3.406920732927135e+06, 3.41890999426613e+06, 3.430988505784533e+06, 3.44315651748413e+06, 3.455415029354791e+06, 3.467764217519595e+06, 3.480205229176278e+06, 3.492738241009388e+06, 3.505363753023484e+06, 3.518082515228729e+06, 3.530895277612874e+06, 3.543802212964685e+06, 3.556803975128595e+06, 3.569901487472508e+06, 3.583095e+06, 3.596385262728952e+06, 3.609772525646253e+06, 3.6232575387519e+06, 3.636840970769781e+06, 3.650523233643272e+06, 3.664305246704417e+06, 3.67818700997139e+06, 3.692169273435554e+06, 3.706252787096111e+06, 3.720437966082551e+06, 3.734725229504694e+06, 3.74911549311876e+06, 3.763609006940844e+06, 3.778206520970943e+06, 3.792908535201907e+06, 3.807715461058263e+06, 3.822628225041573e+06, 3.837646989227537e+06, 3.852772503621625e+06, 3.868005518235732e+06, 3.883346283054984e+06, 3.898795455676352e+06, 3.914353720241097e+06, 3.930021735015646e+06, 3.94579975e+06]
beta=[3.119490807875991e-03, 2.997825618270858e-03, 2.895906563405736e-03, 2.807239530664331e-03, 2.728142768942594e-03, 2.656416274171634e-03, 2.590659997409752e-03, 2.529920779061677e-03, 2.47350497135839e-03, 2.420879453111581e-03, 2.371614806057624e-03, 2.325355072641732e-03, 2.281797572866245e-03, 2.240681303335029e-03, 2.201779282126749e-03, 2.164891476855236e-03, 2.129842049384181e-03, 2.096474642198492e-03, 2.064649969331377e-03, 2.034244353343998e-03, 2.00514635923461e-03, 1.977256481393846e-03, 1.950485279461948e-03, 1.924752151920019e-03, 1.899983953731316e-03, 1.876115100458264e-03, 1.853085567158285e-03, 1.830841205341515e-03, 1.809332638715253e-03, 1.788514649217747e-03, 1.768346201158213e-03, 1.748789688521981e-03, 1.72981036424527e-03, 1.711376617343365e-03, 1.693459117602215e-03, 1.676031145292155e-03, 1.659067720900805e-03, 1.642545809383928e-03, 1.62644404161784e-03, 1.610742859765191e-03, 1.595423682321985e-03, 1.580469305011431e-03, 1.565863941536818e-03, 1.551592732649522e-03, 1.537641390670259e-03, 1.523997152936279e-03, 1.510647718662625e-03, 1.497581483189628e-03, 1.484787660134046e-03, 1.472256158224637e-03, 1.459977123886347e-03, 1.447941630912189e-03, 1.43614106449712e-03, 1.424567275545295e-03, 1.413212764041501e-03, 1.402069944102884e-03, 1.3911320155296e-03, 1.380392459073388e-03, 1.369844871853477e-03, 1.359483433077607e-03, 1.349302382099329e-03, 1.339296358882728e-03, 1.329460069538967e-03, 1.319788624623696e-03, 1.310277251094566e-03, 1.300921525139095e-03, 1.29171719378816e-03, 1.282659723541519e-03, 1.273745444419664e-03, 1.264970514713444e-03, 1.256331209133716e-03, 1.247823918777009e-03, 1.239445317147743e-03, 1.231192161143825e-03, 1.223061241467074e-03, 1.215049647726119e-03, 1.207154353135358e-03, 1.199372447282326e-03, 1.191701485436938e-03, 1.184138718364235e-03, 1.176681494798399e-03, 1.169327531822218e-03, 1.162074501137426e-03, 1.154919841591279e-03, 1.147861690525809e-03, 1.140897760849522e-03, 1.134025874080958e-03, 1.127244209362223e-03, 1.120550671219742e-03, 1.113943513417862e-03, 1.107420873297555e-03, 1.100981042759096e-03, 1.094622082391849e-03, 1.088342517427018e-03, 1.082140718050471e-03, 1.076015170865236e-03, 1.069964129628033e-03, 1.063986465590517e-03, 1.058080361259682e-03, 1.052244688335108e-03, 1.04647793341428e-03]
kappa=[7.906455152806302e-07, 7.850435393960097e-07, 7.803059814127909e-07, 7.761760227522684e-07, 7.725030283486474e-07, 7.69193263986912e-07, 7.661844275207305e-07, 7.634322970144216e-07, 7.609033896431488e-07, 7.585713896225068e-07, 7.564144655977356e-07, 7.544144294794425e-07, 7.525555924757633e-07, 7.508242553100217e-07, 7.492085388576221e-07, 7.476979257843749e-07, 7.462830348820613e-07, 7.449556280830385e-07, 7.437083135818067e-07, 7.425343821552537e-07, 7.414279824426387e-07, 7.40383767854322e-07, 7.39396909807424e-07, 7.384630297738632e-07, 7.375782042750618e-07, 7.367389684986847e-07, 7.359419661858524e-07, 7.351843586327409e-07, 7.344633559957265e-07, 7.337766300113004e-07, 7.331218519923699e-07, 7.324970285124284e-07, 7.319002857394765e-07, 7.313298063382611e-07, 7.30784108974047e-07, 7.302617174595079e-07, 7.297612121636264e-07, 7.292813963862125e-07, 7.288211347845955e-07, 7.283792904871457e-07, 7.279548983877323e-07, 7.27547046465976e-07, 7.27154883359267e-07, 7.267775575131602e-07, 7.264143845595231e-07, 7.260646266803165e-07, 7.257276027347324e-07, 7.254027991241984e-07, 7.250895347517487e-07, 7.247872989067471e-07, 7.24495578197093e-07, 7.242139187937231e-07, 7.239418659460297e-07, 7.236790217484546e-07, 7.234249329407404e-07, 7.231793122786161e-07, 7.229416497116e-07, 7.227117747086174e-07, 7.224892325206961e-07, 7.222738526163583e-07, 7.22065181471551e-07, 7.218631029116415e-07, 7.216673339838291e-07, 7.214775336271941e-07, 7.212935313110735e-07, 7.2111509966003e-07, 7.209420691583996e-07, 7.207741535281226e-07, 7.206112401277176e-07, 7.204531015843212e-07, 7.202995105240579e-07, 7.201504101018794e-07, 7.200056306371239e-07, 7.19864943031518e-07, 7.197281776296737e-07, 7.195953344307782e-07, 7.194661860619688e-07, 7.193405619921762e-07, 7.192184622197737e-07, 7.190996600707913e-07, 7.189840972839685e-07, 7.188716608917567e-07, 7.187622372069093e-07, 7.186557125424554e-07, 7.185520300534168e-07, 7.184510766469529e-07, 7.183527374335275e-07, 7.182569561789651e-07, 7.181636760395759e-07, 7.180727264851033e-07, 7.179841643585596e-07, 7.178978196369507e-07, 7.178136344489838e-07, 7.177315524713094e-07, 7.176515168606435e-07, 7.175734707738401e-07, 7.174973573664622e-07, 7.174231202322208e-07, 7.173506447999909e-07, 7.172799315169981e-07, 7.172109235398239e-07]
ddhp=[-7.598074716952397e-06, -7.452330006653901e-06, -7.302266105915548e-06, -7.150952104763389e-06, -7.000307037092538e-06, -6.851488717180424e-06, -6.705172362374855e-06, -6.561735521845999e-06, -6.421375449259838e-06, -6.284185977567188e-06, -6.150196460787798e-06, -6.019403364510656e-06, -5.891782587169062e-06, -5.767299113096444e-06, -5.64591028512491e-06, -5.52757008041515e-06, -5.412229216149068e-06, -5.299836195143148e-06, -5.190338092883038e-06, -5.083679272938748e-06, -4.97980321022446e-06, -4.878650932586546e-06, -4.780163169286501e-06, -4.684279286734797e-06, -4.590937301898097e-06, -4.500074737734394e-06, -4.411629478227261e-06, -4.325538703110048e-06, -4.241739144040918e-06, -4.16016830637154e-06, -4.080765032047452e-06, -4.003467001935494e-06, -3.928213974870421e-06, -3.854947048703772e-06, -3.783606896608127e-06, -3.714136669433e-06, -3.646480404581209e-06, -3.580582901292807e-06, -3.51639115876371e-06, -3.453852880884309e-06, -3.392917542007371e-06, -3.333535893951737e-06, -3.275660144780936e-06, -3.219244303105928e-06, -3.164242785532155e-06, -3.110612334020438e-06, -3.058310810509359e-06, -3.007297430861088e-06, -2.957532562649813e-06, -2.908978376958383e-06, -2.86159729512292e-06, -2.815354220921105e-06, -2.770214365856828e-06, -2.726144305911977e-06, -2.683112234592372e-06, -2.64108671632507e-06, -2.600037542525049e-06, -2.559936064154687e-06, -2.520754314075507e-06, -2.482464779954856e-06, -2.445041988910425e-06, -2.408460029089323e-06, -2.372694797106875e-06, -2.337722873479929e-06, -2.30352129339571e-06, -2.270068228843685e-06, -2.237342499520453e-06, -2.205323251696129e-06, -2.173990901090521e-06, -2.143326348290824e-06, -2.113311176033495e-06, -2.083926966910318e-06, -2.055157292253733e-06, -2.026984528663879e-06, -1.999392933332272e-06, -1.972366817426519e-06, -1.945890946969993e-06, -1.919950769898934e-06, -1.894532075316344e-06, -1.869621253990325e-06, -1.845204707703607e-06, -1.821269739798247e-06, -1.797803958437291e-06, -1.774795312733916e-06, -1.752232092888508e-06, -1.730102947077031e-06, -1.708396811298743e-06, -1.687103245857113e-06, -1.666211791572288e-06, -1.645712443970835e-06, -1.62559565329252e-06, -1.605851986376339e-06, -1.586472226607217e-06, -1.567447625212608e-06, -1.548769541984312e-06, -1.530429677789125e-06, -1.512419847103188e-06, -1.494732423670988e-06, -1.477359579597257e-06, -1.460293917959687e-06, -1.443528390154825e-06]
ddph=[4.885522685071919e-06, 4.828839790769045e-06, 4.772942699927127e-06, 4.717946463631586e-06, 4.663920203482132e-06, 4.61089985429678e-06, 4.558898119669198e-06, 4.507915038318342e-06, 4.457940113109233e-06, 4.408959302150229e-06, 4.36095479726815e-06, 4.3139070812265e-06, 4.267797509387958e-06, 4.222606527575509e-06, 4.178315069002106e-06, 4.134904455188682e-06, 4.092356433347576e-06, 4.050652030977091e-06, 4.009774358465985e-06, 3.969705166692679e-06, 3.930426840059257e-06, 3.89192198105856e-06, 3.854173423961528e-06, 3.817164285323711e-06, 3.78087723115472e-06, 3.745295543922111e-06, 3.710402746799387e-06, 3.67618216847043e-06, 3.642617688788446e-06, 3.609693267333284e-06, 3.577393310491733e-06, 3.54570239164286e-06, 3.51460537405641e-06, 3.484087568423267e-06, 3.454134468202378e-06, 3.424731840771477e-06, 3.395865901502439e-06, 3.367523290536632e-06, 3.339690907127966e-06, 3.312355790936286e-06, 3.285505742925649e-06, 3.259128552360782e-06, 3.233212249166418e-06, 3.207745767111682e-06, 3.182717813166785e-06, 3.158117549979804e-06, 3.133934589675058e-06, 3.11015855633288e-06, 3.086779518251069e-06, 3.063788448296605e-06, 3.041175204998581e-06, 3.018931217323908e-06, 2.997047617603512e-06, 2.975515765611704e-06, 2.954327601099345e-06, 2.933474913478128e-06, 2.912949644584754e-06, 2.892744745857619e-06, 2.872852486539066e-06, 2.853265590639354e-06, 2.833977578349573e-06, 2.814981398566411e-06, 2.796270345925731e-06, 2.777838281347511e-06, 2.759679065721372e-06, 2.741786332543747e-06, 2.724154729136503e-06, 2.706778360971648e-06, 2.689651422216365e-06, 2.672768910644798e-06, 2.656125369295597e-06, 2.639716023270807e-06, 2.623535738725164e-06, 2.607579547907806e-06, 2.591843000491347e-06, 2.57632132161234e-06, 2.561010418572817e-06, 2.545905743845057e-06, 2.531002977319472e-06, 2.516298568030866e-06, 2.501787793260695e-06, 2.487467330624239e-06, 2.473333087411299e-06, 2.459381652988045e-06, 2.445609389353884e-06, 2.43201273902849e-06, 2.418588129338326e-06, 2.405332685989031e-06, 2.39224277100993e-06, 2.379315201159808e-06, 2.366547247929624e-06, 2.353936030144515e-06, 2.34147798687374e-06, 2.32917069263899e-06, 2.317011418959056e-06, 2.304997209981562e-06, 2.293125791940227e-06, 2.281394278477601e-06, 2.269800028626796e-06, 2.258341066370916e-06, 2.247014663225855e-06]
cp=[2.78072509765625e+03, 2.685462156448465e+03, 2.614833493386276e+03, 2.559189205683759e+03, 2.513256099801504e+03, 2.474072512519302e+03, 2.439909419582496e+03, 2.40970532312408e+03, 2.382766841196115e+03, 2.358610603977182e+03, 2.336876223808134e+03, 2.317281248902279e+03, 2.299593745538938e+03, 2.283617424475276e+03, 2.269182618013319e+03, 2.256141609022524e+03, 2.24436254486812e+03, 2.233729249871027e+03, 2.224137457751656e+03, 2.215493650409514e+03, 2.207713869408482e+03, 2.200722651956903e+03, 2.194452391878907e+03, 2.188841066690041e+03, 2.183833737730941e+03, 2.179380126953125e+03, 2.175434810964165e+03, 2.171956790650722e+03, 2.168908935890736e+03, 2.166256833911441e+03, 2.163970217403427e+03, 2.162020996527687e+03, 2.160383788017384e+03, 2.159035157873117e+03, 2.157953857771993e+03, 2.157121093337454e+03, 2.156518799563286e+03, 2.156131103661144e+03, 2.155943115198868e+03, 2.155941162257804e+03, 2.156112792826869e+03, 2.15644702163717e+03, 2.156933106219482e+03, 2.157561278808805e+03, 2.158322998246818e+03, 2.159209962081278e+03, 2.160214598733352e+03, 2.161330078265426e+03, 2.162549561919409e+03, 2.163867430348418e+03, 2.1652783203125e+03, 2.166776856946035e+03, 2.168358157405111e+03, 2.170018071285133e+03, 2.171752193483355e+03, 2.173557126722044e+03, 2.175428954625555e+03, 2.177364259222556e+03, 2.179360110811832e+03, 2.181413579689886e+03, 2.183521723437093e+03, 2.18568212578579e+03, 2.187892332920939e+03, 2.190149903433379e+03, 2.192452884191125e+03, 2.194799077920404e+03, 2.197186761274633e+03, 2.199614009595371e+03, 2.202078855648609e+03, 2.204580078726293e+03, 2.207115969842539e+03, 2.209684820006042e+03, 2.212285392916888e+03, 2.214916498865552e+03, 2.217576901748587e+03, 2.220264892578125e+03, 2.222979738932292e+03, 2.225720220098648e+03, 2.228485359511204e+03, 2.231273675639808e+03, 2.234084957576064e+03, 2.236917723931829e+03, 2.239770998143789e+03, 2.242644536063983e+03, 2.245536872847226e+03, 2.248447258669302e+03, 2.251375484081638e+03, 2.254320311092562e+03, 2.257281007275543e+03, 2.26025732848821e+03, 2.263248054028601e+03, 2.266253165933554e+03, 2.269271723469397e+03, 2.272302976344225e+03, 2.275346924555439e+03, 2.278402591541639e+03, 2.281469733157898e+03, 2.284547598603564e+03, 2.287635980430625e+03, 2.290734372041937e+03, 2.293842529296875e+03]
cv=[1.947900024414062e+03, 1.890603514593197e+03, 1.849608763108836e+03, 1.818313963017864e+03, 1.793120115175516e+03, 1.772030030769438e+03, 1.75390417256875e+03, 1.738065430135681e+03, 1.724088620723521e+03, 1.711688969071582e+03, 1.700661500590857e+03, 1.690849242619204e+03, 1.682125119892495e+03, 1.674382198717394e+03, 1.667528198630723e+03, 1.661481326664791e+03, 1.656169309770881e+03, 1.65152685625357e+03, 1.647495486116439e+03, 1.644021971902899e+03, 1.641058594575638e+03, 1.638561644042765e+03, 1.63649182107093e+03, 1.63481311098999e+03, 1.633493163462671e+03, 1.632502319335938e+03, 1.631813720208943e+03, 1.631402832358667e+03, 1.63124743653035e+03, 1.631327270685054e+03, 1.631623778845039e+03, 1.632120239121316e+03, 1.632801148022786e+03, 1.633652708758806e+03, 1.634661986922264e+03, 1.635817261480332e+03, 1.637107908236274e+03, 1.638524169223675e+03, 1.640057129668769e+03, 1.641698610834423e+03, 1.64344091690719e+03, 1.645277344426008e+03, 1.647201540675082e+03, 1.649207640144337e+03, 1.651290405780425e+03, 1.653444826835907e+03, 1.655666502030949e+03, 1.657951172151631e+03, 1.660294924426237e+03, 1.662694333628989e+03, 1.665146118164062e+03, 1.667647097138647e+03, 1.67019458498844e+03, 1.672786018228148e+03, 1.675418695489303e+03, 1.678090695038638e+03, 1.680799681967873e+03, 1.683543703149447e+03, 1.686321171658471e+03, 1.689130012297179e+03, 1.691968865274683e+03, 1.694836177523958e+03, 1.697730589435285e+03, 1.700650636165205e+03, 1.703595219075666e+03, 1.70656299538974e+03, 1.709552970651467e+03, 1.712564081874965e+03, 1.715595334740043e+03, 1.718645630612746e+03, 1.721714359139409e+03, 1.724800421681608e+03, 1.727902945206418e+03, 1.731021478414636e+03, 1.734155026302724e+03, 1.737302856445312e+03, 1.740464480561735e+03, 1.743639166224878e+03, 1.746826181012866e+03, 1.750024895470706e+03, 1.753234981520108e+03, 1.756455809777942e+03, 1.75968676989315e+03, 1.762927251511773e+03, 1.76617701048957e+03, 1.769435417028276e+03, 1.77270202168999e+03, 1.775976438866838e+03, 1.779258302348174e+03, 1.782547123851e+03, 1.785842537162052e+03, 1.789144156374562e+03, 1.79245165463331e+03, 1.795764768136473e+03, 1.799083130674592e+03, 1.802406376034915e+03, 1.805734260076449e+03, 1.809066518782567e+03, 1.812402947734916e+03, 1.815743160875684e+03, 1.819087158203125e+03]
lambda=[3.812767192721367e-02, 3.818671778058216e-02, 3.830426559517081e-02, 3.847177327982061e-02, 3.868226336541458e-02, 3.892993925054899e-02, 3.920995448049929e-02, 3.951821102742313e-02, 3.985125577686364e-02, 4.020613418948953e-02, 4.058033594766342e-02, 4.097170757656338e-02, 4.137840878178111e-02, 4.179884141232251e-02, 4.223163423315041e-02, 4.267560291399351e-02, 4.312971995823134e-02, 4.359308621879737e-02, 4.406492750639914e-02, 4.454455908752107e-02, 4.503137976242363e-02, 4.552487689078855e-02, 4.602457961478811e-02, 4.653008633529175e-02, 4.704103273908099e-02, 4.755709692835808e-02, 4.807798986905253e-02, 4.860344845116308e-02, 4.913324111324937e-02, 4.966713905381102e-02, 5.02049394973407e-02, 5.074645193387033e-02, 5.129149967821621e-02, 5.18399767818011e-02, 5.239202807416406e-02, 5.29484081620628e-02, 5.350902596182813e-02, 5.40729013371225e-02, 5.463973087361874e-02, 5.520947359296369e-02, 5.578210915697415e-02, 5.635761862774394e-02, 5.693595932487151e-02, 5.751709225851794e-02, 5.810097991478507e-02, 5.86875758626503e-02, 5.927683736297029e-02, 5.986873440068437e-02, 6.046322052052492e-02, 6.106026041096983e-02, 6.165982410311699e-02, 6.226187256908935e-02, 6.286637600602238e-02, 6.34732934356695e-02, 6.408260631742464e-02, 6.46942772119327e-02, 6.530828759314022e-02, 6.592460020853037e-02, 6.654318525544792e-02, 6.716402783242517e-02, 6.778708696618482e-02, 6.841234773234911e-02, 6.90397840722576e-02, 6.966936618367671e-02, 7.030107171481137e-02, 7.093487086305496e-02, 7.157074493087186e-02, 7.220867914650625e-02, 7.284863992397093e-02, 7.349059746102801e-02, 7.413454430710983e-02, 7.478044320900737e-02, 7.542827539844708e-02, 7.607801879549182e-02, 7.672965464366742e-02, 7.738316059112549e-02, 7.803850683586339e-02, 7.869567847625809e-02, 7.93546457099872e-02, 8.001538224147269e-02, 8.067787359575636e-02, 8.134210093858281e-02, 8.200804191846425e-02, 8.267565928226149e-02, 8.334494557921213e-02, 8.401586700300225e-02, 8.468840919992569e-02, 8.536254582416991e-02, 8.603825452406419e-02, 8.671551294781345e-02, 8.739430619399002e-02, 8.80745929503757e-02, 8.875636642540714e-02, 8.943960021700666e-02, 9.012426452291887e-02, 9.081035189258414e-02, 9.149781762229367e-02, 9.218665015167246e-02, 9.287683534012912e-02, 9.356833183336428e-02, 9.426113218069077e-02]
pMed=[1.4e+06, 1.4e+06]
TMed=[4.731499938964844e+02, 4.781499940082431e+02, 4.831499941200017e+02, 4.881499942317602e+02, 4.931499943435192e+02, 4.981499935239554e+02, 5.031499945670365e+02, 5.081499937474725e+02, 5.131500253081304e+02, 5.181500226259268e+02, 5.231500236690059e+02, 5.281500247120852e+02, 5.331500257551643e+02, 5.381500267982435e+02, 5.431500241160398e+02, 5.481500214338363e+02, 5.531500262021982e+02, 5.581500235199946e+02, 5.631500208377911e+02, 5.68150025606153e+02, 5.731500229239495e+02, 5.781500276923114e+02, 5.831500250101077e+02, 5.881500223279041e+02, 5.931500270962661e+02, 5.981500244140625e+02, 6.031500291824244e+02, 6.081500190496554e+02, 6.131500238180173e+02, 6.181500285863792e+02, 6.231500184536101e+02, 6.28150023221972e+02, 6.331500279903339e+02, 6.381500178575649e+02, 6.431500226259268e+02, 6.481500273942887e+02, 6.531500172615196e+02, 6.581500220298815e+02, 6.631500267982435e+02, 6.681500315666054e+02, 6.731500214338363e+02, 6.781500262021982e+02, 6.831500309705601e+02, 6.881500208377911e+02, 6.93150025606153e+02, 6.981500303745149e+02, 7.031500202417458e+02, 7.081500250101077e+02, 7.131500297784696e+02, 7.181500196457006e+02, 7.231500244140625e+02, 7.281500291823534e+02, 7.331500339506442e+02, 7.381500387189351e+02, 7.431500136854081e+02, 7.48150018453699e+02, 7.531500232219543e+02, 7.581500279902806e+02, 7.631500327585715e+02, 7.681500375268623e+02, 7.731500124933353e+02, 7.781500172616262e+02, 7.831500220299171e+02, 7.881500267982079e+02, 7.931500315664988e+02, 7.981500363347897e+02, 8.031500113012627e+02, 8.081500160695535e+02, 8.131500208378444e+02, 8.181500256061707e+02, 8.23150030374426e+02, 8.281500351427169e+02, 8.331500101091899e+02, 8.381500148774808e+02, 8.431500196457716e+02, 8.481500244140625e+02, 8.531500291823534e+02, 8.581500339506442e+02, 8.631500387189351e+02, 8.681500136854081e+02, 8.73150018453699e+02, 8.781500232219543e+02, 8.831500279902806e+02, 8.881500327585715e+02, 8.931500375268623e+02, 8.981500124933353e+02, 9.031500172616262e+02, 9.081500220299171e+02, 9.131500267982079e+02, 9.181500315664988e+02, 9.231500363347897e+02, 9.281500113012627e+02, 9.331500160695535e+02, 9.381500208378444e+02, 9.431500256061707e+02, 9.48150030374426e+02, 9.531500351427169e+02, 9.581500101091899e+02, 9.631500148774808e+02, 9.681500196457716e+02, 9.731500244140625e+02]
MM=[1.801528036594391e-02, 1.801528036594391e-02]
