last-generated=2018-05-14
statistics-simulation=
{
  "numerical Jacobians": "0", 
  "nonlinear": " ", 
  "number of continuous time states": "20", 
  "linear": " "
}
oriWesTop.port_a.m_flow=[5.965141952037811e-02, 3.17874550819397e-03, 2.813584404066205e-03, 2.489375416189432e-03, 2.193562919273973e-03, 1.926665310747921e-03, 1.687270239926875e-03, 1.475593540817499e-03, 1.285766367800534e-03, 1.114505459554493e-03, 9.594213915988803e-04, 8.177205454558134e-04, 6.859467248432338e-04, 5.635821726173162e-04, 4.490462015382944e-04, 3.42266692314297e-04, 2.428939624223858e-04, 1.504040264990181e-04, 6.494594708783552e-05, -1.336914465355221e-05, -8.458366937702522e-05, -1.488966518081725e-04, -2.066484012175351e-04, -2.582698361948133e-04, -3.042593598365784e-04, -3.45161184668541e-04, -3.814267984125763e-04, -4.135073395445944e-04, -4.418520256876947e-04, -4.669060290325433e-04, -4.886874812655151e-04, -5.082566640339792e-04, -5.257771699689329e-04, -5.414113984443247e-04, -5.553205846808851e-04, -5.676649161614478e-04, -5.78603649046272e-04, -5.882949335500598e-04, -5.968963378109038e-04, -6.04564615059644e-04, -6.114559946581721e-04, -6.177261820994318e-04, -6.234397296793759e-04, -6.286601419560611e-04, -6.334561621770263e-04, -6.378545076586306e-04, -6.418817210942507e-04, -6.455644033849239e-04, -6.489289226010442e-04, -6.520017050206661e-04, -6.548091187141836e-04, -6.573775317519903e-04, -6.597331375814974e-04, -6.619022460654378e-04, -6.639037164859474e-04, -6.657368503510952e-04, -6.674290634691715e-04, -6.689857691526413e-04, -6.704123225063086e-04, -6.717140786349773e-04, -6.728964508511126e-04, -6.739647360518575e-04, -6.74924289342016e-04, -6.757804658263922e-04, -6.765385624021292e-04, -6.772039923816919e-04, -6.777819944545627e-04, -6.782779237255454e-04, -6.786971352994442e-04, -6.790448678657413e-04, -6.79322867654264e-04, -6.795175140723586e-04, -6.796564557589591e-04, -6.797410314902663e-04, -6.797726964578032e-04, -6.797528476454318e-04, -6.796829402446747e-04, -6.795643712393939e-04, -6.793984794057906e-04, -6.791867199353874e-04, -6.789304898120463e-04, -6.786311860196292e-04, -6.782902637496591e-04, -6.779090035706758e-04, -6.774889188818634e-04, -6.770314066670835e-04, -6.765377474948764e-04, -6.760094547644258e-04, -6.754479254595935e-04, -6.748544983565807e-04, -6.742305704392493e-04, -6.73577596899122e-04, -6.728969165123999e-04, -6.721899844706059e-04, -6.714581395499408e-04, -6.707027787342668e-04, -6.699252990074456e-04, -6.691270973533392e-04, -6.683096289634705e-04, -6.674741744063795e-04, -6.6662224708125e-04]
dooOpeClo.mBA_flow=[2.152271270751953e-01, 2.824741899967194e-01, 2.385521829128265e-01, 2.032012343406677e-01, 1.756332963705063e-01, 1.53814822435379e-01, 1.361228972673416e-01, 1.213297918438911e-01, 1.08587957918644e-01, 9.796172380447388e-02, 8.925434947013855e-02, 8.224080502986908e-02, 7.757540047168732e-02, 7.738259434700012e-02, 7.745600491762161e-02, 7.746898382902145e-02, 7.727394998073578e-02, 7.757560908794403e-02, 8.012536913156509e-02, 8.336280286312103e-02, 8.656591176986694e-02, 8.964978158473969e-02, 9.252038598060608e-02, 9.503421932458878e-02, 9.724634140729904e-02, 9.921422600746155e-02, 1.009483933448792e-01, 1.024625077843666e-01, 1.037737652659416e-01, 1.049024239182472e-01, 1.058428362011909e-01, 1.06660783290863e-01, 1.073640063405037e-01, 1.079609096050262e-01, 1.084604039788246e-01, 1.088717728853226e-01, 1.092045679688454e-01, 1.094685196876526e-01, 1.096735075116158e-01, 1.098294705152512e-01, 1.099464446306229e-01, 1.100344806909561e-01, 1.100974753499031e-01, 1.101385578513145e-01, 1.101618781685829e-01, 1.101689264178276e-01, 1.101611629128456e-01, 1.101400852203369e-01, 1.101071611046791e-01, 1.100638881325722e-01, 1.100117564201355e-01, 1.099522486329079e-01, 1.098868623375893e-01, 1.098170876502991e-01, 1.097439900040627e-01, 1.096673384308815e-01, 1.095885261893272e-01, 1.09507717192173e-01, 1.094250679016113e-01, 1.093407347798347e-01, 1.092548742890358e-01, 1.091676577925682e-01, 1.090792268514633e-01, 1.089897453784943e-01, 1.088993698358536e-01, 1.08808271586895e-01, 1.087165921926498e-01, 1.086244955658913e-01, 1.085321381688118e-01, 1.084396839141846e-01, 1.083472371101379e-01, 1.082545295357704e-01, 1.081618815660477e-01, 1.080693081021309e-01, 1.079768016934395e-01, 1.078843846917152e-01, 1.077920570969582e-01, 1.076998263597488e-01, 1.076076999306679e-01, 1.075156778097153e-01, 1.074237823486328e-01, 1.073320135474205e-01, 1.072403788566589e-01, 1.071488782763481e-01, 1.070575267076492e-01, 1.069663316011429e-01, 1.068753004074097e-01, 1.067844331264496e-01, 1.066937446594238e-01, 1.066032350063324e-01, 1.065129190683365e-01, 1.064228042960167e-01, 1.063328832387924e-01, 1.062431782484055e-01, 1.061536893248558e-01, 1.060644239187241e-01, 1.059753894805908e-01, 1.058865860104561e-01, 1.057980358600616e-01, 1.057097315788269e-01, 1.056216880679131e-01]
oriOutBot.port_a.m_flow=[3.664178252220154e-01, -9.115842171013355e-03, -9.01807751506567e-03, -8.947755210101604e-03, -8.894291706383228e-03, -8.851498365402222e-03, -8.815889246761799e-03, -8.785268291831017e-03, -8.758297190070152e-03, -8.733900263905525e-03, -8.711528033018112e-03, -8.690708316862583e-03, -8.671040646731853e-03, -8.652289398014545e-03, -8.634330704808235e-03, -8.617103099822998e-03, -8.600558154284954e-03, -8.584636263549328e-03, -8.569343015551567e-03, -8.554687723517418e-03, -8.540648967027664e-03, -8.527203463017941e-03, -8.514323271811008e-03, -8.501973934471607e-03, -8.490114472806454e-03, -8.478699252009392e-03, -8.467691950500011e-03, -8.457053452730179e-03, -8.446745574474335e-03, -8.436729200184345e-03, -8.42700619250536e-03, -8.417477831244469e-03, -8.408130146563053e-03, -8.398950099945068e-03, -8.38992465287447e-03, -8.381039835512638e-03, -8.37228074669838e-03, -8.363634347915649e-03, -8.355087600648403e-03, -8.346624672412872e-03, -8.338232524693012e-03, -8.329897187650204e-03, -8.321612142026424e-03, -8.313373662531376e-03, -8.305175229907036e-03, -8.29701591283083e-03, -8.288892917335033e-03, -8.280804380774498e-03, -8.272748440504074e-03, -8.264722302556038e-03, -8.25672410428524e-03, -8.248751983046532e-03, -8.240804076194763e-03, -8.232877589762211e-03, -8.2249715924263e-03, -8.217086084187031e-03, -8.209219202399254e-03, -8.201370015740395e-03, -8.193539455533028e-03, -8.185726590454578e-03, -8.177931420505047e-03, -8.170153945684433e-03, -8.162393234670162e-03, -8.154649287462234e-03, -8.14692210406065e-03, -8.139210753142834e-03, -8.131516166031361e-03, -8.123836480081081e-03, -8.116173557937145e-03, -8.108525536954403e-03, -8.100892417132854e-03, -8.093275129795074e-03, -8.085672743618488e-03, -8.078086189925671e-03, -8.070513606071472e-03, -8.062955923378468e-03, -8.055414073169231e-03, -8.047886192798615e-03, -8.040373213589191e-03, -8.032875135540962e-03, -8.025391958653927e-03, -8.017922751605511e-03, -8.010469377040863e-03, -8.003029972314835e-03, -7.995604537427425e-03, -7.98819400370121e-03, -7.980798371136189e-03, -7.973416708409786e-03, -7.966049946844578e-03, -7.958697155117989e-03, -7.951358333230019e-03, -7.944034412503242e-03, -7.936724461615086e-03, -7.929428480565548e-03, -7.92214646935463e-03, -7.91487842798233e-03, -7.907625287771225e-03, -7.900385186076164e-03, -7.893159985542297e-03, -7.885947823524475e-03, -7.878749631345272e-03]
dooOpeClo.mAB_flow=[5.073046088218689e-01, 2.856527864933014e-01, 2.413636296987534e-01, 2.056907564401627e-01, 1.778267025947571e-01, 1.55741348862648e-01, 1.378103047609329e-01, 1.228055134415626e-01, 1.098734959959984e-01, 9.907484799623489e-02, 9.021446853876114e-02, 8.305823057889938e-02, 7.826125621795654e-02, 7.794618606567383e-02, 7.790502905845642e-02, 7.781123369932175e-02, 7.751680910587311e-02, 7.772599905729294e-02, 8.019024878740311e-02, 8.334942162036896e-02, 8.648132532835007e-02, 8.950084447860718e-02, 9.231375902891159e-02, 9.477598965167999e-02, 9.694201499223709e-02, 9.886880218982697e-02, 1.005667373538017e-01, 1.020490750670433e-01, 1.033322438597679e-01, 1.044355407357216e-01, 1.053542867302895e-01, 1.061525046825409e-01, 1.068379655480385e-01, 1.074190363287926e-01, 1.079045385122299e-01, 1.083036288619041e-01, 1.086256802082062e-01, 1.088802292943001e-01, 1.090769171714783e-01, 1.092254295945168e-01, 1.093355342745781e-01, 1.094169914722443e-01, 1.094740480184555e-01, 1.095099002122879e-01, 1.095284223556519e-01, 1.095310524106026e-01, 1.095192581415176e-01, 1.094944998621941e-01, 1.09458215534687e-01, 1.094118878245354e-01, 1.093569546937943e-01, 1.092948913574219e-01, 1.092271581292152e-01, 1.091552078723907e-01, 1.090800911188126e-01, 1.09001599252224e-01, 1.089210957288742e-01, 1.088387295603752e-01, 1.087546497583389e-01, 1.086690127849579e-01, 1.085819751024246e-01, 1.084936857223511e-01, 1.084042936563492e-01, 1.083139628171921e-01, 1.082228347659111e-01, 1.081310659646988e-01, 1.080388128757477e-01, 1.079462245106697e-01, 1.078534498810768e-01, 1.077606454491615e-01, 1.076679155230522e-01, 1.075750142335892e-01, 1.074822321534157e-01, 1.073895692825317e-01, 1.072970330715179e-01, 1.072046309709549e-01, 1.071123704314232e-01, 1.070202589035034e-01, 1.069282963871956e-01, 1.068364903330803e-01, 1.067448556423187e-01, 1.066533774137497e-01, 1.065620854496956e-01, 1.064709648489952e-01, 1.063800379633904e-01, 1.062892973423004e-01, 1.061987578868866e-01, 1.061084270477295e-01, 1.060182973742485e-01, 1.059283837676048e-01, 1.058386936783791e-01, 1.057492271065712e-01, 1.056599915027618e-01, 1.05570986866951e-01, 1.054822281002998e-01, 1.05393722653389e-01, 1.053054630756378e-01, 1.052174642682076e-01, 1.051297262310982e-01, 1.050422638654709e-01, 1.049550697207451e-01]
oriOutTop.port_a.m_flow=[3.666715025901794e-01, 9.115408174693584e-03, 9.01783537119627e-03, 8.947622962296009e-03, 8.894231170415878e-03, 8.85146576911211e-03, 8.815901353955269e-03, 8.785289712250233e-03, 8.758337236940861e-03, 8.733950555324554e-03, 8.711587637662888e-03, 8.690772578120232e-03, 8.67111049592495e-03, 8.652360178530216e-03, 8.634405210614204e-03, 8.617179468274117e-03, 8.600638248026371e-03, 8.584717288613319e-03, 8.569426834583282e-03, 8.554774336516857e-03, 8.540738373994827e-03, 8.527295663952827e-03, 8.514417335391045e-03, 8.502070792019367e-03, 8.490213192999363e-03, 8.478800766170025e-03, 8.467794395983219e-03, 8.457157760858536e-03, 8.446850813925266e-03, 8.436835370957851e-03, 8.42711329460144e-03, 8.417584933340549e-03, 8.408238179981709e-03, 8.399059064686298e-03, 8.390034548938274e-03, 8.381148800253868e-03, 8.372390642762184e-03, 8.363744243979454e-03, 8.355197496712208e-03, 8.346734568476677e-03, 8.338342420756817e-03, 8.330006152391434e-03, 8.321721106767654e-03, 8.313482627272606e-03, 8.30528512597084e-03, 8.29712487757206e-03, 8.289001882076263e-03, 8.280913345515728e-03, 8.272856473922729e-03, 8.264830335974693e-03, 8.256832137703896e-03, 8.248860016465187e-03, 8.240911178290844e-03, 8.232984691858292e-03, 8.225078694522381e-03, 8.217193186283112e-03, 8.20932537317276e-03, 8.201476186513901e-03, 8.193645626306534e-03, 8.185832761228085e-03, 8.178036659955978e-03, 8.170259185135365e-03, 8.162497542798519e-03, 8.154753595590591e-03, 8.147025480866432e-03, 8.139314129948616e-03, 8.131619542837143e-03, 8.123939856886864e-03, 8.116276003420353e-03, 8.108627982437611e-03, 8.100994862616062e-03, 8.093377575278282e-03, 8.085775189101696e-03, 8.078187704086304e-03, 8.070615120232105e-03, 8.063057437539101e-03, 8.05551465600729e-03, 8.047986775636673e-03, 8.040472865104675e-03, 8.032974787056446e-03, 8.025491610169411e-03, 8.018022403120995e-03, 8.010568097233772e-03, 8.003128692507744e-03, 7.995703257620335e-03, 7.988292723894119e-03, 7.980896160006523e-03, 7.973514497280121e-03, 7.966146804392338e-03, 7.958794012665749e-03, 7.951455190777779e-03, 7.944130338728428e-03, 7.936820387840271e-03, 7.929524406790733e-03, 7.922242395579815e-03, 7.914974354207516e-03, 7.907720282673836e-03, 7.900480180978775e-03, 7.893254049122334e-03, 7.886041887104511e-03, 7.878843694925308e-03]
time=[0e+00, 3.6e+03]
oriEasTop.port_a.m_flow=[-5.94506673514843e-02, 3.178989049047232e-03, 2.813575090840459e-03, 2.489583566784859e-03, 2.193190390244126e-03, 1.925508724525571e-03, 1.688186544924974e-03, 1.474830554798245e-03, 1.285716891288757e-03, 1.114474842324853e-03, 9.591411799192429e-04, 8.1705825868994e-04, 6.860814755782485e-04, 5.633708788082004e-04, 4.489558923523871e-04, 3.421743167564273e-04, 2.428008738206699e-04, 1.503095409134403e-04, 6.485004269052297e-05, -1.346652697975514e-05, -8.468269516015425e-05, -1.489973365096375e-04, -2.067505556624383e-04, -2.583733294159174e-04, -3.043641918338835e-04, -3.452672972343862e-04, -3.815338714048266e-04, -4.136149655096234e-04, -4.419601464178414e-04, -4.670149937737733e-04, -4.887967952527106e-04, -5.083665018901229e-04, -5.258874734863639e-04, -5.415220512077212e-04, -5.554314120672643e-04, -5.677758017554879e-04, -5.787143600173295e-04, -5.884054116904736e-04, -5.970064667053521e-04, -6.046744529157877e-04, -6.115656578913331e-04, -6.178359617479146e-04, -6.235495093278587e-04, -6.287696887739003e-04, -6.335655343718827e-04, -6.379636470228434e-04, -6.419906858354807e-04, -6.456730770878494e-04, -6.490373052656651e-04, -6.521097966469824e-04, -6.549169775098562e-04, -6.574850413016975e-04, -6.598403560929e-04, -6.620091735385358e-04, -6.640104111284018e-04, -6.65843253955245e-04, -6.675351760350168e-04, -6.69091590680182e-04, -6.705179112032056e-04, -6.718193762935698e-04, -6.730014574714005e-04, -6.740694516338408e-04, -6.750287138856947e-04, -6.758845993317664e-04, -6.766424048691988e-04, -6.773074856027961e-04, -6.778851966373622e-04, -6.783808348700404e-04, -6.787996971979737e-04, -6.791471969336271e-04, -6.794249638915062e-04, -6.796192028559744e-04, -6.797578535042703e-04, -6.79842138197273e-04, -6.798736285418272e-04, -6.79853605106473e-04, -6.797834648750722e-04, -6.796646630391479e-04, -6.794985965825617e-04, -6.792866624891758e-04, -6.79030257742852e-04, -6.787307211197913e-04, -6.783895078115165e-04, -6.780080148018897e-04, -6.775876390747726e-04, -6.771297776140273e-04, -6.766357691958547e-04, -6.761071272194386e-04, -6.755451904609799e-04, -6.749513559043407e-04, -6.743270787410438e-04, -6.736736395396292e-04, -6.729926099069417e-04, -6.722852122038603e-04, -6.715530180372298e-04, -6.707973079755902e-04, -6.700195954181254e-04, -6.692211609333754e-04, -6.684035761281848e-04, -6.675680633634329e-04, -6.667161942459643e-04]
volOut.T=[2.831499938964844e+02, 2.831499938964844e+02]
volBotWes.T=[2.951499938964844e+02, 2.943328247070312e+02, 2.945657653808594e+02, 2.947156982421875e+02, 2.94815673828125e+02, 2.948846130371094e+02, 2.949329833984375e+02, 2.949673767089844e+02, 2.949916687011719e+02, 2.950089721679688e+02, 2.950209045410156e+02, 2.950287780761719e+02, 2.950337829589844e+02, 2.950365295410156e+02, 2.95037353515625e+02, 2.950364379882812e+02, 2.950339050292969e+02, 2.950299072265625e+02, 2.950243835449219e+02, 2.95017333984375e+02, 2.950086975097656e+02, 2.949984436035156e+02, 2.949866943359375e+02, 2.949735412597656e+02, 2.949591064453125e+02, 2.949435119628906e+02, 2.949268798828125e+02, 2.949093322753906e+02, 2.948909301757812e+02, 2.948718566894531e+02, 2.9485205078125e+02, 2.948318176269531e+02, 2.948111877441406e+02, 2.947901916503906e+02, 2.947688598632812e+02, 2.947472839355469e+02, 2.947254638671875e+02, 2.947034301757812e+02, 2.946812438964844e+02, 2.94658935546875e+02, 2.946365356445312e+02, 2.946141052246094e+02, 2.945916137695312e+02, 2.945691528320312e+02, 2.945466613769531e+02, 2.94524169921875e+02, 2.94501708984375e+02, 2.94479248046875e+02, 2.944568176269531e+02, 2.944344177246094e+02, 2.944120483398438e+02, 2.943897094726562e+02, 2.943674011230469e+02, 2.943451843261719e+02, 2.94322998046875e+02, 2.943008422851562e+02, 2.942787780761719e+02, 2.942567749023438e+02, 2.942348022460938e+02, 2.94212890625e+02, 2.941910705566406e+02, 2.941692810058594e+02, 2.941475524902344e+02, 2.941259155273438e+02, 2.941043090820312e+02, 2.94082763671875e+02, 2.940613098144531e+02, 2.940398864746094e+02, 2.940185241699219e+02, 2.939972534179688e+02, 2.939760437011719e+02, 2.939548645019531e+02, 2.939337768554688e+02, 2.939127197265625e+02, 2.938917541503906e+02, 2.93870849609375e+02, 2.938500061035156e+02, 2.938292236328125e+02, 2.938085021972656e+02, 2.93787841796875e+02, 2.937672424316406e+02, 2.937467041015625e+02, 2.937262268066406e+02, 2.93705810546875e+02, 2.936854248046875e+02, 2.936651306152344e+02, 2.936448974609375e+02, 2.936247253417969e+02, 2.936046142578125e+02, 2.935845642089844e+02, 2.935645446777344e+02, 2.935446166992188e+02, 2.935247497558594e+02, 2.935049133300781e+02, 2.934851684570312e+02, 2.934654541015625e+02, 2.9344580078125e+02, 2.934262084960938e+02, 2.934066772460938e+02, 2.9338720703125e+02, 2.933677978515625e+02]
volBotEas.T=[2.981499938964844e+02, 2.964793395996094e+02, 2.961821594238281e+02, 2.95970703125e+02, 2.958112182617188e+02, 2.95684326171875e+02, 2.95579345703125e+02, 2.954894104003906e+02, 2.954105224609375e+02, 2.953393859863281e+02, 2.952743530273438e+02, 2.952140197753906e+02, 2.951571655273438e+02, 2.951030883789062e+02, 2.950514526367188e+02, 2.950020141601562e+02, 2.949546813964844e+02, 2.949091796875e+02, 2.948656005859375e+02, 2.948239135742188e+02, 2.947840576171875e+02, 2.947459716796875e+02, 2.947095336914062e+02, 2.946746826171875e+02, 2.946412353515625e+02, 2.946091003417969e+02, 2.945781860351562e+02, 2.9454833984375e+02, 2.945194396972656e+02, 2.944914245605469e+02, 2.944642639160156e+02, 2.944376525878906e+02, 2.9441162109375e+02, 2.943860473632812e+02, 2.943609619140625e+02, 2.943363037109375e+02, 2.9431201171875e+02, 2.942880554199219e+02, 2.94264404296875e+02, 2.942410278320312e+02, 2.942178649902344e+02, 2.941948852539062e+02, 2.941720581054688e+02, 2.941494140625e+02, 2.941268920898438e+02, 2.941044921875e+02, 2.940822143554688e+02, 2.940600891113281e+02, 2.940380554199219e+02, 2.9401611328125e+02, 2.939942932128906e+02, 2.939725646972656e+02, 2.93950927734375e+02, 2.939293518066406e+02, 2.939078979492188e+02, 2.93886474609375e+02, 2.938651428222656e+02, 2.938439025878906e+02, 2.938227233886719e+02, 2.938016052246094e+02, 2.937805786132812e+02, 2.937596130371094e+02, 2.937387084960938e+02, 2.937178649902344e+02, 2.936971130371094e+02, 2.936764221191406e+02, 2.936557922363281e+02, 2.936352233886719e+02, 2.936147155761719e+02, 2.935942687988281e+02, 2.935738830566406e+02, 2.935535888671875e+02, 2.935333251953125e+02, 2.935131225585938e+02, 2.934930114746094e+02, 2.934729309082031e+02, 2.934529418945312e+02, 2.934329833984375e+02, 2.934130859375e+02, 2.933932800292969e+02, 2.933735046386719e+02, 2.933537902832031e+02, 2.933341674804688e+02, 2.933145751953125e+02, 2.932950439453125e+02, 2.932755737304688e+02, 2.932561645507812e+02, 2.9323681640625e+02, 2.93217529296875e+02, 2.931982727050781e+02, 2.931791076660156e+02, 2.931599731445312e+02, 2.931409301757812e+02, 2.931219177246094e+02, 2.931029663085938e+02, 2.930840759277344e+02, 2.930652160644531e+02, 2.930464477539062e+02, 2.930277099609375e+02, 2.930090637207031e+02, 2.929904479980469e+02]
volTopEas.T=[2.941499938964844e+02, 2.929857482910156e+02, 2.929525451660156e+02, 2.929230651855469e+02, 2.928966979980469e+02, 2.928730163574219e+02, 2.928516845703125e+02, 2.928323059082031e+02, 2.92814697265625e+02, 2.927986145019531e+02, 2.927838439941406e+02, 2.927702941894531e+02, 2.927577819824219e+02, 2.927461853027344e+02, 2.927354431152344e+02, 2.927254638671875e+02, 2.927161254882812e+02, 2.927073974609375e+02, 2.9269921875e+02, 2.926915283203125e+02, 2.926842956542969e+02, 2.926775207519531e+02, 2.92671142578125e+02, 2.926651611328125e+02, 2.926595153808594e+02, 2.926542053222656e+02, 2.92649169921875e+02, 2.926444396972656e+02, 2.926399230957031e+02, 2.926356811523438e+02, 2.926316528320312e+02, 2.926278076171875e+02, 2.926241455078125e+02, 2.926206970214844e+02, 2.926173706054688e+02, 2.926142272949219e+02, 2.926112365722656e+02, 2.926083679199219e+02, 2.926056518554688e+02, 2.9260302734375e+02, 2.926005554199219e+02, 2.925981750488281e+02, 2.925958862304688e+02, 2.925937194824219e+02, 2.925916137695312e+02, 2.92589599609375e+02, 2.925876770019531e+02, 2.925858154296875e+02, 2.925840454101562e+02, 2.925823364257812e+02, 2.925806884765625e+02, 2.925791320800781e+02, 2.9257763671875e+02, 2.92576171875e+02, 2.925747985839844e+02, 2.925734558105469e+02, 2.925722045898438e+02, 2.925709838867188e+02, 2.925697937011719e+02, 2.925686645507812e+02, 2.925675964355469e+02, 2.925665588378906e+02, 2.925655822753906e+02, 2.925646362304688e+02, 2.92563720703125e+02, 2.925628662109375e+02, 2.925620422363281e+02, 2.925612487792969e+02, 2.925604858398438e+02, 2.925597534179688e+02, 2.925590515136719e+02, 2.925584106445312e+02, 2.925577697753906e+02, 2.925571899414062e+02, 2.925566101074219e+02, 2.925560607910156e+02, 2.925555114746094e+02, 2.925550231933594e+02, 2.925545349121094e+02, 2.925540466308594e+02, 2.925536193847656e+02, 2.925531921386719e+02, 2.925527954101562e+02, 2.925523986816406e+02, 2.925520324707031e+02, 2.925516967773438e+02, 2.925513610839844e+02, 2.925510559082031e+02, 2.925507507324219e+02, 2.925504760742188e+02, 2.925502014160156e+02, 2.925499267578125e+02, 2.925497131347656e+02, 2.925494689941406e+02, 2.925492553710938e+02, 2.925490417480469e+02, 2.925488586425781e+02, 2.925486755371094e+02, 2.925484924316406e+02, 2.925483093261719e+02, 2.925481567382812e+02]
volTopWes.T=[2.931499938964844e+02, 2.920664672851562e+02, 2.921027526855469e+02, 2.921347961425781e+02, 2.921632995605469e+02, 2.921887512207031e+02, 2.922116088867188e+02, 2.922322387695312e+02, 2.922509155273438e+02, 2.922679138183594e+02, 2.92283447265625e+02, 2.922976379394531e+02, 2.923106689453125e+02, 2.923226928710938e+02, 2.923337707519531e+02, 2.923440246582031e+02, 2.92353515625e+02, 2.923623657226562e+02, 2.923706359863281e+02, 2.923783264160156e+02, 2.923855895996094e+02, 2.923924255371094e+02, 2.923988952636719e+02, 2.924049987792969e+02, 2.924107971191406e+02, 2.924162902832031e+02, 2.924215393066406e+02, 2.924264831542969e+02, 2.924312133789062e+02, 2.924357299804688e+02, 2.924400329589844e+02, 2.924441223144531e+02, 2.924480590820312e+02, 2.924518127441406e+02, 2.924553833007812e+02, 2.924588317871094e+02, 2.924621276855469e+02, 2.924652709960938e+02, 2.924682922363281e+02, 2.9247119140625e+02, 2.924739990234375e+02, 2.924766845703125e+02, 2.92479248046875e+02, 2.924817504882812e+02, 2.92484130859375e+02, 2.924864501953125e+02, 2.924886779785156e+02, 2.924908142089844e+02, 2.924928894042969e+02, 2.924949035644531e+02, 2.92496826171875e+02, 2.924986877441406e+02, 2.925004577636719e+02, 2.92502197265625e+02, 2.925038757324219e+02, 2.925054626464844e+02, 2.925070190429688e+02, 2.925085144042969e+02, 2.925099487304688e+02, 2.925113525390625e+02, 2.925126953125e+02, 2.925139770507812e+02, 2.925152282714844e+02, 2.925164489746094e+02, 2.925176086425781e+02, 2.925187072753906e+02, 2.92519775390625e+02, 2.925208129882812e+02, 2.925218200683594e+02, 2.925227661132812e+02, 2.925237121582031e+02, 2.925245971679688e+02, 2.925254516601562e+02, 2.925262756347656e+02, 2.925270690917969e+02, 2.9252783203125e+02, 2.925285949707031e+02, 2.92529296875e+02, 2.925299987792969e+02, 2.925306701660156e+02, 2.925313110351562e+02, 2.925319213867188e+02, 2.925325317382812e+02, 2.925331115722656e+02, 2.925336608886719e+02, 2.925341796875e+02, 2.925346984863281e+02, 2.925351867675781e+02, 2.9253564453125e+02, 2.925361022949219e+02, 2.925365295410156e+02, 2.925369567871094e+02, 2.92537353515625e+02, 2.925377502441406e+02, 2.925381164550781e+02, 2.925384826660156e+02, 2.92538818359375e+02, 2.925391540527344e+02, 2.925394592285156e+02, 2.925397644042969e+02, 2.925400695800781e+02]
dooOpeClo.dpAB[1]=[1.630439311265945e-01, 8.883858472108841e-02, 6.772809475660324e-02, 5.338521301746368e-02, 4.313594102859497e-02, 3.542958572506905e-02, 2.941291965544224e-02, 2.454772219061851e-02, 2.051787078380585e-02, 1.706879213452339e-02, 1.407217420637608e-02, 1.141773629933596e-02, 9.014751762151718e-03, 6.808855105191469e-03, 4.772759508341547e-03, 2.891817595809698e-03, 1.155328820459545e-03, -4.506832337938249e-04, -1.924476819112897e-03, -3.264193190261722e-03, -4.470741841942072e-03, -5.547796841710806e-03, -6.501938216388226e-03, -7.341555319726467e-03, -8.076141588389874e-03, -8.715929463505745e-03, -9.269546717405319e-03, -9.745628573000433e-03, -1.015281863510609e-02, -1.04997381567955e-02, -1.078634336590767e-02, -1.103393267840147e-02, -1.124552078545094e-02, -1.142412796616554e-02, -1.157277449965477e-02, -1.169448345899582e-02, -1.179228257387877e-02, -1.186920143663883e-02, -1.192827243357897e-02, -1.197253074496984e-02, -1.200501341372728e-02, -1.20287612080574e-02, -1.204497180879116e-02, -1.205459795892239e-02, -1.205888669937849e-02, -1.205828320235014e-02, -1.205323357135057e-02, -1.204418577253819e-02, -1.203158590942621e-02, -1.201588194817305e-02, -1.19975209236145e-02, -1.197695173323154e-02, -1.195462327450514e-02, -1.193098351359367e-02, -1.190635282546282e-02, -1.18806604295969e-02, -1.18543291464448e-02, -1.182740367949009e-02, -1.179993245750666e-02, -1.177196204662323e-02, -1.174353901296854e-02, -1.171471085399389e-02, -1.168552413582802e-02, -1.165602635592222e-02, -1.162626408040524e-02, -1.159628573805094e-02, -1.156613789498806e-02, -1.153586804866791e-02, -1.150552276521921e-02, -1.147514954209328e-02, -1.144478004425764e-02, -1.141433510929346e-02, -1.138390973210335e-02, -1.135350577533245e-02, -1.132312510162592e-02, -1.12927695736289e-02, -1.126244105398655e-02, -1.123214140534401e-02, -1.120187249034643e-02, -1.117163617163897e-02, -1.114143431186676e-02, -1.111126877367496e-02, -1.10811423510313e-02, -1.105105504393578e-02, -1.102101057767868e-02, -1.099100988358259e-02, -1.096105482429266e-02, -1.093114819377661e-02, -1.090128999203444e-02, -1.087148394435644e-02, -1.084173191338778e-02, -1.081203483045101e-02, -1.07823945581913e-02, -1.075281389057636e-02, -1.072329375892878e-02, -1.069383695721626e-02, -1.06644444167614e-02, -1.063511893153191e-02, -1.060586236417294e-02, -1.057667564600706e-02, -1.054756157100201e-02]
oriOutBot.dp=[1.3240830078125e+03, -8.195126056671143e-01, -8.020288944244385e-01, -7.895692586898804e-01, -7.8016197681427e-01, -7.726728320121765e-01, -7.664684057235718e-01, -7.611532807350159e-01, -7.564868927001953e-01, -7.522782683372498e-01, -7.484292984008789e-01, -7.448561787605286e-01, -7.414886355400085e-01, -7.382850646972656e-01, -7.352235317230225e-01, -7.322924733161926e-01, -7.294833064079285e-01, -7.267847061157227e-01, -7.241976261138916e-01, -7.217226624488831e-01, -7.193558812141418e-01, -7.170926332473755e-01, -7.149279713630676e-01, -7.128555774688721e-01, -7.10868239402771e-01, -7.089580297470093e-01, -7.071184515953064e-01, -7.053427696228027e-01, -7.036243677139282e-01, -7.019566297531128e-01, -7.003395557403564e-01, -6.987566947937012e-01, -6.97205662727356e-01, -6.956841349601746e-01, -6.94189727306366e-01, -6.927201747894287e-01, -6.91273033618927e-01, -6.898459792137146e-01, -6.884366869926453e-01, -6.870428323745728e-01, -6.856619119644165e-01, -6.842917203903198e-01, -6.829311847686768e-01, -6.815796494483948e-01, -6.802360415458679e-01, -6.789001226425171e-01, -6.775714755058289e-01, -6.762496829032898e-01, -6.749345064163208e-01, -6.736255288124084e-01, -6.723223924636841e-01, -6.710247993469238e-01, -6.697322726249695e-01, -6.684445142745972e-01, -6.671613454818726e-01, -6.658827066421509e-01, -6.646082401275635e-01, -6.633380055427551e-01, -6.620719432830811e-01, -6.608099341392517e-01, -6.595519185066223e-01, -6.582979559898376e-01, -6.570479273796082e-01, -6.558017730712891e-01, -6.545594930648804e-01, -6.533210277557373e-01, -6.520863175392151e-01, -6.508553028106689e-01, -6.496279239654541e-01, -6.484041810035706e-01, -6.471840143203735e-01, -6.459674835205078e-01, -6.447545289993286e-01, -6.435450911521912e-01, -6.423391103744507e-01, -6.411367058753967e-01, -6.399377584457397e-01, -6.387422680854797e-01, -6.375502943992615e-01, -6.363617777824402e-01, -6.351766586303711e-01, -6.339949369430542e-01, -6.328166723251343e-01, -6.316418051719666e-01, -6.30470335483551e-01, -6.293022632598877e-01, -6.28137469291687e-01, -6.269760727882385e-01, -6.258180141448975e-01, -6.246632933616638e-01, -6.235118508338928e-01, -6.223636865615845e-01, -6.212188601493835e-01, -6.200772523880005e-01, -6.189389228820801e-01, -6.178038120269775e-01, -6.166719198226929e-01, -6.155433058738708e-01, -6.144178509712219e-01, -6.132955551147461e-01, -6.121764779090881e-01]
oriWesTop.dp=[3.509163665771484e+01, 9.964913874864578e-02, 7.866692543029785e-02, 6.401112675666809e-02, 5.324127525091171e-02, 4.492617398500443e-02, 3.823840245604515e-02, 3.276346623897552e-02, 2.811873331665993e-02, 2.409671060740948e-02, 2.056484669446945e-02, 1.741194166243076e-02, 1.45315770059824e-02, 1.189297996461391e-02, 9.448371827602383e-03, 7.186450995504856e-03, 5.092601291835308e-03, 3.150588367134333e-03, 1.359837362542748e-03, -2.798950881697237e-04, -1.771140028722584e-03, -3.118977649137378e-03, -4.330916795879602e-03, -5.41601050645113e-03, -6.384523585438728e-03, -7.247584871947765e-03, -8.014338091015816e-03, -8.69392976164818e-03, -9.295507334172727e-03, -9.828188456594944e-03, -1.029205601662397e-02, -1.070944685488939e-02, -1.108367461711168e-02, -1.141805481165648e-02, -1.17159029468894e-02, -1.198053546249866e-02, -1.221526972949505e-02, -1.242342684417963e-02, -1.260832604020834e-02, -1.277328841388226e-02, -1.292163878679276e-02, -1.305670011788607e-02, -1.317984145134687e-02, -1.329241320490837e-02, -1.339588314294815e-02, -1.3490816578269e-02, -1.357777509838343e-02, -1.365732401609421e-02, -1.373002678155899e-02, -1.379644684493542e-02, -1.38571485877037e-02, -1.391269732266665e-02, -1.396365649998188e-02, -1.401059236377478e-02, -1.405390910804272e-02, -1.409359090030193e-02, -1.413022913038731e-02, -1.416393835097551e-02, -1.419483497738838e-02, -1.422303263098001e-02, -1.424864679574966e-02, -1.427179295569658e-02, -1.429258473217487e-02, -1.431113854050636e-02, -1.43275698646903e-02, -1.434199139475822e-02, -1.435452047735453e-02, -1.436527073383331e-02, -1.437435764819384e-02, -1.438189670443535e-02, -1.438792329281569e-02, -1.439214311540127e-02, -1.439515501260757e-02, -1.439698878675699e-02, -1.439767517149448e-02, -1.439724583178759e-02, -1.439572963863611e-02, -1.43931582570076e-02, -1.438956242054701e-02, -1.438497193157673e-02, -1.437941659241915e-02, -1.437292899936438e-02, -1.436553709208965e-02, -1.435727346688509e-02, -1.434816792607307e-02, -1.433825027197599e-02, -1.432755216956139e-02, -1.431610248982906e-02, -1.430393289774656e-02, -1.429107319563627e-02, -1.427755411714315e-02, -1.42634054645896e-02, -1.424865797162056e-02, -1.423334237188101e-02, -1.421748846769333e-02, -1.420112606137991e-02, -1.418428681790829e-02, -1.416700053960085e-02, -1.414929702877998e-02, -1.413120701909065e-02, -1.411276031285524e-02]
oriEasTop.dp=[-3.485583877563477e+01, 9.966441243886948e-02, 7.866645604372025e-02, 6.401944905519485e-02, 5.322887375950813e-02, 4.48923259973526e-02, 3.826290741562843e-02, 3.274434059858321e-02, 2.811755053699017e-02, 2.409600466489792e-02, 2.055854722857475e-02, 1.739734970033169e-02, 1.453450042754412e-02, 1.188844908028841e-02, 9.446452371776101e-03, 7.184500340372324e-03, 5.090643651783466e-03, 3.148606978356838e-03, 1.357828848995268e-03, -2.819338988047093e-04, -1.773214433342218e-03, -3.121088957414031e-03, -4.333062097430229e-03, -5.418188404291868e-03, -6.386734079569578e-03, -7.249826565384865e-03, -8.016603998839855e-03, -8.696212433278562e-03, -9.297804906964304e-03, -9.830508381128311e-03, -1.029438618570566e-02, -1.071179006248713e-02, -1.108603179454803e-02, -1.142042316496372e-02, -1.171827781945467e-02, -1.198291312903166e-02, -1.221764739602804e-02, -1.242580078542233e-02, -1.261069439351559e-02, -1.27756530418992e-02, -1.292400155216455e-02, -1.305906567722559e-02, -1.318220794200897e-02, -1.329477597028017e-02, -1.339824311435223e-02, -1.349317282438278e-02, -1.358012761920691e-02, -1.365967188030481e-02, -1.373236905783415e-02, -1.379878353327513e-02, -1.385948061943054e-02, -1.391502283513546e-02, -1.396597642451525e-02, -1.40129067003727e-02, -1.405621878802776e-02, -1.409589499235153e-02, -1.413252670317888e-02, -1.416623126715422e-02, -1.419712230563164e-02, -1.422531437128782e-02, -1.425092294812202e-02, -1.427406258881092e-02, -1.429484877735376e-02, -1.431339606642723e-02, -1.432981994003057e-02, -1.434423495084047e-02, -1.435675658285618e-02, -1.436750125139952e-02, -1.437658164650202e-02, -1.438411511480808e-02, -1.439013611525297e-02, -1.439434848725796e-02, -1.439735293388367e-02, -1.439918205142021e-02, -1.439986377954483e-02, -1.439942978322506e-02, -1.439790893346071e-02, -1.43953338265419e-02, -1.439173333346844e-02, -1.438713818788528e-02, -1.43815791234374e-02, -1.437508594244719e-02, -1.436768937855959e-02, -1.4359419234097e-02, -1.435030717402697e-02, -1.434038300067186e-02, -1.432967651635408e-02, -1.431821938604116e-02, -1.430604048073292e-02, -1.429317239671946e-02, -1.427964400500059e-02, -1.426548603922129e-02, -1.425073016434908e-02, -1.423540618270636e-02, -1.421954389661551e-02, -1.420317497104406e-02, -1.418632920831442e-02, -1.416903734207153e-02, -1.415133103728294e-02, -1.413323916494846e-02, -1.41147943213582e-02]
oriOutTop.dp=[1.3259169921875e+03, 8.194345831871033e-01, 8.019857406616211e-01, 7.895458936691284e-01, 7.801514267921448e-01, 7.726671099662781e-01, 7.664706707000732e-01, 7.611570358276367e-01, 7.56493866443634e-01, 7.522868514060974e-01, 7.484393715858459e-01, 7.448671460151672e-01, 7.415004968643188e-01, 7.38297164440155e-01, 7.352361679077148e-01, 7.323055863380432e-01, 7.294967770576477e-01, 7.267985939979553e-01, 7.242118716239929e-01, 7.21737265586853e-01, 7.1937096118927e-01, 7.171081304550171e-01, 7.149438858032227e-01, 7.128718495368958e-01, 7.108848094940186e-01, 7.089748978614807e-01, 7.071355581283569e-01, 7.053601145744324e-01, 7.036418914794922e-01, 7.019743323326111e-01, 7.003573775291443e-01, 6.987745761871338e-01, 6.972236037254333e-01, 6.957021355628967e-01, 6.942078471183777e-01, 6.927382946014404e-01, 6.912911534309387e-01, 6.898640990257263e-01, 6.88454806804657e-01, 6.870608925819397e-01, 6.856799721717834e-01, 6.843097805976868e-01, 6.829491853713989e-01, 6.815975904464722e-01, 6.802539825439453e-01, 6.789180040359497e-01, 6.775892972946167e-01, 6.762674450874329e-01, 6.749522089958191e-01, 6.73643171787262e-01, 6.723399758338928e-01, 6.710423231124878e-01, 6.697497367858887e-01, 6.684619784355164e-01, 6.671786904335022e-01, 6.658999919891357e-01, 6.646254658699036e-01, 6.633551716804504e-01, 6.620890498161316e-01, 6.608269214630127e-01, 6.595689058303833e-01, 6.583148837089539e-01, 6.570647954940796e-01, 6.558185815811157e-01, 6.545762419700623e-01, 6.533377170562744e-01, 6.521028876304626e-01, 6.508718132972717e-01, 6.496444344520569e-01, 6.484206318855286e-01, 6.472004055976868e-01, 6.459838151931763e-01, 6.447707414627075e-01, 6.435612440109253e-01, 6.423552632331848e-01, 6.411527395248413e-01, 6.399537324905396e-01, 6.387582421302795e-01, 6.375661492347717e-01, 6.363775730133057e-01, 6.351923942565918e-01, 6.340106725692749e-01, 6.328323483467102e-01, 6.316574215888977e-01, 6.304858922958374e-01, 6.293177008628845e-01, 6.281529068946838e-01, 6.269914507865906e-01, 6.258333325386047e-01, 6.246785521507263e-01, 6.235270500183105e-01, 6.223788261413574e-01, 6.212339401245117e-01, 6.200922727584839e-01, 6.189538836479187e-01, 6.178187131881714e-01, 6.166868209838867e-01, 6.155580878257751e-01, 6.144325733184814e-01, 6.133102774620056e-01, 6.121911406517029e-01]
