last-generated=2017-03-31
statistics-initialization=
{
  "numerical Jacobians": "0", 
  "nonlinear": "1"
}
statistics-simulation=
{
  "numerical Jacobians": "0", 
  "nonlinear": "1", 
  "linear": " "
}
chi.sta_a2.T=[2.951499938964844e+02, 2.951499938964844e+02]
chi.sta_b2.T=[2.791499938964844e+02, 2.791499938964844e+02, 2.791499938964844e+02, 2.791499938964844e+02, 2.791499938964844e+02, 2.791499938964844e+02, 2.791499938964844e+02, 2.791499938964844e+02, 2.791499938964844e+02, 2.791499938964844e+02, 2.791499938964844e+02, 2.791499938964844e+02, 2.791499938964844e+02, 2.791499938964844e+02, 2.791499938964844e+02, 2.791499938964844e+02, 2.791499938964844e+02, 2.791499938964844e+02, 2.791499938964844e+02, 2.791499938964844e+02, 2.791499938964844e+02, 2.791499938964844e+02, 2.791499938964844e+02, 2.791499938964844e+02, 2.791499938964844e+02, 2.791499938964844e+02, 2.791499938964844e+02, 2.791499938964844e+02, 2.791499938964844e+02, 2.791499938964844e+02, 2.791499938964844e+02, 2.791499938964844e+02, 2.791499938964844e+02, 2.791499938964844e+02, 2.791499938964844e+02, 2.791499938964844e+02, 2.791499938964844e+02, 2.791499938964844e+02, 2.791499938964844e+02, 2.791499938964844e+02, 2.791499938964844e+02, 2.791499938964844e+02, 2.791499938964844e+02, 2.791499938964844e+02, 2.791499938964844e+02, 2.791499938964844e+02, 2.791499938964844e+02, 2.791499938964844e+02, 2.791499938964844e+02, 2.791499938964844e+02, 2.791499938964844e+02, 2.851499938964844e+02, 2.891499938964844e+02, 2.891499938964844e+02, 2.891499938964844e+02, 2.891499938964844e+02, 2.891499938964844e+02, 2.891499938964844e+02, 2.891499938964844e+02, 2.891499938964844e+02, 2.891499938964844e+02, 2.891499938964844e+02, 2.891499938964844e+02, 2.891499938964844e+02, 2.891499938964844e+02, 2.891499938964844e+02, 2.891499938964844e+02, 2.891499938964844e+02, 2.891499938964844e+02, 2.891499938964844e+02, 2.891499938964844e+02, 2.891499938964844e+02, 2.891499938964844e+02, 2.891499938964844e+02, 2.891499938964844e+02, 2.891499938964844e+02, 2.891499938964844e+02, 2.891499938964844e+02, 2.891499938964844e+02, 2.891499938964844e+02, 2.891499938964844e+02, 2.891499938964844e+02, 2.891499938964844e+02, 2.891499938964844e+02, 2.891499938964844e+02, 2.891499938964844e+02, 2.891499938964844e+02, 2.891499938964844e+02, 2.891499938964844e+02, 2.891499938964844e+02, 2.891499938964844e+02, 2.891499938964844e+02, 2.891499938964844e+02, 2.891499938964844e+02, 2.891499938964844e+02, 2.891499938964844e+02, 2.891499938964844e+02, 2.891499938964844e+02, 2.891499938964844e+02, 2.891499938964844e+02, 2.891499938964844e+02]
chi.TSet=[2.791499938964844e+02, 2.791499938964844e+02, 2.791499938964844e+02, 2.791499938964844e+02, 2.791499938964844e+02, 2.791499938964844e+02, 2.791499938964844e+02, 2.791499938964844e+02, 2.791499938964844e+02, 2.791499938964844e+02, 2.791499938964844e+02, 2.791499938964844e+02, 2.791499938964844e+02, 2.791499938964844e+02, 2.791499938964844e+02, 2.791499938964844e+02, 2.791499938964844e+02, 2.791499938964844e+02, 2.791499938964844e+02, 2.791499938964844e+02, 2.791499938964844e+02, 2.791499938964844e+02, 2.791499938964844e+02, 2.791499938964844e+02, 2.791499938964844e+02, 2.791499938964844e+02, 2.791499938964844e+02, 2.791499938964844e+02, 2.791499938964844e+02, 2.791499938964844e+02, 2.791499938964844e+02, 2.791499938964844e+02, 2.791499938964844e+02, 2.791499938964844e+02, 2.791499938964844e+02, 2.791499938964844e+02, 2.791499938964844e+02, 2.791499938964844e+02, 2.791499938964844e+02, 2.791499938964844e+02, 2.791499938964844e+02, 2.791499938964844e+02, 2.791499938964844e+02, 2.791499938964844e+02, 2.791499938964844e+02, 2.791499938964844e+02, 2.791499938964844e+02, 2.791499938964844e+02, 2.791499938964844e+02, 2.791499938964844e+02, 2.791499938964844e+02, 2.851499938964844e+02, 2.891499938964844e+02, 2.891499938964844e+02, 2.891499938964844e+02, 2.891499938964844e+02, 2.891499938964844e+02, 2.891499938964844e+02, 2.891499938964844e+02, 2.891499938964844e+02, 2.891499938964844e+02, 2.891499938964844e+02, 2.891499938964844e+02, 2.891499938964844e+02, 2.891499938964844e+02, 2.891499938964844e+02, 2.891499938964844e+02, 2.891499938964844e+02, 2.891499938964844e+02, 2.891499938964844e+02, 2.891499938964844e+02, 2.891499938964844e+02, 2.891499938964844e+02, 2.891499938964844e+02, 2.891499938964844e+02, 2.891499938964844e+02, 2.891499938964844e+02, 2.891499938964844e+02, 2.891499938964844e+02, 2.891499938964844e+02, 2.891499938964844e+02, 2.891499938964844e+02, 2.891499938964844e+02, 2.891499938964844e+02, 2.891499938964844e+02, 2.891499938964844e+02, 2.891499938964844e+02, 2.891499938964844e+02, 2.891499938964844e+02, 2.891499938964844e+02, 2.891499938964844e+02, 2.891499938964844e+02, 2.891499938964844e+02, 2.891499938964844e+02, 2.891499938964844e+02, 2.891499938964844e+02, 2.891499938964844e+02, 2.891499938964844e+02, 2.891499938964844e+02, 2.891499938964844e+02, 2.891499938964844e+02]
time=[0e+00, 3.6e+03]
chi.sta_b1.T=[3.081499938964844e+02, 3.081499938964844e+02, 3.081499938964844e+02, 3.081499938964844e+02, 3.081499938964844e+02, 3.081499938964844e+02, 3.081499938964844e+02, 3.081499938964844e+02, 3.081499938964844e+02, 3.081499938964844e+02, 3.081499938964844e+02, 3.081499938964844e+02, 3.081499938964844e+02, 3.081499938964844e+02, 3.081499938964844e+02, 3.081499938964844e+02, 3.081499938964844e+02, 3.081499938964844e+02, 3.081499938964844e+02, 3.081499938964844e+02, 3.081499938964844e+02, 3.081499938964844e+02, 3.081499938964844e+02, 3.081499938964844e+02, 3.081499938964844e+02, 3.081499938964844e+02, 3.081499938964844e+02, 3.081499938964844e+02, 3.081499938964844e+02, 3.081499938964844e+02, 3.081499938964844e+02, 3.081499938964844e+02, 3.081499938964844e+02, 3.081499938964844e+02, 3.081499938964844e+02, 3.081499938964844e+02, 3.081499938964844e+02, 3.081499938964844e+02, 3.081499938964844e+02, 3.081499938964844e+02, 3.081499938964844e+02, 3.081499938964844e+02, 3.081499938964844e+02, 3.081499938964844e+02, 3.081499938964844e+02, 3.081499938964844e+02, 3.081499938964844e+02, 3.081499938964844e+02, 3.081499938964844e+02, 3.081499938964844e+02, 3.081499938964844e+02, 3.081499938964844e+02, 3.081499938964844e+02, 3.081499938964844e+02, 3.081499938964844e+02, 3.081499938964844e+02, 3.081499938964844e+02, 3.081499938964844e+02, 3.081499938964844e+02, 3.081499938964844e+02, 3.081499938964844e+02, 3.081499938964844e+02, 3.081499938964844e+02, 3.081499938964844e+02, 3.081499938964844e+02, 3.081499938964844e+02, 3.081499938964844e+02, 3.081499938964844e+02, 3.081499938964844e+02, 3.081499938964844e+02, 3.081499938964844e+02, 3.081499938964844e+02, 3.081499938964844e+02, 3.081499938964844e+02, 3.081499938964844e+02, 3.081499938964844e+02, 3.081499938964844e+02, 3.081499938964844e+02, 3.081499938964844e+02, 3.081499938964844e+02, 3.081499938964844e+02, 3.081499938964844e+02, 3.081499938964844e+02, 3.081499938964844e+02, 3.081499938964844e+02, 3.081499938964844e+02, 3.081499938964844e+02, 3.081499938964844e+02, 3.081499938964844e+02, 3.081499938964844e+02, 3.081499938964844e+02, 3.081499938964844e+02, 3.081499938964844e+02, 3.081499938964844e+02, 3.081499938964844e+02, 3.081499938964844e+02, 3.081499938964844e+02, 3.081499938964844e+02, 3.081499938964844e+02, 3.081499938964844e+02, 3.081499938964844e+02]
chi.sta_a1.T=[2.981499938964844e+02, 2.981499938964844e+02]
chi.QCon_flow=[2.14585703125e+05, 2.14585703125e+05, 2.14585703125e+05, 2.14585703125e+05, 2.14585703125e+05, 2.14585703125e+05, 2.14585703125e+05, 2.14585703125e+05, 2.14585703125e+05, 2.14585703125e+05, 2.14585703125e+05, 2.14585703125e+05, 2.14585703125e+05, 2.14585703125e+05, 2.14585703125e+05, 2.14585703125e+05, 2.14585703125e+05, 2.14585703125e+05, 2.14585703125e+05, 2.14585703125e+05, 2.14585703125e+05, 2.14585703125e+05, 2.14585703125e+05, 2.14585703125e+05, 2.14585703125e+05, 2.14585703125e+05, 2.14585703125e+05, 2.14585703125e+05, 2.14585703125e+05, 2.14585703125e+05, 2.14585703125e+05, 2.14585703125e+05, 2.14585703125e+05, 2.14585703125e+05, 2.14585703125e+05, 2.14585703125e+05, 2.14585703125e+05, 2.14585703125e+05, 2.14585703125e+05, 2.14585703125e+05, 2.14585703125e+05, 2.14585703125e+05, 2.14585703125e+05, 2.14585703125e+05, 2.14585703125e+05, 2.14585703125e+05, 2.14585703125e+05, 2.14585703125e+05, 2.14585703125e+05, 2.14585703125e+05, 2.14585703125e+05, 1.264030546875e+05, 7.2863328125e+04, 7.2863328125e+04, 7.2863328125e+04, 7.2863328125e+04, 7.2863328125e+04, 7.2863328125e+04, 7.2863328125e+04, 7.2863328125e+04, 7.2863328125e+04, 7.2863328125e+04, 7.2863328125e+04, 7.2863328125e+04, 7.2863328125e+04, 7.2863328125e+04, 7.2863328125e+04, 7.2863328125e+04, 7.2863328125e+04, 7.2863328125e+04, 7.2863328125e+04, 7.2863328125e+04, 7.2863328125e+04, 7.2863328125e+04, 7.2863328125e+04, 7.2863328125e+04, 7.2863328125e+04, 7.2863328125e+04, 7.2863328125e+04, 7.2863328125e+04, 7.2863328125e+04, 7.2863328125e+04, 7.2863328125e+04, 7.2863328125e+04, 7.2863328125e+04, 7.2863328125e+04, 7.2863328125e+04, 7.2863328125e+04, 7.2863328125e+04, 7.2863328125e+04, 7.2863328125e+04, 7.2863328125e+04, 7.2863328125e+04, 7.2863328125e+04, 7.2863328125e+04, 7.2863328125e+04, 7.2863328125e+04, 7.2863328125e+04, 7.2863328125e+04, 7.2863328125e+04, 7.2863328125e+04]
chi.QEva_flow=[-1.5939046875e+05, -1.5939046875e+05, -1.5939046875e+05, -1.5939046875e+05, -1.5939046875e+05, -1.5939046875e+05, -1.5939046875e+05, -1.5939046875e+05, -1.5939046875e+05, -1.5939046875e+05, -1.5939046875e+05, -1.5939046875e+05, -1.5939046875e+05, -1.5939046875e+05, -1.5939046875e+05, -1.5939046875e+05, -1.5939046875e+05, -1.5939046875e+05, -1.5939046875e+05, -1.5939046875e+05, -1.5939046875e+05, -1.5939046875e+05, -1.5939046875e+05, -1.5939046875e+05, -1.5939046875e+05, -1.5939046875e+05, -1.5939046875e+05, -1.5939046875e+05, -1.5939046875e+05, -1.5939046875e+05, -1.5939046875e+05, -1.5939046875e+05, -1.5939046875e+05, -1.5939046875e+05, -1.5939046875e+05, -1.5939046875e+05, -1.5939046875e+05, -1.5939046875e+05, -1.5939046875e+05, -1.5939046875e+05, -1.5939046875e+05, -1.5939046875e+05, -1.5939046875e+05, -1.5939046875e+05, -1.5939046875e+05, -1.5939046875e+05, -1.5939046875e+05, -1.5939046875e+05, -1.5939046875e+05, -1.5939046875e+05, -1.5939046875e+05, -9.9619046875e+04, -5.97714296875e+04, -5.97714296875e+04, -5.97714296875e+04, -5.97714296875e+04, -5.97714296875e+04, -5.97714296875e+04, -5.97714296875e+04, -5.97714296875e+04, -5.97714296875e+04, -5.97714296875e+04, -5.97714296875e+04, -5.97714296875e+04, -5.97714296875e+04, -5.97714296875e+04, -5.97714296875e+04, -5.97714296875e+04, -5.97714296875e+04, -5.97714296875e+04, -5.97714296875e+04, -5.97714296875e+04, -5.97714296875e+04, -5.97714296875e+04, -5.97714296875e+04, -5.97714296875e+04, -5.97714296875e+04, -5.97714296875e+04, -5.97714296875e+04, -5.97714296875e+04, -5.97714296875e+04, -5.97714296875e+04, -5.97714296875e+04, -5.97714296875e+04, -5.97714296875e+04, -5.97714296875e+04, -5.97714296875e+04, -5.97714296875e+04, -5.97714296875e+04, -5.97714296875e+04, -5.97714296875e+04, -5.97714296875e+04, -5.97714296875e+04, -5.97714296875e+04, -5.97714296875e+04, -5.97714296875e+04, -5.97714296875e+04, -5.97714296875e+04, -5.97714296875e+04, -5.97714296875e+04, -5.97714296875e+04]
chi.P=[5.519522265625e+04, 5.519522265625e+04, 5.519522265625e+04, 5.519522265625e+04, 5.519522265625e+04, 5.519522265625e+04, 5.519522265625e+04, 5.519522265625e+04, 5.519522265625e+04, 5.519522265625e+04, 5.519522265625e+04, 5.519522265625e+04, 5.519522265625e+04, 5.519522265625e+04, 5.519522265625e+04, 5.519522265625e+04, 5.519522265625e+04, 5.519522265625e+04, 5.519522265625e+04, 5.519522265625e+04, 5.519522265625e+04, 5.519522265625e+04, 5.519522265625e+04, 5.519522265625e+04, 5.519522265625e+04, 5.519522265625e+04, 5.519522265625e+04, 5.519522265625e+04, 5.519522265625e+04, 5.519522265625e+04, 5.519522265625e+04, 5.519522265625e+04, 5.519522265625e+04, 5.519522265625e+04, 5.519522265625e+04, 5.519522265625e+04, 5.519522265625e+04, 5.519522265625e+04, 5.519522265625e+04, 5.519522265625e+04, 5.519522265625e+04, 5.519522265625e+04, 5.519522265625e+04, 5.519522265625e+04, 5.519522265625e+04, 5.519522265625e+04, 5.519522265625e+04, 5.519522265625e+04, 5.519522265625e+04, 5.519522265625e+04, 5.519522265625e+04, 2.6784009765625e+04, 1.30919033203125e+04, 1.30919033203125e+04, 1.30919033203125e+04, 1.30919033203125e+04, 1.30919033203125e+04, 1.30919033203125e+04, 1.30919033203125e+04, 1.30919033203125e+04, 1.30919033203125e+04, 1.30919033203125e+04, 1.30919033203125e+04, 1.30919033203125e+04, 1.30919033203125e+04, 1.30919033203125e+04, 1.30919033203125e+04, 1.30919033203125e+04, 1.30919033203125e+04, 1.30919033203125e+04, 1.30919033203125e+04, 1.30919033203125e+04, 1.30919033203125e+04, 1.30919033203125e+04, 1.30919033203125e+04, 1.30919033203125e+04, 1.30919033203125e+04, 1.30919033203125e+04, 1.30919033203125e+04, 1.30919033203125e+04, 1.30919033203125e+04, 1.30919033203125e+04, 1.30919033203125e+04, 1.30919033203125e+04, 1.30919033203125e+04, 1.30919033203125e+04, 1.30919033203125e+04, 1.30919033203125e+04, 1.30919033203125e+04, 1.30919033203125e+04, 1.30919033203125e+04, 1.30919033203125e+04, 1.30919033203125e+04, 1.30919033203125e+04, 1.30919033203125e+04, 1.30919033203125e+04, 1.30919033203125e+04, 1.30919033203125e+04, 1.30919033203125e+04, 1.30919033203125e+04, 1.30919033203125e+04]
chi.dp2=[6e+03, 6e+03]
chi.dp1=[1.63581572265625e+04, 1.63581572265625e+04, 1.63581572265625e+04, 1.63581572265625e+04, 1.63581572265625e+04, 1.63581572265625e+04, 1.63581572265625e+04, 1.63581572265625e+04, 1.63581572265625e+04, 1.63581572265625e+04, 1.63581572265625e+04, 1.63581572265625e+04, 1.63581572265625e+04, 1.63581572265625e+04, 1.63581572265625e+04, 1.63581572265625e+04, 1.63581572265625e+04, 1.63581572265625e+04, 1.63581572265625e+04, 1.63581572265625e+04, 1.63581572265625e+04, 1.63581572265625e+04, 1.63581572265625e+04, 1.63581572265625e+04, 1.63581572265625e+04, 1.63581572265625e+04, 1.63581572265625e+04, 1.63581572265625e+04, 1.63581572265625e+04, 1.63581572265625e+04, 1.63581572265625e+04, 1.63581572265625e+04, 1.63581572265625e+04, 1.63581572265625e+04, 1.63581572265625e+04, 1.63581572265625e+04, 1.63581572265625e+04, 1.63581572265625e+04, 1.63581572265625e+04, 1.63581572265625e+04, 1.63581572265625e+04, 1.63581572265625e+04, 1.63581572265625e+04, 1.63581572265625e+04, 1.63581572265625e+04, 1.63581572265625e+04, 1.63581572265625e+04, 1.63581572265625e+04, 1.63581572265625e+04, 1.63581572265625e+04, 1.63581572265625e+04, 5.6760732421875e+03, 1.886039916992188e+03, 1.886039916992188e+03, 1.886039916992188e+03, 1.886039916992188e+03, 1.886039916992188e+03, 1.886039916992188e+03, 1.886039916992188e+03, 1.886039916992188e+03, 1.886039916992188e+03, 1.886039916992188e+03, 1.886039916992188e+03, 1.886039916992188e+03, 1.886039916992188e+03, 1.886039916992188e+03, 1.886039916992188e+03, 1.886039916992188e+03, 1.886039916992188e+03, 1.886039916992188e+03, 1.886039916992188e+03, 1.886039916992188e+03, 1.886039916992188e+03, 1.886039916992188e+03, 1.886039916992188e+03, 1.886039916992188e+03, 1.886039916992188e+03, 1.886039916992188e+03, 1.886039916992188e+03, 1.886039916992188e+03, 1.886039916992188e+03, 1.886039916992188e+03, 1.886039916992188e+03, 1.886039916992188e+03, 1.886039916992188e+03, 1.886039916992188e+03, 1.886039916992188e+03, 1.886039916992188e+03, 1.886039916992188e+03, 1.886039916992188e+03, 1.886039916992188e+03, 1.886039916992188e+03, 1.886039916992188e+03, 1.886039916992188e+03, 1.886039916992188e+03, 1.886039916992188e+03, 1.886039916992188e+03, 1.886039916992188e+03, 1.886039916992188e+03, 1.886039916992188e+03, 1.886039916992188e+03]
chi.COP_nominal=[3.337800025939941e+00, 3.337800025939941e+00]
chi.COP=[2.887758731842041e+00, 2.887758731842041e+00, 2.887758731842041e+00, 2.887758731842041e+00, 2.887758731842041e+00, 2.887758731842041e+00, 2.887758731842041e+00, 2.887758731842041e+00, 2.887758731842041e+00, 2.887758731842041e+00, 2.887758731842041e+00, 2.887758731842041e+00, 2.887758731842041e+00, 2.887758731842041e+00, 2.887758731842041e+00, 2.887758731842041e+00, 2.887758731842041e+00, 2.887758731842041e+00, 2.887758731842041e+00, 2.887758731842041e+00, 2.887758731842041e+00, 2.887758731842041e+00, 2.887758731842041e+00, 2.887758731842041e+00, 2.887758731842041e+00, 2.887758731842041e+00, 2.887758731842041e+00, 2.887758731842041e+00, 2.887758731842041e+00, 2.887758731842041e+00, 2.887758731842041e+00, 2.887758731842041e+00, 2.887758731842041e+00, 2.887758731842041e+00, 2.887758731842041e+00, 2.887758731842041e+00, 2.887758731842041e+00, 2.887758731842041e+00, 2.887758731842041e+00, 2.887758731842041e+00, 2.887758731842041e+00, 2.887758731842041e+00, 2.887758731842041e+00, 2.887758731842041e+00, 2.887758731842041e+00, 2.887758731842041e+00, 2.887758731842041e+00, 2.887758731842041e+00, 2.887758731842041e+00, 2.887758731842041e+00, 2.887758731842041e+00, 3.719347715377808e+00, 4.565526485443115e+00, 4.565526485443115e+00, 4.565526485443115e+00, 4.565526485443115e+00, 4.565526485443115e+00, 4.565526485443115e+00, 4.565526485443115e+00, 4.565526485443115e+00, 4.565526485443115e+00, 4.565526485443115e+00, 4.565526485443115e+00, 4.565526485443115e+00, 4.565526485443115e+00, 4.565526485443115e+00, 4.565526485443115e+00, 4.565526485443115e+00, 4.565526485443115e+00, 4.565526485443115e+00, 4.565526485443115e+00, 4.565526485443115e+00, 4.565526485443115e+00, 4.565526485443115e+00, 4.565526485443115e+00, 4.565526485443115e+00, 4.565526485443115e+00, 4.565526485443115e+00, 4.565526485443115e+00, 4.565526485443115e+00, 4.565526485443115e+00, 4.565526485443115e+00, 4.565526485443115e+00, 4.565526485443115e+00, 4.565526485443115e+00, 4.565526485443115e+00, 4.565526485443115e+00, 4.565526485443115e+00, 4.565526485443115e+00, 4.565526485443115e+00, 4.565526485443115e+00, 4.565526485443115e+00, 4.565526485443115e+00, 4.565526485443115e+00, 4.565526485443115e+00, 4.565526485443115e+00, 4.565526485443115e+00, 4.565526485443115e+00, 4.565526485443115e+00, 4.565526485443115e+00, 4.565526485443115e+00]
