last-generated=2017-03-31
statistics-initialization=
{
  "numerical Jacobians": "0", 
  "nonlinear": "1, 1, 1"
}
statistics-simulation=
{
  "numerical Jacobians": "0", 
  "nonlinear": "0, 0, 0", 
  "linear": " "
}
valCv.m_flow=[0e+00, 2.009649409928686e-02, 2.842073359799033e-02, 3.480814808137549e-02, 4.019298821355548e-02, 4.493712600025807e-02, 4.922615418757511e-02, 5.317032325788154e-02, 5.684146720719135e-02, 6.028947858755074e-02, 6.355069530105992e-02, 6.665252912140049e-02, 6.961629617209029e-02, 7.245893908797728e-02, 7.519419475226596e-02, 7.783338272383625e-02, 8.038597643527275e-02, 8.285996274157181e-02, 8.526220002769225e-02, 8.759858514051611e-02, 8.987425200566881e-02, 9.209370756520904e-02, 9.426090891807741e-02, 9.637939842351972e-02, 9.845230838189778e-02, 1.004824712872505e-01, 1.02472418932283e-01, 1.044244447426397e-01, 1.063406465170007e-01, 1.082229331778301e-01, 1.100730278043658e-01, 1.118925433021411e-01, 1.136829344202513e-01, 1.154455668603938e-01, 1.17181687929936e-01, 1.188924620724003e-01, 1.205789571852533e-01, 1.222421966056169e-01, 1.238831065907055e-01, 1.255025588612735e-01, 1.271013906057058e-01, 1.286803489568384e-01, 1.3024015927737e-01, 1.317815173620134e-01, 1.333050582440222e-01, 1.348113733485902e-01, 1.3630105431291e-01, 1.377746166544092e-01, 1.392325923489967e-01, 1.406754539614524e-01, 1.421036720275879e-01, 1.435176743560817e-01, 1.449178781835888e-01, 1.463046858423141e-01, 1.476784617143067e-01, 1.490395798014912e-01, 1.503883895053976e-01, 1.517252037499598e-01, 1.530503354616127e-01, 1.543640975659765e-01, 1.556667654556234e-01, 1.569586377798259e-01, 1.582399451603496e-01, 1.595109707188311e-01, 1.607719528747021e-01, 1.62023115146979e-01, 1.632646885833732e-01, 1.644968816997966e-01, 1.657199254851284e-01, 1.66934013654899e-01, 1.681393250228395e-01, 1.693360682069376e-01, 1.70524400062576e-01, 1.717045135700726e-01, 1.728765804348928e-01, 1.740407347679138e-01, 1.751971702831652e-01, 1.763460210930163e-01, 1.774874362095051e-01, 1.786215430067009e-01, 1.797485040138667e-01, 1.808684465605667e-01, 1.819814898554747e-01, 1.830877680101545e-01, 1.841874151354556e-01, 1.852805141436505e-01, 1.863672121752039e-01, 1.8744760700328e-01, 1.885218178370265e-01, 1.895899489847847e-01, 1.906520749536397e-01, 1.917083235758461e-01, 1.927587968498633e-01, 1.938035629683965e-01, 1.94842741140334e-01, 1.958763909702275e-01, 1.9690461676724e-01, 1.979275018576271e-01, 1.989451329412519e-01, 1.999575933118528e-01, 2.00964942574501e-01]
valKv.m_flow=[0e+00, 2.018827221470371e-02, 2.855052830133973e-02, 3.496711367073881e-02, 4.037654444445664e-02, 4.514234851596405e-02, 4.94509642837069e-02, 5.341314512959519e-02, 5.71010566139401e-02, 6.056481478800114e-02, 6.384091776488141e-02, 6.695692259250716e-02, 6.993422735085938e-02, 7.278984918066642e-02, 7.553759201124544e-02, 7.818883501587109e-02, 8.075308889711504e-02, 8.323837772808451e-02, 8.56515822630949e-02, 8.799863661758311e-02, 9.028469703709745e-02, 9.251428539589508e-02, 9.469138856496999e-02, 9.681954891886903e-02, 9.890192857417633e-02, 1.009413599967957e-01, 1.029403899081733e-01, 1.049013340453946e-01, 1.068262902604303e-01, 1.087171748993953e-01, 1.105757184672038e-01, 1.124035413704183e-01, 1.142021132337688e-01, 1.159727922846712e-01, 1.177168407796602e-01, 1.19435430588578e-01, 1.211296295861408e-01, 1.228004611555578e-01, 1.244488664318679e-01, 1.260757171358786e-01, 1.276818355333821e-01, 1.292680060533981e-01, 1.308349540367673e-01, 1.323833454553012e-01, 1.339138451862311e-01, 1.354270446337188e-01, 1.369235205138651e-01, 1.384038181866188e-01, 1.398684547064949e-01, 1.413179026189112e-01, 1.427526324987411e-01, 1.441731019373037e-01, 1.455796983689314e-01, 1.469728390269904e-01, 1.483528882565112e-01, 1.497202350350433e-01, 1.510751840233654e-01, 1.524181077497902e-01, 1.537493042396799e-01, 1.550690566165279e-01, 1.563776700396489e-01, 1.576754432294749e-01, 1.589626067719611e-01, 1.602394437888503e-01, 1.615061777984131e-01, 1.627630472208984e-01, 1.640102979711796e-01, 1.652481237319343e-01, 1.664767554581139e-01, 1.676963868652132e-01, 1.689071967668921e-01, 1.701094086822464e-01, 1.713031645333282e-01, 1.72488672266506e-01, 1.736660737522205e-01, 1.748355627059937e-01, 1.759972732373525e-01, 1.771513692608464e-01, 1.782979848877788e-01, 1.794372772629047e-01, 1.805693940767462e-01, 1.816944477266561e-01, 1.828125723224162e-01, 1.839239168765559e-01, 1.850285707967787e-01, 1.861266616691582e-01, 1.872183217920786e-01, 1.883036638103251e-01, 1.893827771307939e-01, 1.904557809629875e-01, 1.915227647147259e-01, 1.925838412888944e-01, 1.936390978405931e-01, 1.946886472363636e-01, 1.957325490810003e-01, 1.967709374845232e-01, 1.97803857151717e-01, 1.988314211831649e-01, 1.998536865327526e-01, 2.008707662677999e-01, 2.018827199935913e-01]
valOPPoi.m_flow=[0e+00, 1.96418559411226e-02, 2.777777828778339e-02, 3.402069248413826e-02, 3.928371189688766e-02, 4.392052408778102e-02, 4.811252334398838e-02, 5.196746427598967e-02, 5.55555565865252e-02, 5.892556415485178e-02, 6.211299775223117e-02, 6.514466571496599e-02, 6.804138497739599e-02, 7.081971446917472e-02, 7.349309309517237e-02, 7.607257959586762e-02, 7.856742380175064e-02, 8.098544137675477e-02, 8.333333415653835e-02, 8.561686479977729e-02, 8.78410481805898e-02, 9.001028677929383e-02, 9.212846333850638e-02, 9.419902328456593e-02, 9.622504669455449e-02, 9.820927679538727e-02, 1.001542005394532e-01, 1.020620742986141e-01, 1.039349285531848e-01, 1.057746276550389e-01, 1.075828650044998e-01, 1.093612234552496e-01, 1.111111131787858e-01, 1.128338627417148e-01, 1.145307117628679e-01, 1.162027801022984e-01, 1.178511283196156e-01, 1.194767422715495e-01, 1.210805259781209e-01, 1.226633511599243e-01, 1.242259955079873e-01, 1.25769243192164e-01, 1.272937675296552e-01, 1.288002569679549e-01, 1.302893314311177e-01, 1.317615675477946e-01, 1.332175421539457e-01, 1.34657770565871e-01, 1.360827699595082e-01, 1.374929831939396e-01, 1.388888955116272e-01, 1.402709050167692e-01, 1.416394289457359e-01, 1.429948696309453e-01, 1.44337561836507e-01, 1.456678940946629e-01, 1.469861861911883e-01, 1.482927510497503e-01, 1.495879164979099e-01, 1.508719507579813e-01, 1.521451591993298e-01, 1.53407795417133e-01, 1.546601200112108e-01, 1.559023863011972e-01, 1.571348476075785e-01, 1.583576976470488e-01, 1.595711825352066e-01, 1.607755104529842e-01, 1.619708827554407e-01, 1.631575080588946e-01, 1.643355502760405e-01, 1.655052180247057e-01, 1.666666683199473e-01, 1.678200789209344e-01, 1.689656216932505e-01, 1.701034605503082e-01, 1.712337296016347e-01, 1.723565778607602e-01, 1.734721692408842e-01, 1.745806312678273e-01, 1.756820963636416e-01, 1.767766920109042e-01, 1.778645672205574e-01, 1.789458114007354e-01, 1.800205735636262e-01, 1.810889516690683e-01, 1.821510627609201e-01, 1.832070196611909e-01, 1.842569266778669e-01, 1.853008881193962e-01, 1.863389933935276e-01, 1.873713555738692e-01, 1.883980465719551e-01, 1.894191943271703e-01, 1.904348435431653e-01, 1.914451283299964e-01, 1.924500933923943e-01, 1.934498370951928e-01, 1.944444458626756e-01, 1.95433988225476e-01, 1.964185535907745e-01]
time=[0e+00, 1e+00]
