last-generated=2022-10-19
statistics-initialization=
{
  "nonlinear": "5",
  "numerical Jacobians": "0"
}
statistics-simulation=
{
  "linear": "0, 0, 0, 0, 0",
  "nonlinear": "1",
  "number of continuous time states": "10",
  "numerical Jacobians": "0"
}
time=[0e+00, 3.1536e+07]
zone.T=[2.931499938964844e+02, 2.934964294433594e+02, 2.948433227539062e+02, 2.950996704101562e+02, 2.933763427734375e+02, 2.946032104492188e+02, 2.936370849609375e+02, 2.948937683105469e+02, 2.949667663574219e+02, 2.945008544921875e+02, 2.949476928710938e+02, 2.93229736328125e+02, 2.944151306152344e+02, 2.950117492675781e+02, 2.950682067871094e+02, 2.950735168457031e+02, 2.94083984375e+02, 2.936683959960938e+02, 2.932552185058594e+02, 2.934068298339844e+02, 2.93207763671875e+02, 2.936125793457031e+02, 2.944334716796875e+02, 2.950587158203125e+02, 2.937275085449219e+02, 2.9335693359375e+02, 2.950920715332031e+02, 2.951277770996094e+02, 2.941047973632812e+02, 2.96099853515625e+02, 2.970378112792969e+02, 2.962575378417969e+02, 2.963298034667969e+02, 2.9575146484375e+02, 2.9685791015625e+02, 2.97311279296875e+02, 2.972331237792969e+02, 2.974054565429688e+02, 2.972987976074219e+02, 2.974791870117188e+02, 2.975252380371094e+02, 2.975371398925781e+02, 2.975237121582031e+02, 2.975829467773438e+02, 2.975098876953125e+02, 2.974816284179688e+02, 2.975858459472656e+02, 2.975862426757812e+02, 2.97521728515625e+02, 2.975988159179688e+02, 2.974871826171875e+02, 2.975801086425781e+02, 2.97568115234375e+02, 2.975058898925781e+02, 2.975872802734375e+02, 2.97644775390625e+02, 2.975877075195312e+02, 2.975962524414062e+02, 2.976087036132812e+02, 2.975819396972656e+02, 2.975243835449219e+02, 2.975371398925781e+02, 2.974706115722656e+02, 2.975226135253906e+02, 2.975242614746094e+02, 2.97474609375e+02, 2.974830017089844e+02, 2.974789428710938e+02, 2.974937438964844e+02, 2.9748876953125e+02, 2.97445068359375e+02, 2.974119567871094e+02, 2.970667419433594e+02, 2.966712036132812e+02, 2.971563415527344e+02, 2.972562255859375e+02, 2.966722106933594e+02, 2.959283142089844e+02, 2.957216796875e+02, 2.948197326660156e+02, 2.944266052246094e+02, 2.947139892578125e+02, 2.939322204589844e+02, 2.940759582519531e+02, 2.94025634765625e+02, 2.937466735839844e+02, 2.932888793945312e+02, 2.933923645019531e+02, 2.949532775878906e+02, 2.941260986328125e+02, 2.951148376464844e+02, 2.951134948730469e+02, 2.932035217285156e+02, 2.951432495117188e+02, 2.950352172851562e+02, 2.941585083007812e+02, 2.9353173828125e+02, 2.942735900878906e+02, 2.93160888671875e+02, 2.951462707519531e+02, 2.951498107910156e+02]
heaWat.u=[1e+00, 0e+00, 1e+00, 1e+00, 0e+00, 1e+00, 1e+00, 1e+00, 1e+00, 0e+00, 0e+00, 0e+00, 1e+00, 1e+00, 1e+00, 1e+00, 0e+00, 1e+00, 0e+00, 0e+00, 0e+00, 0e+00, 0e+00, 1e+00, 0e+00, 1e+00, 1e+00, 1e+00, 0e+00, 0e+00, 0e+00, 0e+00, 0e+00, 0e+00, 0e+00, 0e+00, 0e+00, 0e+00, 0e+00, 0e+00, 0e+00, 0e+00, 0e+00, 0e+00, 0e+00, 0e+00, 0e+00, 0e+00, 0e+00, 0e+00, 0e+00, 0e+00, 0e+00, 0e+00, 0e+00, 0e+00, 0e+00, 0e+00, 0e+00, 0e+00, 0e+00, 0e+00, 0e+00, 0e+00, 0e+00, 0e+00, 0e+00, 0e+00, 0e+00, 0e+00, 0e+00, 0e+00, 0e+00, 0e+00, 0e+00, 0e+00, 0e+00, 0e+00, 0e+00, 0e+00, 0e+00, 0e+00, 0e+00, 0e+00, 0e+00, 0e+00, 0e+00, 0e+00, 1e+00, 0e+00, 1e+00, 1e+00, 0e+00, 1e+00, 1e+00, 1e+00, 0e+00, 0e+00, 0e+00, 1e+00, 1e+00]
vavDam.y=[2.5e-01, 2.5e-01, 2.5e-01, 2.5e-01, 2.5e-01, 2.5e-01, 2.5e-01, 2.5e-01, 2.5e-01, 2.5e-01, 2.5e-01, 2.5e-01, 2.5e-01, 2.5e-01, 2.5e-01, 2.5e-01, 2.5e-01, 2.5e-01, 2.5e-01, 2.5e-01, 2.5e-01, 2.5e-01, 2.5e-01, 2.5e-01, 2.5e-01, 2.5e-01, 2.5e-01, 2.5e-01, 2.5e-01, 2.5e-01, 2.5e-01, 2.5e-01, 2.5e-01, 2.5e-01, 2.5e-01, 2.5e-01, 2.5e-01, 2.55443662405014e-01, 2.5e-01, 3.291931450366974e-01, 3.75241607427597e-01, 3.871432542800903e-01, 3.736985623836517e-01, 4.329606592655182e-01, 3.598852753639221e-01, 3.316260278224945e-01, 4.35852587223053e-01, 4.362463653087616e-01, 3.71740311384201e-01, 4.488286972045898e-01, 3.371824324131012e-01, 4.301102161407471e-01, 4.181147813796997e-01, 3.559012413024902e-01, 4.372788965702057e-01, 4.947709441184998e-01, 4.376944005489349e-01, 4.462561011314392e-01, 4.587082862854004e-01, 4.319413900375366e-01, 3.743831515312195e-01, 3.871533572673798e-01, 3.206177353858948e-01, 3.726004064083099e-01, 3.742483258247375e-01, 3.246108293533325e-01, 3.330036997795105e-01, 3.289327025413513e-01, 3.437433838844299e-01, 3.387618064880371e-01, 2.950808107852936e-01, 2.619682252407074e-01, 2.5e-01, 2.5e-01, 2.5e-01, 2.5e-01, 2.5e-01, 2.5e-01, 2.5e-01, 2.5e-01, 2.5e-01, 2.5e-01, 2.5e-01, 2.5e-01, 2.5e-01, 2.5e-01, 2.5e-01, 2.5e-01, 2.5e-01, 2.5e-01, 2.5e-01, 2.5e-01, 2.5e-01, 2.5e-01, 2.5e-01, 2.5e-01, 2.5e-01, 2.5e-01, 2.5e-01, 2.5e-01, 2.5e-01]
fan.sta_a.T=[2.883200073242188e+02, 2.902905883789062e+02, 2.88335205078125e+02, 2.920780029296875e+02, 2.906633911132812e+02, 2.916402282714844e+02, 2.897942199707031e+02, 2.900422058105469e+02, 2.891142578125e+02, 2.909131774902344e+02, 2.898480224609375e+02, 2.899379272460938e+02, 2.910912780761719e+02, 2.915658264160156e+02, 2.904036560058594e+02, 2.919499816894531e+02, 2.906768798828125e+02, 2.90608642578125e+02, 2.910794372558594e+02, 2.914654541015625e+02, 2.901091003417969e+02, 2.91638671875e+02, 2.912958374023438e+02, 2.918660583496094e+02, 2.925139465332031e+02, 2.908208923339844e+02, 2.918199768066406e+02, 2.930167236328125e+02, 2.919389038085938e+02, 2.964943237304688e+02, 2.946246337890625e+02, 2.942013854980469e+02, 2.941111145019531e+02, 2.946832275390625e+02, 2.956549377441406e+02, 2.953521118164062e+02, 2.958346557617188e+02, 2.946707153320312e+02, 2.963743591308594e+02, 2.969334411621094e+02, 2.952789611816406e+02, 2.982248229980469e+02, 2.966036376953125e+02, 2.979476013183594e+02, 2.962222900390625e+02, 2.965768737792969e+02, 2.962604675292969e+02, 2.985108032226562e+02, 2.948569030761719e+02, 2.9739111328125e+02, 2.97256591796875e+02, 2.973014831542969e+02, 2.968691101074219e+02, 2.978995056152344e+02, 2.976356811523438e+02, 2.979755554199219e+02, 2.981031188964844e+02, 2.967643127441406e+02, 2.979931640625e+02, 2.976788330078125e+02, 2.957882385253906e+02, 2.974443054199219e+02, 2.967667846679688e+02, 2.963309326171875e+02, 2.979713439941406e+02, 2.966609191894531e+02, 2.968990478515625e+02, 2.969129638671875e+02, 2.965253295898438e+02, 2.967495727539062e+02, 2.962158203125e+02, 2.966826782226562e+02, 2.953598022460938e+02, 2.960596313476562e+02, 2.956836853027344e+02, 2.958902893066406e+02, 2.954989929199219e+02, 2.934595642089844e+02, 2.941227111816406e+02, 2.925884094238281e+02, 2.921501159667969e+02, 2.92863037109375e+02, 2.915256042480469e+02, 2.920824584960938e+02, 2.939510192871094e+02, 2.926521911621094e+02, 2.905230407714844e+02, 2.919839172363281e+02, 2.920208435058594e+02, 2.905534057617188e+02, 2.907401123046875e+02, 2.901213684082031e+02, 2.900206604003906e+02, 2.924705810546875e+02, 2.906348571777344e+02, 2.90917236328125e+02, 2.894642028808594e+02, 2.902773132324219e+02, 2.896861267089844e+02, 2.911211242675781e+02, 2.910023193359375e+02]
fan.sta_b.T=[2.886552734375e+02, 2.906620788574219e+02, 2.887066955566406e+02, 2.924494934082031e+02, 2.910348815917969e+02, 2.9201171875e+02, 2.901657104492188e+02, 2.904136962890625e+02, 2.894857482910156e+02, 2.9128466796875e+02, 2.902195129394531e+02, 2.903094177246094e+02, 2.914627685546875e+02, 2.919373168945312e+02, 2.90775146484375e+02, 2.923214721679688e+02, 2.910483703613281e+02, 2.909801330566406e+02, 2.91450927734375e+02, 2.918369445800781e+02, 2.904805908203125e+02, 2.920101623535156e+02, 2.916673278808594e+02, 2.92237548828125e+02, 2.928854370117188e+02, 2.911923828125e+02, 2.921914978027344e+02, 2.933882141113281e+02, 2.923103942871094e+02, 2.968658142089844e+02, 2.949961242675781e+02, 2.945728759765625e+02, 2.944826049804688e+02, 2.950547180175781e+02, 2.960264282226562e+02, 2.957236022949219e+02, 2.962061462402344e+02, 2.950333862304688e+02, 2.96745849609375e+02, 2.972687072753906e+02, 2.956142272949219e+02, 2.9856005859375e+02, 2.969389038085938e+02, 2.982828674316406e+02, 2.965575561523438e+02, 2.969121398925781e+02, 2.965957336425781e+02, 2.988460693359375e+02, 2.951921691894531e+02, 2.977263793945312e+02, 2.975918579101562e+02, 2.976367492675781e+02, 2.972043762207031e+02, 2.982347717285156e+02, 2.97970947265625e+02, 2.983108215332031e+02, 2.984383544921875e+02, 2.970995788574219e+02, 2.983284301757812e+02, 2.980140686035156e+02, 2.961234741210938e+02, 2.977795715332031e+02, 2.9710205078125e+02, 2.966661987304688e+02, 2.983066101074219e+02, 2.969961853027344e+02, 2.972343139648438e+02, 2.972482299804688e+02, 2.96860595703125e+02, 2.970848388671875e+02, 2.965510864257812e+02, 2.97036376953125e+02, 2.957312927246094e+02, 2.964311218261719e+02, 2.9605517578125e+02, 2.962617797851562e+02, 2.958704833984375e+02, 2.938310546875e+02, 2.944942016601562e+02, 2.929598999023438e+02, 2.925216064453125e+02, 2.932345275878906e+02, 2.918970947265625e+02, 2.924539489746094e+02, 2.94322509765625e+02, 2.93023681640625e+02, 2.9089453125e+02, 2.923554077148438e+02, 2.92392333984375e+02, 2.909248962402344e+02, 2.911116027832031e+02, 2.904928588867188e+02, 2.903921508789062e+02, 2.928420715332031e+02, 2.9100634765625e+02, 2.912887268066406e+02, 2.89835693359375e+02, 2.906488037109375e+02, 2.900576171875e+02, 2.914926147460938e+02, 2.913738098144531e+02]
