last-generated=2018-08-24
statistics-initialization=
{
  "nonlinear": "1, 1, 0",
  "numerical Jacobians": "0"
}
statistics-simulation=
{
  "linear": "0, 0, 0, 0, 0, 0, 0, 0, 0, 0, 0, 0, 0, 0, 0, 0, 0, 0, 0, 0, 0, 0, 0, 0, 0, 0, 0,   0, 0, 0, 0, 0, 0, 0, 0, 0, 0, 0, 0, 0",
  "nonlinear": " ",
  "number of continuous time states": "80",
  "numerical Jacobians": "0"
}
TBorOut.T=[2.931499938964844e+02, 2.962086791992188e+02, 2.961976928710938e+02, 2.961978454589844e+02, 2.961978454589844e+02, 2.961978454589844e+02, 2.961978454589844e+02, 2.961978454589844e+02, 2.961978454589844e+02, 2.961978454589844e+02, 2.961978454589844e+02, 2.961978454589844e+02, 2.961978454589844e+02, 2.961978454589844e+02, 2.961978454589844e+02, 2.961978454589844e+02, 2.961978454589844e+02, 2.961978454589844e+02, 2.961978454589844e+02, 2.961978454589844e+02, 2.961978454589844e+02, 2.961978454589844e+02, 2.961978454589844e+02, 2.961978454589844e+02, 2.961978454589844e+02, 2.961978454589844e+02, 2.961978454589844e+02, 2.961978454589844e+02, 2.961978454589844e+02, 2.961978454589844e+02, 2.961978454589844e+02, 2.961978454589844e+02, 2.961978454589844e+02, 2.961978454589844e+02, 2.961978454589844e+02, 2.961978454589844e+02, 2.961978454589844e+02, 2.961978454589844e+02, 2.961978454589844e+02, 2.961978454589844e+02, 2.961978454589844e+02, 2.961978454589844e+02, 2.961978454589844e+02, 2.961978454589844e+02, 2.961978454589844e+02, 2.961978454589844e+02, 2.961978454589844e+02, 2.961978454589844e+02, 2.961978454589844e+02, 2.961978454589844e+02, 2.961978454589844e+02, 2.961978454589844e+02, 2.961978454589844e+02, 2.961978454589844e+02, 2.961978454589844e+02, 2.961978454589844e+02, 2.961978454589844e+02, 2.961978454589844e+02, 2.961978454589844e+02, 2.961978454589844e+02, 2.961978454589844e+02, 2.961978454589844e+02, 2.961978454589844e+02, 2.961978454589844e+02, 2.961978454589844e+02, 2.961978454589844e+02, 2.961978454589844e+02, 2.961978454589844e+02, 2.961978454589844e+02, 2.961978454589844e+02, 2.961978454589844e+02, 2.961978454589844e+02, 2.961978454589844e+02, 2.961978454589844e+02, 2.961978454589844e+02, 2.961978454589844e+02, 2.961978454589844e+02, 2.961978454589844e+02, 2.961978454589844e+02, 2.961978454589844e+02, 2.961978454589844e+02, 2.961978454589844e+02, 2.961978454589844e+02, 2.961978454589844e+02, 2.961978454589844e+02, 2.961978454589844e+02, 2.961978454589844e+02, 2.961978454589844e+02, 2.961978454589844e+02, 2.961978454589844e+02, 2.961978454589844e+02, 2.961978454589844e+02, 2.961978454589844e+02, 2.961978454589844e+02, 2.961978454589844e+02, 2.961978454589844e+02, 2.961978454589844e+02, 2.961978454589844e+02, 2.961978454589844e+02, 2.961978454589844e+02, 2.961978454589844e+02]
TBorIn.T=[3.031499938964844e+02, 3.031499938964844e+02]
time=[0e+00, 3.6e+05]
