last-generated=2024-02-02
statistics-initialization=
{
  "nonlinear": "5, 1, 1",
  "numerical Jacobians": "0"
}
statistics-simulation=
{
  "linear": "0, 0, 0, 0, 0, 0",
  "nonlinear": "1",
  "number of continuous time states": "13",
  "numerical Jacobians": "0"
}
time=[0e+00, 8.64e+04]
vol.T_start=[2.931499938964844e+02, 2.931499938964844e+02]
vol.T=[2.931499938964844e+02, 2.930081481933594e+02, 2.890408935546875e+02, 2.861318664550781e+02, 2.8480224609375e+02, 2.847872924804688e+02, 2.856737060546875e+02, 2.870640258789062e+02, 2.886346740722656e+02, 2.901558227539062e+02, 2.914900512695312e+02, 2.9256884765625e+02, 2.933721923828125e+02, 2.939109191894531e+02, 2.941998901367188e+02, 2.942796936035156e+02, 2.942162780761719e+02, 2.940820617675781e+02, 2.939383544921875e+02, 2.938107604980469e+02, 2.936983642578125e+02, 2.93584716796875e+02, 2.934627075195312e+02, 2.933506164550781e+02, 2.932566833496094e+02, 2.93183837890625e+02, 2.931320190429688e+02, 2.930991821289062e+02, 2.930820922851562e+02, 2.930771789550781e+02, 2.930859375e+02, 2.931273193359375e+02, 2.932015686035156e+02, 2.932950744628906e+02, 2.952928161621094e+02, 2.917389221191406e+02, 2.888991394042969e+02, 2.884640502929688e+02, 2.888617553710938e+02, 2.897235107421875e+02, 2.908168640136719e+02, 2.919417724609375e+02, 2.929413146972656e+02, 2.937357482910156e+02, 2.943158264160156e+02, 2.946922607421875e+02, 2.948916625976562e+02, 2.949492492675781e+02, 2.949027709960938e+02, 2.947882995605469e+02, 2.946372985839844e+02, 2.944656372070312e+02, 2.94268310546875e+02, 2.940621337890625e+02, 2.938739624023438e+02, 2.937342224121094e+02, 2.936817626953125e+02, 2.937142639160156e+02, 2.937811889648438e+02, 2.938263854980469e+02, 2.938515319824219e+02, 2.938695068359375e+02, 2.938829040527344e+02, 2.938930053710938e+02, 2.939005737304688e+02, 2.939062805175781e+02, 2.939105834960938e+02, 2.93913818359375e+02, 2.939162292480469e+02, 2.939180603027344e+02, 2.9391943359375e+02, 2.939203796386719e+02, 2.939063110351562e+02, 2.93853759765625e+02, 2.937655639648438e+02, 2.936576232910156e+02, 2.907886352539062e+02, 2.898442687988281e+02, 2.895865173339844e+02, 2.897622985839844e+02, 2.902319641113281e+02, 2.90935791015625e+02, 2.917518310546875e+02, 2.925278930664062e+02, 2.93122314453125e+02, 2.934791259765625e+02, 2.93628662109375e+02, 2.936397705078125e+02, 2.936000671386719e+02, 2.935752258300781e+02, 2.935745544433594e+02, 2.935742492675781e+02, 2.93533203125e+02, 2.934303894042969e+02, 2.932865600585938e+02, 2.931307373046875e+02, 2.929955444335938e+02, 2.929129028320312e+02, 2.928924255371094e+02, 2.929157409667969e+02, 2.929511413574219e+02]
temSup.T=[3.231499938964844e+02, 3.128330993652344e+02, 3.069313659667969e+02, 3.041143188476562e+02, 3.037375183105469e+02, 3.050202026367188e+02, 3.072518310546875e+02, 3.098486938476562e+02, 3.123942565917969e+02, 3.146322021484375e+02, 3.164364013671875e+02, 3.177731628417969e+02, 3.186666564941406e+02, 3.191739196777344e+02, 3.193647155761719e+02, 3.193130798339844e+02, 3.191001281738281e+02, 3.188040771484375e+02, 3.184895935058594e+02, 3.181965942382812e+02, 3.17939453125e+02, 3.177164306640625e+02, 3.175209350585938e+02, 3.173561096191406e+02, 3.172267456054688e+02, 3.1713330078125e+02, 3.170727844238281e+02, 3.170399475097656e+02, 3.170287475585938e+02, 3.170330505371094e+02, 3.170476989746094e+02, 3.170731811523438e+02, 3.171085205078125e+02, 3.171444702148438e+02, 3.121540527343749e+02, 3.025768432617188e+02, 3.02482421875e+02, 3.02957763671875e+02, 3.040975952148438e+02, 3.056089172363281e+02, 3.071944580078125e+02, 3.086299133300781e+02, 3.097709655761719e+02, 3.105495300292969e+02, 3.109682006835938e+02, 3.110690307617188e+02, 3.1091162109375e+02, 3.10561279296875e+02, 3.10081298828125e+02, 3.095279541015625e+02, 3.08947509765625e+02, 3.083743591308594e+02, 3.078272399902344e+02, 3.073206481933594e+02, 3.068706970214844e+02, 3.064999084472656e+02, 3.062887878417969e+02, 3.062063293457031e+02, 3.062070922851562e+02, 3.062405090332031e+02, 3.062717590332031e+02, 3.062958679199219e+02, 3.063140563964844e+02, 3.063277282714844e+02, 3.063380126953125e+02, 3.063457336425781e+02, 3.063515625e+02, 3.063559265136719e+02, 3.063592224121094e+02, 3.063616943359375e+02, 3.063635559082031e+02, 3.063649597167969e+02, 3.063626403808594e+02, 3.063412475585938e+02, 3.062903442382812e+02, 3.06212158203125e+02, 3.055320434570312e+02, 3.0514697265625e+02, 3.054645385742188e+02, 3.062819519042969e+02, 3.073652954101562e+02, 3.0853759765625e+02, 3.096640930175781e+02, 3.106282348632812e+02, 3.113448181152344e+02, 3.117798156738281e+02, 3.119636535644531e+02, 3.119651184082031e+02, 3.118641967773438e+02, 3.117293395996094e+02, 3.115959167480469e+02, 3.114685974121094e+02, 3.113365478515625e+02, 3.111900024414062e+02, 3.110381469726562e+02, 3.109017333984375e+02, 3.108020324707031e+02, 3.107547607421875e+02, 3.107642822265625e+02, 3.108182373046875e+02, 3.108943481445312e+02]
temRet.T=[3.231499938964844e+02, 3.106587524414062e+02, 3.045890808105469e+02, 3.010768737792969e+02, 2.999817504882812e+02, 3.006295776367188e+02, 3.023643188476562e+02, 3.046147155761719e+02, 3.069502868652344e+02, 3.090885314941406e+02, 3.10875e+02, 3.122500915527344e+02, 3.132162475585938e+02, 3.138132019042969e+02, 3.140957336425781e+02, 3.141268005371094e+02, 3.139821472167969e+02, 3.1373974609375e+02, 3.134677124023438e+02, 3.132093200683594e+02, 3.129804382324219e+02, 3.127786560058594e+02, 3.125961303710938e+02, 3.124373168945312e+02, 3.123087768554688e+02, 3.122126159667969e+02, 3.12147216796875e+02, 3.121086120605469e+02, 3.120915222167969e+02, 3.120904541015625e+02, 3.121010131835938e+02, 3.12126708984375e+02, 3.121690368652344e+02, 3.12219482421875e+02, 3.120546264648437e+02, 3.024830627441407e+02, 3.000220336914062e+02, 3.00110107421875e+02, 3.009400329589844e+02, 3.022372741699219e+02, 3.037079467773438e+02, 3.05116455078125e+02, 3.062982177734375e+02, 3.071637268066406e+02, 3.076986083984375e+02, 3.079310607910156e+02, 3.079098205566406e+02, 3.076922607421875e+02, 3.073365173339844e+02, 3.068959655761719e+02, 3.064158935546875e+02, 3.059301147460938e+02, 3.054552612304688e+02, 3.050056762695312e+02, 3.04599609375e+02, 3.042557373046875e+02, 3.040421752929688e+02, 3.039588317871094e+02, 3.039596862792969e+02, 3.039935302734375e+02, 3.040251770019531e+02, 3.040495910644531e+02, 3.040679931640625e+02, 3.040818481445312e+02, 3.040922546386719e+02, 3.0410009765625e+02, 3.041059875488281e+02, 3.041104125976562e+02, 3.041137390136719e+02, 3.041162414550781e+02, 3.041181335449219e+02, 3.041195373535156e+02, 3.041171569824219e+02, 3.04095458984375e+02, 3.040438537597656e+02, 3.039646301269531e+02, 3.030013732910156e+02, 3.023149719238281e+02, 3.023475952148438e+02, 3.029197998046875e+02, 3.038122863769531e+02, 3.048605041503906e+02, 3.059306640625e+02, 3.068943786621094e+02, 3.076449279785156e+02, 3.081268310546875e+02, 3.083563232421875e+02, 3.083954467773438e+02, 3.083249206542969e+02, 3.082182922363281e+02, 3.081139831542969e+02, 3.080161437988281e+02, 3.07909423828125e+02, 3.077781066894531e+02, 3.076290588378906e+02, 3.074833984375e+02, 3.073654479980469e+02, 3.072962341308594e+02, 3.072854614257812e+02, 3.073233947753906e+02, 3.0738720703125e+02]
heaPum.refCyc.sigBus.onOffMea=[1e+00, 1e+00, 1e+00, 1e+00, 1e+00, 1e+00, 1e+00, 1e+00, 1e+00, 1e+00, 1e+00, 1e+00, 1e+00, 1e+00, 1e+00, 1e+00, 1e+00, 1e+00, 1e+00, 1e+00, 1e+00, 1e+00, 1e+00, 1e+00, 1e+00, 1e+00, 1e+00, 1e+00, 1e+00, 1e+00, 1e+00, 1e+00, 1e+00, 1e+00, 0e+00, 0e+00, 1e+00, 1e+00, 1e+00, 1e+00, 1e+00, 1e+00, 1e+00, 1e+00, 1e+00, 1e+00, 1e+00, 1e+00, 1e+00, 1e+00, 1e+00, 1e+00, 1e+00, 1e+00, 1e+00, 1e+00, 1e+00, 1e+00, 1e+00, 1e+00, 1e+00, 1e+00, 1e+00, 1e+00, 1e+00, 1e+00, 1e+00, 1e+00, 1e+00, 1e+00, 1e+00, 1e+00, 1e+00, 1e+00, 1e+00, 1e+00, 1e+00, 1e+00, 1e+00, 1e+00, 1e+00, 1e+00, 1e+00, 1e+00, 1e+00, 1e+00, 1e+00, 1e+00, 1e+00, 1e+00, 1e+00, 1e+00, 1e+00, 1e+00, 1e+00, 1e+00, 1e+00, 1e+00, 1e+00, 1e+00, 1e+00]
