last-generated=2023-01-16
statistics-simulation=
{
  "linear": " ",
  "nonlinear": "2, 1",
  "number of continuous time states": "3",
  "numerical Jacobians": "0"
}
time=[0e+00, 3.1536e+07]
TRooAir.T=[2.931466064453125e+02, 2.931499328613281e+02, 2.9315009765625e+02, 2.931499633789062e+02, 2.931499267578125e+02, 2.931499938964844e+02, 2.931499328613281e+02, 2.931500915527344e+02, 2.931499877929688e+02, 2.931499755859375e+02, 2.931501770019531e+02, 2.931499633789062e+02, 2.9314990234375e+02, 2.931502136230469e+02, 2.931499145507813e+02, 2.931499633789062e+02, 2.931502502441406e+02, 2.931500244140625e+02, 2.931499328613281e+02, 2.931500610351562e+02, 2.931499328613281e+02, 2.931499084472656e+02, 2.931502014160156e+02, 2.931499572753906e+02, 2.93149951171875e+02, 2.931500549316406e+02, 2.93149951171875e+02, 2.9315029296875e+02, 2.931500122070312e+02, 3.000890625e+02, 2.931498107910156e+02, 2.931500244140625e+02, 2.9315e+02, 2.931501159667969e+02, 2.931499328613281e+02, 2.9314990234375e+02, 2.931501220703125e+02, 2.931499633789062e+02, 2.975786376953125e+02, 2.941865234375e+02, 2.9314990234375e+02, 3.001499938964844e+02, 2.933693298339844e+02, 3.000133972167969e+02, 2.947190612792969e+02, 2.931500854492188e+02, 2.931499877929688e+02, 3.001500610351562e+02, 2.931500610351562e+02, 2.995082397460938e+02, 2.9815234375e+02, 2.981976623535156e+02, 2.981322692871094e+02, 3.001502014160156e+02, 2.990224365234375e+02, 3.001498413085938e+02, 3.001501586914063e+02, 2.974343017578125e+02, 3.001498229980469e+02, 2.982202270507813e+02, 2.931499328613281e+02, 3.001500183105469e+02, 2.932742614746094e+02, 2.936725952148437e+02, 3.001501647949219e+02, 2.931500549316406e+02, 2.969810119628906e+02, 2.987023864746094e+02, 2.931499633789062e+02, 2.961534057617188e+02, 2.931500549316406e+02, 2.931499938964844e+02, 2.931499084472656e+02, 2.97852685546875e+02, 2.931499145507813e+02, 2.952960510253906e+02, 2.950330322265625e+02, 2.931500244140625e+02, 2.931499084472656e+02, 2.931501098632813e+02, 2.931499328613281e+02, 2.931498779296875e+02, 2.931501708984375e+02, 2.931498840332031e+02, 2.957564392089844e+02, 2.931499938964844e+02, 2.931499938964844e+02, 2.937048034667969e+02, 2.931499938964844e+02, 2.931499450683594e+02, 2.931499938964844e+02, 2.931499694824219e+02, 2.931499633789062e+02, 2.931500610351562e+02, 2.931499938964844e+02, 2.931499328613281e+02, 2.931500732421875e+02, 2.931500244140625e+02, 2.931497863769531e+02, 2.931500366210938e+02, 2.931499633789062e+02]
