last-generated=2018-04-27
statistics-simulation=
{
  "linear": " ",
  "nonlinear": " ",
  "numerical Jacobians": "0"
}
p=[3e+05, 3e+05]
time=[0e+00, 1e+00]
X[1]=[1e+00, 1e+00]
d=[1.043027465820312e+03, 1.043027465820312e+03]
eta=[9.278891608119011e-03, 9.278891608119011e-03]
h=[0e+00, 3.340332350052879e+03, 6.680664700105813e+03, 1.002099729429897e+04, 1.336132940021141e+04, 1.670166186050091e+04, 2.004199458859836e+04, 2.338232607232518e+04, 2.67226588004217e+04, 3.006299099290659e+04, 3.340332372100275e+04, 3.67436564490989e+04, 4.008398917719505e+04, 4.342432190529121e+04, 4.67646521446511e+04, 5.010498238401099e+04, 5.34453176008434e+04, 5.67856478402033e+04, 6.012598198581319e+04, 6.34663172026456e+04, 6.680664744199968e+04, 7.014697875260071e+04, 7.348731289819548e+04, 7.682763923131584e+04, 8.016797835440058e+04, 8.35083125e+04, 8.684864381060105e+04, 9.018897297869885e+04, 9.352930428930453e+04, 9.68696434123683e+04, 1.002099647680453e+05, 1.035503038910997e+05, 1.068906352017008e+05, 1.102309643697986e+05, 1.135712956804136e+05, 1.169116348035006e+05, 1.202519639715984e+05, 1.235922952822181e+05, 1.269326344052819e+05, 1.302729657159016e+05, 1.336132948840226e+05, 1.369536261945864e+05, 1.402939575052526e+05, 1.436342944857713e+05, 1.46974625796391e+05, 1.503149571069547e+05, 1.536552784626317e+05, 1.569956253981955e+05, 1.603359567087592e+05, 1.636762780644362e+05, 1.67016625e+05, 1.703569563105163e+05, 1.736972876210327e+05, 1.770376189317725e+05, 1.803779459574207e+05, 1.837182772681046e+05, 1.870586085785972e+05, 1.903989398891931e+05, 1.937392868246535e+05, 1.970796181351698e+05, 2.004199295362092e+05, 2.037602764716138e+05, 2.071006077822418e+05, 2.104409390927582e+05, 2.137812704033862e+05, 2.171216173387908e+05, 2.204619287398302e+05, 2.238022600503465e+05, 2.271425913608628e+05, 2.304829382964028e+05, 2.338232696068954e+05, 2.371636009175793e+05, 2.405039279432275e+05, 2.438442592539673e+05, 2.471845905644837e+05, 2.50524921875e+05, 2.538652688105163e+05, 2.572056001210327e+05, 2.60545931431549e+05, 2.638862428325883e+05, 2.672265897681046e+05, 2.705669367035599e+05, 2.739072523891372e+05, 2.772475993246536e+05, 2.805879150105796e+05, 2.839282420362092e+05, 2.872685889717255e+05, 2.906089046572418e+05, 2.939492515927582e+05, 2.972895985282745e+05, 3.006299142137908e+05, 3.039702412398302e+05, 3.073105569253464e+05, 3.106509038608628e+05, 3.139912507964028e+05, 3.173315664820817e+05, 3.206719134174117e+05, 3.24012240443451e+05, 3.273525561289674e+05, 3.306929030644837e+05, 3.3403325e+05]
u=[0e+00, 3.340332350052879e+03, 6.680664700105813e+03, 1.002099729429897e+04, 1.336132940021141e+04, 1.670166186050091e+04, 2.004199458859836e+04, 2.338232607232518e+04, 2.67226588004217e+04, 3.006299099290659e+04, 3.340332372100275e+04, 3.67436564490989e+04, 4.008398917719505e+04, 4.342432190529121e+04, 4.67646521446511e+04, 5.010498238401099e+04, 5.34453176008434e+04, 5.67856478402033e+04, 6.012598198581319e+04, 6.34663172026456e+04, 6.680664744199968e+04, 7.014697875260071e+04, 7.348731289819548e+04, 7.682763923131584e+04, 8.016797835440058e+04, 8.35083125e+04, 8.684864381060105e+04, 9.018897297869885e+04, 9.352930428930453e+04, 9.68696434123683e+04, 1.002099647680453e+05, 1.035503038910997e+05, 1.068906352017008e+05, 1.102309643697986e+05, 1.135712956804136e+05, 1.169116348035006e+05, 1.202519639715984e+05, 1.235922952822181e+05, 1.269326344052819e+05, 1.302729657159016e+05, 1.336132948840226e+05, 1.369536261945864e+05, 1.402939575052526e+05, 1.436342944857713e+05, 1.46974625796391e+05, 1.503149571069547e+05, 1.536552784626317e+05, 1.569956253981955e+05, 1.603359567087592e+05, 1.636762780644362e+05, 1.67016625e+05, 1.703569563105163e+05, 1.736972876210327e+05, 1.770376189317725e+05, 1.803779459574207e+05, 1.837182772681046e+05, 1.870586085785972e+05, 1.903989398891931e+05, 1.937392868246535e+05, 1.970796181351698e+05, 2.004199295362092e+05, 2.037602764716138e+05, 2.071006077822418e+05, 2.104409390927582e+05, 2.137812704033862e+05, 2.171216173387908e+05, 2.204619287398302e+05, 2.238022600503465e+05, 2.271425913608628e+05, 2.304829382964028e+05, 2.338232696068954e+05, 2.371636009175793e+05, 2.405039279432275e+05, 2.438442592539673e+05, 2.471845905644837e+05, 2.50524921875e+05, 2.538652688105163e+05, 2.572056001210327e+05, 2.60545931431549e+05, 2.638862428325883e+05, 2.672265897681046e+05, 2.705669367035599e+05, 2.739072523891372e+05, 2.772475993246536e+05, 2.805879150105796e+05, 2.839282420362092e+05, 2.872685889717255e+05, 2.906089046572418e+05, 2.939492515927582e+05, 2.972895985282745e+05, 3.006299142137908e+05, 3.039702412398302e+05, 3.073105569253464e+05, 3.106509038608628e+05, 3.139912507964028e+05, 3.173315664820817e+05, 3.206719134174117e+05, 3.24012240443451e+05, 3.273525561289674e+05, 3.306929030644837e+05, 3.3403325e+05]
s=[0e+00, 1.220660046145048e+01, 2.4368755883081e+01, 3.648679051417951e+01, 4.856102097464412e+01, 6.05917616476555e+01, 7.257933204854108e+01, 8.452403223730252e+01, 9.642618010223374e+01, 1.082860522831647e+02, 1.201039792595506e+02, 1.318802344650853e+02, 1.43615130704392e+02, 1.553089350077094e+02, 1.669619438864761e+02, 1.785744407198721e+02, 1.901467173867975e+02, 2.016790293127784e+02, 2.131716684268961e+02, 2.246249111723063e+02, 2.360389980678425e+02, 2.474142377896191e+02, 2.587508558408745e+02, 2.700491285931735e+02, 2.81309332200121e+02, 2.925316772460938e+02, 3.037164718269271e+02, 3.148639101751165e+02, 3.259743028765251e+02, 3.370478607845575e+02, 3.480847952099841e+02, 3.590854160818688e+02, 3.700499345847261e+02, 3.80978531830653e+02, 3.918715171055562e+02, 4.027291324355079e+02, 4.135514982103509e+02, 4.243389841205603e+02, 4.350917104396545e+02, 4.458099518264916e+02, 4.564938596068952e+02, 4.671437721119178e+02, 4.777598100369187e+02, 4.883421860439929e+02, 4.988911768267157e+02, 5.09406964416372e+02, 5.198897007361043e+02, 5.303397229230734e+02, 5.407570912338916e+02, 5.511420799522512e+02, 5.61494873046875e+02, 5.718157446874039e+02, 5.821047559164176e+02, 5.923622119096971e+02, 6.025882349202511e+02, 6.12783068916413e+02, 6.229468359586006e+02, 6.330798412186643e+02, 6.431822067704841e+02, 6.532540546867724e+02, 6.63295630384845e+02, 6.73307114601814e+02, 6.832886915351778e+02, 6.932405442876405e+02, 7.031628559651074e+02, 7.13055748641529e+02, 7.229193467211597e+02, 7.327540119266934e+02, 7.425598074478061e+02, 7.523368553542977e+02, 7.620853997841841e+02, 7.718055628130064e+02, 7.814974698629844e+02, 7.911614195775097e+02, 8.007974761726608e+02, 8.104058227539062e+02, 8.199865813866111e+02, 8.295399351823557e+02, 8.390660672466089e+02, 8.485651041518968e+02, 8.580371591315215e+02, 8.674824806607651e+02, 8.769011908073032e+02, 8.862934116440854e+02, 8.95659265243528e+02, 9.049988791249616e+02, 9.143125477269274e+02, 9.236002763380114e+02, 9.328622480614995e+02, 9.420986460032968e+02, 9.513095922360444e+02, 9.604950931244238e+02, 9.696555023070216e+02, 9.787908259926712e+02, 9.879012472857418e+02, 9.969868882547514e+02, 1.006047932007982e+03, 1.015084324761382e+03, 1.024096418376488e+03, 1.033084342023735e+03, 1.042048095703125e+03]
g=[0e+00, -6.107017340318902e+00, -2.439838714521208e+01, -5.482982506800055e+01, -9.735736528926732e+01, -1.519373582459573e+02, -2.185265144106835e+02, -2.970817541083219e+02, -3.875604117418144e+02, -4.899199751251884e+02, -6.041185125524239e+02, -7.301140826377363e+02, -8.678652121744975e+02, -1.017330702054891e+03, -1.178469472539544e+03, -1.351240983119725e+03, -1.535605048883277e+03, -1.731521082307052e+03, -1.938949677450104e+03, -2.157851372186509e+03, -2.38818645343238e+03, -2.62991666686707e+03, -2.883002228245862e+03, -3.147405161235185e+03, -3.423087797993516e+03, -3.710011474609375e+03, -4.008138962585589e+03, -4.317431304008452e+03, -4.637853965179317e+03, -4.969368446239862e+03, -5.311937086365558e+03, -5.665525793555365e+03, -6.030096456869317e+03, -6.405613271384696e+03, -6.792041364151395e+03, -7.1893449672536e+03, -7.597487691203629e+03, -8.016435833329744e+03, -8.446154504855207e+03, -8.886609037703005e+03, -9.337762423858714e+03, -9.799585128379646e+03, -1.027203969037429e+04, -1.07550924249047e+04, -1.124871203325874e+04, -1.175286486631997e+04, -1.226751519204473e+04, -1.279263287584552e+04, -1.332818417503381e+04, -1.38741352175699e+04, -1.443045703125e+04, -1.499711578067492e+04, -1.557407923721316e+04, -1.61613161507809e+04, -1.675878972483376e+04, -1.736647973947856e+04, -1.798434750796757e+04, -1.861236373478012e+04, -1.925049912196394e+04, -1.989872046583035e+04, -2.055699451474259e+04, -2.122529786640171e+04, -2.190359928403694e+04, -2.259186751852835e+04, -2.329007131977816e+04, -2.399818334300728e+04, -2.471616998168585e+04, -2.544401049748547e+04, -2.618166939147016e+04, -2.692912127335554e+04, -2.7686336847119e+04, -2.845328486128883e+04, -2.922993526690322e+04, -3.001626607097256e+04, -3.081224923723178e+04, -3.1617853515625e+04, -3.243305351727807e+04, -3.325781799029113e+04, -3.40921274032186e+04, -3.493593958749162e+04, -3.578924507203659e+04, -3.66520076058974e+04, -3.752419984662774e+04, -3.840580226194401e+04, -3.929677969514137e+04, -4.019710721958351e+04, -4.110676822464517e+04, -4.202572612254135e+04, -4.295396138275779e+04, -4.38914427552386e+04, -4.483815070774661e+04, -4.579405217091808e+04, -4.675912728953398e+04, -4.773335476933394e+04, -4.871670336075337e+04, -4.970914962708147e+04, -5.071067012940042e+04, -5.172123537970775e+04, -5.274083007967795e+04, -5.376942089064595e+04, -5.48069921875e+04]
f=[0e+00, -6.107017340318902e+00, -2.439838714521208e+01, -5.482982506800055e+01, -9.735736528926732e+01, -1.519373582459573e+02, -2.185265144106835e+02, -2.970817541083219e+02, -3.875604117418144e+02, -4.899199751251884e+02, -6.041185125524239e+02, -7.301140826377363e+02, -8.678652121744975e+02, -1.017330702054891e+03, -1.178469472539544e+03, -1.351240983119725e+03, -1.535605048883277e+03, -1.731521082307052e+03, -1.938949677450104e+03, -2.157851372186509e+03, -2.38818645343238e+03, -2.62991666686707e+03, -2.883002228245862e+03, -3.147405161235185e+03, -3.423087797993516e+03, -3.710011474609375e+03, -4.008138962585589e+03, -4.317431304008452e+03, -4.637853965179317e+03, -4.969368446239862e+03, -5.311937086365558e+03, -5.665525793555365e+03, -6.030096456869317e+03, -6.405613271384696e+03, -6.792041364151395e+03, -7.1893449672536e+03, -7.597487691203629e+03, -8.016435833329744e+03, -8.446154504855207e+03, -8.886609037703005e+03, -9.337762423858714e+03, -9.799585128379646e+03, -1.027203969037429e+04, -1.07550924249047e+04, -1.124871203325874e+04, -1.175286486631997e+04, -1.226751519204473e+04, -1.279263287584552e+04, -1.332818417503381e+04, -1.38741352175699e+04, -1.443045703125e+04, -1.499711578067492e+04, -1.557407923721316e+04, -1.61613161507809e+04, -1.675878972483376e+04, -1.736647973947856e+04, -1.798434750796757e+04, -1.861236373478012e+04, -1.925049912196394e+04, -1.989872046583035e+04, -2.055699451474259e+04, -2.122529786640171e+04, -2.190359928403694e+04, -2.259186751852835e+04, -2.329007131977816e+04, -2.399818334300728e+04, -2.471616998168585e+04, -2.544401049748547e+04, -2.618166939147016e+04, -2.692912127335554e+04, -2.7686336847119e+04, -2.845328486128883e+04, -2.922993526690322e+04, -3.001626607097256e+04, -3.081224923723178e+04, -3.1617853515625e+04, -3.243305351727807e+04, -3.325781799029113e+04, -3.40921274032186e+04, -3.493593958749162e+04, -3.578924507203659e+04, -3.66520076058974e+04, -3.752419984662774e+04, -3.840580226194401e+04, -3.929677969514137e+04, -4.019710721958351e+04, -4.110676822464517e+04, -4.202572612254135e+04, -4.295396138275779e+04, -4.38914427552386e+04, -4.483815070774661e+04, -4.579405217091808e+04, -4.675912728953398e+04, -4.773335476933394e+04, -4.871670336075337e+04, -4.970914962708147e+04, -5.071067012940042e+04, -5.172123537970775e+04, -5.274083007967795e+04, -5.376942089064595e+04, -5.48069921875e+04]
hIse=[0e+00, 3.340332350052879e+03, 6.680664700105813e+03, 1.002099729429897e+04, 1.336132940021141e+04, 1.670166186050091e+04, 2.004199458859836e+04, 2.338232607232518e+04, 2.67226588004217e+04, 3.006299099290659e+04, 3.340332372100275e+04, 3.67436564490989e+04, 4.008398917719505e+04, 4.342432190529121e+04, 4.67646521446511e+04, 5.010498238401099e+04, 5.34453176008434e+04, 5.67856478402033e+04, 6.012598198581319e+04, 6.34663172026456e+04, 6.680664744199968e+04, 7.014697875260071e+04, 7.348731289819548e+04, 7.682763923131584e+04, 8.016797835440058e+04, 8.35083125e+04, 8.684864381060105e+04, 9.018897297869885e+04, 9.352930428930453e+04, 9.68696434123683e+04, 1.002099647680453e+05, 1.035503038910997e+05, 1.068906352017008e+05, 1.102309643697986e+05, 1.135712956804136e+05, 1.169116348035006e+05, 1.202519639715984e+05, 1.235922952822181e+05, 1.269326344052819e+05, 1.302729657159016e+05, 1.336132948840226e+05, 1.369536261945864e+05, 1.402939575052526e+05, 1.436342944857713e+05, 1.46974625796391e+05, 1.503149571069547e+05, 1.536552784626317e+05, 1.569956253981955e+05, 1.603359567087592e+05, 1.636762780644362e+05, 1.67016625e+05, 1.703569563105163e+05, 1.736972876210327e+05, 1.770376189317725e+05, 1.803779459574207e+05, 1.837182772681046e+05, 1.870586085785972e+05, 1.903989398891931e+05, 1.937392868246535e+05, 1.970796181351698e+05, 2.004199295362092e+05, 2.037602764716138e+05, 2.071006077822418e+05, 2.104409390927582e+05, 2.137812704033862e+05, 2.171216173387908e+05, 2.204619287398302e+05, 2.238022600503465e+05, 2.271425913608628e+05, 2.304829382964028e+05, 2.338232696068954e+05, 2.371636009175793e+05, 2.405039279432275e+05, 2.438442592539673e+05, 2.471845905644837e+05, 2.50524921875e+05, 2.538652688105163e+05, 2.572056001210327e+05, 2.60545931431549e+05, 2.638862428325883e+05, 2.672265897681046e+05, 2.705669367035599e+05, 2.739072523891372e+05, 2.772475993246536e+05, 2.805879150105796e+05, 2.839282420362092e+05, 2.872685889717255e+05, 2.906089046572418e+05, 2.939492515927582e+05, 2.972895985282745e+05, 3.006299142137908e+05, 3.039702412398302e+05, 3.073105569253464e+05, 3.106509038608628e+05, 3.139912507964028e+05, 3.173315664820817e+05, 3.206719134174117e+05, 3.24012240443451e+05, 3.273525561289674e+05, 3.306929030644837e+05, 3.3403325e+05]
beta=[0e+00, 0e+00]
kappa=[0e+00, 0e+00]
ddpT=[0e+00, 0e+00]
ddTp=[0e+00, 0e+00]
dddX[1]=[0e+00, 0e+00]
cp=[3.340332275390625e+03, 3.340332275390625e+03]
cv=[3.340332275390625e+03, 3.340332275390625e+03]
lambda=[3.219870328903198e-01, 3.219870328903198e-01]
pMed=[3e+05, 3e+05]
TMed=[2.731499938964844e+02, 2.741499939188375e+02, 2.751499939411906e+02, 2.761499939635436e+02, 2.771499939858968e+02, 2.781499938219854e+02, 2.79149994030603e+02, 2.801499938666847e+02, 2.811499940753089e+02, 2.8214999353889e+02, 2.831499937474867e+02, 2.841499939560925e+02, 2.851499941647211e+02, 2.861499943733497e+02, 2.871499938368853e+02, 2.881499933004937e+02, 2.891499942541333e+02, 2.901499937176872e+02, 2.911499931812955e+02, 2.921499941349171e+02, 2.931499935984891e+02, 2.941499945521742e+02, 2.951499940157007e+02, 2.961499934792909e+02, 2.971499944329578e+02, 2.981499938964844e+02, 2.99149994850215e+02, 3.001499928237012e+02, 3.011499937772862e+02, 3.021499947309986e+02, 3.03149992704503e+02, 3.041499936580881e+02, 3.051499946117823e+02, 3.061499925853049e+02, 3.0714999353889e+02, 3.08149994492566e+02, 3.091499924661068e+02, 3.101499934196918e+02, 3.111499943733497e+02, 3.121499953270803e+02, 3.131499933004937e+02, 3.141499942541333e+02, 3.151499952078639e+02, 3.161499931812955e+02, 3.171499941349171e+02, 3.181499950886476e+02, 3.191499930620975e+02, 3.201499940157007e+02, 3.211499949694313e+02, 3.221499929428993e+02, 3.231499938964844e+02, 3.241499948502008e+02, 3.251499958039171e+02, 3.261499967576335e+02, 3.271499917509499e+02, 3.281499927045208e+02, 3.291499936580846e+02, 3.301499946117717e+02, 3.31149995565488e+02, 3.321499965192044e+02, 3.331499915125572e+02, 3.341499924661281e+02, 3.351499934196989e+02, 3.361499943733426e+02, 3.371499953270589e+02, 3.381499962807753e+02, 3.391499912741645e+02, 3.401499922277354e+02, 3.411499931813062e+02, 3.421499941349206e+02, 3.431499950886299e+02, 3.441499960423462e+02, 3.451499910357718e+02, 3.461499919893427e+02, 3.471499929429135e+02, 3.481499938964844e+02, 3.491499948502008e+02, 3.501499958039171e+02, 3.511499967576335e+02, 3.521499917509499e+02, 3.531499927045208e+02, 3.541499936580846e+02, 3.551499946117717e+02, 3.56149995565488e+02, 3.571499965192044e+02, 3.581499915125572e+02, 3.591499924661281e+02, 3.601499934196989e+02, 3.611499943733426e+02, 3.621499953270589e+02, 3.631499962807753e+02, 3.641499912741645e+02, 3.651499922277354e+02, 3.661499931813062e+02, 3.671499941349206e+02, 3.681499950886299e+02, 3.691499960423462e+02, 3.701499910357718e+02, 3.711499919893427e+02, 3.721499929429135e+02, 3.731499938964844e+02]
MM=[3.323497250676155e-02, 3.323497250676155e-02]
