last-generated=2023-11-10
statistics-simulation=
{
  "linear": " ",
  "nonlinear": " ",
  "number of continuous time states": "2",
  "numerical Jacobians": "0"
}
time=[0e+00, 2.692800048828125e+03]
chi.refCyc.sigBus.TConInMea=[3.031499938964844e+02, 3.031499938964844e+02, 3.031499938964844e+02, 3.066140026601063e+02, 3.111019949340775e+02, 3.131499938964844e+02, 3.131499938964844e+02, 3.131499938964844e+02, 3.131499938964844e+02, 3.131499938964844e+02, 3.131499938964844e+02, 3.131499938964844e+02, 3.131499938964844e+02, 3.131499938964844e+02, 3.131499938964844e+02, 3.131499938964844e+02, 3.131499938964844e+02, 3.131499938964844e+02, 3.131499938964844e+02, 3.131499938964844e+02, 3.131499938964844e+02, 3.131499938964844e+02, 3.131499938964844e+02, 3.131499938964844e+02, 3.131499938964844e+02, 3.131499938964844e+02, 3.131499938964844e+02, 3.131499938964844e+02, 3.131499938964844e+02, 3.131499938964844e+02, 3.131499938964844e+02, 3.131499938964844e+02, 3.131499938964844e+02, 3.131499938964844e+02, 3.131499938964844e+02, 3.131499938964844e+02, 3.131499938964844e+02, 3.131499938964844e+02, 3.131499938964844e+02, 3.131499938964844e+02, 3.131499938964844e+02, 3.131499938964844e+02, 3.131499938964844e+02, 3.131499938964844e+02, 3.131499938964844e+02, 3.131499938964844e+02, 3.131499938964844e+02, 3.131499938964844e+02, 3.131499938964844e+02, 3.131499938964844e+02, 3.131499938964844e+02, 3.131499938964844e+02, 3.131499938964844e+02, 3.131499938964844e+02, 3.131499938964844e+02, 3.131499938964844e+02, 3.131499938964844e+02, 3.131499938964844e+02, 3.131499938964844e+02, 3.131499938964844e+02, 3.131499938964844e+02, 3.131499938964844e+02, 3.131499938964844e+02, 3.131499938964844e+02, 3.131499938964844e+02, 3.131499938964844e+02, 3.131499938964844e+02, 3.131499938964844e+02, 3.131499938964844e+02, 3.131499938964844e+02, 3.131499938964844e+02, 3.131499938964844e+02, 3.131499938964844e+02, 3.131499938964844e+02, 3.131499938964844e+02, 3.131499938964844e+02, 3.131499938964844e+02, 3.131499938964844e+02, 3.131499938964844e+02, 3.131499938964844e+02, 3.131499938964844e+02, 3.131499938964844e+02, 3.131499938964844e+02, 3.131499938964844e+02, 3.131499938964844e+02, 3.131499938964844e+02, 3.131499938964844e+02, 3.131499938964844e+02, 3.131499938964844e+02, 3.131499938964844e+02, 3.131499938964844e+02, 3.131499938964844e+02, 3.131499938964844e+02, 3.131499938964844e+02, 3.131499938964844e+02, 3.131499938964844e+02, 3.131499938964844e+02, 3.131499938964844e+02, 3.131499938964844e+02, 3.131499938964844e+02, 3.131499938964844e+02]
chi.refCyc.sigBus.TConOutMea=[2.931499938964844e+02, 3.077192858941046e+02, 3.077371972656289e+02, 3.107165533472366e+02, 3.154287808382481e+02, 3.182232513332339e+02, 3.182444628906095e+02, 3.182444763183594e+02, 3.182444763183594e+02, 3.182444763183594e+02, 3.182444763183594e+02, 3.182444763183594e+02, 3.182444763183594e+02, 3.182444763183594e+02, 3.182444763183594e+02, 3.182444763183594e+02, 3.182444763183594e+02, 3.182444763183594e+02, 3.182444763183594e+02, 3.182444763183594e+02, 3.182444763183594e+02, 3.182444763183594e+02, 3.182444763183594e+02, 3.182444763183594e+02, 3.182444763183594e+02, 3.182444763183594e+02, 3.182444763183594e+02, 3.182444763183594e+02, 3.182444763183594e+02, 3.182444763183594e+02, 3.182444763183594e+02, 3.182444763183594e+02, 3.182444763183594e+02, 3.182444763183594e+02, 3.182769067382812e+02, 3.183635162550904e+02, 3.184355359050631e+02, 3.184384765625e+02, 3.184384765625e+02, 3.184384765625e+02, 3.184384765625e+02, 3.184384765625e+02, 3.184384765625e+02, 3.184384765625e+02, 3.184384765625e+02, 3.184384765625e+02, 3.184384765625e+02, 3.184384765625e+02, 3.184384765625e+02, 3.184384765625e+02, 3.184384765625e+02, 3.184384765625e+02, 3.184384765625e+02, 3.184384765625e+02, 3.184384765625e+02, 3.184384765625e+02, 3.184384765625e+02, 3.184384765625e+02, 3.184384765625e+02, 3.184384765625e+02, 3.184384765625e+02, 3.184384765625e+02, 3.184384765625e+02, 3.184384765625e+02, 3.184384765625e+02, 3.184384765625e+02, 3.184384765625e+02, 3.184250950192647e+02, 3.182805834960938e+02, 3.181249740547139e+02, 3.179691832082568e+02, 3.178132100953138e+02, 3.176570727539063e+02, 3.175007802991604e+02, 3.173443003668654e+02, 3.171876522324334e+02, 3.17030830078125e+02, 3.168738565286574e+02, 3.167166911820647e+02, 3.165593624359593e+02, 3.164018493652344e+02, 3.162441994904611e+02, 3.160863506027883e+02, 3.159283230059549e+02, 3.157701440429688e+02, 3.156117800005964e+02, 3.154532475723402e+02, 3.152945376040121e+02, 3.151356762695312e+02, 3.149766285766411e+02, 3.148173942972339e+02, 3.146580202684755e+02, 3.144984484863281e+02, 3.143387147010173e+02, 3.141788151930844e+02, 3.14018740481767e+02, 3.138584838867188e+02, 3.13698068891303e+02, 3.135374553266988e+02, 3.133766903090577e+02, 3.132157287597656e+02]
chi.refCyc.sigBus.TEvaOutMea=[2.931499938964844e+02, 2.837968072509644e+02, 2.837967834472656e+02, 2.836352380071208e+02, 2.834049304042524e+02, 2.832837188720897e+02, 2.8328369140625e+02, 2.8328369140625e+02, 2.8328369140625e+02, 2.8328369140625e+02, 2.8328369140625e+02, 2.8328369140625e+02, 2.8328369140625e+02, 2.8328369140625e+02, 2.8328369140625e+02, 2.8328369140625e+02, 2.8328369140625e+02, 2.8328369140625e+02, 2.8328369140625e+02, 2.8328369140625e+02, 2.8328369140625e+02, 2.8328369140625e+02, 2.8328369140625e+02, 2.8328369140625e+02, 2.8328369140625e+02, 2.8328369140625e+02, 2.8328369140625e+02, 2.8328369140625e+02, 2.8328369140625e+02, 2.8328369140625e+02, 2.8328369140625e+02, 2.8328369140625e+02, 2.8328369140625e+02, 2.8328369140625e+02, 2.855503076171875e+02, 2.900108591653493e+02, 2.932139405004679e+02, 2.932227783203125e+02, 2.932227783203125e+02, 2.932227783203125e+02, 2.932227783203125e+02, 2.932227783203125e+02, 2.932227783203125e+02, 2.932227783203125e+02, 2.932227783203125e+02, 2.932227783203125e+02, 2.932227783203125e+02, 2.932227783203125e+02, 2.932227783203125e+02, 2.932227783203125e+02, 2.932227783203125e+02, 2.932227783203125e+02, 2.932227783203125e+02, 2.932227783203125e+02, 2.932227783203125e+02, 2.932227783203125e+02, 2.932227783203125e+02, 2.932227783203125e+02, 2.932227783203125e+02, 2.932227783203125e+02, 2.932227783203125e+02, 2.932227783203125e+02, 2.932227783203125e+02, 2.932227783203125e+02, 2.932227783203125e+02, 2.932227783203125e+02, 2.932227783203125e+02, 2.932397176548048e+02, 2.933818933105469e+02, 2.935285067622623e+02, 2.936751710314083e+02, 2.938218826569101e+02, 2.939686389160156e+02, 2.941154702900814e+02, 2.942623329234852e+02, 2.944092715734432e+02, 2.945562475585937e+02, 2.947032846055677e+02, 2.948503754227943e+02, 2.949975265785847e+02, 2.951447143554688e+02, 2.952919778955941e+02, 2.954392670253916e+02, 2.955866287522123e+02, 2.957340307617188e+02, 2.958814939400856e+02, 2.960290387549421e+02, 2.961765970144485e+02, 2.963242272949219e+02, 2.964719187980227e+02, 2.966196417828032e+02, 2.967674350274025e+02, 2.969152734375e+02, 2.970631627479221e+02, 2.972111310421679e+02, 2.973591342466699e+02, 2.975071984863282e+02, 2.976553173425183e+02, 2.978034821174215e+02, 2.979517135928904e+02, 2.980999755859375e+02]
chi.refCyc.sigBus.TEvaInMea=[2.881499938964844e+02, 2.881499938964844e+02, 2.881499938964844e+02, 2.881499938964844e+02, 2.881499938964844e+02, 2.881499938964844e+02, 2.881499938964844e+02, 2.881499938964844e+02, 2.881499938964844e+02, 2.881499938964844e+02, 2.881499938964844e+02, 2.881499938964844e+02, 2.881499938964844e+02, 2.881499938964844e+02, 2.881499938964844e+02, 2.881499938964844e+02, 2.881499938964844e+02, 2.881499938964844e+02, 2.881499938964844e+02, 2.881499938964844e+02, 2.881499938964844e+02, 2.881499938964844e+02, 2.881499938964844e+02, 2.881499938964844e+02, 2.881499938964844e+02, 2.881499938964844e+02, 2.881499938964844e+02, 2.881499938964844e+02, 2.881499938964844e+02, 2.881499938964844e+02, 2.881499938964844e+02, 2.881499938964844e+02, 2.881499938964844e+02, 2.881499938964844e+02, 2.907419897460937e+02, 2.952300059000737e+02, 2.981499938964844e+02, 2.981499938964844e+02, 2.981499938964844e+02, 2.981499938964844e+02, 2.981499938964844e+02, 2.981499938964844e+02, 2.981499938964844e+02, 2.981499938964844e+02, 2.981499938964844e+02, 2.981499938964844e+02, 2.981499938964844e+02, 2.981499938964844e+02, 2.981499938964844e+02, 2.981499938964844e+02, 2.981499938964844e+02, 2.981499938964844e+02, 2.981499938964844e+02, 2.981499938964844e+02, 2.981499938964844e+02, 2.981499938964844e+02, 2.981499938964844e+02, 2.981499938964844e+02, 2.981499938964844e+02, 2.981499938964844e+02, 2.981499938964844e+02, 2.981499938964844e+02, 2.981499938964844e+02, 2.981499938964844e+02, 2.981499938964844e+02, 2.981499938964844e+02, 2.981499938964844e+02, 2.981499938964844e+02, 2.981499938964844e+02, 2.981499938964844e+02, 2.981499938964844e+02, 2.981499938964844e+02, 2.981499938964844e+02, 2.981499938964844e+02, 2.981499938964844e+02, 2.981499938964844e+02, 2.981499938964844e+02, 2.981499938964844e+02, 2.981499938964844e+02, 2.981499938964844e+02, 2.981499938964844e+02, 2.981499938964844e+02, 2.981499938964844e+02, 2.981499938964844e+02, 2.981499938964844e+02, 2.981499938964844e+02, 2.981499938964844e+02, 2.981499938964844e+02, 2.981499938964844e+02, 2.981499938964844e+02, 2.981499938964844e+02, 2.981499938964844e+02, 2.981499938964844e+02, 2.981499938964844e+02, 2.981499938964844e+02, 2.981499938964844e+02, 2.981499938964844e+02, 2.981499938964844e+02, 2.981499938964844e+02, 2.981499938964844e+02, 2.981499938964844e+02]
chi.refCyc.QCon_flow=[1.008815375e+06, 9.657101599999503e+05, 9.657100625e+05, 1.002716803742436e+06, 1.050656613262458e+06, 1.072500900000106e+06, 1.072500875e+06, 1.072500875e+06, 1.072500875e+06, 1.072500875e+06, 1.072500875e+06, 1.072500875e+06, 1.072500875e+06, 1.072500875e+06, 1.072500875e+06, 1.072500875e+06, 1.072500875e+06, 1.072500875e+06, 1.072500875e+06, 1.072500875e+06, 1.072500875e+06, 1.072500875e+06, 1.072500875e+06, 1.072500875e+06, 1.072500875e+06, 1.072500875e+06, 1.072500875e+06, 1.072500875e+06, 1.072500875e+06, 1.072500875e+06, 1.072500875e+06, 1.072500875e+06, 1.072500875e+06, 1.072500875e+06, 1.08181479e+06, 1.100143904154622e+06, 1.113305790291061e+06, 1.113342125e+06, 1.113342125e+06, 1.113342125e+06, 1.113342125e+06, 1.113342125e+06, 1.113342125e+06, 1.113342125e+06, 1.113342125e+06, 1.113342125e+06, 1.113342125e+06, 1.113342125e+06, 1.113342125e+06, 1.113342125e+06, 1.113342125e+06, 1.113342125e+06, 1.113342125e+06, 1.113342125e+06, 1.113342125e+06, 1.113342125e+06, 1.113342125e+06, 1.113342125e+06, 1.113342125e+06, 1.113342125e+06, 1.113342125e+06, 1.113342125e+06, 1.113342125e+06, 1.113342125e+06, 1.113342125e+06, 1.113342125e+06, 1.113342125e+06, 1.108245155504815e+06, 1.075495925e+06, 1.042728903348741e+06, 1.009925820246088e+06, 9.770867367765378e+05, 9.442120900000002e+05, 9.113015645898608e+05, 8.783547991386501e+05, 8.45372081450167e+05, 8.123537150000001e+05, 7.792994652038901e+05, 7.462084724203148e+05, 7.13081914873266e+05, 6.799194874999997e+05, 6.467210047111502e+05, 6.134858492654542e+05, 5.802150045447767e+05, 5.469082524999998e+05, 5.135652016134671e+05, 4.801855086074141e+05, 4.467700885910214e+05, 4.133186375e+05, 3.798307296613065e+05, 3.463062104493745e+05, 3.127458682614719e+05, 2.791494087499997e+05, 2.455163069791593e+05, 2.118466572889508e+05, 1.781410829313925e+05, 1.443993175000004e+05, 1.106207065351964e+05, 7.680559006483431e+04, 4.295446228788545e+04, 9.06706640625e+03]
chi.refCyc.QEva_flow=[-9.1632075e+05, -9.003812824999834e+05, -9.0038125e+05, -9.371175974538978e+05, -9.847567532416993e+05, -1.006505475000027e+06, -1.0065054375e+06, -1.0065054375e+06, -1.0065054375e+06, -1.0065054375e+06, -1.0065054375e+06, -1.0065054375e+06, -1.0065054375e+06, -1.0065054375e+06, -1.0065054375e+06, -1.0065054375e+06, -1.0065054375e+06, -1.0065054375e+06, -1.0065054375e+06, -1.0065054375e+06, -1.0065054375e+06, -1.0065054375e+06, -1.0065054375e+06, -1.0065054375e+06, -1.0065054375e+06, -1.0065054375e+06, -1.0065054375e+06, -1.0065054375e+06, -1.0065054375e+06, -1.0065054375e+06, -1.0065054375e+06, -1.0065054375e+06, -1.0065054375e+06, -1.0065054375e+06, -1.0093777275e+06, -1.015030176281206e+06, -1.019089112589645e+06, -1.0191003125e+06, -1.0191003125e+06, -1.0191003125e+06, -1.0191003125e+06, -1.0191003125e+06, -1.0191003125e+06, -1.0191003125e+06, -1.0191003125e+06, -1.0191003125e+06, -1.0191003125e+06, -1.0191003125e+06, -1.0191003125e+06, -1.0191003125e+06, -1.0191003125e+06, -1.0191003125e+06, -1.0191003125e+06, -1.0191003125e+06, -1.0191003125e+06, -1.0191003125e+06, -1.0191003125e+06, -1.0191003125e+06, -1.0191003125e+06, -1.0191003125e+06, -1.0191003125e+06, -1.0191003125e+06, -1.0191003125e+06, -1.0191003125e+06, -1.0191003125e+06, -1.0191003125e+06, -1.0191003125e+06, -1.014392927448819e+06, -9.84074775e+05, -9.537510420030775e+05, -9.234162849931336e+05, -8.930704124551771e+05, -8.627135700000002e+05, -8.323456264067191e+05, -8.019665394436956e+05, -7.715763373545107e+05, -7.411752100000001e+05, -7.107629684250815e+05, -6.803392995606712e+05, -6.499048085033143e+05, -6.194592374999997e+05, -5.890025462215387e+05, -5.58534369358279e+05, -5.280553859026486e+05, -4.975653249999998e+05, -4.670640477356146e+05, -4.365513316558865e+05, -4.060277526761872e+05, -3.754930575e+05, -3.449471023424256e+05, -3.143897302029646e+05, -2.838214725744614e+05, -2.532420587499997e+05, -2.226513203543066e+05, -1.920491937495128e+05, -1.614361321601032e+05, -1.308119231250004e+05, -1.00176296458727e+05, -6.952931573289831e+04, -3.887137377672951e+04, -8.20224609375e+03]
chi.refCyc.PEle=[9.24946484375e+04, 6.532889515621585e+04, 6.53288203125e+04, 6.55992158197915e+04, 6.589983877074441e+04, 6.599545937505961e+04, 6.599538625000397e+04, 6.5995390625e+04, 6.5995390625e+04, 6.5995390625e+04, 6.5995390625e+04, 6.5995390625e+04, 6.5995390625e+04, 6.5995390625e+04, 6.5995390625e+04, 6.5995390625e+04, 6.5995390625e+04, 6.5995390625e+04, 6.5995390625e+04, 6.5995390625e+04, 6.5995390625e+04, 6.5995390625e+04, 6.5995390625e+04, 6.5995390625e+04, 6.5995390625e+04, 6.5995390625e+04, 6.5995390625e+04, 6.5995390625e+04, 6.5995390625e+04, 6.5995390625e+04, 6.5995390625e+04, 6.5995390625e+04, 6.5995390625e+04, 6.5995390625e+04, 7.2437031875e+04, 8.511369506086285e+04, 9.421668520115341e+04, 9.424181062508211e+04, 9.424181937500001e+04, 9.42418203125e+04, 9.42418203125e+04, 9.42418203125e+04, 9.42418203125e+04, 9.42418203125e+04, 9.42418203125e+04, 9.42418203125e+04, 9.42418203125e+04, 9.42418203125e+04, 9.42418203125e+04, 9.42418203125e+04, 9.42418203125e+04, 9.42418203125e+04, 9.42418203125e+04, 9.42418203125e+04, 9.42418203125e+04, 9.42418203125e+04, 9.42418203125e+04, 9.42418203125e+04, 9.42418203125e+04, 9.42418203125e+04, 9.42418203125e+04, 9.42418203125e+04, 9.42418203125e+04, 9.42418203125e+04, 9.42418203125e+04, 9.42418203125e+04, 9.42418203125e+04, 9.385226758770949e+04, 9.14211659375e+04, 8.897784618947146e+04, 8.650949931526881e+04, 8.401635682162567e+04, 8.149852e+04, 7.895595412076892e+04, 7.638824406995447e+04, 7.379575190828876e+04, 7.117850875000001e+04, 6.853645787261959e+04, 6.586918067214363e+04, 6.317712660376389e+04, 6.046026249999998e+04, 5.771846559891107e+04, 5.495145037479922e+04, 5.215960934561739e+04, 4.934290218749999e+04, 4.650113786240627e+04, 4.363417695152758e+04, 4.07423282588491e+04, 3.782556328125e+04, 3.488360935027667e+04, 3.191647516792068e+04, 2.892440037467603e+04, 2.590735320312497e+04, 2.286499178109341e+04, 1.979746572700414e+04, 1.670494881816436e+04, 1.358740191406254e+04, 1.044440962725755e+04, 7.276273414016927e+03, 4.083088872479927e+03, 8.648204345703125e+02]
chi.safCtr.ySet=[1e+00, 1e+00, 1e+00, 1e+00, 1e+00, 1e+00, 1e+00, 1e+00, 1e+00, 1e+00, 1e+00, 1e+00, 1e+00, 1e+00, 1e+00, 1e+00, 1e+00, 1e+00, 1e+00, 1e+00, 1e+00, 1e+00, 1e+00, 1e+00, 1e+00, 1e+00, 1e+00, 1e+00, 1e+00, 1e+00, 1e+00, 1e+00, 1e+00, 1e+00, 1e+00, 1e+00, 1e+00, 1e+00, 1e+00, 1e+00, 1e+00, 1e+00, 1e+00, 1e+00, 1e+00, 1e+00, 1e+00, 1e+00, 1e+00, 1e+00, 1e+00, 1e+00, 1e+00, 1e+00, 1e+00, 1e+00, 1e+00, 1e+00, 1e+00, 1e+00, 1e+00, 1e+00, 1e+00, 1e+00, 1e+00, 1e+00, 1e+00, 9.953599227793335e-01, 9.65439989566803e-01, 9.355199288585017e-01, 9.055999603803514e-01, 8.756799186594607e-01, 8.457599854469301e-01, 8.158399205059035e-01, 7.859199508351752e-01, 7.559999145395875e-01, 7.260799956321716e-01, 6.961600426870158e-01, 6.662398436322452e-01, 6.363199378383561e-01, 6.063999891281124e-01, 5.764800277167202e-01, 5.465598800445414e-01, 5.166399313342979e-01, 4.86720002889633e-01, 4.568000395683638e-01, 4.268798651948214e-01, 3.969599319822907e-01, 3.670400023460388e-01, 3.371200275784527e-01, 3.071998610749485e-01, 2.772799379954601e-01, 2.473599958419797e-01, 2.17440024827074e-01, 1.875198652999785e-01, 1.575999282130197e-01, 1.276800057291988e-01, 9.77600092607528e-02, 6.783986445848686e-02, 3.791993191628747e-02, 8.00000037997961e-03]
chi.safCtr.yOut=[1e+00, 1e+00, 1e+00, 1e+00, 1e+00, 1e+00, 1e+00, 1e+00, 1e+00, 1e+00, 1e+00, 1e+00, 1e+00, 1e+00, 1e+00, 1e+00, 1e+00, 1e+00, 1e+00, 1e+00, 1e+00, 1e+00, 1e+00, 1e+00, 1e+00, 1e+00, 1e+00, 1e+00, 1e+00, 1e+00, 1e+00, 1e+00, 1e+00, 1e+00, 1e+00, 1e+00, 1e+00, 1e+00, 1e+00, 1e+00, 1e+00, 1e+00, 1e+00, 1e+00, 1e+00, 1e+00, 1e+00, 1e+00, 1e+00, 1e+00, 1e+00, 1e+00, 1e+00, 1e+00, 1e+00, 1e+00, 1e+00, 1e+00, 1e+00, 1e+00, 1e+00, 1e+00, 1e+00, 1e+00, 1e+00, 1e+00, 1e+00, 9.953599227793335e-01, 9.65439989566803e-01, 9.355199288585017e-01, 9.055999603803514e-01, 8.756799186594607e-01, 8.457599854469301e-01, 8.158399205059035e-01, 7.859199508351752e-01, 7.559999145395875e-01, 7.260799956321716e-01, 6.961600426870158e-01, 6.662398436322452e-01, 6.363199378383561e-01, 6.063999891281124e-01, 5.764800277167202e-01, 5.465598800445414e-01, 5.166399313342979e-01, 4.86720002889633e-01, 4.568000395683638e-01, 4.268798651948214e-01, 3.969599319822907e-01, 3.670400023460388e-01, 3.371200275784527e-01, 3.071998610749485e-01, 2.772799379954601e-01, 2.473599958419797e-01, 2.17440024827074e-01, 1.875198652999785e-01, 1.575999282130197e-01, 1.276800057291988e-01, 9.77600092607528e-02, 6.783986445848686e-02, 3.791993191628747e-02, 8.00000037997961e-03]
