last-generated=2018-04-27
statistics-simulation=
{
  "linear": " ",
  "nonlinear": " ",
  "number of continuous time states": "3",
  "numerical Jacobians": "0"
}
der(hLiqCod)=[0e+00, 1.002099734946017e+02, 4.008398930824648e+02, 9.018897511341686e+02, 1.603359570537955e+03, 2.505249194409107e+03, 3.607559001848973e+03, 4.91028853300511e+03, 6.413438278567796e+03, 8.117007174586947e+03, 1.002099677465092e+04, 1.212540638259998e+04, 1.443023600201913e+04, 1.693548562693715e+04, 1.964115413082635e+04, 2.254724236067908e+04, 2.565375310710467e+04, 2.896068103496563e+04, 3.246802868401127e+04, 3.617580169391634e+04, 4.00839870926287e+04, 4.419260042890577e+04, 4.850162552800994e+04, 5.301107230381963e+04, 5.7720943997332e+04, 6.263123046875e+04, 6.77419424886379e+04, 7.305306452828608e+04, 7.856461652091655e+04, 8.427659080427921e+04, 9.018896941880466e+04, 9.630177977348419e+04, 1.026150124140717e+05, 1.091286476035675e+05, 1.15842724132703e+05, 1.227572151305385e+05, 1.29872114707379e+05, 1.371874495985356e+05, 1.447032067660914e+05, 1.524193705851581e+05, 1.603359483585939e+05, 1.684529716958418e+05, 1.767704016892946e+05, 1.85288228225266e+05, 1.940065021072621e+05, 2.029251982752872e+05, 2.120442891985241e+05, 2.213638292503055e+05, 2.308837759678284e+05, 2.406041312784891e+05, 2.50524921875e+05, 2.606461503918753e+05, 2.709677699159589e+05, 2.814898429474743e+05, 2.922122580704069e+05, 3.031351431336612e+05, 3.14258466078858e+05, 3.255821956852928e+05, 3.371063631833184e+05, 3.488309373138131e+05, 3.607558776279615e+05, 3.728812950400089e+05, 3.852071190844881e+05, 3.977333810302488e+05, 4.104600496275146e+05, 4.23387156106765e+05, 4.365145903621294e+05, 4.49842540123156e+05, 4.633708965166518e+05, 4.77099690801879e+05, 4.910288604980628e+05, 5.051584993263299e+05, 5.194884587724631e+05, 5.340189096329161e+05, 5.487497983754284e+05, 5.636810625e+05, 5.788128270450752e+05, 5.941449669722099e+05, 6.096774822822978e+05, 6.254104035692893e+05, 6.413437934108181e+05, 6.574776211342165e+05, 6.738118867688868e+05, 6.903465277955595e+05, 7.070816067040679e+05, 7.240170219322754e+05, 7.411529128728207e+05, 7.584892416954254e+05, 7.760260084194606e+05, 7.937632130449263e+05, 8.117007930524512e+05, 8.298387022218746e+05, 8.481771567614365e+05, 8.667160491828342e+05, 8.854553169964831e+05, 9.043950227209058e+05, 9.235351038281179e+05, 9.428755694380867e+05, 9.624165250760691e+05, 9.821579185970048e+05, 1.0020996875e+06]
der(hLiqSym)=[0e+00, 1.002099734946017e+02, 4.008398930824648e+02, 9.018897511341686e+02, 1.603359570537955e+03, 2.505249194409107e+03, 3.607559001848973e+03, 4.91028853300511e+03, 6.413438278567796e+03, 8.117007174586947e+03, 1.002099677465092e+04, 1.212540638259998e+04, 1.443023600201913e+04, 1.693548562693715e+04, 1.964115413082635e+04, 2.254724236067908e+04, 2.565375310710467e+04, 2.896068103496563e+04, 3.246802868401127e+04, 3.617580169391634e+04, 4.00839870926287e+04, 4.419260042890577e+04, 4.850162552800994e+04, 5.301107230381963e+04, 5.7720943997332e+04, 6.263123046875e+04, 6.77419424886379e+04, 7.305306452828608e+04, 7.856461652091655e+04, 8.427659080427921e+04, 9.018896941880466e+04, 9.630177977348419e+04, 1.026150124140717e+05, 1.091286476035675e+05, 1.15842724132703e+05, 1.227572151305385e+05, 1.29872114707379e+05, 1.371874495985356e+05, 1.447032067660914e+05, 1.524193705851581e+05, 1.603359483585939e+05, 1.684529716958418e+05, 1.767704016892946e+05, 1.85288228225266e+05, 1.940065021072621e+05, 2.029251982752872e+05, 2.120442891985241e+05, 2.213638292503055e+05, 2.308837759678284e+05, 2.406041312784891e+05, 2.50524921875e+05, 2.606461503918753e+05, 2.709677699159589e+05, 2.814898429474743e+05, 2.922122580704069e+05, 3.031351431336612e+05, 3.14258466078858e+05, 3.255821956852928e+05, 3.371063631833184e+05, 3.488309373138131e+05, 3.607558776279615e+05, 3.728812950400089e+05, 3.852071190844881e+05, 3.977333810302488e+05, 4.104600496275146e+05, 4.23387156106765e+05, 4.365145903621294e+05, 4.49842540123156e+05, 4.633708965166518e+05, 4.77099690801879e+05, 4.910288604980628e+05, 5.051584993263299e+05, 5.194884587724631e+05, 5.340189096329161e+05, 5.487497983754284e+05, 5.636810625e+05, 5.788128270450752e+05, 5.941449669722099e+05, 6.096774822822978e+05, 6.254104035692893e+05, 6.413437934108181e+05, 6.574776211342165e+05, 6.738118867688868e+05, 6.903465277955595e+05, 7.070816067040679e+05, 7.240170219322754e+05, 7.411529128728207e+05, 7.584892416954254e+05, 7.760260084194606e+05, 7.937632130449263e+05, 8.117007930524512e+05, 8.298387022218746e+05, 8.481771567614365e+05, 8.667160491828342e+05, 8.854553169964831e+05, 9.043950227209058e+05, 9.235351038281179e+05, 9.428755694380867e+05, 9.624165250760691e+05, 9.821579185970048e+05, 1.0020996875e+06]
der(cvCod)=[0e+00, 0e+00]
der(cpSym)=[0e+00, 0e+00, 0e+00, 0e+00, 0e+00, 0e+00, 0e+00, 0e+00, 0e+00, 0e+00, 0e+00, 0e+00, 0e+00, 0e+00, 0e+00, 0e+00, 0e+00, 0e+00, 0e+00, 0e+00, 0e+00, 0e+00, 0e+00, 0e+00, 0e+00, 0e+00, 0e+00, 0e+00, 0e+00, 0e+00, 0e+00, 0e+00, 0e+00, 0e+00, 0e+00, 0e+00, 0e+00, 0e+00, 0e+00, 0e+00, 0e+00, 0e+00, 0e+00, 0e+00, 0e+00, 0e+00, 0e+00, 0e+00, 0e+00, 0e+00, 0e+00, 0e+00, 0e+00, 0e+00, 0e+00, 0e+00, 0e+00, 0e+00, 0e+00, 0e+00, 0e+00, 0e+00, 0e+00, 0e+00, 0e+00, 0e+00, 0e+00, 0e+00, 0e+00, 0e+00, 0e+00, 0e+00, 0e+00, 0e+00, 0e+00, 0e+00, 0e+00, 0e+00, 0e+00, 0e+00, 0e+00, 0e+00, 0e+00, 0e+00, 0e+00, 0e+00, 0e+00, 0e+00, 0e+00, 0e+00, 0e+00, 0e+00, 0e+00, 0e+00, 0e+00, 0e+00, 0e+00, 0e+00, 0e+00, 0e+00, 0e+00]
time=[0e+00, 1e+00]
der(cpCod)=[0e+00, 0e+00]
der(cvSym)=[0e+00, 0e+00, 0e+00, 0e+00, 0e+00, 0e+00, 0e+00, 0e+00, 0e+00, 0e+00, 0e+00, 0e+00, 0e+00, 0e+00, 0e+00, 0e+00, 0e+00, 0e+00, 0e+00, 0e+00, 0e+00, 0e+00, 0e+00, 0e+00, 0e+00, 0e+00, 0e+00, 0e+00, 0e+00, 0e+00, 0e+00, 0e+00, 0e+00, 0e+00, 0e+00, 0e+00, 0e+00, 0e+00, 0e+00, 0e+00, 0e+00, 0e+00, 0e+00, 0e+00, 0e+00, 0e+00, 0e+00, 0e+00, 0e+00, 0e+00, 0e+00, 0e+00, 0e+00, 0e+00, 0e+00, 0e+00, 0e+00, 0e+00, 0e+00, 0e+00, 0e+00, 0e+00, 0e+00, 0e+00, 0e+00, 0e+00, 0e+00, 0e+00, 0e+00, 0e+00, 0e+00, 0e+00, 0e+00, 0e+00, 0e+00, 0e+00, 0e+00, 0e+00, 0e+00, 0e+00, 0e+00, 0e+00, 0e+00, 0e+00, 0e+00, 0e+00, 0e+00, 0e+00, 0e+00, 0e+00, 0e+00, 0e+00, 0e+00, 0e+00, 0e+00, 0e+00, 0e+00, 0e+00, 0e+00, 0e+00, 0e+00]
