last-generated=2025-10-23
statistics-initialization=
{
  "nonlinear": "1",
  "numerical Jacobians": "0"
}
statistics-simulation=
{
  "linear": " ",
  "nonlinear": "1, 1",
  "numerical Jacobians": "0"
}
time=[3.6e+03, 8.64e+04]
PDCSim=[0e+00, 0e+00, 0e+00, 0e+00, 0e+00, 0e+00, 0e+00, 0e+00, 0e+00, 0e+00, 0e+00, 0e+00, 0e+00, 0e+00, 0e+00, 0e+00, 0e+00, 0e+00, 0e+00, 0e+00, 0e+00, 0e+00, 0e+00, 0e+00, 0e+00, 0e+00, 0e+00, 0e+00, 0e+00, 5.548293781280518e-01, 7.405012226104736e+00, 1.821689865112305e+01, 3.288347534179687e+01, 4.90114956665039e+01, 6.696623718261728e+01, 8.634533996582023e+01, 1.061169497680664e+02, 1.252542144775391e+02, 1.432827667486324e+02, 1.599287756347656e+02, 1.744998138427734e+02, 1.862923223876953e+02, 1.949995233154297e+02, 2.012623937988281e+02, 2.055424725341797e+02, 2.081385192871094e+02, 2.095181274414062e+02, 2.104233685302735e+02, 2.109075634765625e+02, 2.108283654785156e+02, 2.100372772216797e+02, 2.084832281494141e+02, 2.063583843994141e+02, 2.038530249023437e+02, 2.01153359375e+02, 1.982164642333984e+02, 1.944448577880859e+02, 1.891615490722657e+02, 1.820201116943359e+02, 1.722178735351563e+02, 1.571046661376953e+02, 1.3767173828125e+02, 1.161000549316406e+02, 9.471022094726563e+01, 6.921247070312501e+01, 3.955368881225586e+01, 1.4450185546875e+01, 1.164250731468201e+00, 0e+00, 0e+00, 0e+00, 0e+00, 0e+00, 0e+00, 0e+00, 0e+00, 0e+00, 0e+00, 0e+00, 0e+00, 0e+00, 0e+00, 0e+00, 0e+00, 0e+00, 0e+00, 0e+00, 0e+00, 0e+00, 0e+00, 0e+00, 0e+00, 0e+00, 0e+00, 0e+00, 0e+00, 0e+00, 0e+00, 0e+00, 0e+00, 0e+00]
HGloHor=[0e+00, 0e+00, 0e+00, 0e+00, 0e+00, 0e+00, 0e+00, 0e+00, 0e+00, 0e+00, 0e+00, 0e+00, 0e+00, 0e+00, 0e+00, 0e+00, 0e+00, 0e+00, 0e+00, 0e+00, 0e+00, 0e+00, 0e+00, 0e+00, 0e+00, 0e+00, 0e+00, 4.119481134414673e-01, 1.560208696302822e+00, 8.660304603576661e+00, 3.123627967834473e+01, 6.363046096801758e+01, 9.972425750732423e+01, 1.343312719726563e+02, 1.701146350097658e+02, 2.070206817626951e+02, 2.433364178466797e+02, 2.773980249023438e+02, 3.087716661891872e+02, 3.373207458496094e+02, 3.620781127929687e+02, 3.820128588867187e+02, 3.965835034179688e+02, 4.069958605957031e+02, 4.139189465332031e+02, 4.178332946777344e+02, 4.19327509765625e+02, 4.199907861328125e+02, 4.200169750976563e+02, 4.191165466308594e+02, 4.17e+02, 4.135801611328125e+02, 4.092373559570312e+02, 4.042500048828125e+02, 3.9889662109375e+02, 3.931476867675781e+02, 3.858159130859374e+02, 3.760920068359376e+02, 3.632271862792969e+02, 3.459289953613281e+02, 3.191226379394531e+02, 2.843150268554688e+02, 2.452412030029297e+02, 2.056922698974609e+02, 1.561995397949219e+02, 9.463033599853516e+01, 3.789781799316406e+01, 3.616007080078125e+00, 0e+00, 0e+00, 0e+00, 0e+00, 0e+00, 0e+00, 0e+00, 0e+00, 0e+00, 0e+00, 0e+00, 0e+00, 0e+00, 0e+00, 0e+00, 0e+00, 0e+00, 0e+00, 0e+00, 0e+00, 0e+00, 0e+00, 0e+00, 0e+00, 0e+00, 0e+00, 0e+00, 0e+00, 0e+00, 0e+00, 0e+00, 0e+00, 0e+00]
