last-generated=2017-03-31
statistics-initialization=
{
  "numerical Jacobians": "0", 
  "nonlinear": "1"
}
statistics-simulation=
{
  "numerical Jacobians": "0", 
  "nonlinear": "1", 
  "linear": " "
}
valInd.m_flow=[7.975000143051147e-02, 8.914597353455037e-02, 9.852390033157581e-02, 1.078837743710091e-01, 1.172256031034285e-01, 1.265493773433136e-01, 1.358550948449085e-01, 1.451427784776551e-01, 1.544124053583282e-01, 1.636639651378551e-01, 1.728975014051299e-01, 1.821129774573238e-01, 1.913104081952252e-01, 2.004897787182412e-01, 2.096510971096717e-01, 2.187943702125356e-01, 2.2791959671298e-01, 2.37026779216533e-01, 2.461158866296767e-01, 2.551869771624054e-01, 2.642399939758386e-01, 2.732749938526973e-01, 2.82291890264284e-01, 2.912907860910008e-01, 3.002716052967491e-01, 3.092343807220459e-01, 3.181791092718354e-01, 3.27105751004895e-01, 3.360143889306379e-01, 3.449049964138374e-01, 3.537774874385847e-01, 3.626319744951133e-01, 3.714684013073267e-01, 3.802867714258354e-01, 3.890871076131496e-01, 3.978693835564862e-01, 4.066335731645379e-01, 4.153797584824956e-01, 4.241079133592423e-01, 4.328179781903462e-01, 4.415099867077606e-01, 4.501839907156481e-01, 4.588569221564936e-01, 4.680852225889462e-01, 4.779184782660644e-01, 4.880606951716795e-01, 4.982249652452808e-01, 5.081380021152716e-01, 5.175448752631926e-01, 5.262145320662787e-01, 5.339450836181641e-01, 5.405699070949097e-01, 5.459634749717781e-01, 5.500481818699655e-01, 5.528010678238031e-01, 5.542609084091249e-01, 5.545359254265638e-01, 5.538114300635333e-01, 5.523581475800151e-01, 5.505408596429042e-01, 5.488271153966142e-01, 5.477969058955094e-01, 5.477225780487061e-01, 5.477225780487061e-01, 5.477225780487061e-01, 5.477225780487061e-01, 5.477225780487061e-01, 5.477225780487061e-01, 5.477225780487061e-01, 5.477225780487061e-01, 5.477225780487061e-01, 5.477225780487061e-01, 5.477225780487061e-01, 5.477225780487061e-01, 5.477225780487061e-01, 5.477225780487061e-01, 5.477225780487061e-01, 5.477225780487061e-01, 5.477225780487061e-01, 5.477225780487061e-01, 5.477225780487061e-01, 5.477225780487061e-01, 5.477225780487061e-01, 5.477225780487061e-01, 5.477225780487061e-01, 5.477225780487061e-01, 5.477225780487061e-01, 5.477225780487061e-01, 5.477225780487061e-01, 5.477225780487061e-01, 5.477225780487061e-01, 5.477225780487061e-01, 5.477225780487061e-01, 5.477225780487061e-01, 5.477225780487061e-01, 5.477225780487061e-01, 5.477225780487061e-01, 5.477225780487061e-01, 5.477225780487061e-01, 5.477225780487061e-01, 5.477225780487061e-01]
valIndFromMflow.m_flow=[7.975000143051147e-02, 8.914597353455037e-02, 9.852390033157581e-02, 1.078837743710091e-01, 1.172256031034285e-01, 1.265493773433136e-01, 1.358550948449085e-01, 1.451427784776551e-01, 1.544124053583282e-01, 1.636639651378551e-01, 1.728975014051299e-01, 1.821129774573238e-01, 1.913104081952252e-01, 2.004897787182412e-01, 2.096510971096717e-01, 2.187943702125356e-01, 2.2791959671298e-01, 2.37026779216533e-01, 2.461158866296767e-01, 2.551869771624054e-01, 2.642399939758386e-01, 2.732749938526973e-01, 2.82291890264284e-01, 2.912907860910008e-01, 3.002716052967491e-01, 3.092343807220459e-01, 3.181791092718354e-01, 3.27105751004895e-01, 3.360143889306379e-01, 3.449049964138374e-01, 3.537774874385847e-01, 3.626319744951133e-01, 3.714684013073267e-01, 3.802867714258354e-01, 3.890871076131496e-01, 3.978693835564862e-01, 4.066335731645379e-01, 4.153797584824956e-01, 4.241079133592423e-01, 4.328179781903462e-01, 4.415099867077606e-01, 4.501839907156481e-01, 4.58841573641573e-01, 4.675333735636029e-01, 4.76257922347368e-01, 4.849920972969672e-01, 4.93718885059114e-01, 5.024230490545968e-01, 5.110880825153242e-01, 5.196926512011425e-01, 5.282055735588074e-01, 5.365727622401357e-01, 5.44677749321724e-01, 5.521302405226481e-01, 5.477225780487061e-01, 5.477225780487061e-01, 5.477225780487061e-01, 5.477225780487061e-01, 5.477225780487061e-01, 5.477225780487061e-01, 5.477225780487061e-01, 5.477225780487061e-01, 5.477225780487061e-01, 5.477225780487061e-01, 5.477225780487061e-01, 5.477225780487061e-01, 5.477225780487061e-01, 5.477225780487061e-01, 5.477225780487061e-01, 5.477225780487061e-01, 5.477225780487061e-01, 5.477225780487061e-01, 5.477225780487061e-01, 5.477225780487061e-01, 5.477225780487061e-01, 5.477225780487061e-01, 5.477225780487061e-01, 5.477225780487061e-01, 5.477225780487061e-01, 5.477225780487061e-01, 5.477225780487061e-01, 5.477225780487061e-01, 5.477225780487061e-01, 5.477225780487061e-01, 5.477225780487061e-01, 5.477225780487061e-01, 5.477225780487061e-01, 5.477225780487061e-01, 5.477225780487061e-01, 5.477225780487061e-01, 5.477225780487061e-01, 5.477225780487061e-01, 5.477225780487061e-01, 5.477225780487061e-01, 5.477225780487061e-01, 5.477225780487061e-01, 5.477225780487061e-01, 5.477225780487061e-01, 5.477225780487061e-01, 5.477225780487061e-01, 5.477225780487061e-01]
valIndDpFix.m_flow=[6.975000351667404e-02, 7.914597562071293e-02, 8.852390241773837e-02, 9.78837764571692e-02, 1.072255977390105e-01, 1.165493719788984e-01, 1.258551043816516e-01, 1.351427731132371e-01, 1.444123999939235e-01, 1.536639746745716e-01, 1.628974960407229e-01, 1.721129720929058e-01, 1.813104028308071e-01, 1.904897733538587e-01, 1.996511066464104e-01, 2.087943648481176e-01, 2.179196062496965e-01, 2.27026773852115e-01, 2.361158961664199e-01, 2.451869717980051e-01, 2.542400035125373e-01, 2.63274973587118e-01, 2.722918998010271e-01, 2.812907658254216e-01, 2.902716148334124e-01, 2.992343604564667e-01, 3.081791188085786e-01, 3.171057605416382e-01, 3.260143984673811e-01, 3.351973076545373e-01, 3.448896290498905e-01, 3.549531673961944e-01, 3.652421608149218e-01, 3.756056590172738e-01, 3.858897649472336e-01, 3.959400116458505e-01, 4.056039913079123e-01, 4.147345381340927e-01, 4.231925048815193e-01, 4.30850635233704e-01, 4.375968835605881e-01, 4.433387536191232e-01, 4.480072312404673e-01, 4.515615083425973e-01, 4.539937381192721e-01, 4.553341278000059e-01, 4.556563795107776e-01, 4.550833998874462e-01, 4.537933153406186e-01, 4.520257431409468e-01, 4.500885605812073e-01, 4.483648525252816e-01, 4.473201326825476e-01, 4.472135901451111e-01, 4.472135901451111e-01, 4.472135901451111e-01, 4.472135901451111e-01, 4.472135901451111e-01, 4.472135901451111e-01, 4.472135901451111e-01, 4.472135901451111e-01, 4.472135901451111e-01, 4.472135901451111e-01, 4.472135901451111e-01, 4.472135901451111e-01, 4.472135901451111e-01, 4.472135901451111e-01, 4.472135901451111e-01, 4.472135901451111e-01, 4.472135901451111e-01, 4.472135901451111e-01, 4.472135901451111e-01, 4.472135901451111e-01, 4.472135901451111e-01, 4.472135901451111e-01, 4.472135901451111e-01, 4.472135901451111e-01, 4.472135901451111e-01, 4.472135901451111e-01, 4.472135901451111e-01, 4.472135901451111e-01, 4.472135901451111e-01, 4.472135901451111e-01, 4.472135901451111e-01, 4.472135901451111e-01, 4.472135901451111e-01, 4.472135901451111e-01, 4.472135901451111e-01, 4.472135901451111e-01, 4.472135901451111e-01, 4.472135901451111e-01, 4.472135901451111e-01, 4.472135901451111e-01, 4.472135901451111e-01, 4.472135901451111e-01, 4.472135901451111e-01, 4.472135901451111e-01, 4.472135901451111e-01, 4.472135901451111e-01, 4.472135901451111e-01, 4.472135901451111e-01]
time=[0e+00, 1e+00]
