last-generated=2017-03-31
statistics-initialization=
{
  "numerical Jacobians": "0", 
  "nonlinear": "1, 9"
}
statistics-simulation=
{
  "numerical Jacobians": "0", 
  "nonlinear": "1, 9, 1", 
  "number of continuous time states": "4", 
  "linear": " "
}
res[2].m_flow=[9.999999776482582e-03, 9.999999776482582e-03, 9.999999776482582e-03, 9.999999776482582e-03, 9.999999776482582e-03, 9.999999776482582e-03, 0e+00, 0e+00, 0e+00, 0e+00, 0e+00, 9.999999776482582e-03, 9.999999776482582e-03, 9.999999776482582e-03, 9.999999776482582e-03, 9.999999776482582e-03, 0e+00, 0e+00, 0e+00, 0e+00, 0e+00, 9.999999776482582e-03, 9.999999776482582e-03, 9.999999776482582e-03, 9.999999776482582e-03, 9.999999776482582e-03, 0e+00, 0e+00, 0e+00, 0e+00, 0e+00, 9.999999776482582e-03, 9.999999776482582e-03, 9.999999776482582e-03, 9.999999776482582e-03, 9.999999776482582e-03, 0e+00, 0e+00, 0e+00, 0e+00, 0e+00, 9.999999776482582e-03, 9.999999776482582e-03, 9.999999776482582e-03, 9.999999776482582e-03, 9.999999776482582e-03, 0e+00, 0e+00, 0e+00, 0e+00, 0e+00, 9.999999776482582e-03, 9.999999776482582e-03, 9.999999776482582e-03, 9.999999776482582e-03, 9.999999776482582e-03, 0e+00, 0e+00, 0e+00, 0e+00, 0e+00, 9.999999776482582e-03, 9.999999776482582e-03, 9.999999776482582e-03, 9.999999776482582e-03, 9.999999776482582e-03, 0e+00, 0e+00, 0e+00, 0e+00, 0e+00, 9.999999776482582e-03, 9.999999776482582e-03, 9.999999776482582e-03, 9.999999776482582e-03, 9.999999776482582e-03, 0e+00, 0e+00, 0e+00, 0e+00, 0e+00, 9.999999776482582e-03, 9.999999776482582e-03, 9.999999776482582e-03, 9.999999776482582e-03, 9.999999776482582e-03, 0e+00, 0e+00, 0e+00, 0e+00, 0e+00, 9.999999776482582e-03, 9.999999776482582e-03, 9.999999776482582e-03, 9.999999776482582e-03, 9.999999776482582e-03, 0e+00, 0e+00, 0e+00, 0e+00, 0e+00]
res[1].m_flow=[9.999999776482582e-03, 9.999999776482582e-03, 9.999999776482582e-03, 9.999999776482582e-03, 9.999999776482582e-03, 9.999999776482582e-03, 0e+00, 0e+00, 0e+00, 0e+00, 0e+00, 9.999999776482582e-03, 9.999999776482582e-03, 9.999999776482582e-03, 9.999999776482582e-03, 9.999999776482582e-03, 0e+00, 0e+00, 0e+00, 0e+00, 0e+00, 9.999999776482582e-03, 9.999999776482582e-03, 9.999999776482582e-03, 9.999999776482582e-03, 9.999999776482582e-03, 0e+00, 0e+00, 0e+00, 0e+00, 0e+00, 9.999999776482582e-03, 9.999999776482582e-03, 9.999999776482582e-03, 9.999999776482582e-03, 9.999999776482582e-03, 0e+00, 0e+00, 0e+00, 0e+00, 0e+00, 9.999999776482582e-03, 9.999999776482582e-03, 9.999999776482582e-03, 9.999999776482582e-03, 9.999999776482582e-03, 0e+00, 0e+00, 0e+00, 0e+00, 0e+00, 9.999999776482582e-03, 9.999999776482582e-03, 9.999999776482582e-03, 9.999999776482582e-03, 9.999999776482582e-03, 0e+00, 0e+00, 0e+00, 0e+00, 0e+00, 9.999999776482582e-03, 9.999999776482582e-03, 9.999999776482582e-03, 9.999999776482582e-03, 9.999999776482582e-03, 0e+00, 0e+00, 0e+00, 0e+00, 0e+00, 9.999999776482582e-03, 9.999999776482582e-03, 9.999999776482582e-03, 9.999999776482582e-03, 9.999999776482582e-03, 0e+00, 0e+00, 0e+00, 0e+00, 0e+00, 9.999999776482582e-03, 9.999999776482582e-03, 9.999999776482582e-03, 9.999999776482582e-03, 9.999999776482582e-03, 0e+00, 0e+00, 0e+00, 0e+00, 0e+00, 9.999999776482582e-03, 9.999999776482582e-03, 9.999999776482582e-03, 9.999999776482582e-03, 9.999999776482582e-03, 0e+00, 0e+00, 0e+00, 0e+00, 0e+00]
time=[0e+00, 1e+04]
vol[2].T=[2.931499938964844e+02, 2.932290649414062e+02, 2.933067016601562e+02, 2.933843383789062e+02, 2.934619750976562e+02, 2.935396118164062e+02, 2.935396118164062e+02, 2.935396118164062e+02, 2.935396118164062e+02, 2.935396118164062e+02, 2.935396118164062e+02, 2.936172485351562e+02, 2.936948852539062e+02, 2.937725219726562e+02, 2.938501586914062e+02, 2.939277954101562e+02, 2.939277954101562e+02, 2.939277954101562e+02, 2.939277954101562e+02, 2.939277954101562e+02, 2.939277954101562e+02, 2.940054321289062e+02, 2.940830688476562e+02, 2.941607055664062e+02, 2.942383422851562e+02, 2.943159790039062e+02, 2.943159790039062e+02, 2.943159790039062e+02, 2.943159790039062e+02, 2.943159790039062e+02, 2.943159790039062e+02, 2.943936157226562e+02, 2.944712524414062e+02, 2.945488891601562e+02, 2.946265258789062e+02, 2.947041625976562e+02, 2.947041625976562e+02, 2.947041625976562e+02, 2.947041625976562e+02, 2.947041625976562e+02, 2.947041625976562e+02, 2.947817993164062e+02, 2.948594360351562e+02, 2.949370727539062e+02, 2.950147094726562e+02, 2.950923461914062e+02, 2.950923461914062e+02, 2.950923461914062e+02, 2.950923461914062e+02, 2.950923461914062e+02, 2.950923461914062e+02, 2.951699829101562e+02, 2.952476196289062e+02, 2.953252563476562e+02, 2.954028930664062e+02, 2.954805297851562e+02, 2.954805297851562e+02, 2.954805297851562e+02, 2.954805297851562e+02, 2.954805297851562e+02, 2.954805297851562e+02, 2.955581665039062e+02, 2.956358032226562e+02, 2.957134399414062e+02, 2.957910766601562e+02, 2.958687133789062e+02, 2.958687133789062e+02, 2.958687133789062e+02, 2.958687133789062e+02, 2.958687133789062e+02, 2.958687133789062e+02, 2.959463500976562e+02, 2.960239868164062e+02, 2.961016235351562e+02, 2.961792602539062e+02, 2.962568969726562e+02, 2.962568969726562e+02, 2.962568969726562e+02, 2.962568969726562e+02, 2.962568969726562e+02, 2.962568969726562e+02, 2.963345336914062e+02, 2.964121704101562e+02, 2.964898071289062e+02, 2.965674438476562e+02, 2.966450805664062e+02, 2.966450805664062e+02, 2.966450805664062e+02, 2.966450805664062e+02, 2.966450805664062e+02, 2.966450805664062e+02, 2.967227172851562e+02, 2.968003540039062e+02, 2.968779907226562e+02, 2.969556274414062e+02, 2.970332641601562e+02, 2.970332641601562e+02, 2.970332641601562e+02, 2.970332641601562e+02, 2.970332641601562e+02, 2.970332641601562e+02]
vol[1].T=[2.931499938964844e+02, 2.932290649414062e+02, 2.933067016601562e+02, 2.933843383789062e+02, 2.934619750976562e+02, 2.935396118164062e+02, 2.935396118164062e+02, 2.935396118164062e+02, 2.935396118164062e+02, 2.935396118164062e+02, 2.935396118164062e+02, 2.936172485351562e+02, 2.936948852539062e+02, 2.937725219726562e+02, 2.938501586914062e+02, 2.939277954101562e+02, 2.939277954101562e+02, 2.939277954101562e+02, 2.939277954101562e+02, 2.939277954101562e+02, 2.939277954101562e+02, 2.940054321289062e+02, 2.940830688476562e+02, 2.941607055664062e+02, 2.942383422851562e+02, 2.943159790039062e+02, 2.943159790039062e+02, 2.943159790039062e+02, 2.943159790039062e+02, 2.943159790039062e+02, 2.943159790039062e+02, 2.943936157226562e+02, 2.944712524414062e+02, 2.945488891601562e+02, 2.946265258789062e+02, 2.947041625976562e+02, 2.947041625976562e+02, 2.947041625976562e+02, 2.947041625976562e+02, 2.947041625976562e+02, 2.947041625976562e+02, 2.947817993164062e+02, 2.948594360351562e+02, 2.949370727539062e+02, 2.950147094726562e+02, 2.950923461914062e+02, 2.950923461914062e+02, 2.950923461914062e+02, 2.950923461914062e+02, 2.950923461914062e+02, 2.950923461914062e+02, 2.951699829101562e+02, 2.952476196289062e+02, 2.953252563476562e+02, 2.954028930664062e+02, 2.954805297851562e+02, 2.954805297851562e+02, 2.954805297851562e+02, 2.954805297851562e+02, 2.954805297851562e+02, 2.954805297851562e+02, 2.955581665039062e+02, 2.956358032226562e+02, 2.957134399414062e+02, 2.957910766601562e+02, 2.958687133789062e+02, 2.958687133789062e+02, 2.958687133789062e+02, 2.958687133789062e+02, 2.958687133789062e+02, 2.958687133789062e+02, 2.959463500976562e+02, 2.960239868164062e+02, 2.961016235351562e+02, 2.961792602539062e+02, 2.962568969726562e+02, 2.962568969726562e+02, 2.962568969726562e+02, 2.962568969726562e+02, 2.962568969726562e+02, 2.962568969726562e+02, 2.963345336914062e+02, 2.964121704101562e+02, 2.964898071289062e+02, 2.965674438476562e+02, 2.966450805664062e+02, 2.966450805664062e+02, 2.966450805664062e+02, 2.966450805664062e+02, 2.966450805664062e+02, 2.966450805664062e+02, 2.967227172851562e+02, 2.968003540039062e+02, 2.968779907226562e+02, 2.969556274414062e+02, 2.970332641601562e+02, 2.970332641601562e+02, 2.970332641601562e+02, 2.970332641601562e+02, 2.970332641601562e+02, 2.970332641601562e+02]
