last-generated=2017-03-31
statistics-simulation=
{
  "numerical Jacobians": "0", 
  "nonlinear": " ", 
  "number of continuous time states": "7", 
  "linear": " "
}
cra.v=[0e+00, 0e+00, 0e+00, 0e+00, 0e+00, 0e+00, 0e+00, 0e+00, 0e+00, 0e+00, 0e+00, 0e+00, 0e+00, 0e+00, 0e+00, 0e+00, 0e+00, 0e+00, 0e+00, 0e+00, 0e+00, 0e+00, 0e+00, 0e+00, 0e+00, 0e+00, 7.886885106563568e-02, 1.574261933565142e-01, 2.365276366472247e-01, 3.153268992900848e-01, 3.941698372364044e-01, 4.730898141860962e-01, 5.519919395446777e-01, 6.309728622436523e-01, 7.100296020507812e-01, 7.889535427093506e-01, 8.676284551620483e-01, 9.464079737663269e-01, 1.025235772132874e+00, 1.104050040245056e+00, 1.182785868644714e+00, 1.261377692222595e+00, 1.339759707450867e+00, 1.417866945266724e+00, 1.495635032653809e+00, 1.576014757156372e+00, 1.656815528869629e+00, 1.736457824707031e+00, 1.815294146537781e+00, 1.893638134002686e+00, 1.971771836280823e+00, 2.04995059967041e+00, 2.12840723991394e+00, 2.207355260848999e+00, 2.287562608718873e+00, 2.367037534713746e+00, 2.445929765701294e+00, 2.52470874786377e+00, 2.603810787200928e+00, 2.683091163635254e+00, 2.761211633682251e+00, 2.839698791503906e+00, 2.918462991714478e+00, 2.997419595718384e+00, 3.076488733291626e+00, 3.155594110488892e+00, 3.234663248062134e+00, 3.313627243041992e+00, 3.392419576644897e+00, 3.471207141876221e+00, 3.550094127655029e+00, 3.628994703292847e+00, 3.707900524139404e+00, 3.786803722381592e+00, 3.86569619178772e+00, 3.944569826126099e+00, 3.945601224899292e+00, 3.946203470230103e+00, 3.946463823318481e+00, 3.94646954536438e+00, 3.946308135986328e+00, 3.94606614112854e+00, 3.945831298828125e+00, 3.945690631866455e+00, 3.945731163024902e+00, 3.945969820022583e+00, 3.945975065231323e+00, 3.945977687835693e+00, 3.945978164672852e+00, 3.945977449417114e+00, 3.94597601890564e+00, 3.945974588394165e+00, 3.945974111557007e+00, 3.945975303649902e+00, 3.945975780487061e+00, 3.945975780487061e+00, 3.945975780487061e+00, 3.945975780487061e+00, 3.945975780487061e+00, 3.945975780487061e+00, 3.945975780487061e+00]
time=[0e+00, 7.2e+03]
cra.m_flow=[0e+00, 0e+00, 0e+00, 0e+00, 0e+00, 0e+00, 0e+00, 0e+00, 0e+00, 0e+00, 0e+00, 0e+00, 0e+00, 0e+00, 0e+00, 0e+00, 0e+00, 0e+00, 0e+00, 0e+00, 0e+00, 0e+00, 0e+00, 0e+00, 0e+00, 0e+00, 9.993580897571519e-05, 1.99476882698946e-04, 2.997074043378237e-04, 3.995550505351275e-04, 4.994579940102994e-04, 5.994586390443146e-04, 6.994365830905735e-04, 7.995143532752991e-04, 8.996882825158536e-04, 9.996938752010465e-04, 1.099383924156427e-03, 1.199206570163369e-03, 1.299090450629592e-03, 1.398956985212862e-03, 1.498724217526615e-03, 1.598309027031064e-03, 1.697627943940461e-03, 1.796598662622273e-03, 1.895139692351222e-03, 1.996990060433745e-03, 2.099373610690236e-03, 2.200289629399776e-03, 2.300184220075607e-03, 2.399454824626446e-03, 2.498459070920944e-03, 2.597520593553782e-03, 2.696934156119823e-03, 2.796970074996352e-03, 2.898601815104485e-03, 2.999305725097657e-03, 3.099271329119802e-03, 3.199093276634812e-03, 3.299324540421367e-03, 3.399781649932265e-03, 3.498769365251064e-03, 3.598221344873309e-03, 3.698024433106184e-03, 3.798071527853608e-03, 3.898261114954948e-03, 3.998496569693089e-03, 4.098686389625072e-03, 4.198742564767599e-03, 4.29858174175024e-03, 4.398414399474859e-03, 4.498372785747051e-03, 4.598348867148161e-03, 4.69833193346858e-03, 4.798310808837414e-03, 4.898276645690203e-03, 4.998218733817339e-03, 4.999525379389524e-03, 5.000288598239422e-03, 5.000618752092123e-03, 5.000625737011433e-03, 5.000421311706305e-03, 5.000114440917969e-03, 4.999816883355379e-03, 4.99963853508234e-03, 4.999690223485231e-03, 4.999992437660694e-03, 4.999999422580004e-03, 5.000002682209015e-03, 5.000003147870302e-03, 5.000002216547728e-03, 5.000000353902578e-03, 4.999998956918716e-03, 4.999998025596142e-03, 4.999999422580004e-03, 4.999999888241291e-03, 4.999999888241291e-03, 4.999999888241291e-03, 4.999999888241291e-03, 4.999999888241291e-03, 4.999999888241291e-03, 4.999999888241291e-03]
