last-generated=2017-05-16
statistics-initialization=
{
  "numerical Jacobians": "0", 
  "nonlinear": "10, 1, 9, 1"
}
statistics-simulation=
{
  "numerical Jacobians": "0", 
  "nonlinear": "10, 1, 9, 1", 
  "linear": " "
}
sin.ports[3].m_flow=[0e+00, 0e+00, 0e+00, 0e+00, 0e+00, 0e+00, 0e+00, 0e+00, 0e+00, 0e+00, 0e+00, 0e+00, 0e+00, 0e+00, 0e+00, 0e+00, 0e+00, 0e+00, 0e+00, 0e+00, 0e+00, 0e+00, 0e+00, 0e+00, 0e+00, 0e+00, 0e+00, 0e+00, 0e+00, 0e+00, 0e+00, 0e+00, 0e+00, 0e+00, 0e+00, 0e+00, 0e+00, 0e+00, 0e+00, 0e+00, 0e+00, 0e+00, 0e+00, 0e+00, 0e+00, 0e+00, 0e+00, 0e+00, 0e+00, 0e+00, 0e+00, 1e+00, 1e+00, 1e+00, 1e+00, 1e+00, 1e+00, 1e+00, 1e+00, 1e+00, 1e+00, 1e+00, 1e+00, 1e+00, 1e+00, 1e+00, 1e+00, 1e+00, 1e+00, 1e+00, 1e+00, 1e+00, 1e+00, 1e+00, 1e+00, 1e+00, 0e+00, 0e+00, 0e+00, 0e+00, 0e+00, 0e+00, 0e+00, 0e+00, 0e+00, 0e+00, 0e+00, 0e+00, 0e+00, 0e+00, 0e+00, 0e+00, 0e+00, 0e+00, 0e+00, 0e+00, 0e+00, 0e+00, 0e+00, 0e+00, 0e+00]
sin.ports[4].m_flow=[0e+00, 0e+00, 0e+00, 0e+00, 0e+00, 0e+00, 0e+00, 0e+00, 0e+00, 0e+00, 0e+00, 0e+00, 0e+00, 0e+00, 0e+00, 0e+00, 0e+00, 0e+00, 0e+00, 0e+00, 0e+00, 0e+00, 0e+00, 0e+00, 0e+00, 0e+00, 0e+00, 0e+00, 0e+00, 0e+00, 0e+00, 0e+00, 0e+00, 0e+00, 0e+00, 0e+00, 0e+00, 0e+00, 0e+00, 0e+00, 0e+00, 0e+00, 0e+00, 0e+00, 0e+00, 0e+00, 0e+00, 0e+00, 0e+00, 0e+00, 0e+00, 1e+00, 1e+00, 1e+00, 1e+00, 1e+00, 1e+00, 1e+00, 1e+00, 1e+00, 1e+00, 1e+00, 1e+00, 1e+00, 1e+00, 1e+00, 1e+00, 1e+00, 1e+00, 1e+00, 1e+00, 1e+00, 1e+00, 1e+00, 1e+00, 1e+00, 0e+00, 0e+00, 0e+00, 0e+00, 0e+00, 0e+00, 0e+00, 0e+00, 0e+00, 0e+00, 0e+00, 0e+00, 0e+00, 0e+00, 0e+00, 0e+00, 0e+00, 0e+00, 0e+00, 0e+00, 0e+00, 0e+00, 0e+00, 0e+00, 0e+00]
sin.ports[2].m_flow=[0e+00, 0e+00, 0e+00, 0e+00, 0e+00, 0e+00, 0e+00, 0e+00, 0e+00, 0e+00, 0e+00, 0e+00, 0e+00, 0e+00, 0e+00, 0e+00, 0e+00, 0e+00, 0e+00, 0e+00, 0e+00, 0e+00, 0e+00, 0e+00, 0e+00, 0e+00, 0e+00, 0e+00, 0e+00, 0e+00, 0e+00, 0e+00, 0e+00, 0e+00, 0e+00, 0e+00, 0e+00, 0e+00, 0e+00, 0e+00, 0e+00, 0e+00, 0e+00, 0e+00, 0e+00, 0e+00, 0e+00, 0e+00, 0e+00, 0e+00, 0e+00, 9.816989898681641e-01, 9.816989898681641e-01, 9.816989898681641e-01, 9.816989898681641e-01, 9.816989898681641e-01, 9.816989898681641e-01, 9.816989898681641e-01, 9.816989898681641e-01, 9.816989898681641e-01, 9.816989898681641e-01, 9.816989898681641e-01, 9.816989898681641e-01, 9.816989898681641e-01, 9.816989898681641e-01, 9.816989898681641e-01, 9.816989898681641e-01, 9.816989898681641e-01, 9.816989898681641e-01, 9.816989898681641e-01, 9.816989898681641e-01, 9.816989898681641e-01, 9.816989898681641e-01, 9.816989898681641e-01, 9.816989898681641e-01, 9.816989898681641e-01, -9.635076155462491e-14, -1.854484881564282e-14, -4.697444863567074e-15, -9.041241795643175e-16, -2.290173615820488e-16, -5.801052908659021e-17, -1.116537109907568e-17, -2.828221988076443e-18, -7.163939779400654e-19, -1.814639740978841e-19, -4.596537378628354e-20, -1.164311550108845e-20, -2.949222260648705e-21, -5.676414209665051e-22, -1.437852446457879e-22, -3.642107704257084e-23, -9.225530744810396e-24, -2.336854175514442e-24, -5.919295979912148e-25, -1.499369382832744e-25, -3.797947178536032e-26, -9.620272147545603e-27, -2.436833841481322e-27, -6.17257240359016e-28, -1.563524216003865e-28]
sin.ports[1].m_flow=[0e+00, 0e+00, 0e+00, 0e+00, 0e+00, 0e+00, 0e+00, 0e+00, 0e+00, 0e+00, 0e+00, 0e+00, 0e+00, 0e+00, 0e+00, 0e+00, 0e+00, 0e+00, 0e+00, 0e+00, 0e+00, 0e+00, 0e+00, 0e+00, 0e+00, 0e+00, 0e+00, 0e+00, 0e+00, 0e+00, 0e+00, 0e+00, 0e+00, 0e+00, 0e+00, 0e+00, 0e+00, 0e+00, 0e+00, 0e+00, 0e+00, 0e+00, 0e+00, 0e+00, 0e+00, 0e+00, 0e+00, 0e+00, 0e+00, 0e+00, 0e+00, 9.880632162094116e-01, 9.880632162094116e-01, 9.880632162094116e-01, 9.880632162094116e-01, 9.880632162094116e-01, 9.880632162094116e-01, 9.880632162094116e-01, 9.880632162094116e-01, 9.880632162094116e-01, 9.880632162094116e-01, 9.880632162094116e-01, 9.880632162094116e-01, 9.880632162094116e-01, 9.880632162094116e-01, 9.880632162094116e-01, 9.880632162094116e-01, 9.880632162094116e-01, 9.880632162094116e-01, 9.880632162094116e-01, 9.880632162094116e-01, 9.880632162094116e-01, 9.880632162094116e-01, 9.880632162094116e-01, 9.880632162094116e-01, 9.880632162094116e-01, -6.591628631813506e-11, -6.591628631813506e-11, -6.591628631813506e-11, -6.591628631813506e-11, -6.591628631813506e-11, -6.591628631813506e-11, -6.591628631813506e-11, -6.591628631813506e-11, -6.591628631813506e-11, -6.591628631813506e-11, -6.591628631813506e-11, -6.591628631813506e-11, -6.591628631813506e-11, -6.591628631813506e-11, -6.591628631813506e-11, -6.591628631813506e-11, -6.591628631813506e-11, -6.591628631813506e-11, -6.591628631813506e-11, -6.591628631813506e-11, -6.591628631813506e-11, -6.591628631813506e-11, -6.591628631813506e-11, -6.591628631813506e-11, -6.591628631813506e-11]
time=[-1e+00, 1e+00]
