last-generated=2018-08-24
statistics-simulation=
{
  "linear": "0, 0, 0, 0, 0, 0, 0, 0, 0, 0, 0, 0, 0, 0, 0, 0, 0, 0, 0, 0",
  "nonlinear": " ",
  "number of continuous time states": "40",
  "numerical Jacobians": "0"
}
TBorOut.T=[2.931499938964844e+02, 2.981428833007812e+02, 2.982150268554688e+02, 2.982149047851562e+02, 2.982149047851562e+02, 2.982149047851562e+02, 2.982149047851562e+02, 2.982149047851562e+02, 2.982149047851562e+02, 2.982149047851562e+02, 2.982149047851562e+02, 2.982149047851562e+02, 2.982149047851562e+02, 2.982149047851562e+02, 2.982149047851562e+02, 2.982149047851562e+02, 2.982149047851562e+02, 2.982149047851562e+02, 2.982149047851562e+02, 2.982149047851562e+02, 2.982149047851562e+02, 2.982149047851562e+02, 2.982149047851562e+02, 2.982149047851562e+02, 2.982149047851562e+02, 2.982149047851562e+02, 2.982149047851562e+02, 2.982149047851562e+02, 2.982149047851562e+02, 2.982149047851562e+02, 2.982149047851562e+02, 2.982149047851562e+02, 2.982149047851562e+02, 2.982149047851562e+02, 2.982149047851562e+02, 2.982149047851562e+02, 2.982149047851562e+02, 2.982149047851562e+02, 2.982149047851562e+02, 2.982149047851562e+02, 2.982149047851562e+02, 2.982149047851562e+02, 2.982149047851562e+02, 2.982149047851562e+02, 2.982149047851562e+02, 2.982149047851562e+02, 2.982149047851562e+02, 2.982149047851562e+02, 2.982149047851562e+02, 2.982149047851562e+02, 2.982149047851562e+02, 2.982149047851562e+02, 2.982149047851562e+02, 2.982149047851562e+02, 2.982149047851562e+02, 2.982149047851562e+02, 2.982149047851562e+02, 2.982149047851562e+02, 2.982149047851562e+02, 2.982149047851562e+02, 2.982149047851562e+02, 2.982149047851562e+02, 2.982149047851562e+02, 2.982149047851562e+02, 2.982149047851562e+02, 2.982149047851562e+02, 2.982149047851562e+02, 2.982149047851562e+02, 2.982149047851562e+02, 2.982149047851562e+02, 2.982149047851562e+02, 2.982149047851562e+02, 2.982149047851562e+02, 2.982149047851562e+02, 2.982149047851562e+02, 2.982149047851562e+02, 2.982149047851562e+02, 2.982149047851562e+02, 2.982149047851562e+02, 2.982149047851562e+02, 2.982149047851562e+02, 2.982149047851562e+02, 2.982149047851562e+02, 2.982149047851562e+02, 2.982149047851562e+02, 2.982149047851562e+02, 2.982149047851562e+02, 2.982149047851562e+02, 2.982149047851562e+02, 2.982149047851562e+02, 2.982149047851562e+02, 2.982149047851562e+02, 2.982149047851562e+02, 2.982149047851562e+02, 2.982149047851562e+02, 2.982149047851562e+02, 2.982149047851562e+02, 2.982149047851562e+02, 2.982149047851562e+02, 2.982149047851562e+02, 2.982149047851562e+02]
TBorIn.T=[3.031499938964844e+02, 3.031499938964844e+02]
time=[0e+00, 3.6e+05]
