last-generated=2017-03-31
statistics-simulation=
{
  "numerical Jacobians": "0", 
  "nonlinear": "1", 
  "number of continuous time states": "7", 
  "linear": " "
}
vol1.T=[2.931499938964844e+02, 2.841613159179688e+02, 2.947645263671875e+02, 2.948250122070312e+02, 2.911002502441406e+02, 2.943494567871094e+02, 2.92846923828125e+02, 2.929732360839844e+02, 2.934195251464844e+02, 2.929764709472656e+02, 2.932038879394531e+02, 2.931666870117188e+02, 2.931151733398438e+02, 2.931747131347656e+02, 2.931410217285156e+02, 2.931488037109375e+02, 2.931544189453125e+02, 2.931465454101562e+02, 2.931514282226562e+02, 2.931500244140625e+02, 2.931494445800781e+02, 2.931504821777344e+02, 2.931497802734375e+02, 2.931500244140625e+02, 2.931500549316406e+02, 2.931499328613281e+02, 2.931500244140625e+02, 2.931499938964844e+02, 2.931499938964844e+02, 2.931499938964844e+02, 2.931499938964844e+02, 2.931499938964844e+02, 2.931499938964844e+02, 2.931499938964844e+02, 2.931499938964844e+02, 2.931499938964844e+02, 2.931499938964844e+02, 2.931499938964844e+02, 2.931499938964844e+02, 2.931499938964844e+02, 2.931499938964844e+02, 2.931499938964844e+02, 2.931499938964844e+02, 2.931499938964844e+02, 2.931499938964844e+02, 2.931499938964844e+02, 2.931499938964844e+02, 2.931499938964844e+02, 2.931499938964844e+02, 2.931499938964844e+02, 2.931499938964844e+02, 2.931499938964844e+02, 2.931499938964844e+02, 2.931499938964844e+02, 2.931499938964844e+02, 2.931499938964844e+02, 2.931499938964844e+02, 2.931499938964844e+02, 2.931499938964844e+02, 2.931499938964844e+02, 2.931499938964844e+02, 2.931499938964844e+02, 2.931499938964844e+02, 2.931499938964844e+02, 2.931499938964844e+02, 2.931499938964844e+02, 2.931499938964844e+02, 2.931499938964844e+02, 2.931499938964844e+02, 2.931499938964844e+02, 2.931499938964844e+02, 2.931499938964844e+02, 2.931499938964844e+02, 2.931499938964844e+02, 2.931499938964844e+02, 2.931499938964844e+02, 2.931499938964844e+02, 2.931499938964844e+02, 2.931499938964844e+02, 2.931499938964844e+02, 2.931499938964844e+02, 2.931499938964844e+02, 2.931499938964844e+02, 2.931499938964844e+02, 2.931499938964844e+02, 2.931499938964844e+02, 2.931499938964844e+02, 2.931499938964844e+02, 2.931499938964844e+02, 2.931499938964844e+02, 2.931499938964844e+02, 2.931499938964844e+02, 2.931499938964844e+02, 2.931499938964844e+02, 2.931499938964844e+02, 2.931499938964844e+02, 2.931499938964844e+02, 2.931499938964844e+02, 2.931499938964844e+02, 2.931499938964844e+02, 2.931499938964844e+02]
time=[0e+00, 6e+02]
vol1.X_w=[9.999999776482582e-03, 5.273617338389158e-03, 4.973483271896839e-03, 4.997458308935165e-03, 5.000112112611532e-03, 5.000019911676645e-03, 4.999999888241291e-03, 4.999999888241291e-03, 4.999999888241291e-03, 4.999999888241291e-03, 4.999999888241291e-03, 4.999999888241291e-03, 4.999999888241291e-03, 4.999999888241291e-03, 4.999999888241291e-03, 4.999999888241291e-03, 4.999999888241291e-03, 4.999999888241291e-03, 4.999999888241291e-03, 4.999999888241291e-03, 4.999999888241291e-03, 4.999999888241291e-03, 4.999999888241291e-03, 4.999999888241291e-03, 4.999999888241291e-03, 4.999999888241291e-03, 4.999999888241291e-03, 4.999999888241291e-03, 4.999999888241291e-03, 4.999999888241291e-03, 4.999999888241291e-03, 4.999999888241291e-03, 4.999999888241291e-03, 4.999999888241291e-03, 4.999999888241291e-03, 4.999999888241291e-03, 4.999999888241291e-03, 4.999999888241291e-03, 4.999999888241291e-03, 4.999999888241291e-03, 4.999999888241291e-03, 4.999999888241291e-03, 4.999999888241291e-03, 4.999999888241291e-03, 4.999999888241291e-03, 4.999999888241291e-03, 4.999999888241291e-03, 4.999999888241291e-03, 4.999999888241291e-03, 4.999999888241291e-03, 4.999999888241291e-03, 4.999999888241291e-03, 4.999999888241291e-03, 4.999999888241291e-03, 4.999999888241291e-03, 4.999999888241291e-03, 4.999999888241291e-03, 4.999999888241291e-03, 4.999999888241291e-03, 4.999999888241291e-03, 4.999999888241291e-03, 4.999999888241291e-03, 4.999999888241291e-03, 4.999999888241291e-03, 4.999999888241291e-03, 4.999999888241291e-03, 4.999999888241291e-03, 4.999999888241291e-03, 4.999999888241291e-03, 4.999999888241291e-03, 4.999999888241291e-03, 4.999999888241291e-03, 4.999999888241291e-03, 4.999999888241291e-03, 4.999999888241291e-03, 4.999999888241291e-03, 4.999999888241291e-03, 4.999999888241291e-03, 4.999999888241291e-03, 4.999999888241291e-03, 4.999999888241291e-03, 4.999999888241291e-03, 4.999999888241291e-03, 4.999999888241291e-03, 4.999999888241291e-03, 4.999999888241291e-03, 4.999999888241291e-03, 4.999999888241291e-03, 4.999999888241291e-03, 4.999999888241291e-03, 4.999999888241291e-03, 4.999999888241291e-03, 4.999999888241291e-03, 4.999999888241291e-03, 4.999999888241291e-03, 4.999999888241291e-03, 4.999999888241291e-03, 4.999999888241291e-03, 4.999999888241291e-03, 4.999999888241291e-03, 4.999999888241291e-03]
QLat.u=[-2.970079650878906e+02, 4.459050178527832e+00, 6.466999650001526e-01, -7.964548654854298e-03, -4.65683126822114e-03, -6.841290451120585e-05, 2.961109748866875e-05, 1.2344200968073e-06, -1.682111303580314e-07, -1.270414440313061e-08, 8.167411746917708e-10, 1.06861082482812e-10, -2.937006540748577e-12, -8.015945220964105e-13, -5.940449582166747e-15, -7.152596928367699e-15, -7.74849985335415e-15, -7.723810537007582e-15, -7.721088173115107e-15, -7.721072926522056e-15, -7.721024645644062e-15, -7.443390115423679e-15, -5.550794944671721e-15, 5.021104161655665e-15, 1.72775133602972e-15, 1.223730860568095e-14, 7.032377118647423e-15, 3.632680524103563e-16, -2.343189254823708e-14, -1.707062429238092e-14, -5.793287771976418e-15, 7.460099703780754e-14, -3.795195833490063e-14, 2.377633002590904e-14, 3.613488292765915e-15, 9.852715829823991e-16, 1.537454754165554e-14, 1.355220867168064e-14, 1.456397089245106e-14, 1.148212664067749e-15, 7.357900456485841e-16, 2.305447923089674e-16, 1.144527461942262e-16, 9.557057523747e-17, 7.668840428071383e-17, 5.780623332395766e-17, 4.860640996048169e-17, 4.824572943490652e-17, 4.788505221805379e-17, 4.752437169247862e-17, 4.71636944756259e-17, 4.680301395005073e-17, 4.644233673319801e-17, 4.608165620762283e-17, 4.572097899077011e-17, 4.570607981357681e-17, 4.570260234628164e-17, 4.569912157026401e-17, 4.569564410296884e-17, 4.569216332695122e-17, 4.568868585965604e-17, 4.568520508363842e-17, 4.568172761634325e-17, 4.567824684032562e-17, 4.567476937303045e-17, 4.567128859701283e-17, 4.566781112971765e-17, 4.566433035370003e-17, 4.566085288640486e-17, 4.565737211038724e-17, 4.565389133436961e-17, 4.565041386707444e-17, 4.269238290936031e-17, 3.924764218794243e-17, 3.580290146652455e-17, 3.235816074510667e-17, 2.891342002368879e-17, 2.546868095663213e-17, 1.444954521160648e-14, 1.444610117564294e-14, 1.444265544561351e-14, 1.443921140964997e-14, 1.443576567962054e-14, 1.443232164365701e-14, 1.442887760769347e-14, 1.442543187766404e-14, 1.442198784170051e-14, 1.441854211167107e-14, 1.441509807570754e-14, 1.4411654039744e-14, 1.440820830971457e-14, 1.440476427375104e-14, 1.440131854372161e-14, 1.439787450775807e-14, 1.439442877772864e-14, 1.43909847417651e-14, 1.438754070580157e-14, 1.438409497577214e-14, 1.43806509398086e-14, 1.437720520977917e-14, 1.437376117381563e-14]
QSen.u=[0e+00, -1.726636474609375e+03, 2.530275146484375e+03, -1.677101928710938e+03, 5.396290283203125e+02, 1.445491790771484e+02, -3.287860107421875e+02, 2.381153869628905e+02, -8.916789245605469e+01, -9.345967292785645e+00, 4.143171310424805e+01, -3.330109786987305e+01, 1.415968132019043e+01, -1.9233737885952e-01, -5.090672969818076e+00, 4.589317321777344e+00, -2.179244041442871e+00, 2.297855019569475e-01, 6.055693030357361e-01, -6.219757199287415e-01, 3.270523548126221e-01, -5.928372964262962e-02, -6.845150887966156e-02, 8.217005431652069e-02, -4.723560810089111e-02, 1.141746621578932e-02, 7.014206610620022e-03, -1.016382034868002e-02, 6.300271954387417e-03, -1.859916956163943e-03, -6.143624777905643e-04, 9.450613870285451e-04, -1.090144505724311e-03, 8.625545888207853e-04, 2.908820752054406e-04, -1.356998982373625e-04, -4.600674583343789e-05, 3.522004590195138e-06, 3.826760348601965e-06, 4.131516107008792e-06, 2.525338913983433e-06, 7.946233608890988e-07, 3.564641701814253e-07, 2.411884167941025e-07, 1.259126918284892e-07, 1.063696686287585e-08, -4.186063051747624e-08, -3.704015583139153e-08, -3.223105338179266e-08, -2.741057869570795e-08, -2.259010578598009e-08, -1.778100156002438e-08, -1.296052865029651e-08, -8.140055740568641e-09, -3.319582164706958e-09, -2.992197378759442e-09, -2.803149934393898e-09, -2.614102267983755e-09, -2.425054823618211e-09, -2.247375840980226e-09, -2.058328396614684e-09, -1.869280952249142e-09, -1.680233396861297e-09, -1.502554525245614e-09, -1.313506969857769e-09, -1.124459525492227e-09, -9.467806538765444e-10, -7.577330984886999e-10, -5.686855986120052e-10, -3.910067547519005e-10, -2.01959240997418e-10, -1.291171336514907e-11, 1.602103692766033e-11, 5.336309085585134e-12, 6.020265449352413e-12, 6.704221813119693e-12, 7.388178610567842e-12, 8.072134106973383e-12, 8.756090470740663e-12, 9.440046834507942e-12, 1.012400319827522e-11, 1.080795956204251e-11, 1.149191592580977e-11, 1.217587228957706e-11, 1.491145098023172e-12, 2.175101461790452e-12, 2.859057825557731e-12, 3.543013972484577e-12, 4.226970336251856e-12, 4.910926700019136e-12, 5.594883063786416e-12, 6.278839427553695e-12, 6.962795791320975e-12, -3.721931617073349e-12, -3.037975470146503e-12, -2.354019106379224e-12, -1.670062742611944e-12, -9.861063788446645e-13, -3.021500421824391e-13, 3.818062673747319e-13, 1.065762604036957e-12]
vol1.p=[1.01325e+05, 1.01325e+05, 1.01325e+05, 1.01325e+05, 1.01325e+05, 1.01325e+05, 1.01325e+05, 1.01325e+05, 1.01325e+05, 1.01325e+05, 1.01325e+05, 1.01325e+05, 1.01325e+05, 1.01325e+05, 1.01325e+05, 1.01325e+05, 1.01325e+05, 1.01325e+05, 1.01325e+05, 1.01325e+05, 1.01325e+05, 1.01325e+05, 1.01325e+05, 1.01325e+05, 1.01325e+05, 1.01325e+05, 1.01325e+05, 1.01325e+05, 1.01325e+05, 1.01325e+05, 1.01325e+05, 1.01325e+05, 1.01325e+05, 1.01325e+05, 1.01325e+05, 1.01325e+05, 1.01325e+05, 1.01325e+05, 1.01325e+05, 1.01325e+05, 1.01325e+05, 1.01325e+05, 1.01325e+05, 1.01325e+05, 1.01325e+05, 1.01325e+05, 1.01325e+05, 1.01325e+05, 1.01325e+05, 1.01325e+05, 1.01325e+05, 1.01325e+05, 1.01325e+05, 1.01325e+05, 1.01325e+05, 1.01325e+05, 1.01325e+05, 1.01325e+05, 1.01325e+05, 1.01325e+05, 1.01325e+05, 1.01325e+05, 1.01325e+05, 1.01325e+05, 1.01325e+05, 1.01325e+05, 1.01325e+05, 1.01325e+05, 1.01325e+05, 1.01325e+05, 1.01325e+05, 1.01325e+05, 1.01325e+05, 1.01325e+05, 1.01325e+05, 1.01325e+05, 1.01325e+05, 1.01325e+05, 1.01325e+05, 1.01325e+05, 1.01325e+05, 1.01325e+05, 1.01325e+05, 1.01325e+05, 1.01325e+05, 1.01325e+05, 1.01325e+05, 1.01325e+05, 1.01325e+05, 1.01325e+05, 1.01325e+05, 1.01325e+05, 1.01325e+05, 1.01325e+05, 1.01325e+05, 1.01325e+05, 1.01325e+05, 1.01325e+05, 1.01325e+05, 1.01325e+05, 1.01325e+05]
