last-generated=2017-04-19
statistics-simulation=
{
  "numerical Jacobians": "0", 
  "nonlinear": " ", 
  "linear": " "
}
y=[-0e+00, -3e-02, -6e-02, -9e-02, -1.2e-01, -1.5e-01, -1.8e-01, -2.1e-01, -2.4e-01, -2.7e-01, -3e-01, -3.3e-01, -3.6e-01, -3.9e-01, -4.2e-01, -4.5e-01, -4.8e-01, -5.1e-01, -5.4e-01, -5.700000000000001e-01, -6.000000000000001e-01, -6.3e-01, -6.6e-01, -6.900000000000001e-01, -7.2e-01, -7.5e-01, -7.8e-01, -8.100000000000001e-01, -8.400000000000001e-01, -8.699999999999999e-01, -8.999999999999999e-01, -9.299999999999999e-01, -9.6e-01, -9.9e-01, -1.019912261632064e+00, -1.048665566997858e+00, -1.074680412433243e+00, -1.096546878863487e+00, -1.113027459508729e+00, -1.123050936319145e+00, -1.125705242930048e+00, -1.120230203555175e+00, -1.106010669171881e+00, -1.082569800520667e+00, -1.049561684269088e+00, -1.006764210658394e+00, -9.54072585322894e-01, -8.914918733721252e-01, -8.191306852928684e-01, -7.371926528966211e-01, -6.459712386131287e-01, -5.458417722877216e-01, -4.372544509151122e-01, -3.207281370110097e-01, -1.968411855588962e-01, -6.622737399478147e-02, 7.04329747488228e-02, 2.124189394319756e-01, 3.589783435815516e-01, 5.093312635600241e-01, 6.626794414334378e-01, 8.182119280669724e-01, 9.751146877985784e-01, 1.132573798864472e+00, 1.2897850132646e+00, 1.445959439955408e+00, 1.600333235439848e+00, 1.752170491219705e+00, 1.900773234517815e+00, 2.045487243260429e+00, 2.18570943603661e+00, 2.320893733788491e+00, 2.450562589576114e+00, 2.574306733534539e+00, 2.691797385288138e+00, 2.802791833877563e+00, 2.907140112237371e+00, 3.00479286890061e+00, 3.095807324684377e+00, 3.180354903355356e+00, 3.2587277857647e+00, 3.33134754718719e+00, 3.398769533794293e+00, 3.461691360056026e+00, 3.520960129103713e+00, 3.577578394454489e+00, 3.63271250360315e+00, 3.687689259651212e+00, 3.743421120094512e+00, 3.799995754461433e+00, 3.857425359448786e+00, 3.915723048115936e+00, 3.974901695160137e+00, 4.03497465211883e+00, 4.095955508777127e+00, 4.157858093453923e+00, 4.220695731291793e+00, 4.284483249178185e+00, 4.349234933585608e+00, 4.414965566515988e+00, 4.481688976287842e+00]
time=[0e+00, 3e+00]
dy=[-1e+00, -1e+00, -1e+00, -1e+00, -1e+00, -1e+00, -1e+00, -1e+00, -1e+00, -1e+00, -1e+00, -1e+00, -1e+00, -1e+00, -1e+00, -1e+00, -1e+00, -1e+00, -1e+00, -1e+00, -1e+00, -1e+00, -1e+00, -1e+00, -1e+00, -1e+00, -1e+00, -1e+00, -1e+00, -1e+00, -1e+00, -1e+00, -1e+00, -1e+00, -9.869175867428794e-01, -9.211307418679889e-01, -8.053704633520825e-01, -6.45521486334626e-01, -4.472361951158819e-01, -2.159334289180663e-01, 4.320054576115617e-02, 3.25215959936051e-01, 6.253934889088695e-01, 9.392481941126364e-01, 1.262527253352184e+00, 1.591215348304821e+00, 1.921526484441694e+00, 2.24990952495095e+00, 2.573045596545123e+00, 2.887853087642978e+00, 3.191479682922363e+00, 3.481308250883506e+00, 3.754954601228877e+00, 4.010267459153466e+00, 4.24533220505057e+00, 4.458463350384848e+00, 4.648211785437506e+00, 4.813359063400199e+00, 4.952924687342281e+00, 5.066156925953866e+00, 5.152539841537396e+00, 5.211790492482153e+00, 5.243859757793487e+00, 5.248931402700046e+00, 5.227422661031741e+00, 5.179985137960826e+00, 5.107502035935126e+00, 5.011092150945177e+00, 4.892106365389393e+00, 4.752128740141051e+00, 4.592978414624806e+00, 4.416707735392851e+00, 4.225598897329907e+00, 4.022171893518093e+00, 3.809178796880512e+00, 3.589604616165161e+00, 3.366668249651081e+00, 3.143821771261395e+00, 2.924751143170154e+00, 2.713375263403587e+00, 2.513848443835827e+00, 2.330553445803154e+00, 2.168111280379742e+00, 2.031374971150955e+00, 1.925430601343654e+00, 1.855598257793623e+00, 1.827431200300767e+00, 1.843844629825606e+00, 1.871710560047256e+00, 1.899997877230716e+00, 1.928712679724393e+00, 1.957861524057968e+00, 1.987450847580069e+00, 2.017487326059415e+00, 2.047977754388564e+00, 2.078929046726961e+00, 2.110347865645897e+00, 2.142241624589093e+00, 2.174617466792804e+00, 2.207482783257994e+00, 2.240844488143921e+00]
