last-generated=2018-07-20
statistics-initialization=
{
  "nonlinear": "1, 1",
  "numerical Jacobians": "0"
}
statistics-simulation=
{
  "linear": "0, 0, 0, 0, 0, 0, 0, 0, 0, 0, 0, 0, 0, 0, 0, 0, 0, 0, 0, 0, 0, 0, 0, 0, 0, 0, 0,   0, 0, 0, 0, 0, 0, 0, 0, 0, 0, 0, 0, 0",
  "nonlinear": " ",
  "number of continuous time states": "82",
  "numerical Jacobians": "0"
}
time=[0e+00, 3.6e+05]
TBorOut.T=[2.931499938964844e+02, 2.962086181640625e+02, 2.961976623535156e+02, 2.961978454589844e+02, 2.961978454589844e+02, 2.961978454589844e+02, 2.961978454589844e+02, 2.961978454589844e+02, 2.961978454589844e+02, 2.961978454589844e+02, 2.961978454589844e+02, 2.961978454589844e+02, 2.961978454589844e+02, 2.961978454589844e+02, 2.961978454589844e+02, 2.961978454589844e+02, 2.961978454589844e+02, 2.961978454589844e+02, 2.961978454589844e+02, 2.961978454589844e+02, 2.961978454589844e+02, 2.961978454589844e+02, 2.961978454589844e+02, 2.961978454589844e+02, 2.961978454589844e+02, 2.961978454589844e+02, 2.961978454589844e+02, 2.961978454589844e+02, 2.961978454589844e+02, 2.961978454589844e+02, 2.961978454589844e+02, 2.961978454589844e+02, 2.961978454589844e+02, 2.961978454589844e+02, 2.961978454589844e+02, 2.961978454589844e+02, 2.961978454589844e+02, 2.961978454589844e+02, 2.961978454589844e+02, 2.961978454589844e+02, 2.961978454589844e+02, 2.961978454589844e+02, 2.961978454589844e+02, 2.961978454589844e+02, 2.961978454589844e+02, 2.961978454589844e+02, 2.961978454589844e+02, 2.961978454589844e+02, 2.961978454589844e+02, 2.961978454589844e+02, 2.961978454589844e+02, 2.961978454589844e+02, 2.961978454589844e+02, 2.961978454589844e+02, 2.961978454589844e+02, 2.961978454589844e+02, 2.961978454589844e+02, 2.961978454589844e+02, 2.961978454589844e+02, 2.961978454589844e+02, 2.961978454589844e+02, 2.961978454589844e+02, 2.961978454589844e+02, 2.961978454589844e+02, 2.961978454589844e+02, 2.961978454589844e+02, 2.961978454589844e+02, 2.961978454589844e+02, 2.961978454589844e+02, 2.961978454589844e+02, 2.961978454589844e+02, 2.961978454589844e+02, 2.961978454589844e+02, 2.961978454589844e+02, 2.961978454589844e+02, 2.961978454589844e+02, 2.961978454589844e+02, 2.961978454589844e+02, 2.961978454589844e+02, 2.961978454589844e+02, 2.961978454589844e+02, 2.961978454589844e+02, 2.961978454589844e+02, 2.961978454589844e+02, 2.961978454589844e+02, 2.961978454589844e+02, 2.961978454589844e+02, 2.961978454589844e+02, 2.961978454589844e+02, 2.961978454589844e+02, 2.961978454589844e+02, 2.961978454589844e+02, 2.961978454589844e+02, 2.961978454589844e+02, 2.961978454589844e+02, 2.961978454589844e+02, 2.961978454589844e+02, 2.961978454589844e+02, 2.961978454589844e+02, 2.961978454589844e+02, 2.961978454589844e+02]
TBorIn.T=[2.931499938964844e+02, 3.031499938964844e+02, 3.031499938964844e+02, 3.031499938964844e+02, 3.031499938964844e+02, 3.031499938964844e+02, 3.031499938964844e+02, 3.031499938964844e+02, 3.031499938964844e+02, 3.031499938964844e+02, 3.031499938964844e+02, 3.031499938964844e+02, 3.031499938964844e+02, 3.031499938964844e+02, 3.031499938964844e+02, 3.031499938964844e+02, 3.031499938964844e+02, 3.031499938964844e+02, 3.031499938964844e+02, 3.031499938964844e+02, 3.031499938964844e+02, 3.031499938964844e+02, 3.031499938964844e+02, 3.031499938964844e+02, 3.031499938964844e+02, 3.031499938964844e+02, 3.031499938964844e+02, 3.031499938964844e+02, 3.031499938964844e+02, 3.031499938964844e+02, 3.031499938964844e+02, 3.031499938964844e+02, 3.031499938964844e+02, 3.031499938964844e+02, 3.031499938964844e+02, 3.031499938964844e+02, 3.031499938964844e+02, 3.031499938964844e+02, 3.031499938964844e+02, 3.031499938964844e+02, 3.031499938964844e+02, 3.031499938964844e+02, 3.031499938964844e+02, 3.031499938964844e+02, 3.031499938964844e+02, 3.031499938964844e+02, 3.031499938964844e+02, 3.031499938964844e+02, 3.031499938964844e+02, 3.031499938964844e+02, 3.031499938964844e+02, 3.031499938964844e+02, 3.031499938964844e+02, 3.031499938964844e+02, 3.031499938964844e+02, 3.031499938964844e+02, 3.031499938964844e+02, 3.031499938964844e+02, 3.031499938964844e+02, 3.031499938964844e+02, 3.031499938964844e+02, 3.031499938964844e+02, 3.031499938964844e+02, 3.031499938964844e+02, 3.031499938964844e+02, 3.031499938964844e+02, 3.031499938964844e+02, 3.031499938964844e+02, 3.031499938964844e+02, 3.031499938964844e+02, 3.031499938964844e+02, 3.031499938964844e+02, 3.031499938964844e+02, 3.031499938964844e+02, 3.031499938964844e+02, 3.031499938964844e+02, 3.031499938964844e+02, 3.031499938964844e+02, 3.031499938964844e+02, 3.031499938964844e+02, 3.031499938964844e+02, 3.031499938964844e+02, 3.031499938964844e+02, 3.031499938964844e+02, 3.031499938964844e+02, 3.031499938964844e+02, 3.031499938964844e+02, 3.031499938964844e+02, 3.031499938964844e+02, 3.031499938964844e+02, 3.031499938964844e+02, 3.031499938964844e+02, 3.031499938964844e+02, 3.031499938964844e+02, 3.031499938964844e+02, 3.031499938964844e+02, 3.031499938964844e+02, 3.031499938964844e+02, 3.031499938964844e+02, 3.031499938964844e+02, 3.031499938964844e+02]
