last-generated=2017-05-04
statistics-simulation=
{
  "numerical Jacobians": "0", 
  "nonlinear": " ", 
  "number of continuous time states": "5", 
  "linear": "0"
}
TSet.y=[2.891499938964844e+02, 2.891499938964844e+02, 2.891499938964844e+02, 2.891499938964844e+02, 2.891499938964844e+02, 2.891499938964844e+02, 2.891499938964844e+02, 2.891499938964844e+02, 2.891499938964844e+02, 2.891499938964844e+02, 2.891499938964844e+02, 2.891499938964844e+02, 2.891499938964844e+02, 2.891499938964844e+02, 2.891499938964844e+02, 2.931499938964844e+02, 2.931499938964844e+02, 2.931499938964844e+02, 2.931499938964844e+02, 2.931499938964844e+02, 2.931499938964844e+02, 2.931499938964844e+02, 2.931499938964844e+02, 2.931499938964844e+02, 2.931499938964844e+02, 2.931499938964844e+02, 2.931499938964844e+02, 2.931499938964844e+02, 2.931499938964844e+02, 2.931499938964844e+02, 2.931499938964844e+02, 2.931499938964844e+02, 2.931499938964844e+02, 2.931499938964844e+02, 2.931499938964844e+02, 2.931499938964844e+02, 2.931499938964844e+02, 2.931499938964844e+02, 2.931499938964844e+02, 2.931499938964844e+02, 2.891499938964844e+02, 2.891499938964844e+02, 2.891499938964844e+02, 2.891499938964844e+02, 2.891499938964844e+02, 2.891499938964844e+02, 2.891499938964844e+02, 2.891499938964844e+02, 2.891499938964844e+02, 2.891499938964844e+02, 2.891499938964844e+02, 2.891499938964844e+02, 2.891499938964844e+02, 2.891499938964844e+02, 2.891499938964844e+02, 2.891499938964844e+02, 2.891499938964844e+02, 2.891499938964844e+02, 2.891499938964844e+02, 2.891499938964844e+02, 2.891499938964844e+02, 2.891499938964844e+02, 2.891499938964844e+02, 2.891499938964844e+02, 2.891499938964844e+02, 2.931499938964844e+02, 2.931499938964844e+02, 2.931499938964844e+02, 2.931499938964844e+02, 2.931499938964844e+02, 2.931499938964844e+02, 2.931499938964844e+02, 2.931499938964844e+02, 2.931499938964844e+02, 2.931499938964844e+02, 2.931499938964844e+02, 2.931499938964844e+02, 2.931499938964844e+02, 2.931499938964844e+02, 2.931499938964844e+02, 2.931499938964844e+02, 2.931499938964844e+02, 2.931499938964844e+02, 2.931499938964844e+02, 2.931499938964844e+02, 2.931499938964844e+02, 2.931499938964844e+02, 2.931499938964844e+02, 2.931499938964844e+02, 2.931499938964844e+02, 2.891499938964844e+02, 2.891499938964844e+02, 2.891499938964844e+02, 2.891499938964844e+02, 2.891499938964844e+02, 2.891499938964844e+02, 2.891499938964844e+02, 2.891499938964844e+02, 2.891499938964844e+02, 2.891499938964844e+02, 2.891499938964844e+02]
TOut.y=[2.841499938964844e+02, 2.841894226074219e+02, 2.843070983886719e+02, 2.845011291503906e+02, 2.847684631347656e+02, 2.851049194335938e+02, 2.855051574707031e+02, 2.85962890625e+02, 2.864708557128906e+02, 2.870211181640625e+02, 2.876049194335938e+02, 2.882131042480469e+02, 2.888360595703125e+02, 2.894639587402344e+02, 2.900869140625e+02, 2.906950988769531e+02, 2.912789001464844e+02, 2.918291320800781e+02, 2.923371276855469e+02, 2.927948303222656e+02, 2.931950988769531e+02, 2.935315246582031e+02, 2.937988891601562e+02, 2.93992919921875e+02, 2.941105651855469e+02, 2.941499938964844e+02, 2.941105651855469e+02, 2.93992919921875e+02, 2.937988891601562e+02, 2.935315246582031e+02, 2.931950988769531e+02, 2.927948303222656e+02, 2.923371276855469e+02, 2.918291320800781e+02, 2.912789001464844e+02, 2.906950988769531e+02, 2.900869140625e+02, 2.894639587402344e+02, 2.888360595703125e+02, 2.882131042480469e+02, 2.876049194335938e+02, 2.870211181640625e+02, 2.864708557128906e+02, 2.85962890625e+02, 2.855051574707031e+02, 2.851049194335938e+02, 2.847684631347656e+02, 2.845011291503906e+02, 2.843070983886719e+02, 2.841894226074219e+02, 2.841499938964844e+02, 2.841894226074219e+02, 2.843070983886719e+02, 2.845011291503906e+02, 2.847684631347656e+02, 2.851049194335938e+02, 2.855051574707031e+02, 2.85962890625e+02, 2.864708557128906e+02, 2.870211181640625e+02, 2.876049194335938e+02, 2.882131042480469e+02, 2.888360595703125e+02, 2.894639587402344e+02, 2.900869140625e+02, 2.906950988769531e+02, 2.912789001464844e+02, 2.918291320800781e+02, 2.923371276855469e+02, 2.927948303222656e+02, 2.931950988769531e+02, 2.935315246582031e+02, 2.937988891601562e+02, 2.93992919921875e+02, 2.941105651855469e+02, 2.941499938964844e+02, 2.941105651855469e+02, 2.93992919921875e+02, 2.937988891601562e+02, 2.935315246582031e+02, 2.931950988769531e+02, 2.927948303222656e+02, 2.923371276855469e+02, 2.918291320800781e+02, 2.912789001464844e+02, 2.906950988769531e+02, 2.900869140625e+02, 2.894639587402344e+02, 2.888360595703125e+02, 2.882131042480469e+02, 2.876049194335938e+02, 2.870211181640625e+02, 2.864708557128906e+02, 2.85962890625e+02, 2.855051574707031e+02, 2.851049194335938e+02, 2.847684631347656e+02, 2.845011291503906e+02, 2.843070983886719e+02, 2.841894226074219e+02, 2.841499938964844e+02]
THeaOut.T=[2.931499938964844e+02, 2.93054931640625e+02, 2.929616394042969e+02, 2.928709716796875e+02, 2.927837524414062e+02, 2.927006225585938e+02, 2.926223449707031e+02, 2.925494689941406e+02, 2.92482421875e+02, 2.924215698242188e+02, 2.923676452636719e+02, 2.923207092285156e+02, 2.9228076171875e+02, 2.922477416992188e+02, 2.922216796875e+02, 2.92291748046875e+02, 2.924899597167969e+02, 2.926920776367188e+02, 2.92897705078125e+02, 2.931062316894531e+02, 2.932571105957031e+02, 2.93258544921875e+02, 2.932631530761719e+02, 2.932702026367188e+02, 2.932787780761719e+02, 2.932881469726562e+02, 2.932974243164062e+02, 2.933057250976562e+02, 2.93312255859375e+02, 2.933162841796875e+02, 2.933171081542969e+02, 2.933140563964844e+02, 2.933063659667969e+02, 2.932936096191406e+02, 2.93275390625e+02, 2.932514038085938e+02, 2.932213134765625e+02, 2.931849975585938e+02, 2.931423950195312e+02, 2.931003723144531e+02, 2.931533508300781e+02, 2.930915832519531e+02, 2.930244445800781e+02, 2.92952392578125e+02, 2.928759765625e+02, 2.927958374023438e+02, 2.927125854492188e+02, 2.926270141601562e+02, 2.925399475097656e+02, 2.924521179199219e+02, 2.923639831542969e+02, 2.922771911621094e+02, 2.921923828125e+02, 2.921101989746094e+02, 2.920312805175781e+02, 2.919562377929688e+02, 2.918857727050781e+02, 2.918204956054688e+02, 2.917610473632812e+02, 2.917076721191406e+02, 2.916611633300781e+02, 2.91621826171875e+02, 2.915895080566406e+02, 2.915640258789062e+02, 2.915452880859375e+02, 2.916224975585938e+02, 2.918278198242188e+02, 2.920369873046875e+02, 2.922495422363281e+02, 2.924649658203125e+02, 2.926826782226562e+02, 2.929019775390625e+02, 2.931221923828125e+02, 2.932609558105469e+02, 2.932696533203125e+02, 2.932790832519531e+02, 2.932884216308594e+02, 2.932968444824219e+02, 2.933034973144531e+02, 2.933077087402344e+02, 2.933085632324219e+02, 2.933054504394531e+02, 2.932978820800781e+02, 2.932853088378906e+02, 2.932672119140625e+02, 2.932432861328125e+02, 2.932132568359375e+02, 2.931770324707031e+02, 2.93134521484375e+02, 2.931266174316406e+02, 2.931451416015625e+02, 2.930834655761719e+02, 2.930163879394531e+02, 2.929444274902344e+02, 2.928681030273438e+02, 2.927880249023438e+02, 2.927048645019531e+02, 2.92619384765625e+02, 2.925323791503906e+02, 2.924446411132812e+02, 2.923569946289062e+02]
TVol.T=[2.931499938964844e+02, 2.930548706054688e+02, 2.929615783691406e+02, 2.928709411621094e+02, 2.9278369140625e+02, 2.927005920410156e+02, 2.92622314453125e+02, 2.925494079589844e+02, 2.924823913574219e+02, 2.924215393066406e+02, 2.923676147460938e+02, 2.923206787109375e+02, 2.922807312011719e+02, 2.922477416992188e+02, 2.922216491699219e+02, 2.922909851074219e+02, 2.924891967773438e+02, 2.926913146972656e+02, 2.928969116210938e+02, 2.9310546875e+02, 2.932571105957031e+02, 2.93258544921875e+02, 2.9326318359375e+02, 2.932702026367188e+02, 2.9327880859375e+02, 2.932881469726562e+02, 2.932974243164062e+02, 2.933057250976562e+02, 2.93312255859375e+02, 2.933162841796875e+02, 2.933171081542969e+02, 2.933140563964844e+02, 2.933063659667969e+02, 2.932935791015625e+02, 2.932753601074219e+02, 2.932513732910156e+02, 2.932212829589844e+02, 2.931849670410156e+02, 2.931423645019531e+02, 2.930996704101562e+02, 2.931533203125e+02, 2.93091552734375e+02, 2.930244140625e+02, 2.929523620605469e+02, 2.928759460449219e+02, 2.927957763671875e+02, 2.927125549316406e+02, 2.926269836425781e+02, 2.925398864746094e+02, 2.924520568847656e+02, 2.923639526367188e+02, 2.922771606445312e+02, 2.921923522949219e+02, 2.921101379394531e+02, 2.920312194824219e+02, 2.919562072753906e+02, 2.918857421875e+02, 2.918204650878906e+02, 2.917610168457031e+02, 2.917076416015625e+02, 2.916611633300781e+02, 2.91621826171875e+02, 2.915894775390625e+02, 2.915640258789062e+02, 2.915452880859375e+02, 2.916217346191406e+02, 2.918270568847656e+02, 2.920362243652344e+02, 2.92248779296875e+02, 2.924642028808594e+02, 2.926819152832031e+02, 2.929012451171875e+02, 2.931214294433594e+02, 2.932609558105469e+02, 2.932696533203125e+02, 2.932790832519531e+02, 2.932884521484375e+02, 2.932968444824219e+02, 2.933034973144531e+02, 2.933077087402344e+02, 2.933085632324219e+02, 2.933054504394531e+02, 2.932978820800781e+02, 2.932852783203125e+02, 2.932672119140625e+02, 2.932432556152344e+02, 2.932132568359375e+02, 2.93177001953125e+02, 2.931344909667969e+02, 2.931258239746094e+02, 2.931451110839844e+02, 2.930834045410156e+02, 2.93016357421875e+02, 2.929443969726562e+02, 2.928680725097656e+02, 2.927879943847656e+02, 2.92704833984375e+02, 2.926193542480469e+02, 2.925323486328125e+02, 2.92444580078125e+02, 2.9235693359375e+02]
time=[0e+00, 1.728e+05]
hea.TSet=[2.831499938964844e+02, 2.831499938964844e+02, 2.831499938964844e+02, 2.831499938964844e+02, 2.831499938964844e+02, 2.831499938964844e+02, 2.831499938964844e+02, 2.831499938964844e+02, 2.831499938964844e+02, 2.831499938964844e+02, 2.831499938964844e+02, 2.831499938964844e+02, 2.831499938964844e+02, 2.831499938964844e+02, 2.831499938964844e+02, 3.031499938964844e+02, 3.031499938964844e+02, 3.031499938964844e+02, 3.031499938964844e+02, 3.031499938964844e+02, 2.844982604980469e+02, 2.831499938964844e+02, 2.831499938964844e+02, 2.831499938964844e+02, 2.831499938964844e+02, 2.831499938964844e+02, 2.831499938964844e+02, 2.831499938964844e+02, 2.831499938964844e+02, 2.831499938964844e+02, 2.831499938964844e+02, 2.831499938964844e+02, 2.831499938964844e+02, 2.831499938964844e+02, 2.831499938964844e+02, 2.831499938964844e+02, 2.831499938964844e+02, 2.831499938964844e+02, 2.834933166503906e+02, 2.933952331542969e+02, 2.831499938964844e+02, 2.831499938964844e+02, 2.831499938964844e+02, 2.831499938964844e+02, 2.831499938964844e+02, 2.831499938964844e+02, 2.831499938964844e+02, 2.831499938964844e+02, 2.831499938964844e+02, 2.831499938964844e+02, 2.831499938964844e+02, 2.831499938964844e+02, 2.831499938964844e+02, 2.831499938964844e+02, 2.831499938964844e+02, 2.831499938964844e+02, 2.831499938964844e+02, 2.831499938964844e+02, 2.831499938964844e+02, 2.831499938964844e+02, 2.831499938964844e+02, 2.831499938964844e+02, 2.831499938964844e+02, 2.831499938964844e+02, 2.831499938964844e+02, 3.031499938964844e+02, 3.031499938964844e+02, 3.031499938964844e+02, 3.031499938964844e+02, 3.031499938964844e+02, 3.031499938964844e+02, 3.031499938964844e+02, 3.031499938964844e+02, 2.831499938964844e+02, 2.831499938964844e+02, 2.831499938964844e+02, 2.831499938964844e+02, 2.831499938964844e+02, 2.831499938964844e+02, 2.831499938964844e+02, 2.831499938964844e+02, 2.831499938964844e+02, 2.831499938964844e+02, 2.831499938964844e+02, 2.831499938964844e+02, 2.831499938964844e+02, 2.831499938964844e+02, 2.831499938964844e+02, 2.842392578125e+02, 2.946587524414062e+02, 2.831499938964844e+02, 2.831499938964844e+02, 2.831499938964844e+02, 2.831499938964844e+02, 2.831499938964844e+02, 2.831499938964844e+02, 2.831499938964844e+02, 2.831499938964844e+02, 2.831499938964844e+02, 2.831499938964844e+02, 2.831499938964844e+02]
hea.Q_flow=[0e+00, 1.129679977893829e-01, 1.129679977893829e-01, 1.129679977893829e-01, 1.129679977893829e-01, 1.129679977893829e-01, 1.129679977893829e-01, 1.129679977893829e-01, 1.129679977893829e-01, 1.129679977893829e-01, 1.129679977893829e-01, 1.129679977893829e-01, 1.129679977893829e-01, 1.129679977893829e-01, 1.129679977893829e-01, 9.988703155517578e+01, 9.988703155517578e+01, 9.988703155517578e+01, 9.988703155517578e+01, 9.988703155517578e+01, 1.129679977893829e-01, 1.129679977893829e-01, 1.129679977893829e-01, 1.129679977893829e-01, 1.129679977893829e-01, 1.129679977893829e-01, 1.129679977893829e-01, 1.129679977893829e-01, 1.129679977893829e-01, 1.129679977893829e-01, 1.129679977893829e-01, 1.129679977893829e-01, 1.129679977893829e-01, 1.129679977893829e-01, 1.129679977893829e-01, 1.129679977893829e-01, 1.129679977893829e-01, 1.129679977893829e-01, 1.129679977893829e-01, 9.988703155517578e+01, 1.129679977893829e-01, 1.129679977893829e-01, 1.129679977893829e-01, 1.129679977893829e-01, 1.129679977893829e-01, 1.129679977893829e-01, 1.129679977893829e-01, 1.129679977893829e-01, 1.129679977893829e-01, 1.129679977893829e-01, 1.129679977893829e-01, 1.129679977893829e-01, 1.129679977893829e-01, 1.129679977893829e-01, 1.129679977893829e-01, 1.129679977893829e-01, 1.129679977893829e-01, 1.129679977893829e-01, 1.129679977893829e-01, 1.129679977893829e-01, 1.129679977893829e-01, 1.129679977893829e-01, 1.129679977893829e-01, 1.129679977893829e-01, 1.129679977893829e-01, 9.988703155517578e+01, 9.988703155517578e+01, 9.988703155517578e+01, 9.988703155517578e+01, 9.988703155517578e+01, 9.988703155517578e+01, 9.988703155517578e+01, 9.988703155517578e+01, 1.129679977893829e-01, 1.129679977893829e-01, 1.129679977893829e-01, 1.129679977893829e-01, 1.129679977893829e-01, 1.129679977893829e-01, 1.129679977893829e-01, 1.129679977893829e-01, 1.129679977893829e-01, 1.129679977893829e-01, 1.129679977893829e-01, 1.129679977893829e-01, 1.129679977893829e-01, 1.129679977893829e-01, 1.129679977893829e-01, 1.129679977893829e-01, 9.988703155517578e+01, 1.129679977893829e-01, 1.129679977893829e-01, 1.129679977893829e-01, 1.129679977893829e-01, 1.129679977893829e-01, 1.129679977893829e-01, 1.129679977893829e-01, 1.129679977893829e-01, 1.129679977893829e-01, 1.129679977893829e-01, 1.129679977893829e-01]
