last-generated=2017-03-31
statistics-simulation=
{
  "numerical Jacobians": "0", 
  "nonlinear": "1", 
  "linear": " "
}
HDifTilIso.HGroDifTil=[9.999999747378752e-06, 9.999999747378752e-06, 9.999999747378752e-06, 9.999999747378752e-06, 9.999999747378752e-06, 9.999999747378752e-06, 9.999999747378752e-06, 9.999999747378752e-06, 9.999999747378752e-06, 9.999999747378752e-06, 9.999999747378752e-06, 9.999999747378752e-06, 9.999999747378752e-06, 9.999999747378752e-06, 9.999999747378752e-06, 9.999999747378752e-06, 9.999999747378752e-06, 9.999999747378752e-06, 9.999999747378752e-06, 9.999999747378752e-06, 9.999999747378752e-06, 9.999999747378752e-06, 9.999999747378752e-06, 9.999999747378752e-06, 9.999999747378752e-06, 9.999999747378752e-06, 9.999999747378752e-06, 9.999999747378752e-06, 9.999999747378752e-06, 9.999999747378752e-06, 9.999999747378752e-06, 9.999999747378752e-06, 9.999999747378752e-06, 9.999999747378752e-06, 9.999999747378752e-06, 9.999999747378752e-06, 9.999999747378752e-06, 9.999999747378752e-06, 9.999999747378752e-06, 9.999999747378752e-06, 9.999999747378752e-06, 9.999999747378752e-06, 9.999999747378752e-06, 9.999999747378752e-06, 9.999999747378752e-06, 9.999999747378752e-06, 9.999999747378752e-06, 9.999999747378752e-06, 9.999999747378752e-06, 9.999999747378752e-06, 9.999999747378752e-06, 9.999999747378752e-06, 9.999999747378752e-06, 9.999999747378752e-06, 9.999999747378752e-06, 9.999999747378752e-06, 9.999999747378752e-06, 9.999999747378752e-06, 9.999999747378752e-06, 9.999999747378752e-06, 9.999999747378752e-06, 9.999999747378752e-06, 9.999999747378752e-06, 9.999999747378752e-06, 9.999999747378752e-06, 9.999999747378752e-06, 9.999999747378752e-06, 9.999999747378752e-06, 9.999999747378752e-06, 9.999999747378752e-06, 9.999999747378752e-06, 9.999999747378752e-06, 9.999999747378752e-06, 9.999999747378752e-06, 9.999999747378752e-06, 9.999999747378752e-06, 9.999999747378752e-06, 9.999999747378752e-06, 9.999999747378752e-06, 9.999999747378752e-06, 9.999999747378752e-06, 9.999999747378752e-06, 9.999999747378752e-06, 9.999999747378752e-06, 9.999999747378752e-06, 9.999999747378752e-06, 9.999999747378752e-06, 9.999999747378752e-06, 9.999999747378752e-06, 9.999999747378752e-06, 9.999999747378752e-06, 9.999999747378752e-06, 9.999999747378752e-06, 9.999999747378752e-06, 9.999999747378752e-06, 9.999999747378752e-06, 9.999999747378752e-06, 9.999999747378752e-06, 9.999999747378752e-06, 9.999999747378752e-06, 9.999999747378752e-06]
HDifTilIso.HSkyDifTil=[4.999999873689376e-05, 4.999999873689376e-05, 4.999999873689376e-05, 4.999999873689376e-05, 4.999999873689376e-05, 4.999999873689376e-05, 4.999999873689376e-05, 4.999999873689376e-05, 4.999999873689376e-05, 4.999999873689376e-05, 4.999999873689376e-05, 4.999999873689376e-05, 4.999999873689376e-05, 4.999999873689376e-05, 4.999999873689376e-05, 4.999999873689376e-05, 4.999999873689376e-05, 4.999999873689376e-05, 4.999999873689376e-05, 4.999999873689376e-05, 4.999999873689376e-05, 4.999999873689376e-05, 4.999999873689376e-05, 4.999999873689376e-05, 4.999999873689376e-05, 4.999999873689376e-05, 4.999999873689376e-05, 4.999999873689376e-05, 4.999999873689376e-05, 4.999999873689376e-05, 4.999999873689376e-05, 4.999999873689376e-05, 4.999999873689376e-05, 4.999999873689376e-05, 4.999999873689376e-05, 4.999999873689376e-05, 4.999999873689376e-05, 4.999999873689376e-05, 4.999999873689376e-05, 4.999999873689376e-05, 4.999999873689376e-05, 4.999999873689376e-05, 4.999999873689376e-05, 4.999999873689376e-05, 4.999999873689376e-05, 4.999999873689376e-05, 4.999999873689376e-05, 4.999999873689376e-05, 4.999999873689376e-05, 4.999999873689376e-05, 4.999999873689376e-05, 4.999999873689376e-05, 4.999999873689376e-05, 4.999999873689376e-05, 4.999999873689376e-05, 4.999999873689376e-05, 4.999999873689376e-05, 4.999999873689376e-05, 4.999999873689376e-05, 4.999999873689376e-05, 4.999999873689376e-05, 4.999999873689376e-05, 4.999999873689376e-05, 4.999999873689376e-05, 4.999999873689376e-05, 4.999999873689376e-05, 4.999999873689376e-05, 4.999999873689376e-05, 4.999999873689376e-05, 4.999999873689376e-05, 4.999999873689376e-05, 4.999999873689376e-05, 4.999999873689376e-05, 4.999999873689376e-05, 4.999999873689376e-05, 4.999999873689376e-05, 4.999999873689376e-05, 4.999999873689376e-05, 4.999999873689376e-05, 4.999999873689376e-05, 4.999999873689376e-05, 4.999999873689376e-05, 4.999999873689376e-05, 4.999999873689376e-05, 4.999999873689376e-05, 4.999999873689376e-05, 4.999999873689376e-05, 4.999999873689376e-05, 4.999999873689376e-05, 4.999999873689376e-05, 4.999999873689376e-05, 4.999999873689376e-05, 4.999999873689376e-05, 4.999999873689376e-05, 4.999999873689376e-05, 4.999999873689376e-05, 4.999999873689376e-05, 4.999999873689376e-05, 4.999999873689376e-05, 4.999999873689376e-05, 4.999999873689376e-05]
time=[0e+00, 8.64e+06]
