last-generated=2023-06-22
statistics-initialization=
{
  "nonlinear": "5",
  "numerical Jacobians": "0"
}
statistics-simulation=
{
  "linear": "0, 0, 0, 0, 0, 0",
  "nonlinear": "1",
  "number of continuous time states": "22",
  "numerical Jacobians": "0"
}
time=[0e+00, 8.64e+04]
vol.T_start=[2.931499938964844e+02, 2.931499938964844e+02]
vol.T=[2.931499938964844e+02, 2.913200378417969e+02, 2.884480285644531e+02, 2.887822570800781e+02, 2.909277648925781e+02, 2.926346435546875e+02, 2.936609497070312e+02, 2.940799255371094e+02, 2.93974853515625e+02, 2.93597412109375e+02, 2.932155456542969e+02, 2.929962158203125e+02, 2.929686279296875e+02, 2.930616455078125e+02, 2.931617126464844e+02, 2.932040710449219e+02, 2.931949768066406e+02, 2.931771850585938e+02, 2.93187744140625e+02, 2.932216491699219e+02, 2.932486267089844e+02, 2.932379150390625e+02, 2.931899108886719e+02, 2.931427307128906e+02, 2.931174926757812e+02, 2.931165466308594e+02, 2.93130615234375e+02, 2.931475524902344e+02, 2.931587829589844e+02, 2.931616821289062e+02, 2.931633911132812e+02, 2.931878967285156e+02, 2.932319030761719e+02, 2.932740783691406e+02, 2.945757141113281e+02, 2.907546691894531e+02, 2.923727111816406e+02, 2.944879760742188e+02, 2.907825012207031e+02, 2.934735717773438e+02, 2.939822387695312e+02, 2.914684753417969e+02, 2.950768127441406e+02, 2.924893493652344e+02, 2.933786926269531e+02, 2.943271789550781e+02, 2.915674133300781e+02, 2.95049560546875e+02, 2.930525817871094e+02, 2.927102661132812e+02, 2.948597717285156e+02, 2.991549377441406e+02, 2.964797973632812e+02, 2.961537780761719e+02, 2.965120239257812e+02, 2.969516296386719e+02, 2.973929443359375e+02, 2.978080444335938e+02, 2.98162109375e+02, 2.984178161621094e+02, 2.985978698730469e+02, 2.91004638671875e+02, 2.919756164550781e+02, 2.944005737304688e+02, 2.930098876953125e+02, 2.9190625e+02, 2.942410583496094e+02, 2.932866821289062e+02, 2.917627258300781e+02, 2.941209411621094e+02, 2.934724426269531e+02, 2.91683349609375e+02, 2.94010986328125e+02, 2.935622253417969e+02, 2.916187744140625e+02, 2.938835754394531e+02, 2.929515075683594e+02, 2.931065979003906e+02, 2.932565002441406e+02, 2.932757873535156e+02, 2.932199096679688e+02, 2.932281188964844e+02, 2.93305908203125e+02, 2.933609619140625e+02, 2.932981872558594e+02, 2.931333923339844e+02, 2.929737243652344e+02, 2.929155578613281e+02, 2.929962158203125e+02, 2.931709289550781e+02, 2.933313598632812e+02, 2.933875732421875e+02, 2.93307861328125e+02, 2.93141357421875e+02, 2.929927673339844e+02, 2.929327392578125e+02, 2.929724731445312e+02, 2.930796203613281e+02, 2.931938781738281e+02, 2.932556762695312e+02, 2.932381591796875e+02]
temSup.T=[3.231499938964844e+02, 3.106171875e+02, 3.093829040527344e+02, 3.132868957519531e+02, 3.169764404296875e+02, 3.187959289550781e+02, 3.19709228515625e+02, 3.196150817871094e+02, 3.189046020507812e+02, 3.180753173828125e+02, 3.17490234375e+02, 3.172694091796875e+02, 3.173227233886719e+02, 3.174752197265625e+02, 3.175864868164062e+02, 3.17610595703125e+02, 3.175769653320312e+02, 3.175323486328125e+02, 3.174964599609375e+02, 3.174547424316406e+02, 3.173860473632812e+02, 3.172902221679688e+02, 3.171960144042969e+02, 3.171384582519531e+02, 3.17127685546875e+02, 3.171496887207031e+02, 3.171817626953125e+02, 3.17205810546875e+02, 3.172145690917969e+02, 3.172102661132812e+02, 3.171998901367188e+02, 3.171844482421875e+02, 3.171478576660156e+02, 3.17071044921875e+02, 3.101788940429687e+02, 3.032451171874999e+02, 3.146302185058594e+02, 3.092901611328125e+02, 3.057174987792969e+02, 3.160380554199219e+02, 3.064866027832031e+02, 3.106755981445312e+02, 3.113131408691406e+02, 3.0268017578125e+02, 3.144141540527344e+02, 3.060627746582031e+02, 3.082220764160156e+02, 3.107951354980469e+02, 3.026421813964844e+02, 3.117055358886719e+02, 3.066075134277344e+02, 2.956800842285156e+02, 2.921990661621094e+02, 2.935223999023438e+02, 2.943098449707031e+02, 2.94916259765625e+02, 2.95430908203125e+02, 2.958881530761719e+02, 2.962960815429688e+02, 2.966453247070312e+02, 2.969270935058594e+02, 2.993716125488281e+02, 3.06685302734375e+02, 3.078808898925781e+02, 3.011235961914062e+02, 3.058184204101562e+02, 3.094154357910156e+02, 3.016672973632812e+02, 3.052993164062501e+02, 3.095836181640625e+02, 3.020465087890626e+02, 3.048843383789062e+02, 3.095948791503906e+02, 3.0235498046875e+02, 3.049035339355469e+02, 3.097867431640625e+02, 3.111002502441406e+02, 3.116136779785156e+02, 3.1179150390625e+02, 3.117460327148438e+02, 3.116216125488281e+02, 3.115132446289062e+02, 3.113937377929688e+02, 3.112002258300781e+02, 3.109453430175781e+02, 3.107439270019531e+02, 3.107177429199219e+02, 3.108871459960938e+02, 3.111536865234375e+02, 3.113601989746094e+02, 3.1138525390625e+02, 3.112141723632812e+02, 3.109425354003906e+02, 3.107259216308594e+02, 3.106852416992188e+02, 3.108321838378906e+02, 3.110814514160156e+02, 3.113146667480469e+02, 3.114401245117188e+02, 3.114307861328125e+02, 3.113302307128906e+02]
temRet.T=[3.231499938964844e+02, 3.088756408691406e+02, 3.059268493652344e+02, 3.085649108886719e+02, 3.122654418945312e+02, 3.142854614257812e+02, 3.153910522460938e+02, 3.155637512207031e+02, 3.150523071289062e+02, 3.143060913085938e+02, 3.137033996582031e+02, 3.134188537597656e+02, 3.134170532226562e+02, 3.135504455566406e+02, 3.136726989746094e+02, 3.137158508300781e+02, 3.136943664550781e+02, 3.136542358398438e+02, 3.136253356933594e+02, 3.136004333496094e+02, 3.135559387207031e+02, 3.134810485839844e+02, 3.133934631347656e+02, 3.133300476074219e+02, 3.133085021972656e+02, 3.133215026855469e+02, 3.133495483398438e+02, 3.133743286132812e+02, 3.133863525390625e+02, 3.133854370117188e+02, 3.133778076171875e+02, 3.133708801269531e+02, 3.133544311523438e+02, 3.133082580566406e+02, 3.100650634765624e+02, 3.014334106445313e+02, 3.099525146484375e+02, 3.091911926269531e+02, 3.011030883789062e+02, 3.113539123535156e+02, 3.064140014648438e+02, 3.052481689453125e+02, 3.111996459960938e+02, 3.026194152832031e+02, 3.0973974609375e+02, 3.060051574707031e+02, 3.029066772460938e+02, 3.107112426757812e+02, 3.025961608886719e+02, 3.070807800292969e+02, 3.065560302734375e+02, 3.010364685058594e+02, 2.922841796875e+02, 2.93592529296875e+02, 2.943824462890625e+02, 2.94993896484375e+02, 2.955140686035156e+02, 2.959765930175781e+02, 2.963890380859375e+02, 2.967413330078125e+02, 2.970251159667969e+02, 2.963317260742188e+02, 3.035948791503906e+02, 3.070166931152344e+02, 3.010943298339844e+02, 3.025890197753906e+02, 3.0693310546875e+02, 3.016385803222656e+02, 3.019674987792969e+02, 3.068748474121094e+02, 3.020179443359376e+02, 3.014807434082031e+02, 3.06809326171875e+02, 3.023249816894531e+02, 3.01449951171875e+02, 3.069169616699219e+02, 3.082421875e+02, 3.087606811523438e+02, 3.089859619140625e+02, 3.08984375e+02, 3.088773193359375e+02, 3.087842712402344e+02, 3.087062377929688e+02, 3.08573974609375e+02, 3.083621826171875e+02, 3.081505432128906e+02, 3.080646057128906e+02, 3.081603088378906e+02, 3.08383056640625e+02, 3.086025695800781e+02, 3.086884765625e+02, 3.085912170410156e+02, 3.083651123046875e+02, 3.081393127441406e+02, 3.080440673828125e+02, 3.081229248046875e+02, 3.08322265625e+02, 3.085413513183594e+02, 3.086871948242188e+02, 3.08714111328125e+02, 3.086410827636719e+02]
revCarWitLosHeaPum.refCyc.sigBus.hea=[1e+00, 1e+00, 1e+00, 1e+00, 1e+00, 1e+00, 1e+00, 1e+00, 1e+00, 1e+00, 1e+00, 1e+00, 1e+00, 1e+00, 1e+00, 1e+00, 1e+00, 1e+00, 1e+00, 1e+00, 1e+00, 1e+00, 1e+00, 1e+00, 1e+00, 1e+00, 1e+00, 1e+00, 1e+00, 1e+00, 1e+00, 1e+00, 1e+00, 1e+00, 0e+00, 1e+00, 1e+00, 0e+00, 1e+00, 1e+00, 0e+00, 1e+00, 0e+00, 0e+00, 1e+00, 0e+00, 1e+00, 0e+00, 0e+00, 1e+00, 0e+00, 0e+00, 0e+00, 0e+00, 0e+00, 0e+00, 0e+00, 0e+00, 0e+00, 0e+00, 0e+00, 1e+00, 1e+00, 0e+00, 0e+00, 1e+00, 0e+00, 0e+00, 1e+00, 1e+00, 0e+00, 1e+00, 1e+00, 0e+00, 1e+00, 1e+00, 1e+00, 1e+00, 1e+00, 1e+00, 1e+00, 1e+00, 1e+00, 1e+00, 1e+00, 1e+00, 1e+00, 1e+00, 1e+00, 1e+00, 1e+00, 1e+00, 1e+00, 1e+00, 1e+00, 1e+00, 1e+00, 1e+00, 1e+00, 1e+00, 1e+00]
revCarWitLosHeaPum.refCyc.sigBus.onOffMea=[1e+00, 1e+00, 1e+00, 1e+00, 1e+00, 1e+00, 1e+00, 1e+00, 1e+00, 1e+00, 1e+00, 1e+00, 1e+00, 1e+00, 1e+00, 1e+00, 1e+00, 1e+00, 1e+00, 1e+00, 1e+00, 1e+00, 1e+00, 1e+00, 1e+00, 1e+00, 1e+00, 1e+00, 1e+00, 1e+00, 1e+00, 1e+00, 1e+00, 1e+00, 0e+00, 9.999999999999509e-01, 1e+00, 0e+00, 1e+00, 1e+00, 0e+00, 1e+00, 0e+00, 0e+00, 1e+00, 0e+00, 1e+00, 0e+00, 0e+00, 1e+00, 0e+00, 1e+00, 0e+00, 0e+00, 0e+00, 0e+00, 0e+00, 0e+00, 0e+00, 0e+00, 0e+00, 1e+00, 1e+00, 0e+00, 0e+00, 1e+00, 0e+00, 0e+00, 1e+00, 1e+00, 0e+00, 1e+00, 1e+00, 0e+00, 1e+00, 1e+00, 1e+00, 1e+00, 1e+00, 1e+00, 1e+00, 1e+00, 1e+00, 1e+00, 1e+00, 1e+00, 1e+00, 1e+00, 1e+00, 1e+00, 1e+00, 1e+00, 1e+00, 1e+00, 1e+00, 1e+00, 1e+00, 1e+00, 1e+00, 1e+00, 1e+00]
