last-generated=2021-07-27
statistics-simulation=
{
  "linear": " ",
  "nonlinear": " ",
  "number of continuous time states": "9",
  "numerical Jacobians": "0"
}
time=[0e+00, 1e+03]
senTemIn.T=[3.231499938964844e+02, 3.231499938964844e+02, 3.231499938964844e+02, 3.231499938964844e+02, 3.231499938964844e+02, 3.231499938964844e+02, 3.231499938964844e+02, 3.231499938964844e+02, 3.231499938964844e+02, 3.231499938964844e+02, 3.231499938964844e+02, 3.431497192382812e+02, 3.431499633789062e+02, 3.431499328613281e+02, 3.431499938964844e+02, 3.431499938964844e+02, 3.431499938964844e+02, 3.431499938964844e+02, 3.431499938964844e+02, 3.431499938964844e+02, 3.431499938964844e+02, 3.431499938964844e+02, 3.431499938964844e+02, 3.431499938964844e+02, 3.431499938964844e+02, 3.431499938964844e+02, 3.431499938964844e+02, 3.431499938964844e+02, 3.431499938964844e+02, 3.431499938964844e+02, 3.431499938964844e+02, 3.431499938964844e+02, 3.431499938964844e+02, 3.431499938964844e+02, 3.431499938964844e+02, 3.431499938964844e+02, 3.431499938964844e+02, 3.431499938964844e+02, 3.431499938964844e+02, 3.431499938964844e+02, 3.431499938964844e+02, 3.431499938964844e+02, 3.431499938964844e+02, 3.431499938964844e+02, 3.431499938964844e+02, 3.431499938964844e+02, 3.431499938964844e+02, 3.431499938964844e+02, 3.431499938964844e+02, 3.431499938964844e+02, 3.431499938964844e+02, 3.431499938964844e+02, 3.431499938964844e+02, 3.431499938964844e+02, 3.431499938964844e+02, 3.431499938964844e+02, 3.431499938964844e+02, 3.431499938964844e+02, 3.431499938964844e+02, 3.431499938964844e+02, 3.431499938964844e+02, 3.431499938964844e+02, 3.431499938964844e+02, 3.431499938964844e+02, 3.431499938964844e+02, 3.431499938964844e+02, 3.431499938964844e+02, 3.431499938964844e+02, 3.431499938964844e+02, 3.431499938964844e+02, 3.431499938964844e+02, 3.431499938964844e+02, 3.431499938964844e+02, 3.431499938964844e+02, 3.431499938964844e+02, 3.431499938964844e+02, 3.431499938964844e+02, 3.431499938964844e+02, 3.431499938964844e+02, 3.431499938964844e+02, 3.431499938964844e+02, 3.431499938964844e+02, 3.431499938964844e+02, 3.431499938964844e+02, 3.431499938964844e+02, 3.431499938964844e+02, 3.431499938964844e+02, 3.431499938964844e+02, 3.431499938964844e+02, 3.431499938964844e+02, 3.431499938964844e+02, 3.431499938964844e+02, 3.431499938964844e+02, 3.431499938964844e+02, 3.431499938964844e+02, 3.431499938964844e+02, 3.431499938964844e+02, 3.431499938964844e+02, 3.431499938964844e+02, 3.431499938964844e+02, 3.431499938964844e+02]
senTemInNoMix.T=[3.231499938964844e+02, 3.231499938964844e+02, 3.231499938964844e+02, 3.231499938964844e+02, 3.231499938964844e+02, 3.231499938964844e+02, 3.231499938964844e+02, 3.231499938964844e+02, 3.231499938964844e+02, 3.231499938964844e+02, 3.231499938964844e+02, 3.431497192382812e+02, 3.431499633789062e+02, 3.431499328613281e+02, 3.431499938964844e+02, 3.431499938964844e+02, 3.431499938964844e+02, 3.431499938964844e+02, 3.431499938964844e+02, 3.431499938964844e+02, 3.431499938964844e+02, 3.431499938964844e+02, 3.431499938964844e+02, 3.431499938964844e+02, 3.431499938964844e+02, 3.431499938964844e+02, 3.431499938964844e+02, 3.431499938964844e+02, 3.431499938964844e+02, 3.431499938964844e+02, 3.431499938964844e+02, 3.431499938964844e+02, 3.431499938964844e+02, 3.431499938964844e+02, 3.431499938964844e+02, 3.431499938964844e+02, 3.431499938964844e+02, 3.431499938964844e+02, 3.431499938964844e+02, 3.431499938964844e+02, 3.431499938964844e+02, 3.431499938964844e+02, 3.431499938964844e+02, 3.431499938964844e+02, 3.431499938964844e+02, 3.431499938964844e+02, 3.431499938964844e+02, 3.431499938964844e+02, 3.431499938964844e+02, 3.431499938964844e+02, 3.431499938964844e+02, 3.431499938964844e+02, 3.431499938964844e+02, 3.431499938964844e+02, 3.431499938964844e+02, 3.431499938964844e+02, 3.431499938964844e+02, 3.431499938964844e+02, 3.431499938964844e+02, 3.431499938964844e+02, 3.431499938964844e+02, 3.431499938964844e+02, 3.431499938964844e+02, 3.431499938964844e+02, 3.431499938964844e+02, 3.431499938964844e+02, 3.431499938964844e+02, 3.431499938964844e+02, 3.431499938964844e+02, 3.431499938964844e+02, 3.431499938964844e+02, 3.431499938964844e+02, 3.431499938964844e+02, 3.431499938964844e+02, 3.431499938964844e+02, 3.431499938964844e+02, 3.431499938964844e+02, 3.431499938964844e+02, 3.431499938964844e+02, 3.431499938964844e+02, 3.431499938964844e+02, 3.431499938964844e+02, 3.431499938964844e+02, 3.431499938964844e+02, 3.431499938964844e+02, 3.431499938964844e+02, 3.431499938964844e+02, 3.431499938964844e+02, 3.431499938964844e+02, 3.431499938964844e+02, 3.431499938964844e+02, 3.431499938964844e+02, 3.431499938964844e+02, 3.431499938964844e+02, 3.431499938964844e+02, 3.431499938964844e+02, 3.431499938964844e+02, 3.431499938964844e+02, 3.431499938964844e+02, 3.431499938964844e+02, 3.431499938964844e+02]
senTemOutNoMix.T=[3.231499938964844e+02, 3.229033203125e+02, 3.2290966796875e+02, 3.229161071777344e+02, 3.229225769042969e+02, 3.229290161132812e+02, 3.229354858398438e+02, 3.229419555664062e+02, 3.229483947753906e+02, 3.229548645019531e+02, 3.229613342285156e+02, 3.229677734375e+02, 3.229742431640625e+02, 3.22980712890625e+02, 3.229871826171875e+02, 3.2299365234375e+02, 3.230001220703125e+02, 3.23006591796875e+02, 3.230130615234375e+02, 3.2301953125e+02, 3.230260009765625e+02, 3.23032470703125e+02, 3.230389404296875e+02, 3.2304541015625e+02, 3.230518798828125e+02, 3.230583801269531e+02, 3.230644836425781e+02, 3.230661926269531e+02, 3.230651550292969e+02, 3.230655212402344e+02, 3.230654907226562e+02, 3.230654602050781e+02, 3.230654907226562e+02, 3.230654907226562e+02, 3.230654907226562e+02, 3.230654907226562e+02, 3.33330078125e+02, 3.430234680175781e+02, 3.430232238769531e+02, 3.43023193359375e+02, 3.430232238769531e+02, 3.430232238769531e+02, 3.430232238769531e+02, 3.430232238769531e+02, 3.430232238769531e+02, 3.430232238769531e+02, 3.430232238769531e+02, 3.430232238769531e+02, 3.430232238769531e+02, 3.430232238769531e+02, 3.430232238769531e+02, 3.430232238769531e+02, 3.430232238769531e+02, 3.430232238769531e+02, 3.430232238769531e+02, 3.430232238769531e+02, 3.430232238769531e+02, 3.430232238769531e+02, 3.430232238769531e+02, 3.430232238769531e+02, 3.430232238769531e+02, 3.430232238769531e+02, 3.430232238769531e+02, 3.430232238769531e+02, 3.430232238769531e+02, 3.430232238769531e+02, 3.430232238769531e+02, 3.430232238769531e+02, 3.430232238769531e+02, 3.430232238769531e+02, 3.430232238769531e+02, 3.430232238769531e+02, 3.430232238769531e+02, 3.430232238769531e+02, 3.430232238769531e+02, 3.430232238769531e+02, 3.430232238769531e+02, 3.430232238769531e+02, 3.430232238769531e+02, 3.430232238769531e+02, 3.430232238769531e+02, 3.430232238769531e+02, 3.430232238769531e+02, 3.430232238769531e+02, 3.430232238769531e+02, 3.430232238769531e+02, 3.430232238769531e+02, 3.430232238769531e+02, 3.430232238769531e+02, 3.430232238769531e+02, 3.430232238769531e+02, 3.430232238769531e+02, 3.430232238769531e+02, 3.430232238769531e+02, 3.430232238769531e+02, 3.430232238769531e+02, 3.430232238769531e+02, 3.430232238769531e+02, 3.430232238769531e+02, 3.430232238769531e+02, 3.430232238769531e+02]
senTemOut.T=[3.231499938964844e+02, 3.230867004394531e+02, 3.230397033691406e+02, 3.230066833496094e+02, 3.229840087890625e+02, 3.229689025878906e+02, 3.229594116210938e+02, 3.229540710449219e+02, 3.229518127441406e+02, 3.229518432617188e+02, 3.229535217285156e+02, 3.229564514160156e+02, 3.229602966308594e+02, 3.2296484375e+02, 3.229698791503906e+02, 3.229752807617188e+02, 3.2298095703125e+02, 3.229868774414062e+02, 3.22992919921875e+02, 3.229990844726562e+02, 3.230053405761719e+02, 3.230116271972656e+02, 3.230179748535156e+02, 3.230243530273438e+02, 3.2303076171875e+02, 3.230371704101562e+02, 3.230435180664062e+02, 3.230491333007812e+02, 3.23053466796875e+02, 3.230566101074219e+02, 3.230588684082031e+02, 3.230605773925781e+02, 3.230618591308594e+02, 3.230628356933594e+02, 3.230635375976562e+02, 3.230640563964844e+02, 3.232364807128906e+02, 3.282809753417969e+02, 3.321287841796875e+02, 3.349724731445312e+02, 3.370739440917969e+02, 3.386268310546875e+02, 3.397744445800781e+02, 3.406226806640625e+02, 3.412493896484375e+02, 3.417123107910156e+02, 3.420543823242188e+02, 3.423072509765625e+02, 3.424940795898438e+02, 3.426320190429688e+02, 3.4273388671875e+02, 3.428092041015625e+02, 3.428649597167969e+02, 3.4290625e+02, 3.42936767578125e+02, 3.429592895507812e+02, 3.429759216308594e+02, 3.429882507324219e+02, 3.429973754882812e+02, 3.430041198730469e+02, 3.430090942382812e+02, 3.430126953125e+02, 3.430151977539062e+02, 3.430171508789062e+02, 3.430185546875e+02, 3.430197448730469e+02, 3.430206909179688e+02, 3.430213928222656e+02, 3.430219116210938e+02, 3.430222473144531e+02, 3.430224914550781e+02, 3.430226440429688e+02, 3.430227661132812e+02, 3.430228881835938e+02, 3.430229797363281e+02, 3.430230407714844e+02, 3.430231018066406e+02, 3.430231323242188e+02, 3.430231628417969e+02, 3.430231323242188e+02, 3.430231018066406e+02, 3.430230712890625e+02, 3.430230407714844e+02, 3.4302294921875e+02, 3.430228881835938e+02, 3.430228881835938e+02, 3.430228576660156e+02, 3.430228576660156e+02, 3.430229187011719e+02, 3.4302294921875e+02, 3.430230102539062e+02, 3.430230407714844e+02, 3.430231018066406e+02, 3.430231628417969e+02, 3.43023193359375e+02, 3.430232238769531e+02, 3.430232238769531e+02, 3.430232238769531e+02, 3.43023193359375e+02, 3.43023193359375e+02, 3.43023193359375e+02]
