last-generated=2021-07-19
statistics-simulation=
{
  "linear": " ",
  "nonlinear": " ",
  "number of continuous time states": "4",
  "numerical Jacobians": "0"
}
time=[0e+00, 1e+03]
senTemIn.T=[3.231499938964844e+02, 3.231499938964844e+02, 3.231499938964844e+02, 3.231499938964844e+02, 3.231499938964844e+02, 3.231499938964844e+02, 3.231499938964844e+02, 3.231499938964844e+02, 3.231499938964844e+02, 3.231499938964844e+02, 3.231499938964844e+02, 3.4314990234375e+02, 3.431499938964844e+02, 3.431499938964844e+02, 3.431499938964844e+02, 3.431499938964844e+02, 3.431499938964844e+02, 3.431499938964844e+02, 3.431499938964844e+02, 3.431499938964844e+02, 3.431499938964844e+02, 3.431499938964844e+02, 3.431499938964844e+02, 3.431499938964844e+02, 3.431499938964844e+02, 3.431499938964844e+02, 3.431499938964844e+02, 3.431499938964844e+02, 3.431499938964844e+02, 3.431499938964844e+02, 3.431499938964844e+02, 3.431499938964844e+02, 3.431499938964844e+02, 3.431499938964844e+02, 3.431499938964844e+02, 3.431499938964844e+02, 3.431499938964844e+02, 3.431499938964844e+02, 3.431499938964844e+02, 3.431499938964844e+02, 3.431499938964844e+02, 3.431499938964844e+02, 3.431499938964844e+02, 3.431499938964844e+02, 3.431499938964844e+02, 3.431499938964844e+02, 3.431499938964844e+02, 3.431499938964844e+02, 3.431499938964844e+02, 3.431499938964844e+02, 3.431499938964844e+02, 3.431499938964844e+02, 3.431499938964844e+02, 3.431499938964844e+02, 3.431499938964844e+02, 3.431499938964844e+02, 3.431499938964844e+02, 3.431499938964844e+02, 3.431499938964844e+02, 3.431499938964844e+02, 3.431499938964844e+02, 3.431499938964844e+02, 3.431499938964844e+02, 3.431499938964844e+02, 3.431499938964844e+02, 3.431499938964844e+02, 3.431499938964844e+02, 3.431499938964844e+02, 3.431499938964844e+02, 3.431499938964844e+02, 3.431499938964844e+02, 3.431499938964844e+02, 3.431499938964844e+02, 3.431499938964844e+02, 3.431499938964844e+02, 3.431499938964844e+02, 3.431499938964844e+02, 3.431499938964844e+02, 3.431499938964844e+02, 3.431499938964844e+02, 3.431499938964844e+02, 3.431499938964844e+02, 3.431499938964844e+02, 3.431499938964844e+02, 3.431499938964844e+02, 3.431499938964844e+02, 3.431499938964844e+02, 3.431499938964844e+02, 3.431499938964844e+02, 3.431499938964844e+02, 3.431499938964844e+02, 3.431499938964844e+02, 3.431499938964844e+02, 3.431499938964844e+02, 3.431499938964844e+02, 3.431499938964844e+02, 3.431499938964844e+02, 3.431499938964844e+02, 3.431499938964844e+02, 3.431499938964844e+02, 3.431499938964844e+02]
senTemOut.T=[3.231499938964844e+02, 3.229031982421875e+02, 3.229096374511719e+02, 3.229161376953125e+02, 3.229225769042969e+02, 3.229290161132812e+02, 3.229354858398438e+02, 3.229419250488281e+02, 3.229483947753906e+02, 3.229548645019531e+02, 3.229613342285156e+02, 3.229677734375e+02, 3.229742431640625e+02, 3.22980712890625e+02, 3.229871826171875e+02, 3.2299365234375e+02, 3.230001220703125e+02, 3.23006591796875e+02, 3.230130615234375e+02, 3.2301953125e+02, 3.230260009765625e+02, 3.23032470703125e+02, 3.230389404296875e+02, 3.2304541015625e+02, 3.230518798828125e+02, 3.230579223632812e+02, 3.23063720703125e+02, 3.230654907226562e+02, 3.230654907226562e+02, 3.230654907226562e+02, 3.230654907226562e+02, 3.230654907226562e+02, 3.230654907226562e+02, 3.230654907226562e+02, 3.230654907226562e+02, 3.230654907226562e+02, 3.333289489746094e+02, 3.430232238769531e+02, 3.430232238769531e+02, 3.43023193359375e+02, 3.430232238769531e+02, 3.430232238769531e+02, 3.430232238769531e+02, 3.430232238769531e+02, 3.430232238769531e+02, 3.430232238769531e+02, 3.430232238769531e+02, 3.430232238769531e+02, 3.430232238769531e+02, 3.430232238769531e+02, 3.430232238769531e+02, 3.430232238769531e+02, 3.430232238769531e+02, 3.430232238769531e+02, 3.430232238769531e+02, 3.430232238769531e+02, 3.430232238769531e+02, 3.430232238769531e+02, 3.430232238769531e+02, 3.430232238769531e+02, 3.430232238769531e+02, 3.430232238769531e+02, 3.430232238769531e+02, 3.430232238769531e+02, 3.430232238769531e+02, 3.430232238769531e+02, 3.430232238769531e+02, 3.430232238769531e+02, 3.430232238769531e+02, 3.430232238769531e+02, 3.430232238769531e+02, 3.430232238769531e+02, 3.430232238769531e+02, 3.430232238769531e+02, 3.430232238769531e+02, 3.430232238769531e+02, 3.430232238769531e+02, 3.430232238769531e+02, 3.430232238769531e+02, 3.430232238769531e+02, 3.430232238769531e+02, 3.430232238769531e+02, 3.430232238769531e+02, 3.430232238769531e+02, 3.430232238769531e+02, 3.430232238769531e+02, 3.430232238769531e+02, 3.430232238769531e+02, 3.430232238769531e+02, 3.430232238769531e+02, 3.430232238769531e+02, 3.430232238769531e+02, 3.430232238769531e+02, 3.430232238769531e+02, 3.430232238769531e+02, 3.430232238769531e+02, 3.430232238769531e+02, 3.430232238769531e+02, 3.430232238769531e+02, 3.430232238769531e+02, 3.430232238769531e+02]
