last-generated=2017-03-31
statistics-simulation=
{
  "numerical Jacobians": "0", 
  "nonlinear": " ", 
  "number of continuous time states": "8", 
  "linear": " "
}
volA.T=[2.911499938964844e+02, 2.912300109863281e+02, 2.913079833984375e+02, 2.913840942382812e+02, 2.914584045410156e+02, 2.91531005859375e+02, 2.916019592285156e+02, 2.9167138671875e+02, 2.917393188476562e+02, 2.918057861328125e+02, 2.91870849609375e+02, 2.919346008300781e+02, 2.919970397949219e+02, 2.920582275390625e+02, 2.921182250976562e+02, 2.921770629882812e+02, 2.922348022460938e+02, 2.922914733886719e+02, 2.923471374511719e+02, 2.924018249511719e+02, 2.924556274414062e+02, 2.925085754394531e+02, 2.925607604980469e+02, 2.926121826171875e+02, 2.926629028320312e+02, 2.927130432128906e+02, 2.927626037597656e+02, 2.928116455078125e+02, 2.928602600097656e+02, 2.929085083007812e+02, 2.929564514160156e+02, 2.93004150390625e+02, 2.930516662597656e+02, 2.930990600585938e+02, 2.931463928222656e+02, 2.931936950683594e+02, 2.932409362792969e+02, 2.932880554199219e+02, 2.933350219726562e+02, 2.933817138671875e+02, 2.934281616210938e+02, 2.934742431640625e+02, 2.935199279785156e+02, 2.93565185546875e+02, 2.936099548339844e+02, 2.936542053222656e+02, 2.936979064941406e+02, 2.937410278320312e+02, 2.937835693359375e+02, 2.93825439453125e+02, 2.9386669921875e+02, 2.938603515625e+02, 2.938541259765625e+02, 2.938479614257812e+02, 2.938419189453125e+02, 2.938359680175781e+02, 2.938301391601562e+02, 2.938243713378906e+02, 2.938186950683594e+02, 2.938130798339844e+02, 2.938075866699219e+02, 2.938021545410156e+02, 2.937968139648438e+02, 2.937915649414062e+02, 2.93786376953125e+02, 2.937812805175781e+02, 2.937762451171875e+02, 2.937713012695312e+02, 2.937664184570312e+02, 2.937615966796875e+02, 2.937568664550781e+02, 2.937521667480469e+02, 2.9374755859375e+02, 2.937430419921875e+02, 2.937385559082031e+02, 2.93734130859375e+02, 2.937297668457031e+02, 2.937254943847656e+02, 2.937212524414062e+02, 2.937170715332031e+02, 2.937129516601562e+02, 2.937088928222656e+02, 2.937048645019531e+02, 2.937008972167969e+02, 2.93697021484375e+02, 2.936931457519531e+02, 2.936893615722656e+02, 2.936856079101562e+02, 2.936819152832031e+02, 2.936782531738281e+02, 2.936746520996094e+02, 2.936710815429688e+02, 2.936675720214844e+02, 2.936640930175781e+02, 2.936606750488281e+02, 2.936572875976562e+02, 2.936539306640625e+02, 2.93650634765625e+02, 2.936473999023438e+02, 2.936441650390625e+02, 2.936409912109375e+02]
volOut.T=[2.931499938964844e+02, 2.931499938964844e+02, 2.931499938964844e+02, 2.931499938964844e+02, 2.931499938964844e+02, 2.931499938964844e+02, 2.931499938964844e+02, 2.931499938964844e+02, 2.931499938964844e+02, 2.931499938964844e+02, 2.931499938964844e+02, 2.931499938964844e+02, 2.931499938964844e+02, 2.931499938964844e+02, 2.931499938964844e+02, 2.931499938964844e+02, 2.931499938964844e+02, 2.931499938964844e+02, 2.931499938964844e+02, 2.931499938964844e+02, 2.931499938964844e+02, 2.931499938964844e+02, 2.931499938964844e+02, 2.931499938964844e+02, 2.931499938964844e+02, 2.931499938964844e+02, 2.931499938964844e+02, 2.931499938964844e+02, 2.931499938964844e+02, 2.931499938964844e+02, 2.931499938964844e+02, 2.931499938964844e+02, 2.931499938964844e+02, 2.931499938964844e+02, 2.931499938964844e+02, 2.931499938964844e+02, 2.931499938964844e+02, 2.931499938964844e+02, 2.931499938964844e+02, 2.931499938964844e+02, 2.931499938964844e+02, 2.931499938964844e+02, 2.931499938964844e+02, 2.931499938964844e+02, 2.931499938964844e+02, 2.931499938964844e+02, 2.931499938964844e+02, 2.931499938964844e+02, 2.931499938964844e+02, 2.931499938964844e+02, 2.931499938964844e+02, 2.931499938964844e+02, 2.931499938964844e+02, 2.931499938964844e+02, 2.931499938964844e+02, 2.931499938964844e+02, 2.931499938964844e+02, 2.931499938964844e+02, 2.931499938964844e+02, 2.931499938964844e+02, 2.931499938964844e+02, 2.931499938964844e+02, 2.931499938964844e+02, 2.931499938964844e+02, 2.931499938964844e+02, 2.931499938964844e+02, 2.931499938964844e+02, 2.931499938964844e+02, 2.931499938964844e+02, 2.931499938964844e+02, 2.931499938964844e+02, 2.931499938964844e+02, 2.931499938964844e+02, 2.931499938964844e+02, 2.931499938964844e+02, 2.931499938964844e+02, 2.931499938964844e+02, 2.931499938964844e+02, 2.931499938964844e+02, 2.931499938964844e+02, 2.931499938964844e+02, 2.931499938964844e+02, 2.931499938964844e+02, 2.931499938964844e+02, 2.931499938964844e+02, 2.931499938964844e+02, 2.931499938964844e+02, 2.931499938964844e+02, 2.931499938964844e+02, 2.931499938964844e+02, 2.931499938964844e+02, 2.931499938964844e+02, 2.931499938964844e+02, 2.931499938964844e+02, 2.931499938964844e+02, 2.931499938964844e+02, 2.931499938964844e+02, 2.931499938964844e+02, 2.931499938964844e+02, 2.931499938964844e+02, 2.931499938964844e+02]
time=[0e+00, 7.2e+03]
oriOutTop.v=[-4.126987159252167e-01, -2.859099209308624e-01, -2.800073027610779e-01, -2.741266787052155e-01, -2.682625949382782e-01, -2.624090611934662e-01, -2.565438747406006e-01, -2.506210207939148e-01, -2.445886433124542e-01, -2.383947521448135e-01, -2.319917976856232e-01, -2.253400832414627e-01, -2.184035629034042e-01, -2.111640125513077e-01, -2.036022990942001e-01, -1.957096308469772e-01, -1.874883621931076e-01, -1.789450198411942e-01, -1.700946986675262e-01, -1.609262377023697e-01, -1.514885127544403e-01, -1.418056339025497e-01, -1.319001913070679e-01, -1.217955201864243e-01, -1.114422976970673e-01, -1.009145155549049e-01, -9.033232927322388e-02, -7.968582957983014e-02, -6.896013766527173e-02, -5.81362247467041e-02, -4.562289267778397e-02, -3.456814214587212e-02, -2.369849756360054e-02, -1.21774161234498e-02, -8.636595448479056e-04, 1.044098101556301e-02, 2.169817686080933e-02, 3.286764025688171e-02, 4.390265792608261e-02, 5.476372689008713e-02, 6.541399657726288e-02, 7.581941038370132e-02, 8.595086634159088e-02, 9.577812254428864e-02, 1.052805706858635e-01, 1.144425347447395e-01, 1.232517436146736e-01, 1.316992342472076e-01, 1.397792249917984e-01, 1.474894434213638e-01, 1.548332571983337e-01, 1.537205278873444e-01, 1.526197195053101e-01, 1.515307724475861e-01, 1.504536122083664e-01, 1.493881493806839e-01, 1.483343094587326e-01, 1.472919583320618e-01, 1.46260991692543e-01, 1.452412903308868e-01, 1.442327052354813e-01, 1.432350873947144e-01, 1.422485262155533e-01, 1.412726938724518e-01, 1.403075009584427e-01, 1.393528580665588e-01, 1.384086906909943e-01, 1.374748945236206e-01, 1.365513503551483e-01, 1.356379389762878e-01, 1.34734570980072e-01, 1.338410824537277e-01, 1.329573392868042e-01, 1.320837438106537e-01, 1.312194615602493e-01, 1.303644478321075e-01, 1.295186132192612e-01, 1.286819130182266e-01, 1.278542429208755e-01, 1.27035528421402e-01, 1.262256950139999e-01, 1.254246234893799e-01, 1.246322467923164e-01, 1.238484531641006e-01, 1.230731457471848e-01, 1.223062053322792e-01, 1.215475350618362e-01, 1.207970157265663e-01, 1.200545355677605e-01, 1.193199679255486e-01, 1.185931861400604e-01, 1.178740710020065e-01, 1.171625107526779e-01, 1.164584308862686e-01, 1.157617494463921e-01, 1.150723770260811e-01, 1.143902242183685e-01, 1.137151941657066e-01, 1.130471974611282e-01, 1.123861372470856e-01, 1.117319241166115e-01]
oriOutBot.v=[0e+00, 2.859107553958893e-01, 2.800081074237823e-01, 2.741274535655975e-01, 2.682633697986603e-01, 2.624098360538483e-01, 2.565446197986603e-01, 2.506217062473297e-01, 2.445895820856094e-01, 2.383964955806732e-01, 2.319942116737366e-01, 2.253407984972e-01, 2.18407541513443e-01, 2.111649960279465e-01, 2.036015689373016e-01, 1.957107037305832e-01, 1.874887049198151e-01, 1.789396405220032e-01, 1.700686067342758e-01, 1.609144359827042e-01, 1.514631360769272e-01, 1.417283117771149e-01, 1.317282766103745e-01, 1.214825287461281e-01, 1.110833957791328e-01, 1.004995554685593e-01, 8.965433388948441e-02, 7.859940826892849e-02, 6.739035248756405e-02, 5.608570203185081e-02, 4.629002511501312e-02, 3.490585088729858e-02, 2.324297092854977e-02, 1.217740308493376e-02, 8.647030917927623e-04, -1.044159103184938e-02, -2.169922366738319e-02, -3.286708891391754e-02, -4.390170052647591e-02, -5.476305261254311e-02, -6.54136911034584e-02, -7.581897079944611e-02, -8.59503448009491e-02, -9.57777127623558e-02, -1.052801758050919e-01, -1.144421026110649e-01, -1.232512295246124e-01, -1.316985934972763e-01, -1.397784352302551e-01, -1.474891155958176e-01, -1.548327952623367e-01, -1.53720423579216e-01, -1.526198387145996e-01, -1.51530995965004e-01, -1.504538655281067e-01, -1.493883728981018e-01, -1.483344584703445e-01, -1.472920328378677e-01, -1.46260991692543e-01, -1.452412456274033e-01, -1.442326754331589e-01, -1.432351619005203e-01, -1.422485858201981e-01, -1.412727385759354e-01, -1.403075456619263e-01, -1.393529176712036e-01, -1.38408750295639e-01, -1.374749690294266e-01, -1.365514397621155e-01, -1.356380581855774e-01, -1.347346901893616e-01, -1.338412314653397e-01, -1.329575330018997e-01, -1.320838630199432e-01, -1.312195360660553e-01, -1.303644925355911e-01, -1.295186430215836e-01, -1.286819130182266e-01, -1.278542429208755e-01, -1.27035528421402e-01, -1.262256801128387e-01, -1.254246234893799e-01, -1.24632254242897e-01, -1.238484755158424e-01, -1.230731755495071e-01, -1.223062500357628e-01, -1.215475872159004e-01, -1.207970753312111e-01, -1.200545877218246e-01, -1.193200200796127e-01, -1.18593230843544e-01, -1.178741008043289e-01, -1.171625405550003e-01, -1.164584681391716e-01, -1.15761786699295e-01, -1.150724142789841e-01, -1.143902540206909e-01, -1.137152165174484e-01, -1.1304721981287e-01, -1.123861595988274e-01, -1.117319390177727e-01]
