last-generated=2025-09-18
statistics-simulation=
{
  "linear": " ",
  "nonlinear": " ",
  "number of continuous time states": "18",
  "numerical Jacobians": "0"
}
time=[0e+00, 3.6e+03]
oriWesTop.port_a.m_flow=[5.965141952037811e-02, 2.931199036538601e-03, 2.567484509199858e-03, 2.241329057142138e-03, 1.967631280422211e-03, 1.710073905996978e-03, 1.504169660620391e-03, 1.326948637142777e-03, 1.177949830889702e-03, 1.046921941451728e-03, 9.321208344772458e-04, 8.304748916998506e-04, 7.390492246486247e-04, 6.561814807355404e-04, 5.806309054605662e-04, 5.114681553095579e-04, 4.445469530764967e-04, 3.837888943962753e-04, 3.259543154854327e-04, 2.70572112640366e-04, 2.173045504605398e-04, 1.657106913626194e-04, 1.153858247562312e-04, 6.596115417778492e-05, 1.70678504218813e-05, -3.163222208968364e-05, -8.004789560800418e-05, -1.277812989428641e-04, -1.744917390169577e-04, -2.198753063566983e-04, -2.636637364048511e-04, -3.056369023397565e-04, -3.456136619206518e-04, -3.834522794932127e-04, -4.190556646790355e-04, -4.523702955339104e-04, -4.833819402847439e-04, -5.121123394928873e-04, -5.386195261962712e-04, -5.62965520657599e-04, -5.852457834407687e-04, -6.055380799807608e-04, -6.239659851416945e-04, -6.406513275578618e-04, -6.557151791639626e-04, -6.692770402878523e-04, -6.814536172896624e-04, -6.923573091626167e-04, -7.02096032910049e-04, -7.107726414687932e-04, -7.184818387031555e-04, -7.253136718645692e-04, -7.313506794162095e-04, -7.366689969785511e-04, -7.413385319523513e-04, -7.454233127646148e-04, -7.489816634915769e-04, -7.520666113123298e-04, -7.547265267930925e-04, -7.570050074718893e-04, -7.589415181428194e-04, -7.60572322178632e-04, -7.619288517162204e-04, -7.630402105860412e-04, -7.639327668584883e-04, -7.646284066140652e-04, -7.651493651792407e-04, -7.655133958905935e-04, -7.657372043468058e-04, -7.658362155780196e-04, -7.658241083845496e-04, -7.657125825062394e-04, -7.655129302293062e-04, -7.652349304407835e-04, -7.648869068361819e-04, -7.644768920727074e-04, -7.640115218237042e-04, -7.634969661012292e-04, -7.629385218024254e-04, -7.623411365784705e-04, -7.61709117796272e-04, -7.610458415001631e-04, -7.603549165651202e-04, -7.596395444124937e-04, -7.589029846712947e-04, -7.581480895169079e-04, -7.573739276267588e-04, -7.565846317447722e-04, -7.557825883850455e-04, -7.549705915153027e-04, -7.5414968887344e-04, -7.533171446993947e-04, -7.524772663600743e-04, -7.516317418776453e-04, -7.507826085202396e-04, -7.499293424189091e-04, -7.490706630051136e-04, -7.482090732082725e-04, -7.473453879356384e-04, -7.464803638868034e-04, -7.456135936081409e-04]
oriEasTop.port_a.m_flow=[-5.950168892741203e-02, 2.931489609181881e-03, 2.567660994827747e-03, 2.239050343632698e-03, 1.941183116286993e-03, 1.711462857201695e-03, 1.504344982095063e-03, 1.330145052634179e-03, 1.177626312710345e-03, 1.046996098011732e-03, 9.322105324827135e-04, 8.301238412968814e-04, 7.387903751805425e-04, 6.56035786960274e-04, 5.800460348837077e-04, 5.092775681987405e-04, 4.45822806796059e-04, 3.840922727249563e-04, 3.259058867115527e-04, 2.705235965549946e-04, 2.172578388126567e-04, 1.656617823755369e-04, 1.153364864876494e-04, 6.591192504856735e-05, 1.701889777905308e-05, -3.168092734995298e-05, -8.0096535384655e-05, -1.278299896512182e-04, -1.745406189002098e-04, -2.199244627263397e-04, -2.63713242020458e-04, -3.056868736166507e-04, -3.456641279626638e-04, -3.835033276118338e-04, -4.191072657704353e-04, -4.524225078057498e-04, -4.834347637370229e-04, -5.121657741256058e-04, -5.386735429055989e-04, -5.630200612358749e-04, -5.853008478879929e-04, -6.055937265045941e-04, -6.240220973268151e-04, -6.407079054042697e-04, -6.557720480486751e-04, -6.693343166261911e-04, -6.815111846663058e-04, -6.924151675775647e-04, -7.021541241556406e-04, -7.108309655450284e-04, -7.185402791947126e-04, -7.253722287714481e-04, -7.314094109460711e-04, -7.367278449237347e-04, -7.413974381051958e-04, -7.454822771251202e-04, -7.490406860597432e-04, -7.52125633880496e-04, -7.547855493612587e-04, -7.570640300400555e-04, -7.590004825033247e-04, -7.606312283314764e-04, -7.619877578690648e-04, -7.630990003235638e-04, -7.6399149838835e-04, -7.64687021728605e-04, -7.652078638784587e-04, -7.655718363821507e-04, -7.65795586630702e-04, -7.65894481446594e-04, -7.658823160454631e-04, -7.657706737518311e-04, -7.65570905059576e-04, -7.652927888557315e-04, -7.64944707043469e-04, -7.645345758646727e-04, -7.640690892003477e-04, -7.635543588548899e-04, -7.629957981407642e-04, -7.623982965014875e-04, -7.617661613039672e-04, -7.611027685925364e-04, -7.604116690345109e-04, -7.596961804665625e-04, -7.589595043100417e-04, -7.582044345326722e-04, -7.574302144348621e-04, -7.566407439298928e-04, -7.558385841548443e-04, -7.550264126621187e-04, -7.542054518125951e-04, -7.533727330155671e-04, -7.525327964685857e-04, -7.516872137784958e-04, -7.508380222134292e-04, -7.499847561120987e-04, -7.491259602829814e-04, -7.482643122784793e-04, -7.474004523828626e-04, -7.465351955033839e-04, -7.456681923940778e-04]
oriOutTop.port_a.m_flow=[7.80478585511446e-03, 7.659835740923882e-03, 7.559526246041059e-03, 7.486277725547552e-03, 7.428537588566542e-03, 7.386426907032728e-03, 7.350328378379345e-03, 7.319896016269922e-03, 7.293593604117632e-03, 7.270427420735359e-03, 7.249636109918356e-03, 7.230692077428102e-03, 7.213220931589603e-03, 7.196936290711164e-03, 7.181597407907248e-03, 7.167019415646791e-03, 7.153126411139965e-03, 7.139767985790968e-03, 7.126806303858757e-03, 7.114222273230553e-03, 7.101929746568203e-03, 7.089872378855944e-03, 7.077998481690884e-03, 7.066262420266867e-03, 7.0546162314713e-03, 7.043011952191591e-03, 7.031436078250408e-03, 7.019932381808758e-03, 7.008539978414774e-03, 6.997295189648867e-03, 6.98623014613986e-03, 6.975370924919844e-03, 6.96474127471447e-03, 6.954359356313944e-03, 6.944238673895597e-03, 6.93438807502389e-03, 6.924812216311693e-03, 6.915509700775146e-03, 6.906477268785238e-03, 6.897708401083946e-03, 6.889194715768099e-03, 6.880927830934525e-03, 6.872894708067179e-03, 6.865081842988729e-03, 6.857475731521845e-03, 6.850062869489193e-03, 6.842829287052155e-03, 6.83576287701726e-03, 6.828850135207176e-03, 6.822078954428434e-03, 6.815438158810139e-03, 6.808917038142681e-03, 6.802504882216454e-03, 6.796192843466997e-03, 6.78997253999114e-03, 6.783835589885712e-03, 6.777775473892689e-03, 6.771784741431475e-03, 6.765857338905334e-03, 6.759988609701395e-03, 6.754172965884209e-03, 6.748405750840902e-03, 6.742683704942465e-03, 6.737002171576023e-03, 6.731358356773853e-03, 6.725749466568232e-03, 6.720172241330147e-03, 6.71462481841445e-03, 6.709104869514704e-03, 6.70361053198576e-03, 6.698139943182468e-03, 6.692691706120968e-03, 6.687263958156109e-03, 6.681855767965317e-03, 6.676466204226017e-03, 6.67109340429306e-03, 6.665737368166447e-03, 6.660397164523602e-03, 6.655071396380663e-03, 6.649760529398918e-03, 6.644462700933218e-03, 6.63917837664485e-03, 6.633906625211239e-03, 6.628647446632385e-03, 6.623399909585714e-03, 6.618164014071226e-03, 6.612939294427633e-03, 6.607725750654936e-03, 6.602522917091846e-03, 6.597330328077078e-03, 6.59214798361063e-03, 6.586975883692503e-03, 6.581813562661409e-03, 6.576661020517349e-03, 6.571517791599035e-03, 6.566383875906467e-03, 6.561259739100933e-03, 6.556144449859858e-03, 6.551038008183241e-03, 6.54594087973237e-03, 6.540852598845959e-03]
oriOutBot.port_a.m_flow=[-7.80478585511446e-03, -7.66031164675951e-03, -7.559825666248798e-03, -7.48650636523962e-03, -7.432649377733469e-03, -7.386465556919575e-03, -7.350309286266565e-03, -7.319866679608822e-03, -7.293606642633677e-03, -7.270423229783773e-03, -7.249622140079737e-03, -7.23068043589592e-03, -7.213201839476824e-03, -7.196894381195307e-03, -7.181556429713964e-03, -7.167024537920952e-03, -7.153095211833715e-03, -7.139693014323711e-03, -7.126768585294485e-03, -7.114183157682419e-03, -7.101889699697495e-03, -7.089831866323948e-03, -7.077958434820175e-03, -7.066221907734871e-03, -7.054576184600592e-03, -7.042971905320883e-03, -7.0313960313797e-03, -7.019891869276762e-03, -7.008499465882778e-03, -6.997254211455584e-03, -6.986188236624002e-03, -6.975328549742699e-03, -6.96469796821475e-03, -6.954314652830362e-03, -6.944193504750729e-03, -6.934341974556446e-03, -6.924764718860388e-03, -6.915461737662554e-03, -6.906427908688784e-03, -6.897658109664917e-03, -6.889143493026495e-03, -6.880875676870346e-03, -6.872841622680426e-03, -6.865028291940689e-03, -6.85742124915123e-03, -6.850007921457291e-03, -6.842773873358965e-03, -6.835706997662783e-03, -6.828793790191412e-03, -6.822022143751383e-03, -6.815381348133087e-03, -6.808859296143055e-03, -6.802447140216827e-03, -6.796135101467371e-03, -6.789914332330227e-03, -6.783777382224798e-03, -6.777716800570488e-03, -6.771726068109274e-03, -6.765798665583134e-03, -6.759929936379194e-03, -6.754114292562008e-03, -6.748347077518702e-03, -6.742625031620264e-03, -6.736943498253822e-03, -6.731299683451653e-03, -6.725690793246031e-03, -6.720113568007946e-03, -6.714566610753536e-03, -6.70904666185379e-03, -6.703552324324846e-03, -6.698081735521555e-03, -6.692633498460054e-03, -6.687205750495195e-03, -6.681798025965691e-03, -6.676407996565104e-03, -6.671035662293434e-03, -6.665680091828108e-03, -6.660339422523975e-03, -6.655014120042324e-03, -6.649703253060579e-03, -6.644405424594879e-03, -6.639121565967798e-03, -6.633849814534187e-03, -6.628590635955334e-03, -6.623343098908663e-03, -6.618107203394175e-03, -6.612882949411869e-03, -6.607669405639172e-03, -6.60246703773737e-03, -6.597274448722601e-03, -6.592092104256153e-03, -6.586920004338026e-03, -6.58175814896822e-03, -6.57660560682416e-03, -6.571462377905846e-03, -6.566328462213278e-03, -6.561204325407743e-03, -6.556089501827955e-03, -6.550983060151339e-03, -6.545885931700468e-03, -6.540798116475344e-03]
dooOpeClo.port_a1.m_flow=[4.811525940895081e-01, 2.48211532831192e-01, 2.103861719369888e-01, 1.794144958257675e-01, 1.541911661624908e-01, 1.336145401000977e-01, 1.166774705052376e-01, 1.025503873825073e-01, 9.059125930070877e-02, 8.031845837831497e-02, 7.137054949998856e-02, 6.34739026427269e-02, 5.640905722975731e-02, 4.999956861138344e-02, 4.412489011883735e-02, 3.869700059294701e-02, 3.364796936511993e-02, 2.891617268323898e-02, 2.445386908948421e-02, 2.021649107336998e-02, 1.611143723130226e-02, 1.207599602639675e-02, 8.050561882555485e-03, 3.801277605816722e-03, 3.188604605384171e-04, 1.015644054859877e-03, 4.988883621990681e-03, 8.934749290347111e-03, 1.259769964963199e-02, 1.610198989510536e-02, 1.943798549473286e-02, 2.260828949511051e-02, 2.563891187310219e-02, 2.851822599768639e-02, 3.123538941144943e-02, 3.378346934914589e-02, 3.615914285182953e-02, 3.836241737008095e-02, 4.039657115936279e-02, 4.226558655500412e-02, 4.39763180911541e-02, 4.553447291254997e-02, 4.694942012429237e-02, 4.823049157857895e-02, 4.938700422644615e-02, 5.042818561196327e-02, 5.136303603649139e-02, 5.220024660229683e-02, 5.294813215732574e-02, 5.361462011933327e-02, 5.420699715614319e-02, 5.473219230771065e-02, 5.519653484225273e-02, 5.560587346553802e-02, 5.596556514501572e-02, 5.628051608800888e-02, 5.655519664287567e-02, 5.679365620017052e-02, 5.699960887432098e-02, 5.7176373898983e-02, 5.732698366045952e-02, 5.745420232415199e-02, 5.756044387817383e-02, 5.764791741967201e-02, 5.771865323185921e-02, 5.777431651949883e-02, 5.781660974025726e-02, 5.784689262509346e-02, 5.786643922328949e-02, 5.787643045186996e-02, 5.787790939211845e-02, 5.787177011370659e-02, 5.785888060927391e-02, 5.783998966217041e-02, 5.781572684645653e-02, 5.778671428561211e-02, 5.775344744324684e-02, 5.771640688180923e-02, 5.767600238323212e-02, 5.763260275125504e-02, 5.758654326200485e-02, 5.753807723522186e-02, 5.748748406767845e-02, 5.743500962853432e-02, 5.738090351223946e-02, 5.732537806034088e-02, 5.726837366819382e-02, 5.721019208431244e-02, 5.715102702379227e-02, 5.709108337759972e-02, 5.703045055270195e-02, 5.696891620755196e-02, 5.6906808167696e-02, 5.684426426887512e-02, 5.678142979741096e-02, 5.671826750040054e-02, 5.66546767950058e-02, 5.659085139632225e-02, 5.652684718370438e-02, 5.646272376179695e-02, 5.639845132827759e-02]
dooOpeClo.port_a2.m_flow=[1.375604569911957e-01, 2.452805191278458e-01, 2.078187763690948e-01, 1.771719306707382e-01, 1.522287428379059e-01, 1.319005936384201e-01, 1.151727959513664e-01, 1.012187972664833e-01, 8.941422402858734e-02, 7.927136868238449e-02, 7.043825089931488e-02, 6.264390051364899e-02, 5.567032843828201e-02, 4.934350773692131e-02, 4.354490712285041e-02, 3.818812593817711e-02, 3.32019180059433e-02, 2.853194437921047e-02, 2.412792854011059e-02, 1.994592882692814e-02, 1.589414291083813e-02, 1.191029418259859e-02, 7.935184985399246e-03, 3.735325299203396e-03, 3.018015704583377e-04, 1.047284458763897e-03, 5.068940110504627e-03, 9.0625397861004e-03, 1.277219969779254e-02, 1.632187329232693e-02, 1.970165595412254e-02, 2.291393466293812e-02, 2.598453126847744e-02, 2.890168502926826e-02, 3.165445104241371e-02, 3.423584252595901e-02, 3.664252907037735e-02, 3.887453302741051e-02, 4.093519598245621e-02, 4.282855615019798e-02, 4.456156119704247e-02, 4.614001512527466e-02, 4.757338762283325e-02, 4.887114837765694e-02, 5.004272237420082e-02, 5.109746381640434e-02, 5.204449221491814e-02, 5.289260670542717e-02, 5.365023016929626e-02, 5.432539433240891e-02, 5.492547526955605e-02, 5.545749887824059e-02, 5.592788383364677e-02, 5.634254217147827e-02, 5.670690536499023e-02, 5.702594295144081e-02, 5.730418115854263e-02, 5.754572525620461e-02, 5.775433778762817e-02, 5.793338268995285e-02, 5.808592587709427e-02, 5.821477621793747e-02, 5.832237377762794e-02, 5.841095745563507e-02, 5.84825873374939e-02, 5.853894352912903e-02, 5.858176201581955e-02, 5.86124062538147e-02, 5.863217636942863e-02, 5.864226818084717e-02, 5.864373221993446e-02, 5.863748490810394e-02, 5.862439423799515e-02, 5.860522389411926e-02, 5.858061462640762e-02, 5.855118855834007e-02, 5.85174597799778e-02, 5.8479905128479e-02, 5.843894183635712e-02, 5.839494243264198e-02, 5.834824964404106e-02, 5.829912424087524e-02, 5.824783816933632e-02, 5.819464847445488e-02, 5.813980475068092e-02, 5.808352679014206e-02, 5.802574381232262e-02, 5.796677246689796e-02, 5.790680646896362e-02, 5.784605070948601e-02, 5.778460204601288e-02, 5.772222951054573e-02, 5.765927582979202e-02, 5.75958788394928e-02, 5.75321801006794e-02, 5.746815726161003e-02, 5.740369483828545e-02, 5.733900517225266e-02, 5.727414041757584e-02, 5.720916390419006e-02, 5.714403837919235e-02]
volWes.T=[2.951499938964844e+02, 2.954822998046875e+02, 2.957004089355469e+02, 2.95848388671875e+02, 2.959522094726562e+02, 2.960271301269531e+02, 2.960824890136719e+02, 2.961241760253906e+02, 2.96156005859375e+02, 2.961805725097656e+02, 2.961996765136719e+02, 2.962145385742188e+02, 2.962261352539062e+02, 2.962351379394531e+02, 2.962420349121094e+02, 2.96247314453125e+02, 2.96251220703125e+02, 2.962540893554688e+02, 2.96256103515625e+02, 2.962574462890625e+02, 2.962582702636719e+02, 2.962586975097656e+02, 2.962588806152344e+02, 2.962588806152344e+02, 2.962588500976562e+02, 2.962588500976562e+02, 2.962587890625e+02, 2.962586059570312e+02, 2.962581481933594e+02, 2.962573547363281e+02, 2.962561645507812e+02, 2.962545166015625e+02, 2.962523803710938e+02, 2.962496643066406e+02, 2.962463684082031e+02, 2.962424621582031e+02, 2.962379455566406e+02, 2.962328491210938e+02, 2.962271423339844e+02, 2.962208557128906e+02, 2.962140197753906e+02, 2.962066650390625e+02, 2.961988220214844e+02, 2.961905212402344e+02, 2.961817626953125e+02, 2.96172607421875e+02, 2.961631164550781e+02, 2.961532592773438e+02, 2.961431274414062e+02, 2.961326904296875e+02, 2.961220397949219e+02, 2.961111450195312e+02, 2.961000671386719e+02, 2.960888061523438e+02, 2.960773620605469e+02, 2.960658264160156e+02, 2.960541381835938e+02, 2.960423583984375e+02, 2.960304870605469e+02, 2.960185241699219e+02, 2.960065002441406e+02, 2.959944152832031e+02, 2.959822998046875e+02, 2.959701232910156e+02, 2.959579162597656e+02, 2.959457092285156e+02, 2.959334716796875e+02, 2.959212036132812e+02, 2.95908935546875e+02, 2.958966674804688e+02, 2.958843994140625e+02, 2.958721313476562e+02, 2.9585986328125e+02, 2.958475952148438e+02, 2.958353576660156e+02, 2.958231201171875e+02, 2.958109130859375e+02, 2.957987060546875e+02, 2.957865295410156e+02, 2.957743530273438e+02, 2.9576220703125e+02, 2.957500915527344e+02, 2.957380065917969e+02, 2.957259216308594e+02, 2.957138671875e+02, 2.957018432617188e+02, 2.956898498535156e+02, 2.956778564453125e+02, 2.956659240722656e+02, 2.956539916992188e+02, 2.9564208984375e+02, 2.956302185058594e+02, 2.956183776855469e+02, 2.956065673828125e+02, 2.955947570800781e+02, 2.955830078125e+02, 2.955712890625e+02, 2.955595703125e+02, 2.955479125976562e+02, 2.955362548828125e+02, 2.955246276855469e+02]
volEas.T=[2.981499938964844e+02, 2.977703552246094e+02, 2.975116882324219e+02, 2.973252868652344e+02, 2.971847534179688e+02, 2.970744018554688e+02, 2.969846496582031e+02, 2.96909423828125e+02, 2.968447265625e+02, 2.967879333496094e+02, 2.967370910644531e+02, 2.966909484863281e+02, 2.966484985351562e+02, 2.966090393066406e+02, 2.965719604492188e+02, 2.96536865234375e+02, 2.965033874511719e+02, 2.964712829589844e+02, 2.964402465820312e+02, 2.9641015625e+02, 2.963808288574219e+02, 2.963521118164062e+02, 2.963238830566406e+02, 2.962960205078125e+02, 2.962684631347656e+02, 2.962410278320312e+02, 2.962136840820312e+02, 2.961865844726562e+02, 2.961598205566406e+02, 2.961334228515625e+02, 2.961074829101562e+02, 2.960820922851562e+02, 2.960572509765625e+02, 2.960330505371094e+02, 2.96009521484375e+02, 2.959866333007812e+02, 2.959644165039062e+02, 2.959428405761719e+02, 2.959219665527344e+02, 2.959017028808594e+02, 2.95882080078125e+02, 2.95863037109375e+02, 2.958445434570312e+02, 2.958265991210938e+02, 2.958091430664062e+02, 2.957921447753906e+02, 2.957756042480469e+02, 2.957594299316406e+02, 2.9574365234375e+02, 2.957282104492188e+02, 2.957130737304688e+02, 2.956982116699219e+02, 2.956836547851562e+02, 2.956693115234375e+02, 2.956551818847656e+02, 2.956412658691406e+02, 2.956275329589844e+02, 2.956139831542969e+02, 2.956005859375e+02, 2.955873413085938e+02, 2.9557421875e+02, 2.955612182617188e+02, 2.9554833984375e+02, 2.955355529785156e+02, 2.955228576660156e+02, 2.955102844238281e+02, 2.954977722167969e+02, 2.954853210449219e+02, 2.954729614257812e+02, 2.954606628417969e+02, 2.954484558105469e+02, 2.95436279296875e+02, 2.954241638183594e+02, 2.95412109375e+02, 2.954000854492188e+02, 2.953881530761719e+02, 2.95376220703125e+02, 2.953643798828125e+02, 2.953525390625e+02, 2.953407592773438e+02, 2.953290405273438e+02, 2.953173217773438e+02, 2.953056640625e+02, 2.952940673828125e+02, 2.95282470703125e+02, 2.952709045410156e+02, 2.952593994140625e+02, 2.952479248046875e+02, 2.952364807128906e+02, 2.952250671386719e+02, 2.952136840820312e+02, 2.952023315429688e+02, 2.951910095214844e+02, 2.951797180175781e+02, 2.9516845703125e+02, 2.951572265625e+02, 2.951460266113281e+02, 2.951348571777344e+02, 2.951237182617188e+02, 2.951126098632812e+02, 2.951015319824219e+02]
volTop.T=[2.931499938964844e+02, 2.931314697265625e+02, 2.931329650878906e+02, 2.931341857910156e+02, 2.931352233886719e+02, 2.931361083984375e+02, 2.931368713378906e+02, 2.931375122070312e+02, 2.931380615234375e+02, 2.931385498046875e+02, 2.931389770507812e+02, 2.931393737792969e+02, 2.931397094726562e+02, 2.931399841308594e+02, 2.931402282714844e+02, 2.931404724121094e+02, 2.931406555175781e+02, 2.931408386230469e+02, 2.931409606933594e+02, 2.931410827636719e+02, 2.931411743164062e+02, 2.931412658691406e+02, 2.931412963867188e+02, 2.931413269042969e+02, 2.93141357421875e+02, 2.93141357421875e+02, 2.931413879394531e+02, 2.931414184570312e+02, 2.931414794921875e+02, 2.931415405273438e+02, 2.931416320800781e+02, 2.931417541503906e+02, 2.931418762207031e+02, 2.931419982910156e+02, 2.931421508789062e+02, 2.931423034667969e+02, 2.931424865722656e+02, 2.931426696777344e+02, 2.931428527832031e+02, 2.9314306640625e+02, 2.931432800292969e+02, 2.931434936523438e+02, 2.931437377929688e+02, 2.931439514160156e+02, 2.931441955566406e+02, 2.931444396972656e+02, 2.931446838378906e+02, 2.931449279785156e+02, 2.931451721191406e+02, 2.931454162597656e+02, 2.931456909179688e+02, 2.931459350585938e+02, 2.931462097167969e+02, 2.931464538574219e+02, 2.93146728515625e+02, 2.9314697265625e+02, 2.931472473144531e+02, 2.931474914550781e+02, 2.931477661132812e+02, 2.931480102539062e+02, 2.931482849121094e+02, 2.931485595703125e+02, 2.931488037109375e+02, 2.931490478515625e+02, 2.931493225097656e+02, 2.931495666503906e+02, 2.931498413085938e+02, 2.931500854492188e+02, 2.931503295898438e+02, 2.931506042480469e+02, 2.931508483886719e+02, 2.931510925292969e+02, 2.931513366699219e+02, 2.931515808105469e+02, 2.931518249511719e+02, 2.931520690917969e+02, 2.931523132324219e+02, 2.931525573730469e+02, 2.931528015136719e+02, 2.931530456542969e+02, 2.931532897949219e+02, 2.931535339355469e+02, 2.931537780761719e+02, 2.931539916992188e+02, 2.931542358398438e+02, 2.931544799804688e+02, 2.931546936035156e+02, 2.931549377441406e+02, 2.931551513671875e+02, 2.931553955078125e+02, 2.931556091308594e+02, 2.931558227539062e+02, 2.931560668945312e+02, 2.931562805175781e+02, 2.93156494140625e+02, 2.931567077636719e+02, 2.931569213867188e+02, 2.931571350097656e+02, 2.931573486328125e+02, 2.931575622558594e+02, 2.931577758789062e+02]
volOut.T=[2.881499938964844e+02, 2.881499938964844e+02, 2.881499938964844e+02, 2.881499938964844e+02, 2.881499938964844e+02, 2.881499938964844e+02, 2.881499938964844e+02, 2.881499938964844e+02, 2.881499938964844e+02, 2.881499938964844e+02, 2.881499938964844e+02, 2.881499938964844e+02, 2.881499938964844e+02, 2.881499938964844e+02, 2.881499938964844e+02, 2.881499938964844e+02, 2.881499938964844e+02, 2.881499938964844e+02, 2.881499938964844e+02, 2.881499938964844e+02, 2.881499938964844e+02, 2.881499938964844e+02, 2.881499938964844e+02, 2.881499938964844e+02, 2.881499938964844e+02, 2.881499938964844e+02, 2.881499938964844e+02, 2.881499938964844e+02, 2.881499938964844e+02, 2.881499938964844e+02, 2.881499938964844e+02, 2.881499938964844e+02, 2.881499938964844e+02, 2.881499938964844e+02, 2.881499938964844e+02, 2.881499938964844e+02, 2.881499938964844e+02, 2.881499938964844e+02, 2.881499938964844e+02, 2.881499938964844e+02, 2.881499938964844e+02, 2.881499938964844e+02, 2.881499938964844e+02, 2.881499938964844e+02, 2.881499938964844e+02, 2.881499938964844e+02, 2.881499938964844e+02, 2.881499938964844e+02, 2.881499938964844e+02, 2.881499938964844e+02, 2.881499938964844e+02, 2.881499938964844e+02, 2.881499938964844e+02, 2.881499938964844e+02, 2.881499938964844e+02, 2.881499938964844e+02, 2.881499938964844e+02, 2.881499938964844e+02, 2.881499938964844e+02, 2.881499938964844e+02, 2.881499938964844e+02, 2.881499938964844e+02, 2.881499938964844e+02, 2.881499938964844e+02, 2.881499938964844e+02, 2.881499938964844e+02, 2.881499938964844e+02, 2.881499938964844e+02, 2.881499938964844e+02, 2.881499938964844e+02, 2.881499938964844e+02, 2.881499938964844e+02, 2.881499938964844e+02, 2.881499938964844e+02, 2.881499938964844e+02, 2.881499938964844e+02, 2.881499938964844e+02, 2.881499938964844e+02, 2.881499938964844e+02, 2.881499938964844e+02, 2.881499938964844e+02, 2.881499938964844e+02, 2.881499938964844e+02, 2.881499938964844e+02, 2.881499938964844e+02, 2.881499938964844e+02, 2.881499938964844e+02, 2.881499938964844e+02, 2.881499938964844e+02, 2.881499938964844e+02, 2.881499938964844e+02, 2.881499938964844e+02, 2.881499938964844e+02, 2.881499938964844e+02, 2.881499938964844e+02, 2.881499938964844e+02, 2.881499938964844e+02, 2.881499938964844e+02, 2.881499938964844e+02, 2.881499938964844e+02, 2.881499938964844e+02]
oriWesTop.dp=[3.509163665771484e+01, 8.49304273724556e-02, 6.722430884838104e-02, 5.485263839364052e-02, 4.613594338297844e-02, 3.885043784976006e-02, 3.348267823457718e-02, 2.91081964969635e-02, 2.557033859193325e-02, 2.254601195454597e-02, 1.995235122740269e-02, 1.769320107996464e-02, 1.568697765469551e-02, 1.388682797551155e-02, 1.225879881531e-02, 1.077800337225199e-02, 9.352761320769787e-03, 8.064332418143749e-03, 6.842090748250484e-03, 5.674909334629774e-03, 4.554756451398134e-03, 3.471639705821872e-03, 2.41648918017745e-03, 1.381098292768002e-03, 3.573318244889379e-04, -6.622625514864922e-04, -1.676132320426404e-03, -2.676282776519659e-03, -3.655872540548447e-03, -4.608768038451672e-03, -5.529508460313082e-03, -6.413564085960388e-03, -7.257142569869757e-03, -8.057207800447941e-03, -8.81159957498312e-03, -9.519029408693314e-03, -1.01789990440011e-02, -1.079175807535648e-02, -1.135831233114004e-02, -1.18797579780221e-02, -1.235791575163603e-02, -1.279423944652081e-02, -1.319118682295084e-02, -1.355120353400707e-02, -1.387674175202847e-02, -1.417024806141853e-02, -1.443412248045206e-02, -1.467070169746876e-02, -1.488223765045404e-02, -1.507089287042618e-02, -1.523866411298513e-02, -1.538746431469917e-02, -1.551904808729887e-02, -1.56350415199995e-02, -1.573694497346878e-02, -1.582613028585911e-02, -1.590385846793652e-02, -1.597126945853233e-02, -1.602941378951073e-02, -1.607923582196236e-02, -1.612158864736557e-02, -1.615726388990879e-02, -1.618694514036179e-02, -1.621126383543015e-02, -1.623079925775528e-02, -1.624602451920509e-02, -1.625742949545383e-02, -1.626539789140224e-02, -1.627029664814472e-02, -1.627246476709843e-02, -1.627220027148724e-02, -1.626975834369659e-02, -1.626538671553135e-02, -1.625930145382881e-02, -1.625168323516846e-02, -1.624270901083946e-02, -1.623252406716347e-02, -1.622126065194607e-02, -1.620903983712196e-02, -1.619596593081951e-02, -1.618213765323162e-02, -1.616762392222881e-02, -1.61525085568428e-02, -1.613685861229897e-02, -1.612074673175812e-02, -1.610423438251019e-02, -1.608730293810368e-02, -1.607004180550575e-02, -1.605250500142574e-02, -1.603475026786327e-02, -1.601680368185043e-02, -1.59986037760973e-02, -1.598024554550648e-02, -1.596176624298096e-02, -1.594320870935917e-02, -1.592456363141537e-02, -1.590580306947231e-02, -1.588697917759418e-02, -1.586811244487762e-02, -1.584921777248383e-02, -1.583028584718704e-02]
oriEasTop.dp=[-3.491568756103516e+01, 8.494655042886734e-02, 6.723177433013916e-02, 5.477477982640266e-02, 4.535245522856712e-02, 3.8887869566679e-02, 3.348710760474205e-02, 2.918539009988308e-02, 2.556277625262737e-02, 2.254770509898663e-02, 1.995435915887356e-02, 1.768545433878899e-02, 1.568133011460304e-02, 1.388367637991905e-02, 1.224623993039131e-02, 1.073123794049025e-02, 9.379871189594269e-03, 8.070753887295723e-03, 6.841069087386131e-03, 5.673888139426708e-03, 4.55377483740449e-03, 3.470613388344646e-03, 2.415455412119627e-03, 1.380067318677902e-03, 3.56306933099404e-04, -6.632822914980352e-04, -1.677151187323034e-03, -2.677303506061438e-03, -3.656898159533742e-03, -4.60980087518692e-03, -5.530550610274076e-03, -6.414617411792278e-03, -7.258208468556404e-03, -8.05828720331192e-03, -8.812693879008293e-03, -9.520138613879681e-03, -1.018012408167124e-02, -1.079289801418781e-02, -1.135946810245514e-02, -1.188092771917582e-02, -1.235909946262836e-02, -1.279543712735176e-02, -1.319239567965269e-02, -1.355242449790239e-02, -1.387797296047211e-02, -1.417148765176535e-02, -1.443537045270205e-02, -1.467195712029934e-02, -1.488350052386522e-02, -1.50721613317728e-02, -1.523993723094463e-02, -1.53887402266264e-02, -1.552032772451639e-02, -1.563632488250732e-02, -1.573823019862175e-02, -1.582741737365723e-02, -1.590514741837978e-02, -1.597256027162075e-02, -1.603070460259914e-02, -1.608052477240562e-02, -1.612287946045399e-02, -1.615855284035206e-02, -1.618823409080505e-02, -1.621255092322826e-02, -1.623208448290825e-02, -1.624730788171291e-02, -1.625870913267136e-02, -1.626667752861977e-02, -1.627157442271709e-02, -1.627374067902565e-02, -1.627347245812416e-02, -1.627102866768837e-02, -1.626665703952312e-02, -1.626056805253029e-02, -1.625294797122478e-02, -1.624397188425064e-02, -1.623378321528435e-02, -1.622251607477665e-02, -1.62102933973074e-02, -1.619721762835979e-02, -1.618338562548161e-02, -1.616887003183365e-02, -1.615374907851219e-02, -1.61380972713232e-02, -1.612198166549206e-02, -1.610546745359898e-02, -1.608853414654732e-02, -1.60712692886591e-02, -1.605372875928879e-02, -1.603597216308117e-02, -1.601802185177803e-02, -1.599982008337975e-02, -1.598145999014378e-02, -1.596297882497311e-02, -1.594441942870617e-02, -1.592577435076237e-02, -1.590701006352901e-02, -1.588818430900574e-02, -1.586931385099888e-02, -1.585041545331478e-02, -1.583147794008255e-02]
oriOutTop.dp=[6.007364988327026e-01, 5.786299705505371e-01, 5.635743141174316e-01, 5.527056455612183e-01, 5.442126989364624e-01, 5.38060188293457e-01, 5.328139066696167e-01, 5.284109711647034e-01, 5.246204137802124e-01, 5.21293044090271e-01, 5.183157920837402e-01, 5.156105756759644e-01, 5.131219029426575e-01, 5.108075737953186e-01, 5.086326003074646e-01, 5.065696835517883e-01, 5.046076774597168e-01, 5.027247071266174e-01, 5.009010434150696e-01, 4.991336762905121e-01, 4.974102973937988e-01, 4.95722770690918e-01, 4.940637648105621e-01, 4.924266338348389e-01, 4.908048510551453e-01, 4.891915023326874e-01, 4.875847399234772e-01, 4.859906136989594e-01, 4.844145476818085e-01, 4.828613698482513e-01, 4.813354015350342e-01, 4.798402488231659e-01, 4.783788919448853e-01, 4.769537448883057e-01, 4.75566565990448e-01, 4.74218338727951e-01, 4.729094803333282e-01, 4.716398119926453e-01, 4.7040855884552e-01, 4.692148268222809e-01, 4.680572152137756e-01, 4.669345617294312e-01, 4.658449590206146e-01, 4.647864699363708e-01, 4.637571275234222e-01, 4.62755024433136e-01, 4.617782533168793e-01, 4.608249962329865e-01, 4.598934352397919e-01, 4.589818716049194e-01, 4.58088755607605e-01, 4.572125375270844e-01, 4.563518166542053e-01, 4.555053412914276e-01, 4.546718895435333e-01, 4.538503885269165e-01, 4.53039824962616e-01, 4.522393047809601e-01, 4.51447993516922e-01, 4.50665146112442e-01, 4.498900473117828e-01, 4.491221010684967e-01, 4.483607709407806e-01, 4.476054906845093e-01, 4.468558728694916e-01, 4.461114704608917e-01, 4.453719556331635e-01, 4.446369409561157e-01, 4.439062178134918e-01, 4.431794285774231e-01, 4.424563944339752e-01, 4.417369067668915e-01, 4.410206973552704e-01, 4.403076469898224e-01, 4.395976066589355e-01, 4.388904273509979e-01, 4.381859600543976e-01, 4.374841153621674e-01, 4.367848038673401e-01, 4.360879063606262e-01, 4.35393363237381e-01, 4.347010850906372e-01, 4.340110421180725e-01, 4.333231449127197e-01, 4.326373338699341e-01, 4.319535791873932e-01, 4.31271880865097e-01, 4.305921196937561e-01, 4.299142956733704e-01, 4.29238349199295e-01, 4.285642504692078e-01, 4.278920292854309e-01, 4.272215962409973e-01, 4.26552951335907e-01, 4.258860647678375e-01, 4.252208769321442e-01, 4.245574474334717e-01, 4.238957464694977e-01, 4.232357144355774e-01, 4.225773513317108e-01, 4.219206273555756e-01]
oriOutBot.dp=[-6.007364988327026e-01, -5.78701913356781e-01, -5.636189579963684e-01, -5.527394413948059e-01, -5.448153614997864e-01, -5.380657911300659e-01, -5.328111052513123e-01, -5.284067988395691e-01, -5.246222615242004e-01, -5.212924480438232e-01, -5.183138251304626e-01, -5.156089067459106e-01, -5.13119101524353e-01, -5.108016729354858e-01, -5.086266994476318e-01, -5.065703988075256e-01, -5.046032667160034e-01, -5.027141571044922e-01, -5.008957386016846e-01, -4.991281926631927e-01, -4.974047243595123e-01, -4.957171380519867e-01, -4.940581321716309e-01, -4.924210011959076e-01, -4.907992482185364e-01, -4.891859591007233e-01, -4.875791966915131e-01, -4.859850406646729e-01, -4.844089448451996e-01, -4.828556776046753e-01, -4.813296496868134e-01, -4.798343777656555e-01, -4.783729314804077e-01, -4.769476652145386e-01, -4.755603671073914e-01, -4.742119908332825e-01, -4.729030132293701e-01, -4.716332256793976e-01, -4.704018235206604e-01, -4.692080020904541e-01, -4.680502712726593e-01, -4.669274985790253e-01, -4.658378064632416e-01, -4.647791981697083e-01, -4.637497961521149e-01, -4.627476036548615e-01, -4.6177077293396e-01, -4.608174562454224e-01, -4.59885835647583e-01, -4.589742422103882e-01, -4.58081066608429e-01, -4.572048187255859e-01, -4.563440680503845e-01, -4.554975628852844e-01, -4.546641111373901e-01, -4.538425803184509e-01, -4.530320167541504e-01, -4.522314965724945e-01, -4.514401853084564e-01, -4.506573379039764e-01, -4.498822391033173e-01, -4.491142928600311e-01, -4.483529627323151e-01, -4.475977122783661e-01, -4.468480944633484e-01, -4.461037218570709e-01, -4.453641772270203e-01, -4.446292221546173e-01, -4.438984990119934e-01, -4.431717395782471e-01, -4.424487054347992e-01, -4.417292177677155e-01, -4.410130381584167e-01, -4.403000175952911e-01, -4.395900070667267e-01, -4.388828277587891e-01, -4.381783902645111e-01, -4.374765753746033e-01, -4.36777263879776e-01, -4.360803961753845e-01, -4.353858530521393e-01, -4.346936345100403e-01, -4.340035915374756e-01, -4.333157241344452e-01, -4.326299428939819e-01, -4.319462180137634e-01, -4.312645196914673e-01, -4.305847883224487e-01, -4.299069941043854e-01, -4.292310476303101e-01, -4.285569787025452e-01, -4.278847873210907e-01, -4.272143840789795e-01, -4.265457689762115e-01, -4.258788824081421e-01, -4.252137243747711e-01, -4.24550324678421e-01, -4.23888623714447e-01, -4.232286214828491e-01, -4.225702583789825e-01, -4.219135940074921e-01]
dooOpeClo.dpAB[1]=[1.630439311265945e-01, 8.869872987270355e-02, 7.026593387126923e-02, 5.73224201798439e-02, 4.785620793700218e-02, 4.067392274737358e-02, 3.504634276032448e-02, 3.051111660897731e-02, 2.676630765199661e-02, 2.360756509006023e-02, 2.089399844408035e-02, 1.852468959987164e-02, 1.642601937055588e-02, 1.454299222677946e-02, 1.283364463597536e-02, 1.12651763483882e-02, 9.811734780669212e-03, 8.451548404991627e-03, 7.167527917772532e-03, 5.944997072219849e-03, 4.771648906171322e-03, 3.636960871517658e-03, 2.531501930207014e-03, 1.446665730327368e-03, 3.739138192031533e-04, -6.945134373381734e-04, -1.756867044605315e-03, -2.804758027195934e-03, -3.831032197922471e-03, -4.829268902540207e-03, -5.793755408376455e-03, -6.719754077494144e-03, -7.603299338370562e-03, -8.441219106316566e-03, -9.231259115040302e-03, -9.972077794373035e-03, -1.066316291689873e-02, -1.130478084087372e-02, -1.189799234271049e-02, -1.244395226240158e-02, -1.294456981122494e-02, -1.340137422084808e-02, -1.381694059818983e-02, -1.419383473694324e-02, -1.453462429344654e-02, -1.484187413007021e-02, -1.511809881776571e-02, -1.536574587225914e-02, -1.558717526495457e-02, -1.578464917838573e-02, -1.596025936305523e-02, -1.611601002514362e-02, -1.625373959541321e-02, -1.637515053153038e-02, -1.648180931806564e-02, -1.657515577971935e-02, -1.665651053190231e-02, -1.672706566751003e-02, -1.678792014718056e-02, -1.684006303548813e-02, -1.688438840210438e-02, -1.692172512412071e-02, -1.695278659462929e-02, -1.697823591530323e-02, -1.699867844581604e-02, -1.701460964977741e-02, -1.702654175460339e-02, -1.703487709164619e-02, -1.704000122845173e-02, -1.704226434230804e-02, -1.704198308289051e-02, -1.703942194581032e-02, -1.703484356403351e-02, -1.702846959233284e-02, -1.702049002051353e-02, -1.701109297573566e-02, -1.700042746961117e-02, -1.698863320052624e-02, -1.697583869099617e-02, -1.696215011179447e-02, -1.694766990840435e-02, -1.693247631192207e-02, -1.691664755344391e-02, -1.690026372671127e-02, -1.688339561223984e-02, -1.686610840260983e-02, -1.684838160872459e-02, -1.683031022548676e-02, -1.681195013225079e-02, -1.679336093366146e-02, -1.677457243204117e-02, -1.675551943480968e-02, -1.673629879951477e-02, -1.671695150434971e-02, -1.669752411544323e-02, -1.667800359427929e-02, -1.66583601385355e-02, -1.663865335285664e-02, -1.661890186369419e-02, -1.659912057220936e-02, -1.657930202782154e-02]
