last-generated=2017-05-01
statistics-simulation=
{
  "numerical Jacobians": "0", 
  "nonlinear": " ", 
  "number of continuous time states": "6", 
  "linear": "0"
}
THeaOut.T=[2.931499938964844e+02, 2.93131591796875e+02, 2.931133117675781e+02, 2.930953979492188e+02, 2.930780029296875e+02, 2.930612487792969e+02, 2.930452880859375e+02, 2.930302429199219e+02, 2.930162353515625e+02, 2.930033569335938e+02, 2.929916381835938e+02, 2.929811706542969e+02, 2.929720153808594e+02, 2.929641418457031e+02, 2.929575805664062e+02, 2.931238098144531e+02, 2.931834411621094e+02, 2.931800842285156e+02, 2.931778564453125e+02, 2.931766052246094e+02, 2.931762390136719e+02, 2.931766357421875e+02, 2.931776428222656e+02, 2.931791381835938e+02, 2.931809387207031e+02, 2.931828918457031e+02, 2.931848449707031e+02, 2.931866455078125e+02, 2.931881103515625e+02, 2.931891174316406e+02, 2.931895141601562e+02, 2.931891174316406e+02, 2.931878356933594e+02, 2.931855773925781e+02, 2.931822204589844e+02, 2.93177734375e+02, 2.931719970703125e+02, 2.931650390625e+02, 2.931567993164062e+02, 2.931496276855469e+02, 2.931455078125e+02, 2.93133544921875e+02, 2.931203918457031e+02, 2.93106201171875e+02, 2.930910339355469e+02, 2.930750427246094e+02, 2.930582885742188e+02, 2.930409851074219e+02, 2.93023193359375e+02, 2.930051574707031e+02, 2.929869689941406e+02, 2.929688415527344e+02, 2.929507446289062e+02, 2.929330139160156e+02, 2.929159545898438e+02, 2.92899658203125e+02, 2.928842163085938e+02, 2.928696594238281e+02, 2.928560791015625e+02, 2.928435363769531e+02, 2.928321228027344e+02, 2.928218994140625e+02, 2.928129577636719e+02, 2.928053588867188e+02, 2.92799072265625e+02, 2.929656066894531e+02, 2.931850891113281e+02, 2.931817321777344e+02, 2.931795043945312e+02, 2.9317822265625e+02, 2.931778564453125e+02, 2.931782531738281e+02, 2.931792602539062e+02, 2.931807556152344e+02, 2.931825561523438e+02, 2.931845092773438e+02, 2.931865539550781e+02, 2.931883850097656e+02, 2.931898193359375e+02, 2.931907348632812e+02, 2.931910400390625e+02, 2.931906127929688e+02, 2.931893005371094e+02, 2.931870727539062e+02, 2.931837768554688e+02, 2.931793212890625e+02, 2.93173583984375e+02, 2.931666259765625e+02, 2.931583557128906e+02, 2.93149169921875e+02, 2.931458740234375e+02, 2.931338806152344e+02, 2.931207580566406e+02, 2.931065673828125e+02, 2.930914001464844e+02, 2.930753784179688e+02, 2.930586547851562e+02, 2.930413208007812e+02, 2.930235595703125e+02, 2.930054931640625e+02, 2.929873352050781e+02]
TSet.y=[2.891499938964844e+02, 2.891499938964844e+02, 2.891499938964844e+02, 2.891499938964844e+02, 2.891499938964844e+02, 2.891499938964844e+02, 2.891499938964844e+02, 2.891499938964844e+02, 2.891499938964844e+02, 2.891499938964844e+02, 2.891499938964844e+02, 2.891499938964844e+02, 2.891499938964844e+02, 2.891499938964844e+02, 2.891499938964844e+02, 2.931499938964844e+02, 2.931499938964844e+02, 2.931499938964844e+02, 2.931499938964844e+02, 2.931499938964844e+02, 2.931499938964844e+02, 2.931499938964844e+02, 2.931499938964844e+02, 2.931499938964844e+02, 2.931499938964844e+02, 2.931499938964844e+02, 2.931499938964844e+02, 2.931499938964844e+02, 2.931499938964844e+02, 2.931499938964844e+02, 2.931499938964844e+02, 2.931499938964844e+02, 2.931499938964844e+02, 2.931499938964844e+02, 2.931499938964844e+02, 2.931499938964844e+02, 2.931499938964844e+02, 2.931499938964844e+02, 2.931499938964844e+02, 2.931499938964844e+02, 2.891499938964844e+02, 2.891499938964844e+02, 2.891499938964844e+02, 2.891499938964844e+02, 2.891499938964844e+02, 2.891499938964844e+02, 2.891499938964844e+02, 2.891499938964844e+02, 2.891499938964844e+02, 2.891499938964844e+02, 2.891499938964844e+02, 2.891499938964844e+02, 2.891499938964844e+02, 2.891499938964844e+02, 2.891499938964844e+02, 2.891499938964844e+02, 2.891499938964844e+02, 2.891499938964844e+02, 2.891499938964844e+02, 2.891499938964844e+02, 2.891499938964844e+02, 2.891499938964844e+02, 2.891499938964844e+02, 2.891499938964844e+02, 2.891499938964844e+02, 2.931499938964844e+02, 2.931499938964844e+02, 2.931499938964844e+02, 2.931499938964844e+02, 2.931499938964844e+02, 2.931499938964844e+02, 2.931499938964844e+02, 2.931499938964844e+02, 2.931499938964844e+02, 2.931499938964844e+02, 2.931499938964844e+02, 2.931499938964844e+02, 2.931499938964844e+02, 2.931499938964844e+02, 2.931499938964844e+02, 2.931499938964844e+02, 2.931499938964844e+02, 2.931499938964844e+02, 2.931499938964844e+02, 2.931499938964844e+02, 2.931499938964844e+02, 2.931499938964844e+02, 2.931499938964844e+02, 2.931499938964844e+02, 2.931499938964844e+02, 2.891499938964844e+02, 2.891499938964844e+02, 2.891499938964844e+02, 2.891499938964844e+02, 2.891499938964844e+02, 2.891499938964844e+02, 2.891499938964844e+02, 2.891499938964844e+02, 2.891499938964844e+02, 2.891499938964844e+02, 2.891499938964844e+02]
TVol.T=[2.931499938964844e+02, 2.931312561035156e+02, 2.931130065917969e+02, 2.930950927734375e+02, 2.930776977539062e+02, 2.930609741210938e+02, 2.930450134277344e+02, 2.930299682617188e+02, 2.930159912109375e+02, 2.930031433105469e+02, 2.92991455078125e+02, 2.929810180664062e+02, 2.929718627929688e+02, 2.929640197753906e+02, 2.929574890136719e+02, 2.931222534179688e+02, 2.931833801269531e+02, 2.931800537109375e+02, 2.931778259277344e+02, 2.931765747070312e+02, 2.931762390136719e+02, 2.931766357421875e+02, 2.931776733398438e+02, 2.931791687011719e+02, 2.931809692382812e+02, 2.931829223632812e+02, 2.931848754882812e+02, 2.931866760253906e+02, 2.931881408691406e+02, 2.931891174316406e+02, 2.931895141601562e+02, 2.931890869140625e+02, 2.931878051757812e+02, 2.931855163574219e+02, 2.931821594238281e+02, 2.931776428222656e+02, 2.931719055175781e+02, 2.931648864746094e+02, 2.931566162109375e+02, 2.931493835449219e+02, 2.931453247070312e+02, 2.9313330078125e+02, 2.931201477050781e+02, 2.9310595703125e+02, 2.930907592773438e+02, 2.930747375488281e+02, 2.930579833984375e+02, 2.930406494140625e+02, 2.930228881835938e+02, 2.930048217773438e+02, 2.929866638183594e+02, 2.92968505859375e+02, 2.929504089355469e+02, 2.929327087402344e+02, 2.929156494140625e+02, 2.928993835449219e+02, 2.928839416503906e+02, 2.92869384765625e+02, 2.928558349609375e+02, 2.928433227539062e+02, 2.928319396972656e+02, 2.928217468261719e+02, 2.928128356933594e+02, 2.928052368164062e+02, 2.927989807128906e+02, 2.929640808105469e+02, 2.931850280761719e+02, 2.931817016601562e+02, 2.931794738769531e+02, 2.9317822265625e+02, 2.931778564453125e+02, 2.931782531738281e+02, 2.931792907714844e+02, 2.931807861328125e+02, 2.931825866699219e+02, 2.931845397949219e+02, 2.931865844726562e+02, 2.931884155273438e+02, 2.931898498535156e+02, 2.931907653808594e+02, 2.931910400390625e+02, 2.931905822753906e+02, 2.931892700195312e+02, 2.9318701171875e+02, 2.931837158203125e+02, 2.931792297363281e+02, 2.931734924316406e+02, 2.931664733886719e+02, 2.93158203125e+02, 2.931489562988281e+02, 2.931456604003906e+02, 2.931336669921875e+02, 2.931205139160156e+02, 2.931062927246094e+02, 2.930911254882812e+02, 2.930751037597656e+02, 2.93058349609375e+02, 2.93041015625e+02, 2.930232238769531e+02, 2.930051879882812e+02, 2.929869995117188e+02]
TOut.y=[2.841499938964844e+02, 2.841894226074219e+02, 2.843070983886719e+02, 2.845011291503906e+02, 2.847684631347656e+02, 2.851049194335938e+02, 2.855051574707031e+02, 2.85962890625e+02, 2.864708557128906e+02, 2.870211181640625e+02, 2.876049194335938e+02, 2.882131042480469e+02, 2.888360595703125e+02, 2.894639587402344e+02, 2.900869140625e+02, 2.906950988769531e+02, 2.912789001464844e+02, 2.918291320800781e+02, 2.923371276855469e+02, 2.927948303222656e+02, 2.931950988769531e+02, 2.935315246582031e+02, 2.937988891601562e+02, 2.93992919921875e+02, 2.941105651855469e+02, 2.941499938964844e+02, 2.941105651855469e+02, 2.93992919921875e+02, 2.937988891601562e+02, 2.935315246582031e+02, 2.931950988769531e+02, 2.927948303222656e+02, 2.923371276855469e+02, 2.918291320800781e+02, 2.912789001464844e+02, 2.906950988769531e+02, 2.900869140625e+02, 2.894639587402344e+02, 2.888360595703125e+02, 2.882131042480469e+02, 2.876049194335938e+02, 2.870211181640625e+02, 2.864708557128906e+02, 2.85962890625e+02, 2.855051574707031e+02, 2.851049194335938e+02, 2.847684631347656e+02, 2.845011291503906e+02, 2.843070983886719e+02, 2.841894226074219e+02, 2.841499938964844e+02, 2.841894226074219e+02, 2.843070983886719e+02, 2.845011291503906e+02, 2.847684631347656e+02, 2.851049194335938e+02, 2.855051574707031e+02, 2.85962890625e+02, 2.864708557128906e+02, 2.870211181640625e+02, 2.876049194335938e+02, 2.882131042480469e+02, 2.888360595703125e+02, 2.894639587402344e+02, 2.900869140625e+02, 2.906950988769531e+02, 2.912789001464844e+02, 2.918291320800781e+02, 2.923371276855469e+02, 2.927948303222656e+02, 2.931950988769531e+02, 2.935315246582031e+02, 2.937988891601562e+02, 2.93992919921875e+02, 2.941105651855469e+02, 2.941499938964844e+02, 2.941105651855469e+02, 2.93992919921875e+02, 2.937988891601562e+02, 2.935315246582031e+02, 2.931950988769531e+02, 2.927948303222656e+02, 2.923371276855469e+02, 2.918291320800781e+02, 2.912789001464844e+02, 2.906950988769531e+02, 2.900869140625e+02, 2.894639587402344e+02, 2.888360595703125e+02, 2.882131042480469e+02, 2.876049194335938e+02, 2.870211181640625e+02, 2.864708557128906e+02, 2.85962890625e+02, 2.855051574707031e+02, 2.851049194335938e+02, 2.847684631347656e+02, 2.845011291503906e+02, 2.843070983886719e+02, 2.841894226074219e+02, 2.841499938964844e+02]
time=[0e+00, 1.728e+05]
hea.Q_flow=[0e+00, 0e+00, 0e+00, 0e+00, 0e+00, 0e+00, 0e+00, 0e+00, 0e+00, 0e+00, 0e+00, 0e+00, 0e+00, 0e+00, 0e+00, 1e+03, 0e+00, 0e+00, 0e+00, 0e+00, 0e+00, 0e+00, 0e+00, 0e+00, 0e+00, 0e+00, 0e+00, 0e+00, 0e+00, 0e+00, 0e+00, 0e+00, 0e+00, 0e+00, 0e+00, 0e+00, 0e+00, 0e+00, 0e+00, 3.487737655639648e+01, 0e+00, 0e+00, 0e+00, 0e+00, 0e+00, 0e+00, 0e+00, 0e+00, 0e+00, 0e+00, 0e+00, 0e+00, 0e+00, 0e+00, 0e+00, 0e+00, 0e+00, 0e+00, 0e+00, 0e+00, 0e+00, 0e+00, 0e+00, 0e+00, 0e+00, 1e+03, 0e+00, 0e+00, 0e+00, 0e+00, 0e+00, 0e+00, 0e+00, 0e+00, 0e+00, 0e+00, 0e+00, 0e+00, 0e+00, 0e+00, 0e+00, 0e+00, 0e+00, 0e+00, 0e+00, 0e+00, 0e+00, 0e+00, 0e+00, 1.871670532226562e+01, 0e+00, 0e+00, 0e+00, 0e+00, 0e+00, 0e+00, 0e+00, 0e+00, 0e+00, 0e+00, 0e+00]
