last-generated=2019-10-19
statistics-simulation=
{
  "linear": " ",
  "nonlinear": " ",
  "numerical Jacobians": "0"
}
checkValve.dp=[-2e+05, -1.959999999105931e+05, -1.919999998211861e+05, -1.879999997317794e+05, -1.839999996423722e+05, -1.800000002980232e+05, -1.759999994635583e+05, -1.720000001192095e+05, -1.679999992847457e+05, -1.640000014305086e+05, -1.600000005960452e+05, -1.559999997615819e+05, -1.519999989271186e+05, -1.479999980926552e+05, -1.440000002384181e+05, -1.40000002384181e+05, -1.359999985694914e+05, -1.320000007152543e+05, -1.280000028610172e+05, -1.239999990463276e+05, -1.200000011920905e+05, -1.159999973774009e+05, -1.119999995231638e+05, -1.080000016689267e+05, -1.039999978542371e+05, -1e+05, -9.599999618531046e+04, -9.200000429152572e+04, -8.800000047683618e+04, -8.399999666214666e+04, -8.000000476836192e+04, -7.600000095367238e+04, -7.199999713898284e+04, -6.80000052451981e+04, -6.400000143050856e+04, -5.999999761581905e+04, -5.600000572203431e+04, -5.200000190734477e+04, -4.799999809265523e+04, -4.399999427796569e+04, -4.000000238418095e+04, -3.599999856949144e+04, -3.19999947548019e+04, -2.800000286101715e+04, -2.399999904632762e+04, -1.999999523163808e+04, -1.600000333785334e+04, -1.199999952316382e+04, -7.99999570847428e+03, -4.000003814689539e+03, 0e+00, 4.000003814632696e+03, 8.000007629265392e+03, 1.200001144389809e+04, 1.599999141707646e+04, 1.999999523170915e+04, 2.399999904631343e+04, 2.80000028609745e+04, 3.20000066756072e+04, 3.600001049023989e+04, 3.999999046341826e+04, 4.399999427805096e+04, 4.799999809268365e+04, 5.200000190731635e+04, 5.600000572194904e+04, 6.000000953658174e+04, 6.399998950976011e+04, 6.799999332439281e+04, 7.199999713902549e+04, 7.600000095368657e+04, 8.000000476829085e+04, 8.400000858292355e+04, 8.799998855610192e+04, 9.19999923707346e+04, 9.59999961853673e+04, 1e+05, 1.040000038146327e+05, 1.080000076292654e+05, 1.120000114438981e+05, 1.159999914170765e+05, 1.199999952317092e+05, 1.239999990463134e+05, 1.280000028609745e+05, 1.320000066756072e+05, 1.360000104902399e+05, 1.399999904634182e+05, 1.43999994278051e+05, 1.479999980926836e+05, 1.520000019073164e+05, 1.56000005721949e+05, 1.600000095365818e+05, 1.639999895097601e+05, 1.679999933243928e+05, 1.719999971390255e+05, 1.760000009536866e+05, 1.800000047682908e+05, 1.840000085829235e+05, 1.879999885561019e+05, 1.919999923707346e+05, 1.959999961853673e+05, 2e+05]
time=[0e+00, 1e+00]
checkValveDpFix.m_flow=[-7.031109416857362e-04, -6.890490182326265e-04, -6.749870365718561e-04, -6.609250549110865e-04, -6.46863073250315e-04, -6.328010360011529e-04, -6.187389935134912e-04, -6.046769562642908e-04, -5.906149137765939e-04, -5.765528817659566e-04, -5.624907810706004e-04, -5.484286803752441e-04, -5.343665796798878e-04, -5.203044207768706e-04, -5.062423305585723e-04, -4.921801821326132e-04, -4.781180127524859e-04, -4.640558352227744e-04, -4.499936576930629e-04, -4.359314592090184e-04, -4.218692525754764e-04, -4.07807054091432e-04, -3.937448183540595e-04, -3.796826117205174e-04, -3.656203550288121e-04, -3.515581192914397e-04, -3.374958334959038e-04, -3.234335896090338e-04, -3.09371303813498e-04, -2.953090180179622e-04, -2.812467450274352e-04, -2.671844592317259e-04, -2.531221443322555e-04, -2.390598567898393e-04, -2.249975273384884e-04, -2.109351978871375e-04, -1.968728957927541e-04, -1.828105517894879e-04, -1.687482077862218e-04, -1.546858637828515e-04, -1.406235471366569e-04, -1.265611885814756e-04, -1.124988300262466e-04, -9.843650610406398e-05, -8.437414027289028e-05, -7.03117744417166e-05, -5.624944688155521e-05, -4.218707377442399e-05, -2.812470248628209e-05, -1.406237310713997e-05, 0e+00, 3.607181706971112e-05, 8.569404985820962e-04, 9.839209193516225e-03, 5.553802498795406e-02, 1.293969746229549e-01, 2.210481519632701e-01, 3.356756860621544e-01, 4.63021375161598e-01, 5.907240762564908e-01, 7.092154899522418e-01, 8.139812722677197e-01, 9.046380112892006e-01, 9.829137071906642e-01, 1.051112742123457e+00, 1.111365452477801e+00, 1.165391070694171e+00, 1.214495818206049e+00, 1.259643404186864e+00, 1.301540384337509e+00, 1.340706512579493e+00, 1.377534346604379e+00, 1.412337920966082e+00, 1.445399580130153e+00, 1.477017015342474e+00, 1.507556676864624e+00, 1.537412313945744e+00, 1.566698964040799e+00, 1.595448098485791e+00, 1.623688280013506e+00, 1.651445594346927e+00, 1.678744071216473e+00, 1.705605764347259e+00, 1.732050820213515e+00, 1.75809819316324e+00, 1.783765135958908e+00, 1.809068047770763e+00, 1.834021914092462e+00, 1.858640801631539e+00, 1.882937823450773e+00, 1.90692525817463e+00, 1.930614528823123e+00, 1.954016765826542e+00, 1.977142079103084e+00, 2.000000005412416e+00, 2.022599723873045e+00, 2.04494957919626e+00, 2.067057546578937e+00, 2.088931757389922e+00, 2.110579470101705e+00, 2.132007122039795e+00]
checkValve.m_flow=[-7.031179848127067e-04, -6.890558867366143e-04, -6.74993788660522e-04, -6.609316323767697e-04, -6.468695343006764e-04, -6.328073806361925e-04, -6.187452217331309e-04, -6.046830098610345e-04, -5.906208509579551e-04, -5.76558644324387e-04, -5.62496427213709e-04, -5.4843415189537e-04, -5.343719347846138e-04, -5.20309659466214e-04, -5.062473946250718e-04, -4.921850715763034e-04, -4.781227857806809e-04, -4.640604918356475e-04, -4.499981687868877e-04, -4.359358247835522e-04, -4.21873472630936e-04, -4.078111286276005e-04, -3.937487764749843e-04, -3.796863952185375e-04, -3.656239930075411e-04, -3.515616117510945e-04, -3.37499209540098e-04, -3.234368201345268e-04, -3.093743888195611e-04, -2.953119575047169e-04, -2.812495680989895e-04, -2.671871076803668e-04, -2.531246763654012e-04, -2.390622433041276e-04, -2.249997683334856e-04, -2.109373079147589e-04, -1.968748603015181e-04, -1.828123853308761e-04, -1.687498958083189e-04, -1.546874062857617e-04, -1.406249586725208e-04, -1.265624545980485e-04, -1.12499950523576e-04, -9.843748835844597e-05, -8.437498428393883e-05, -7.031247293351746e-05, -5.625000713041293e-05, -4.218749577994826e-05, -2.812498442948352e-05, -1.406251316945415e-05, 0e+00, 3.60727411254873e-05, 8.572016807091707e-04, 9.862164788630973e-03, 5.604902840061676e-02, 1.316195237429628e-01, 2.306388346574385e-01, 3.664635961001392e-01, 5.41179511067906e-01, 7.549398189362633e-01, 1.00599118414836e+00, 1.290786079665087e+00, 1.604147160866313e+00, 1.939507529858132e+00, 2.289196044845138e+00, 2.644773853380445e+00, 2.997413434352771e+00, 3.338330664817597e+00, 3.659234301292956e+00, 3.952833002691238e+00, 4.213369177421963e+00, 4.437184765284968e+00, 4.623321042916473e+00, 4.774150585335424e+00, 4.896032226005444e+00, 5e+00, 5.099019620770616e+00, 5.196152393432013e+00, 5.291502745594678e+00, 5.385164538133235e+00, 5.477225671483124e+00, 5.567764260780971e+00, 5.656854215800149e+00, 5.744562770926495e+00, 5.830951915232227e+00, 5.916079796225636e+00, 5.99999988062743e+00, 6.082762678952104e+00, 6.164413967611182e+00, 6.244998092593388e+00, 6.324555585278855e+00, 6.403124127390416e+00, 6.480740418269442e+00, 6.557438318966221e+00, 6.633249777625455e+00, 6.708203881325833e+00, 6.782330194175696e+00, 6.855654507609313e+00, 6.928202968135851e+00, 6.999999931811789e+00, 7.071067810058594e+00]
checkValve.k=[1.581138894835021e-05, 1.581138894835021e-05, 1.581138894835021e-05, 1.581138894835021e-05, 1.581138894835021e-05, 1.581138894835021e-05, 1.581138894835021e-05, 1.581138894835021e-05, 1.581138894835021e-05, 1.581138894835021e-05, 1.581138894835021e-05, 1.581138894835021e-05, 1.581138894835021e-05, 1.581138894835021e-05, 1.581138894835021e-05, 1.581138894835021e-05, 1.581138894835021e-05, 1.581138894835021e-05, 1.581138894835021e-05, 1.581138894835021e-05, 1.581138894835021e-05, 1.581138894835021e-05, 1.581138894835021e-05, 1.581138894835021e-05, 1.581138894835021e-05, 1.581138894835021e-05, 1.581138894835021e-05, 1.581138894835021e-05, 1.581138894835021e-05, 1.581138894835021e-05, 1.581138894835021e-05, 1.581138894835021e-05, 1.581138894835021e-05, 1.581138894835021e-05, 1.581138894835021e-05, 1.581138894835021e-05, 1.581138894835021e-05, 1.581138894835021e-05, 1.581138894835021e-05, 1.581138894835021e-05, 1.581138894835021e-05, 1.581138894835021e-05, 1.581138894835021e-05, 1.581138894835021e-05, 1.581138894835021e-05, 1.581138894835021e-05, 1.581138894835021e-05, 1.581138894835021e-05, 1.581138894835021e-05, 1.581138894835021e-05, 1.581138894835021e-05, 2.532374423558569e-05, 8.729070709736791e-05, 2.41987305016434e-04, 5.174584154955135e-04, 9.306906350064561e-04, 1.488767300966059e-03, 2.190038656718462e-03, 3.025285088787865e-03, 3.978881855028014e-03, 5.029956553272335e-03, 6.153581421439287e-03, 7.321896866222058e-03, 8.505303043613997e-03, 9.673618488393435e-03, 1.079724335656372e-02, 1.184831758915286e-02, 1.280191482104625e-02, 1.363716125311759e-02, 1.433843202679352e-02, 1.489650886737875e-02, 1.530974149433867e-02, 1.558521232833261e-02, 1.573990822776502e-02, 1.580187675130827e-02, 1.581138744950294e-02, 1.581138744950294e-02, 1.581138744950294e-02, 1.581138744950294e-02, 1.581138744950294e-02, 1.581138744950294e-02, 1.581138744950294e-02, 1.581138744950294e-02, 1.581138744950294e-02, 1.581138744950294e-02, 1.581138744950294e-02, 1.581138744950294e-02, 1.581138744950294e-02, 1.581138744950294e-02, 1.581138744950294e-02, 1.581138744950294e-02, 1.581138744950294e-02, 1.581138744950294e-02, 1.581138744950294e-02, 1.581138744950294e-02, 1.581138744950294e-02, 1.581138744950294e-02, 1.581138744950294e-02, 1.581138744950294e-02, 1.581138744950294e-02, 1.581138744950294e-02]
