last-generated=2017-03-31
statistics-simulation=
{
  "numerical Jacobians": "0", 
  "nonlinear": " ", 
  "linear": " "
}
res.m_flow=[-8.086287379264832e-01, -8.005015848239534e-01, -7.922911044242308e-01, -7.839946741227457e-01, -7.756094328964008e-01, -7.671325809146631e-01, -7.585610139717354e-01, -7.498914602014257e-01, -7.411204560696977e-01, -7.322444947668039e-01, -7.232595099552704e-01, -7.141615742941039e-01, -7.049461578253451e-01, -6.956087305961864e-01, -6.861442333171641e-01, -6.765473542518404e-01, -6.668123567745425e-01, -6.569330710062607e-01, -6.469029856387887e-01, -6.367148732457274e-01, -6.263611347740444e-01, -6.158332754971133e-01, -6.051223265141159e-01, -5.942183182768495e-01, -5.831104456712966e-01, -5.717868804931641e-01, -5.602344162980102e-01, -5.484386810148817e-01, -5.363836302951454e-01, -5.240512981951467e-01, -5.114217552585364e-01, -4.984722466667514e-01, -4.851772390498664e-01, -4.715075376154078e-01, -4.574295035303531e-01, -4.429041953008978e-01, -4.278861204063403e-01, -4.123213664522314e-01, -3.961455444929971e-01, -3.792804827893197e-01, -3.61629765028908e-01, -3.430721095204665e-01, -3.234514625334953e-01, -3.025611792511471e-01, -2.801172081134425e-01, -2.557108392333929e-01, -2.287147727827838e-01, -1.980727721951709e-01, -1.617257000846074e-01, -1.143574266544943e-01, 0e+00, 1.143574266537187e-01, 1.617258198835193e-01, 1.980728691215222e-01, 2.287146870853863e-01, 2.557108392338518e-01, 2.80117208113359e-01, 3.025611792509183e-01, 3.234515227399307e-01, 3.430721660852609e-01, 3.616297109784996e-01, 3.792804827896888e-01, 3.961455444931149e-01, 4.123213664521192e-01, 4.278861204060157e-01, 4.42904239211916e-01, 4.574294608273817e-01, 4.7150749627099e-01, 4.851772390500105e-01, 4.984722466667978e-01, 5.114217552583097e-01, 5.240513353415989e-01, 5.363835938888093e-01, 5.484386454611915e-01, 5.602344162981764e-01, 5.717868804931641e-01, 5.831104623718956e-01, 5.942183346438561e-01, 6.051223586649036e-01, 6.158332596483858e-01, 6.263611192028954e-01, 6.367148732456909e-01, 6.469029856386811e-01, 6.569330858154706e-01, 6.668123859656476e-01, 6.765473254233922e-01, 6.861442190987966e-01, 6.956087305962533e-01, 7.049461647335525e-01, 7.141615879212739e-01, 7.232595301374312e-01, 7.322444681288535e-01, 7.411204429071399e-01, 7.498914536977912e-01, 7.585610171819448e-01, 7.671325904298798e-01, 7.756094517213296e-01, 7.839946507951432e-01, 7.922910890362511e-01, 8.005015772090657e-01, 8.086287379264832e-01]
res.m_flow_nominal=[2.000000029802322e-01, 2.000000029802322e-01]
time=[0e+00, 1e+00]
res.v=[-4.043143749237061e+00, -4.002508162538319e+00, -3.961455581725759e+00, -3.919973132195229e+00, -3.878047224086622e+00, -3.835662844968649e+00, -3.792804950649427e+00, -3.74945712219323e+00, -3.705602399557778e+00, -3.661222235415547e+00, -3.616297728590198e+00, -3.57080769265662e+00, -3.524730908335695e+00, -3.478043772189653e+00, -3.43072128579511e+00, -3.382736711654557e+00, -3.334061605059311e+00, -3.284665355031304e+00, -3.234514987797735e+00, -3.18357442583314e+00, -3.1318056738704e+00, -3.079166377485762e+00, -3.025611632570544e+00, -2.971091770197684e+00, -2.915552347565613e+00, -2.85893440246582e+00, -2.801171962281045e+00, -2.742193524284018e+00, -2.681918151475727e+00, -2.620256610183779e+00, -2.557108716688747e+00, -2.492361084322252e+00, -2.425886105842364e+00, -2.357537598669681e+00, -2.287147547454088e+00, -2.214520887097966e+00, -2.13943063183445e+00, -2.061606921667627e+00, -1.980727752267308e+00, -1.896402354342593e+00, -1.808148914551329e+00, -1.715360607206817e+00, -1.617257342469799e+00, -1.512805896255842e+00, -1.400585980962745e+00, -1.278554166364642e+00, -1.143573878814893e+00, -9.903638758770069e-01, -8.086285153241984e-01, -5.717871407229453e-01, 0e+00, 5.717871407190677e-01, 8.086291143184734e-01, 9.903643605094116e-01, 1.143573450328093e+00, 1.278554166366937e+00, 1.400585980962328e+00, 1.512805896254698e+00, 1.617257643501976e+00, 1.715360890029386e+00, 1.808148644297689e+00, 1.896402354344439e+00, 1.980727752267897e+00, 2.061606921667066e+00, 2.139430631832827e+00, 2.214521106654034e+00, 2.287147333939231e+00, 2.357537391948231e+00, 2.425886105843085e+00, 2.492361084322483e+00, 2.557108716687615e+00, 2.620256795917284e+00, 2.681917969442341e+00, 2.742193346515815e+00, 2.801171962281876e+00, 2.85893440246582e+00, 2.915552431067915e+00, 2.971091852030941e+00, 3.025611793322813e+00, 3.079166298242568e+00, 3.131805596014122e+00, 3.183574425832957e+00, 3.234514987797198e+00, 3.284665429077353e+00, 3.334061751018212e+00, 3.382736567513027e+00, 3.430721214701994e+00, 3.478043772189988e+00, 3.524730942877194e+00, 3.570807760792861e+00, 3.616297829499669e+00, 3.661222102229596e+00, 3.705602333744989e+00, 3.749457089676087e+00, 3.792804966700505e+00, 3.835662892544399e+00, 3.878047318210013e+00, 3.919973015560547e+00, 3.961455504784195e+00, 4.00250812446277e+00, 4.043143749237061e+00]
res.dh=[4.606588780879974e-01, 4.606588780879974e-01]
