last-generated=2022-02-02
statistics-simulation=
{
  "linear": "0, 0, 0",
  "nonlinear": " ",
  "number of continuous time states": "15",
  "numerical Jacobians": "0"
}
time=[0e+00, 7.2e+03]
dooAB.vAB=[0e+00, -0e+00, -0e+00, -0e+00, -0e+00, -0e+00, -0e+00, 0e+00, -0e+00, -0e+00, -0e+00, -0e+00, -0e+00, -0e+00, 2.364259242906959e-18, 2.019197680056095e-03, 3.577027469873428e-03, 6.399564910680056e-03, 9.497175924479961e-03, 1.257860567420721e-02, 1.731184311211109e-02, 2.101587131619453e-02, 2.64054611325264e-02, 3.147986903786659e-02, 3.632215410470963e-02, 4.257145524024963e-02, 4.740587621927261e-02, 5.346396565437319e-02, 5.895318090915681e-02, 6.360570341348648e-02, 6.928618252277374e-02, 7.311078161001205e-02, 7.765231281518936e-02, 8.107664436101913e-02, 8.364866673946381e-02, 8.617446571588516e-02, 8.69884118437767e-02, 8.839583396911621e-02, 8.840995281934738e-02, 8.703188598155975e-02, 8.427828550338745e-02, 8.019264042377472e-02, 7.484236359596252e-02, 6.830932199954987e-02, 6.069918349385262e-02, 5.211510509252548e-02, 4.272970929741859e-02, 3.260155022144318e-02, 2.203965745866299e-02, 1.107907854020596e-02, 3.529231471475214e-04, -0e+00, -0e+00, -0e+00, 0e+00, 0e+00, 0e+00, -0e+00, -0e+00, -0e+00, -0e+00, -0e+00, -0e+00, -0e+00, -0e+00, 1.938417786732316e-03, 3.530098125338554e-03, 6.288863252848387e-03, 9.420678019523621e-03, 1.25094186514616e-02, 1.721303537487984e-02, 2.093781717121601e-02, 2.629420533776283e-02, 3.138241171836853e-02, 3.624548763036728e-02, 4.246940836310387e-02, 4.731646925210953e-02, 5.335355922579765e-02, 5.88388554751873e-02, 6.352287530899048e-02, 6.918497383594513e-02, 7.299488037824631e-02, 7.757116854190826e-02, 8.096720278263092e-02, 8.360529690980911e-02, 8.609262853860855e-02, 8.698830753564835e-02, 8.839576691389084e-02, 8.841077238321304e-02, 8.703334629535675e-02, 8.428581804037094e-02, 8.01931694149971e-02, 7.484200596809387e-02, 6.830885261297226e-02, 6.069687381386757e-02, 5.212517827749252e-02, 4.272463172674179e-02, 3.265117108821869e-02, 2.200507372617722e-02, 1.111779268831015e-02, 7.610318134538829e-04]
dooAB.vBA=[-0e+00, 1.111134886741638e-02, 2.211078628897667e-02, 3.27298566699028e-02, 4.302024841308594e-02, 5.219393223524094e-02, 6.068937107920647e-02, 6.840763241052628e-02, 7.489724457263947e-02, 8.018204569816589e-02, 8.438210934400558e-02, 8.701556921005249e-02, 8.833120763301849e-02, 8.839000016450882e-02, 8.699598908424377e-02, 8.623016625642776e-02, 8.368472009897232e-02, 8.11431035399437e-02, 7.769933342933655e-02, 7.317282259464264e-02, 6.933213025331497e-02, 6.365067511796951e-02, 5.898650363087654e-02, 5.349121987819672e-02, 4.74209263920784e-02, 4.257949069142342e-02, 3.632380068302155e-02, 3.14715877175331e-02, 2.638822607696055e-02, 2.099654078483582e-02, 1.727952249348164e-02, 1.253490801900625e-02, 9.460359811782837e-03, 6.340239197015762e-03, 3.548956708982587e-03, 1.964813098311424e-03, -0e+00, -0e+00, -0e+00, -0e+00, -0e+00, -0e+00, -0e+00, -0e+00, -0e+00, -0e+00, -0e+00, -0e+00, -0e+00, -0e+00, 3.778318059630692e-04, 1.116737630218267e-02, 2.204835414886475e-02, 3.263542428612709e-02, 4.270109161734587e-02, 5.207872018218046e-02, 6.080214679241185e-02, 6.851277500391006e-02, 7.505793124437332e-02, 8.063501864671707e-02, 8.427023887634277e-02, 8.702404797077179e-02, 8.840593695640564e-02, 8.839288353919983e-02, 8.698515594005585e-02, 8.614809811115265e-02, 8.363881707191467e-02, 8.10343399643898e-02, 7.761439681053162e-02, 7.299358397722244e-02, 6.922528147697449e-02, 6.353118270635605e-02, 5.887267366051674e-02, 5.337870493531227e-02, 4.728810116648674e-02, 4.246516525745392e-02, 3.618361800909042e-02, 3.13730351626873e-02, 2.627808041870594e-02, 2.090472914278507e-02, 1.717806421220303e-02, 1.241241674870253e-02, 9.382964111864567e-03, 6.230384577065706e-03, 3.501694882288575e-03, 1.88368116505444e-03, -0e+00, -0e+00, -0e+00, -0e+00, -0e+00, -0e+00, -0e+00, -0e+00, -0e+00, -0e+00, -0e+00, -0e+00, -0e+00, -0e+00, 7.568588480353355e-04]
dooAC.vAB=[0e+00, 0e+00, 0e+00, 0e+00, 0e+00, 0e+00, 0e+00, -1.814298941647376e-25, 0e+00, 0e+00, 4.596127298195363e-11, -4.596125563471887e-11, 4.596127298195363e-11, 9.192255984169506e-11, -7.257194670951216e-25, -1.378837183318993e-10, -1.838449253943608e-10, 0e+00, 9.192255984169506e-11, 9.192255984169506e-11, -9.192249739164993e-11, -2.298061185790345e-10, 4.596127298195363e-11, -9.192249739164993e-11, -2.298061185790345e-10, -4.596125563471887e-11, 1.378838571097774e-10, -4.596125563471741e-11, 4.59612729819529e-11, 4.596127298195363e-11, 4.596127298195363e-11, -2.298061185790345e-10, -4.596125563471887e-11, 9.192255984169506e-11, -3.676896009885411e-10, 9.192255984169506e-11, 2.29806521034881e-10, -9.192249739164993e-11, 1.378838571097774e-10, 4.596127298195363e-11, 0e+00, -9.192249739164993e-11, -9.192249739164993e-11, -4.596125563471887e-11, -1.838449253943608e-10, 4.596127298195363e-11, -9.192249739164993e-11, 9.192255984169506e-11, -9.192249739164993e-11, 9.192255984169506e-11, -1.378837183318993e-10, 0e+00, 7.813437674641932e-10, 4.596127298195363e-11, 9.192255984169215e-11, -2.298061185790331e-10, -9.192249739164993e-11, 4.596127298195363e-11, -4.596125563471887e-11, -4.596125563471887e-11, -1.838449253943608e-10, 0e+00, 1.838451890723292e-10, -9.192249739164993e-11, -2.298061185790345e-10, 4.596127298195363e-11, 9.192255984169506e-11, -4.596125563471887e-11, -4.596125563471887e-11, -4.596125563471887e-11, -1.378837183318993e-10, 4.596127298195363e-11, 4.596127298195363e-11, -4.596125563471887e-11, 1.378838571097774e-10, 9.192255984169506e-11, -9.192249739164993e-11, -4.596125563471887e-11, -9.192249739164993e-11, -4.596125563471887e-11, 4.596127298195363e-11, -5.055738119819075e-11, -1.378837183318993e-10, -1.378837183318993e-10, -4.596125563471887e-11, -4.596125563471887e-11, -9.192249739164993e-11, -4.596125563471887e-11, 4.596127298195363e-11, 0e+00, -1.838449253943608e-10, 1.838451890723292e-10, -1.378837183318993e-10, 1.838451890723292e-10, -4.596125563471887e-11, -1.378837183318993e-10, 9.192255984169506e-11, 4.596127298195363e-11, 4.596127298195363e-11, -4.596125563471887e-11, 1.378838571097774e-10]
dooAC.vBA=[-0e+00, -0e+00, -0e+00, -0e+00, -0e+00, -0e+00, -0e+00, 1.814299626421306e-25, -0e+00, -0e+00, -4.596125563471887e-11, 4.596127298195363e-11, -4.596125563471887e-11, -9.192249739164993e-11, 7.257199601323515e-25, 1.378838571097774e-10, 1.838451890723292e-10, -0e+00, -9.192249739164993e-11, -9.192249739164993e-11, 9.192255984169506e-11, 2.29806521034881e-10, -4.596125563471887e-11, 9.192255984169506e-11, 2.29806521034881e-10, 4.596127298195363e-11, -1.378837183318993e-10, 4.596127298195217e-11, -4.596125563471814e-11, -4.596125563471887e-11, -4.596125563471887e-11, 2.29806521034881e-10, 4.596127298195363e-11, -9.192249739164993e-11, 3.676906279448389e-10, -9.192249739164993e-11, -2.298061185790345e-10, 9.192255984169506e-11, -1.378837183318993e-10, -4.596125563471887e-11, -0e+00, 9.192255984169506e-11, 9.192255984169506e-11, 4.596127298195363e-11, 1.838451890723292e-10, -4.596125563471887e-11, 9.192255984169506e-11, -9.192249739164993e-11, 9.192255984169506e-11, -9.192249739164993e-11, 1.378838571097774e-10, -0e+00, -7.813392155497922e-10, -4.596125563471887e-11, -9.192249739164702e-11, 2.298065210348795e-10, 9.192255984169506e-11, -4.596125563471887e-11, 4.596127298195363e-11, 4.596127298195363e-11, 1.838451890723292e-10, -0e+00, -1.838449253943608e-10, 9.192255984169506e-11, 2.29806521034881e-10, -4.596125563471887e-11, -9.192249739164993e-11, 4.596127298195363e-11, 4.596127298195363e-11, 4.596127298195363e-11, 1.378838571097774e-10, -4.596125563471887e-11, -4.596125563471887e-11, 4.596127298195363e-11, -1.378837183318993e-10, -9.192249739164993e-11, 9.192255984169506e-11, 4.596127298195363e-11, 9.192255984169506e-11, 4.596127298195363e-11, -4.596125563471887e-11, 5.055740201487247e-11, 1.378838571097774e-10, 1.378838571097774e-10, 4.596127298195363e-11, 4.596127298195363e-11, 9.192255984169506e-11, 4.596127298195363e-11, -4.596125563471887e-11, -0e+00, 1.838451890723292e-10, -1.838449253943608e-10, 1.378838571097774e-10, -1.838449253943608e-10, 4.596127298195363e-11, 1.378838571097774e-10, -9.192249739164993e-11, -4.596125563471887e-11, -4.596125563471887e-11, 4.596127298195363e-11, -1.378837183318993e-10]
dooBC.vAB=[0e+00, 1.111134886741638e-02, 2.211078628897667e-02, 3.27298566699028e-02, 4.302024841308594e-02, 5.219393223524094e-02, 6.068937107920647e-02, 6.840763241052628e-02, 7.489724457263947e-02, 8.018204569816589e-02, 8.438210934400558e-02, 8.701556921005249e-02, 8.833121508359909e-02, 8.839000016450882e-02, 8.699598908424377e-02, 8.623016625642776e-02, 8.368472009897232e-02, 8.11431035399437e-02, 7.769933342933655e-02, 7.317282259464264e-02, 6.933213025331497e-02, 6.365067511796951e-02, 5.898650363087654e-02, 5.349121987819672e-02, 4.74209263920784e-02, 4.257949069142342e-02, 3.632380068302155e-02, 3.14715877175331e-02, 2.638822607696055e-02, 2.099654078483582e-02, 1.727952249348164e-02, 1.253490801900625e-02, 9.460359811782837e-03, 6.340239197015762e-03, 3.548956708982587e-03, 1.964813098311424e-03, -0e+00, -0e+00, -0e+00, -0e+00, -0e+00, -0e+00, -0e+00, -0e+00, -0e+00, -0e+00, -0e+00, -0e+00, -0e+00, -0e+00, 3.778316604439169e-04, 1.116737630218267e-02, 2.204835414886475e-02, 3.263542428612709e-02, 4.270109161734587e-02, 5.207872018218046e-02, 6.080214679241185e-02, 6.851277500391006e-02, 7.505793124437332e-02, 8.063501864671707e-02, 8.427023887634277e-02, 8.702404797077179e-02, 8.840593695640564e-02, 8.839288353919983e-02, 8.698515594005585e-02, 8.614809811115265e-02, 8.363881707191467e-02, 8.10343399643898e-02, 7.761439681053162e-02, 7.299357652664185e-02, 6.922528147697449e-02, 6.353118270635605e-02, 5.887267366051674e-02, 5.337870493531227e-02, 4.728810116648674e-02, 4.246516525745392e-02, 3.618361800909042e-02, 3.13730351626873e-02, 2.627808041870594e-02, 2.090472914278507e-02, 1.717806421220303e-02, 1.241241674870253e-02, 9.382964111864567e-03, 6.230384577065706e-03, 3.501694882288575e-03, 1.88368116505444e-03, -0e+00, -0e+00, -0e+00, -0e+00, -0e+00, -0e+00, -0e+00, -0e+00, -0e+00, -0e+00, -0e+00, -0e+00, -0e+00, -0e+00, 7.568589644506574e-04]
dooBC.vBA=[-0e+00, -0e+00, -0e+00, -0e+00, -0e+00, -0e+00, -0e+00, 0e+00, -0e+00, -0e+00, -0e+00, -0e+00, -0e+00, -0e+00, 2.364259242906959e-18, 2.019197680056095e-03, 3.577027469873428e-03, 6.399564910680056e-03, 9.497175924479961e-03, 1.257860567420721e-02, 1.731184311211109e-02, 2.101587131619453e-02, 2.64054611325264e-02, 3.147986903786659e-02, 3.632215410470963e-02, 4.257145524024963e-02, 4.740587621927261e-02, 5.346396565437319e-02, 5.895318090915681e-02, 6.360570341348648e-02, 6.928618252277374e-02, 7.311078161001205e-02, 7.765231281518936e-02, 8.107664436101913e-02, 8.364866673946381e-02, 8.617446571588516e-02, 8.69884118437767e-02, 8.839583396911621e-02, 8.840995281934738e-02, 8.703188598155975e-02, 8.427828550338745e-02, 8.019264042377472e-02, 7.484236359596252e-02, 6.830932199954987e-02, 6.069918349385262e-02, 5.211510509252548e-02, 4.272970929741859e-02, 3.260155022144318e-02, 2.203965932130814e-02, 1.107907760888338e-02, 3.529232635628432e-04, -0e+00, -0e+00, -0e+00, 0e+00, 0e+00, 0e+00, -0e+00, -0e+00, -0e+00, -0e+00, -0e+00, -0e+00, -0e+00, -0e+00, 1.938417786732316e-03, 3.530098125338554e-03, 6.288863252848387e-03, 9.420678019523621e-03, 1.25094186514616e-02, 1.721303537487984e-02, 2.093781717121601e-02, 2.629420533776283e-02, 3.138241171836853e-02, 3.624548763036728e-02, 4.246940836310387e-02, 4.731646925210953e-02, 5.335355922579765e-02, 5.88388554751873e-02, 6.352287530899048e-02, 6.918497383594513e-02, 7.299488037824631e-02, 7.757116854190826e-02, 8.096720278263092e-02, 8.360529690980911e-02, 8.609262853860855e-02, 8.698830753564835e-02, 8.839576691389084e-02, 8.841077238321304e-02, 8.703334629535675e-02, 8.428581804037094e-02, 8.01931694149971e-02, 7.484200596809387e-02, 6.830885261297226e-02, 6.069687381386757e-02, 5.212517827749252e-02, 4.272463172674179e-02, 3.265117108821869e-02, 2.200507372617722e-02, 1.111779268831015e-02, 7.610316388309002e-04]
