last-generated=2019-12-23
statistics-initialization=
{
  "nonlinear": "1",
  "numerical Jacobians": "0"
}
statistics-simulation=
{
  "linear": " ",
  "nonlinear": "1, 0",
  "number of continuous time states": "4",
  "numerical Jacobians": "0"
}
time=[0e+00, 2.4e+02]
dam.m_flow=[1.992340564727783e+00, 1.910985949942575e+00, 1.826010234081186e+00, 1.736882202474163e+00, 1.642926112187831e+00, 1.543260335922241e+00, 1.436697107731769e+00, 1.32156916578447e+00, 1.195404332917014e+00, 1.054247522118036e+00, 8.910017609596252e-01, 6.901669719564741e-01, 3.479509125240351e-01, -3.479509125240351e-01, -6.901671515196637e-01, -8.910017609596252e-01, -1.05424740135125e+00, -1.19540433291718e+00, -1.321569165784316e+00, -1.436697195165726e+00, -1.543260335922241e+00, -1.642926035106992e+00, -1.736882238686527e+00, -1.82601019942889e+00, -1.910985999251742e+00, -1.992340564727783e+00, -1.988830093536735e+00, -1.978277819807499e+00, -1.958929267055818e+00, -1.926863166656667e+00, -1.875823020935059e+00, -1.79749852268815e+00, -1.683526084849956e+00, -1.530135289390165e+00, -1.344287510122468e+00, -1.150541543960571e+00, -9.691255002157082e-01, -8.10871014134414e-01, -6.790293166918413e-01, -5.720309612372618e-01, -4.847593009471893e-01, -4.127795523867874e-01, -3.530481566771182e-01, -3.031981912751953e-01, -2.614979804129648e-01, -2.266445010900497e-01, -1.966581098491262e-01, -1.506008727188322e-01, -9.731269394175256e-02, -5.475589047651708e-02, -2.830162830650806e-02, -1.409612620808492e-02, -6.98317927673639e-03, -3.510962225179097e-03, -1.815157168985876e-03, -9.730912279337645e-04, -5.436382197311736e-04, -3.172950704915814e-04, -1.935953252248778e-04, -1.234018092194434e-04, -8.204609184758738e-05, -5.677538414166411e-05, -4.07870926451956e-05, -3.033560514521363e-05, -2.329326056413907e-05, -1.841379162215162e-05, -1.494581924720609e-05, -1.242352674096174e-05, -1.055045304177527e-05, -9.133301818178516e-06, -8.043041816563345e-06, -7.191718341493008e-06, -6.518140124454795e-06, -5.978928437300504e-06, -5.542828258344395e-06, -5.186915586818941e-06, -4.894122203472687e-06, -4.651514532019848e-06, -4.449281956297229e-06, -4.279774604304916e-06, -4.137039013585309e-06, -4.016341967715341e-06, -3.913930990196387e-06, -3.826761612177119e-06, -3.752376137633564e-06, -3.688749984576134e-06, -3.634222694972462e-06, -3.587410957653163e-06, -3.547162985913279e-06, -3.512515914921228e-06, -3.482655529296608e-06, -3.456899488912449e-06, -3.434664931124652e-06, -3.415460219382326e-06, -3.398862230588621e-06, -3.384512638149317e-06, -3.372100507674933e-06, -3.361363055008961e-06, -3.352069814442483e-06, -3.344026728166146e-06, -3.337060206831666e-06]
vav.m_flow=[2e+00, 1.918332580051682e+00, 1.833030230750684e+00, 1.743559591591018e+00, 1.649242297244033e+00, 1.549193382263184e+00, 1.442220550885698e+00, 1.326649865557142e+00, 1.200000089608263e+00, 1.058300518844233e+00, 8.944271802902222e-01, 6.928202725730367e-01, 3.469959246805281e-01, -3.469959246805281e-01, -6.928204528265858e-01, -8.944271802902222e-01, -1.058300397613417e+00, -1.20000008960843e+00, -1.326649865556988e+00, -1.442220638655692e+00, -1.549193382263184e+00, -1.649242219866947e+00, -1.743559627942459e+00, -1.833030195965281e+00, -1.918332629550918e+00, -2e+00, -1.996448997696358e+00, -1.98577572668943e+00, -1.966208424322993e+00, -1.933789464508626e+00, -1.882211446762085e+00, -1.803117333894351e+00, -1.688139724155815e+00, -1.533596887257674e+00, -1.34663295226418e+00, -1.152010917663574e+00, -9.700031789205782e-01, -8.113848661480181e-01, -6.793310352127018e-01, -5.718721112886253e-01, -4.703934490680695e-01, -3.738012295915435e-01, -2.939794683626004e-01, -2.32540273603286e-01, -1.864657008144859e-01, -1.520660221576691e-01, -1.254434309864161e-01, -8.949848699319124e-02, -5.415989441884636e-02, -2.941819251141425e-02, -1.500970590859652e-02, -7.446565061442284e-03, -3.684753578879044e-03, -1.851922747272196e-03, -9.573131019125272e-04, -5.131803918629885e-04, -2.866922241522791e-04, -1.673262307865835e-04, -1.020922648228679e-04, -6.507557039431991e-05, -4.32666674896609e-05, -2.994022549430377e-05, -2.150886013864975e-05, -1.599731511711193e-05, -1.228356893990877e-05, -9.710406629892532e-06, -7.881589960613405e-06, -6.551472906606679e-06, -5.56371818552141e-06, -4.816391875999684e-06, -4.241449460096192e-06, -3.792508927070258e-06, -3.437301486543046e-06, -3.152951331811039e-06, -2.922976674248949e-06, -2.735288262556423e-06, -2.58088527088458e-06, -2.452947834141231e-06, -2.346301576981345e-06, -2.256912678536938e-06, -2.18164200305182e-06, -2.117993370996429e-06, -2.063987331605132e-06, -2.018019078269784e-06, -1.978792491074951e-06, -1.945239546330413e-06, -1.9164848951955e-06, -1.891799145103323e-06, -1.870574554150012e-06, -1.852303669780553e-06, -1.836556975831627e-06, -1.822974664042032e-06, -1.811249390306419e-06, -1.801121913591734e-06, -1.792369083037261e-06, -1.784801838766725e-06, -1.778256417528207e-06, -1.772594152922235e-06, -1.767693328222938e-06, -1.763451915563877e-06, -1.759778115228983e-06]
dam.dp=[2.679359018802643e-01, 2.465010293894953e-01, 2.250661568987268e-01, 2.036312801492316e-01, 1.82196411917186e-01, 1.607615351676941e-01, 1.393266584182022e-01, 1.178917891193045e-01, 9.645692940467473e-02, 7.502205265520318e-02, 5.35871796309948e-02, 3.215230288149764e-02, 8.639690006324075e-03, -8.639690006324075e-03, -3.215231991631092e-02, -5.35871796309948e-02, -7.502203562038838e-02, -9.645692940470184e-02, -1.178917891192773e-01, -1.393266754530102e-01, -1.607615351676941e-01, -1.82196394882378e-01, -2.036312886666914e-01, -2.25066148381267e-01, -2.465010421655803e-01, -2.679359018802643e-01, -2.845966627752612e-01, -3.345013038471473e-01, -4.253171445233336e-01, -5.738589206572164e-01, -8.052393794059753e-01, -1.148228275832564e+00, -1.621194768376393e+00, -2.208849995763998e+00, -2.845691833454411e+00, -3.421923398971558e+00, -3.880346754374681e+00, -4.216160881194365e+00, -4.450331923475632e+00, -4.609398440635613e+00, -4.704990863800049e+00, -4.763847319217874e+00, -4.805315924735949e+00, -4.836704288474481e+00, -4.86137343821025e+00, -4.881150722503662e+00, -4.897681702132787e+00, -4.922392332846605e+00, -4.950235875626962e+00, -4.972101698989643e+00, -4.985598087310791e+00, -4.992829319371012e+00, -4.996448036619185e+00, -4.998214246270426e+00, -4.999076841642855e+00, -4.999505043029785e+00, -4.999723434818095e+00, -4.999838828925323e+00, -4.999901294765854e+00, -4.999937057422359e+00, -4.999958038330078e+00, -4.999970912957602e+00, -4.999979019158975e+00, -4.999984741213969e+00, -4.999988079064981e+00, -4.999990463256836e+00, -4.999992370611532e+00, -4.999993801113912e+00, -4.99999475479126e+00, -4.999995231628418e+00, -4.999995708465576e+00, -4.999996185302734e+00, -4.999996662139893e+00, -4.999997138977051e+00, -4.999997138977051e+00, -4.999997138977051e+00, -4.999997615814209e+00, -4.999997615814209e+00, -4.999997615814209e+00, -4.999997615814209e+00, -4.999998092651367e+00, -4.999998092651367e+00, -4.999998092651367e+00, -4.999998092651367e+00, -4.999998092651367e+00, -4.999998092651367e+00, -4.999998092651367e+00, -4.999998092651367e+00, -4.999998092651367e+00, -4.999998092651367e+00, -4.999998092651367e+00, -4.999998092651367e+00, -4.999998092651367e+00, -4.999998092651367e+00, -4.999998092651367e+00, -4.999998092651367e+00, -4.999998092651367e+00, -4.999998092651367e+00, -4.999998092651367e+00, -4.999998092651367e+00, -4.999998092651367e+00]
vav.dp=[5e+00, 4.599999920527121e+00, 4.199999841054439e+00, 3.799999920527172e+00, 3.400000158945593e+00, 3e+00, 2.599999841054407e+00, 2.199999920527266e+00, 1.800000079472544e+00, 1.400000039736525e+00, 1e+00, 5.999999602634757e-01, 1.999998758240322e-01, -1.999998758240322e-01, -6.000002781531776e-01, -1e+00, -1.399999721847012e+00, -1.80000007947305e+00, -2.199999920526761e+00, -2.600000158944456e+00, -3e+00, -3.399999841055544e+00, -3.800000079473238e+00, -4.199999682108562e+00, -4.600000158943697e+00, -5e+00, -5e+00, -5e+00, -5e+00, -5e+00, -5e+00, -5e+00, -5e+00, -5e+00, -5e+00, -5e+00, -5e+00, -5e+00, -5e+00, -5e+00, -5e+00, -5e+00, -5e+00, -5e+00, -5e+00, -5e+00, -5e+00, -5e+00, -5e+00, -5e+00, -5e+00, -5e+00, -5e+00, -5e+00, -5e+00, -5e+00, -5e+00, -5e+00, -5e+00, -5e+00, -5e+00, -5e+00, -5e+00, -5e+00, -5e+00, -5e+00, -5e+00, -5e+00, -5e+00, -5e+00, -5e+00, -5e+00, -5e+00, -5e+00, -5e+00, -5e+00, -5e+00, -5e+00, -5e+00, -5e+00, -5e+00, -5e+00, -5e+00, -5e+00, -5e+00, -5e+00, -5e+00, -5e+00, -5e+00, -5e+00, -5e+00, -5e+00, -5e+00, -5e+00, -5e+00, -5e+00, -5e+00, -5e+00, -5e+00, -5e+00, -5e+00]
res.dp=[4.732064247131348e+00, 4.353498950742312e+00, 3.974933892771767e+00, 3.596368759587147e+00, 3.217803538412316e+00, 2.839238405227661e+00, 2.460673272043196e+00, 2.08210813885859e+00, 1.703543187320725e+00, 1.324978054136523e+00, 9.464128017425537e-01, 5.678476089532529e-01, 1.91360189542994e-01, -1.91360189542994e-01, -5.678479098081876e-01, -9.464128017425537e-01, -1.324977753281565e+00, -1.703543187321204e+00, -2.082108138858111e+00, -2.460673572897561e+00, -2.839238405227661e+00, -3.217803237557761e+00, -3.59636891001541e+00, -3.97493374234322e+00, -4.353499176383425e+00, -4.732064247131348e+00, -4.715403098806918e+00, -4.665498815362332e+00, -4.574683034290979e+00, -4.426141138947618e+00, -4.194760799407959e+00, -3.851771843375968e+00, -3.378805350832897e+00, -2.791150004236002e+00, -2.154308166545589e+00, -1.578076601028442e+00, -1.119653126416408e+00, -7.83839238014167e-01, -5.49668136128255e-01, -3.906016785728239e-01, -2.950092554092407e-01, -2.361528446937153e-01, -1.946841497690985e-01, -1.63295532714143e-01, -1.386267853067419e-01, -1.188490614295006e-01, -1.023181414061573e-01, -7.760784596491345e-02, -4.97639641854364e-02, -2.789824513149912e-02, -1.440188195556402e-02, -7.170682025357309e-03, -3.55203532533137e-03, -1.785835219299351e-03, -9.232667990021575e-04, -4.949552821926773e-04, -2.76517276719657e-04, -1.613895982014114e-04, -9.847071718431286e-05, -6.27673429442785e-05, -4.173208435531706e-05, -2.887834221828786e-05, -2.074602659763851e-05, -1.542996160225167e-05, -1.184792978626401e-05, -9.366027370560914e-06, -7.602070996433102e-06, -6.319126970733774e-06, -5.366402892686109e-06, -4.645580525187417e-06, -4.091029040864669e-06, -3.658009702378342e-06, -3.315399623328393e-06, -3.041133971700145e-06, -2.819315177560801e-06, -2.638282921907376e-06, -2.489356010240787e-06, -2.365955570059683e-06, -2.263091683659073e-06, -2.17687304454069e-06, -2.104271516145673e-06, -2.042880255132569e-06, -1.990789604110983e-06, -1.946451396818261e-06, -1.908615876570015e-06, -1.876253122645721e-06, -1.848518131123286e-06, -1.82470776627071e-06, -1.804236011476569e-06, -1.786613139655707e-06, -1.771424763319374e-06, -1.758324257468359e-06, -1.747014734879963e-06, -1.737246395802161e-06, -1.728803929153139e-06, -1.721505213936325e-06, -1.71519182807424e-06, -1.709730333643069e-06, -1.70500333656173e-06, -1.700912331025918e-06, -1.697368929853837e-06]
