last-generated=2017-05-03
statistics-simulation=
{
  "numerical Jacobians": "0", 
  "nonlinear": " ", 
  "number of continuous time states": "6", 
  "linear": " "
}
heaHigPow.sta_b.T=[2.931499938964844e+02, 2.931499938964844e+02, 2.931499938964844e+02, 2.931499938964844e+02, 2.931499938964844e+02, 2.931499938964844e+02, 2.931499938964844e+02, 2.931499938964844e+02, 2.931499938964844e+02, 2.931499938964844e+02, 2.931499938964844e+02, 2.931499938964844e+02, 2.931499938964844e+02, 2.931499938964844e+02, 2.931499938964844e+02, 2.931499938964844e+02, 2.931499938964844e+02, 2.931499938964844e+02, 2.931499938964844e+02, 2.931499938964844e+02, 2.931499938964844e+02, 2.931499938964844e+02, 2.931499938964844e+02, 2.931499938964844e+02, 2.931499938964844e+02, 2.931499938964844e+02, 2.931499938964844e+02, 2.931499938964844e+02, 2.931499938964844e+02, 2.931499938964844e+02, 2.931499938964844e+02, 2.931499938964844e+02, 2.931499938964844e+02, 2.931499938964844e+02, 2.931499938964844e+02, 2.931499938964844e+02, 2.931499938964844e+02, 2.931499938964844e+02, 2.931499938964844e+02, 2.931499938964844e+02, 2.931499938964844e+02, 2.931499938964844e+02, 3.063389282226562e+02, 3.250749816894531e+02, 3.307176513671875e+02, 3.324173583984375e+02, 3.329292602539062e+02, 3.330830078125e+02, 3.331296997070312e+02, 3.331438598632812e+02, 3.331480407714844e+02, 3.331490783691406e+02, 3.331496276855469e+02, 3.331499633789062e+02, 3.331500244140625e+02, 3.331500244140625e+02, 3.331500244140625e+02, 3.331500244140625e+02, 3.331500244140625e+02, 3.331499938964844e+02, 3.331499938964844e+02, 3.331499938964844e+02, 3.331499938964844e+02, 3.331499938964844e+02, 3.331499938964844e+02, 3.331499938964844e+02, 3.331499938964844e+02, 3.166654968261719e+02, 2.932447509765624e+02, 2.861906433105469e+02, 2.840658874511719e+02, 2.834261779785156e+02, 2.832332763671875e+02, 2.831751098632812e+02, 2.831575927734375e+02, 2.831524047851562e+02, 2.831507263183594e+02, 2.831501770019531e+02, 2.831500854492188e+02, 2.831500854492188e+02, 2.831500549316406e+02, 2.831500244140625e+02, 2.831500244140625e+02, 2.831499938964844e+02, 2.831499938964844e+02, 2.831499938964844e+02, 2.831499938964844e+02, 2.831499938964844e+02, 2.931499938964844e+02, 2.931499938964844e+02, 2.931499938964844e+02, 2.931499938964844e+02, 2.931499938964844e+02, 2.931499938964844e+02, 2.931499938964844e+02, 2.931499938964844e+02, 2.931499938964844e+02, 2.931499938964844e+02, 2.931499938964844e+02, 2.931499938964844e+02, 2.931499938964844e+02]
heaHigPow.sta_a.T=[2.931499938964844e+02, 2.931499938964844e+02, 2.931499938964844e+02, 2.931499938964844e+02, 2.931499938964844e+02, 2.931499938964844e+02, 2.931499938964844e+02, 2.931499938964844e+02, 2.931499938964844e+02, 2.931499938964844e+02, 2.931499938964844e+02, 2.931499938964844e+02, 2.931499938964844e+02, 2.931499938964844e+02, 2.931499938964844e+02, 2.931499938964844e+02, 2.931499938964844e+02, 2.931499938964844e+02, 2.931499938964844e+02, 2.931499938964844e+02, 2.931499938964844e+02, 2.931499938964844e+02, 2.931499938964844e+02, 2.931499938964844e+02, 2.931499938964844e+02, 2.931499938964844e+02, 2.931499938964844e+02, 2.931499938964844e+02, 2.931499938964844e+02, 2.931499938964844e+02, 2.931499938964844e+02, 2.931499938964844e+02, 2.931499938964844e+02, 2.931499938964844e+02, 2.931499938964844e+02, 2.931499938964844e+02, 2.931499938964844e+02, 2.931499938964844e+02, 2.931499938964844e+02, 2.931499938964844e+02, 2.931499938964844e+02, 2.931499938964844e+02, 2.931499938964844e+02, 2.931499938964844e+02, 2.931499938964844e+02, 2.931499938964844e+02, 2.931499938964844e+02, 2.931499938964844e+02, 2.931499938964844e+02, 2.931499938964844e+02, 2.931499938964844e+02, 2.931499938964844e+02, 2.931499938964844e+02, 2.931499938964844e+02, 2.931499938964844e+02, 2.931499938964844e+02, 2.931499938964844e+02, 2.931499938964844e+02, 2.931499938964844e+02, 2.931499938964844e+02, 2.931499938964844e+02, 2.931499938964844e+02, 2.931499938964844e+02, 2.931499938964844e+02, 2.931499938964844e+02, 2.931499938964844e+02, 2.931499938964844e+02, 2.931499938964844e+02, 2.931499938964844e+02, 2.931499938964844e+02, 2.931499938964844e+02, 2.931499938964844e+02, 2.931499938964844e+02, 2.931499938964844e+02, 2.931499938964844e+02, 2.931499938964844e+02, 2.931499938964844e+02, 2.931499938964844e+02, 2.931499938964844e+02, 2.931499938964844e+02, 2.931499938964844e+02, 2.931499938964844e+02, 2.931499938964844e+02, 2.931499938964844e+02, 2.931499938964844e+02, 2.931499938964844e+02, 2.931499938964844e+02, 2.931499938964844e+02, 2.931499938964844e+02, 2.931499938964844e+02, 2.931499938964844e+02, 2.931499938964844e+02, 2.931499938964844e+02, 2.931499938964844e+02, 2.931499938964844e+02, 2.931499938964844e+02, 2.931499938964844e+02, 2.931499938964844e+02, 2.931499938964844e+02, 2.931499938964844e+02, 2.931499938964844e+02]
time=[0e+00, 1.2e+03]
cooLimPow.sta_b.T=[2.931499938964844e+02, 2.931499938964844e+02, 2.931499938964844e+02, 2.931499938964844e+02, 2.931499938964844e+02, 2.931499938964844e+02, 2.931499938964844e+02, 2.931499938964844e+02, 2.931499938964844e+02, 2.931499938964844e+02, 2.931499938964844e+02, 2.931499938964844e+02, 2.931499938964844e+02, 2.931499938964844e+02, 2.931499938964844e+02, 2.931499938964844e+02, 2.931499938964844e+02, 2.931499938964844e+02, 2.931499938964844e+02, 2.931499938964844e+02, 2.931499938964844e+02, 2.931499938964844e+02, 2.931499938964844e+02, 2.931499938964844e+02, 2.931499938964844e+02, 2.931499938964844e+02, 2.931499938964844e+02, 2.931499938964844e+02, 2.931499938964844e+02, 2.931499938964844e+02, 2.931499938964844e+02, 2.931499938964844e+02, 2.931499938964844e+02, 2.931499938964844e+02, 2.931499938964844e+02, 2.931499938964844e+02, 2.931499938964844e+02, 2.931499938964844e+02, 2.931499938964844e+02, 2.931499938964844e+02, 2.931499938964844e+02, 2.931499938964844e+02, 2.915263061523438e+02, 2.961944274902344e+02, 2.976032104492188e+02, 2.9802783203125e+02, 2.9815576171875e+02, 2.981941833496094e+02, 2.982058410644531e+02, 2.982093811035156e+02, 2.982104187011719e+02, 2.98210693359375e+02, 2.982108154296875e+02, 2.982109069824219e+02, 2.982109069824219e+02, 2.982109375e+02, 2.982109069824219e+02, 2.982109069824219e+02, 2.982109069824219e+02, 2.982109069824219e+02, 2.982109069824219e+02, 2.982109069824219e+02, 2.982109069824219e+02, 2.982109069824219e+02, 2.982109069824219e+02, 2.982109069824219e+02, 2.982109069824219e+02, 3.029860534667969e+02, 3.240647277832032e+02, 3.304134216308593e+02, 3.323257141113281e+02, 3.329014587402344e+02, 3.330750427246094e+02, 3.331273803710938e+02, 3.331431579589844e+02, 3.331478271484375e+02, 3.331493225097656e+02, 3.331498413085938e+02, 3.331499328613281e+02, 3.331499328613281e+02, 3.331499633789062e+02, 3.331499633789062e+02, 3.331499938964844e+02, 3.331499938964844e+02, 3.331499938964844e+02, 3.331499938964844e+02, 3.331499938964844e+02, 3.331499938964844e+02, 2.931499938964844e+02, 2.931499938964844e+02, 2.931499938964844e+02, 2.931499938964844e+02, 2.931499938964844e+02, 2.931499938964844e+02, 2.931499938964844e+02, 2.931499938964844e+02, 2.931499938964844e+02, 2.931499938964844e+02, 2.931499938964844e+02, 2.931499938964844e+02, 2.931499938964844e+02]
cooLimPow.sta_a.T=[2.931499938964844e+02, 2.931499938964844e+02, 2.931499938964844e+02, 2.931499938964844e+02, 2.931499938964844e+02, 2.931499938964844e+02, 2.931499938964844e+02, 2.931499938964844e+02, 2.931499938964844e+02, 2.931499938964844e+02, 2.931499938964844e+02, 2.931499938964844e+02, 2.931499938964844e+02, 2.931499938964844e+02, 2.931499938964844e+02, 2.931499938964844e+02, 2.931499938964844e+02, 2.931499938964844e+02, 2.931499938964844e+02, 2.931499938964844e+02, 2.931499938964844e+02, 2.931499938964844e+02, 2.931499938964844e+02, 2.931499938964844e+02, 2.931499938964844e+02, 2.931499938964844e+02, 2.931499938964844e+02, 2.931499938964844e+02, 2.931499938964844e+02, 2.931499938964844e+02, 2.931499938964844e+02, 2.931499938964844e+02, 2.931499938964844e+02, 2.931499938964844e+02, 2.931499938964844e+02, 2.931499938964844e+02, 2.931499938964844e+02, 2.931499938964844e+02, 2.931499938964844e+02, 2.931499938964844e+02, 2.931499938964844e+02, 2.931499938964844e+02, 2.931499938964844e+02, 2.931499938964844e+02, 2.931499938964844e+02, 2.931499938964844e+02, 2.931499938964844e+02, 2.931499938964844e+02, 2.931499938964844e+02, 2.931499938964844e+02, 2.931499938964844e+02, 2.931499938964844e+02, 2.931499938964844e+02, 2.931499938964844e+02, 2.931499938964844e+02, 2.931499938964844e+02, 2.931499938964844e+02, 2.931499938964844e+02, 2.931499938964844e+02, 2.931499938964844e+02, 2.931499938964844e+02, 2.931499938964844e+02, 2.931499938964844e+02, 2.931499938964844e+02, 2.931499938964844e+02, 2.931499938964844e+02, 2.931499938964844e+02, 2.931499938964844e+02, 2.931499938964844e+02, 2.931499938964844e+02, 2.931499938964844e+02, 2.931499938964844e+02, 2.931499938964844e+02, 2.931499938964844e+02, 2.931499938964844e+02, 2.931499938964844e+02, 2.931499938964844e+02, 2.931499938964844e+02, 2.931499938964844e+02, 2.931499938964844e+02, 2.931499938964844e+02, 2.931499938964844e+02, 2.931499938964844e+02, 2.931499938964844e+02, 2.931499938964844e+02, 2.931499938964844e+02, 2.931499938964844e+02, 2.931499938964844e+02, 2.931499938964844e+02, 2.931499938964844e+02, 2.931499938964844e+02, 2.931499938964844e+02, 2.931499938964844e+02, 2.931499938964844e+02, 2.931499938964844e+02, 2.931499938964844e+02, 2.931499938964844e+02, 2.931499938964844e+02, 2.931499938964844e+02, 2.931499938964844e+02, 2.931499938964844e+02]
heaCooUnl.sta_a.T=[2.931499938964844e+02, 2.931499938964844e+02, 2.931499938964844e+02, 2.931499938964844e+02, 2.931499938964844e+02, 2.931499938964844e+02, 2.931499938964844e+02, 2.931499938964844e+02, 2.931499938964844e+02, 2.931499938964844e+02, 2.931499938964844e+02, 2.931499938964844e+02, 2.931499938964844e+02, 2.931499938964844e+02, 2.931499938964844e+02, 2.931499938964844e+02, 2.931499938964844e+02, 2.931499938964844e+02, 2.931499938964844e+02, 2.931499938964844e+02, 2.931499938964844e+02, 2.931499938964844e+02, 2.931499938964844e+02, 2.931499938964844e+02, 2.931499938964844e+02, 2.931499938964844e+02, 2.931499938964844e+02, 2.931499938964844e+02, 2.931499938964844e+02, 2.931499938964844e+02, 2.931499938964844e+02, 2.931499938964844e+02, 2.931499938964844e+02, 2.931499938964844e+02, 2.931499938964844e+02, 2.931499938964844e+02, 2.931499938964844e+02, 2.931499938964844e+02, 2.931499938964844e+02, 2.931499938964844e+02, 2.931499938964844e+02, 2.931499938964844e+02, 2.931499938964844e+02, 2.931499938964844e+02, 2.931499938964844e+02, 2.931499938964844e+02, 2.931499938964844e+02, 2.931499938964844e+02, 2.931499938964844e+02, 2.931499938964844e+02, 2.931499938964844e+02, 2.931499938964844e+02, 2.931499938964844e+02, 2.931499938964844e+02, 2.931499938964844e+02, 2.931499938964844e+02, 2.931499938964844e+02, 2.931499938964844e+02, 2.931499938964844e+02, 2.931499938964844e+02, 2.931499938964844e+02, 2.931499938964844e+02, 2.931499938964844e+02, 2.931499938964844e+02, 2.931499938964844e+02, 2.931499938964844e+02, 2.931499938964844e+02, 2.931499938964844e+02, 2.931499938964844e+02, 2.931499938964844e+02, 2.931499938964844e+02, 2.931499938964844e+02, 2.931499938964844e+02, 2.931499938964844e+02, 2.931499938964844e+02, 2.931499938964844e+02, 2.931499938964844e+02, 2.931499938964844e+02, 2.931499938964844e+02, 2.931499938964844e+02, 2.931499938964844e+02, 2.931499938964844e+02, 2.931499938964844e+02, 2.931499938964844e+02, 2.931499938964844e+02, 2.931499938964844e+02, 2.931499938964844e+02, 2.931499938964844e+02, 2.931499938964844e+02, 2.931499938964844e+02, 2.931499938964844e+02, 2.931499938964844e+02, 2.931499938964844e+02, 2.931499938964844e+02, 2.931499938964844e+02, 2.931499938964844e+02, 2.931499938964844e+02, 2.931499938964844e+02, 2.931499938964844e+02, 2.931499938964844e+02, 2.931499938964844e+02]
heaCooUnl.sta_b.T=[2.931499938964844e+02, 2.896846923828125e+02, 2.886424560546875e+02, 2.88329833984375e+02, 2.88235595703125e+02, 2.882065124511719e+02, 2.881974792480469e+02, 2.881953125e+02, 2.881950073242188e+02, 2.881947937011719e+02, 2.881945190429688e+02, 2.881943969726562e+02, 2.881943359375e+02, 2.881943054199219e+02, 2.881943054199219e+02, 2.881943359375e+02, 2.881943359375e+02, 2.881943359375e+02, 2.881943359375e+02, 2.881943359375e+02, 2.881943359375e+02, 2.881943359375e+02, 2.881943359375e+02, 2.881943359375e+02, 2.881943359375e+02, 2.881943359375e+02, 2.881943359375e+02, 2.881943359375e+02, 2.881943359375e+02, 2.881943359375e+02, 2.881943359375e+02, 2.881943359375e+02, 2.881943359375e+02, 2.881943359375e+02, 2.881943359375e+02, 2.881943359375e+02, 2.881943359375e+02, 2.881943359375e+02, 2.881943359375e+02, 2.881943359375e+02, 2.881943359375e+02, 2.881943359375e+02, 2.898127746582031e+02, 2.921181335449219e+02, 2.928138427734375e+02, 2.930235595703125e+02, 2.930867004394531e+02, 2.931056823730469e+02, 2.931114501953125e+02, 2.931131896972656e+02, 2.931137084960938e+02, 2.931138305664062e+02, 2.931138916015625e+02, 2.931139526367188e+02, 2.931139526367188e+02, 2.931139526367188e+02, 2.931139526367188e+02, 2.931139526367188e+02, 2.931139526367188e+02, 2.931139526367188e+02, 2.931139526367188e+02, 2.931139526367188e+02, 2.931139526367188e+02, 2.931139526367188e+02, 2.931139526367188e+02, 2.931139526367188e+02, 2.931139526367188e+02, 2.939223937988281e+02, 2.950733032226562e+02, 2.954205017089844e+02, 2.955251159667969e+02, 2.955566101074219e+02, 2.955661010742188e+02, 2.955689697265625e+02, 2.955698547363281e+02, 2.955700988769531e+02, 2.955701904296875e+02, 2.955702209472656e+02, 2.955702209472656e+02, 2.955702209472656e+02, 2.955702209472656e+02, 2.955702209472656e+02, 2.955702209472656e+02, 2.955702209472656e+02, 2.955702209472656e+02, 2.955702209472656e+02, 2.955702209472656e+02, 2.955702209472656e+02, 2.931499938964844e+02, 2.931499938964844e+02, 2.931499938964844e+02, 2.931499938964844e+02, 2.931499938964844e+02, 2.931499938964844e+02, 2.931499938964844e+02, 2.931499938964844e+02, 2.931499938964844e+02, 2.931499938964844e+02, 2.931499938964844e+02, 2.931499938964844e+02, 2.931499938964844e+02]
steSta.sta_b.T=[2.881943359375e+02, 2.881943359375e+02, 2.881943359375e+02, 2.881943359375e+02, 2.881943359375e+02, 2.881943359375e+02, 2.881943359375e+02, 2.881943359375e+02, 2.881943359375e+02, 2.881943359375e+02, 2.881943359375e+02, 2.881943359375e+02, 2.881943359375e+02, 2.881943359375e+02, 2.881943359375e+02, 2.881943359375e+02, 2.881943359375e+02, 2.881943359375e+02, 2.881943359375e+02, 2.881943359375e+02, 2.881943359375e+02, 2.881943359375e+02, 2.881943359375e+02, 2.881943359375e+02, 2.881943359375e+02, 2.881943359375e+02, 2.881943359375e+02, 2.881943359375e+02, 2.881943359375e+02, 2.881943359375e+02, 2.881943359375e+02, 2.881943359375e+02, 2.881943359375e+02, 2.881943359375e+02, 2.881943359375e+02, 2.881943359375e+02, 2.881943359375e+02, 2.881943359375e+02, 2.881943359375e+02, 2.881943359375e+02, 2.881943359375e+02, 2.881943359375e+02, 2.931139526367188e+02, 2.931139526367188e+02, 2.931139526367188e+02, 2.931139526367188e+02, 2.931139526367188e+02, 2.931139526367188e+02, 2.931139526367188e+02, 2.931139526367188e+02, 2.931139526367188e+02, 2.931139526367188e+02, 2.931139526367188e+02, 2.931139526367188e+02, 2.931139526367188e+02, 2.931139526367188e+02, 2.931139526367188e+02, 2.931139526367188e+02, 2.931139526367188e+02, 2.931139526367188e+02, 2.931139526367188e+02, 2.931139526367188e+02, 2.931139526367188e+02, 2.931139526367188e+02, 2.931139526367188e+02, 2.931139526367188e+02, 2.931139526367188e+02, 2.955702209472656e+02, 2.955702209472656e+02, 2.955702209472656e+02, 2.955702209472656e+02, 2.955702209472656e+02, 2.955702209472656e+02, 2.955702209472656e+02, 2.955702209472656e+02, 2.955702209472656e+02, 2.955702209472656e+02, 2.955702209472656e+02, 2.955702209472656e+02, 2.955702209472656e+02, 2.955702209472656e+02, 2.955702209472656e+02, 2.955702209472656e+02, 2.955702209472656e+02, 2.955702209472656e+02, 2.955702209472656e+02, 2.955702209472656e+02, 2.955702209472656e+02, 2.931499938964844e+02, 2.931499938964844e+02, 2.931499938964844e+02, 2.931499938964844e+02, 2.931499938964844e+02, 2.931499938964844e+02, 2.931499938964844e+02, 2.931499938964844e+02, 2.931499938964844e+02, 2.931499938964844e+02, 2.931499938964844e+02, 2.931499938964844e+02, 2.931499938964844e+02]
heaHigPow.Q_flow=[0e+00, 3.519830627441406e+02, 4.580086975097656e+02, 4.89824951171875e+02, 4.994183959960938e+02, 5.023775024414062e+02, 5.032996826171875e+02, 5.035178833007812e+02, 5.03548828125e+02, 5.035712890625e+02, 5.035995483398438e+02, 5.036135559082031e+02, 5.0361865234375e+02, 5.036205749511719e+02, 5.036202087402344e+02, 5.036198120117188e+02, 5.036194458007812e+02, 5.036192016601562e+02, 5.036191711425781e+02, 5.036191101074219e+02, 5.036190795898438e+02, 5.036190185546875e+02, 5.036189880371094e+02, 5.036189270019531e+02, 5.036189270019531e+02, 5.036189270019531e+02, 5.036189270019531e+02, 5.036189270019531e+02, 5.036189270019531e+02, 5.036189270019531e+02, 5.036189270019531e+02, 5.036189270019531e+02, 5.036189270019531e+02, 5.03618896484375e+02, 5.03618896484375e+02, 5.03618896484375e+02, 5.03618896484375e+02, 5.03618896484375e+02, 5.03618896484375e+02, 5.03618896484375e+02, 5.03618896484375e+02, 5.03618896484375e+02, 2.511130859375e+03, 5.373197265625e+03, 6.237505859375e+03, 6.4980712890625e+03, 6.57656201171875e+03, 6.60013916015625e+03, 6.6075234375e+03, 6.60959912109375e+03, 6.61015966796875e+03, 6.61029736328125e+03, 6.61036669921875e+03, 6.61040869140625e+03, 6.61041650390625e+03, 6.6104189453125e+03, 6.61041845703125e+03, 6.61041650390625e+03, 6.610416015625e+03, 6.6104150390625e+03, 6.6104150390625e+03, 6.6104150390625e+03, 6.6104150390625e+03, 6.61041455078125e+03, 6.61041455078125e+03, 6.61041455078125e+03, 6.61041455078125e+03, 3.668701904296875e+03, -4.86863281250018e+02, -1.732972412109368e+03, -2.107814453125e+03, -2.22062255859375e+03, -2.254632080078125e+03, -2.264888427734375e+03, -2.267978271484375e+03, -2.268890625e+03, -2.2691875e+03, -2.2692861328125e+03, -2.269303955078125e+03, -2.26930419921875e+03, -2.269307861328125e+03, -2.26931201171875e+03, -2.26931396484375e+03, -2.26931591796875e+03, -1.90622607421875e+03, -1.36159033203125e+03, -8.169542236328125e+02, -2.723180847167969e+02, 0e+00, 0e+00, 0e+00, 0e+00, 0e+00, 0e+00, 0e+00, 0e+00, 0e+00, 0e+00, 0e+00, 0e+00, -0e+00]
cooLimPow.Q_flow=[0e+00, -3.519830627441406e+02, -4.580086975097656e+02, -4.89824951171875e+02, -4.994183959960938e+02, -5.023775024414062e+02, -5.032996826171875e+02, -5.035178833007812e+02, -5.03548828125e+02, -5.035712890625e+02, -5.035995483398438e+02, -5.036135559082031e+02, -5.0361865234375e+02, -5.036205749511719e+02, -5.036202087402344e+02, -5.036198120117188e+02, -5.036194458007812e+02, -5.036192016601562e+02, -5.036191711425781e+02, -5.036191101074219e+02, -5.036190795898438e+02, -5.036190185546875e+02, -5.036189880371094e+02, -5.036189270019531e+02, -5.036189270019531e+02, -5.036189270019531e+02, -5.036189270019531e+02, -5.036189270019531e+02, -5.036189270019531e+02, -5.036189270019531e+02, -5.036189270019531e+02, -5.036189270019531e+02, -5.036189270019531e+02, -5.03618896484375e+02, -5.03618896484375e+02, -5.03618896484375e+02, -5.03618896484375e+02, -5.03618896484375e+02, -5.03618896484375e+02, -5.03618896484375e+02, -5.03618896484375e+02, -5.03618896484375e+02, -1e+03, -1e+03, -1e+03, -1e+03, -1e+03, -1e+03, -1e+03, -1e+03, -1e+03, -1e+03, -1e+03, -1e+03, -1e+03, -1e+03, -1e+03, -1e+03, -1e+03, -1e+03, -1e+03, -1e+03, -1e+03, -1e+03, -1e+03, -1e+03, -1e+03, 3.9826513671875e+02, 3.84357641601564e+03, 4.884906249999995e+03, 5.19889599609375e+03, 5.293458984375e+03, 5.3219736328125e+03, 5.33057373046875e+03, 5.33316455078125e+03, 5.3339296875e+03, 5.33417822265625e+03, 5.33426123046875e+03, 5.3342763671875e+03, 5.3342763671875e+03, 5.334279296875e+03, 5.33428271484375e+03, 5.33428466796875e+03, 5.3342861328125e+03, 4.48080078125e+03, 3.200572265625e+03, 1.920343383789062e+03, 6.40114501953125e+02, 0e+00, 0e+00, 0e+00, 0e+00, 0e+00, 0e+00, 0e+00, 0e+00, 0e+00, 0e+00, 0e+00, 0e+00, 0e+00]
heaCooUnl.Q_flow=[0e+00, 0e+00, 0e+00, 0e+00, 0e+00, 0e+00, 0e+00, 0e+00, 0e+00, 0e+00, 0e+00, 0e+00, 0e+00, 0e+00, 0e+00, 0e+00, 0e+00, 0e+00, 0e+00, 0e+00, 0e+00, 0e+00, 0e+00, 0e+00, 0e+00, 0e+00, 0e+00, 0e+00, 0e+00, 0e+00, 0e+00, 0e+00, 0e+00, 0e+00, 0e+00, 0e+00, 0e+00, 0e+00, 0e+00, 0e+00, 0e+00, 0e+00, -1.672586364746094e+02, -4.048644714355469e+02, -4.764234313964844e+02, -4.979788513183594e+02, -5.04470458984375e+02, -5.064202575683594e+02, -5.070127258300781e+02, -5.071919555664062e+02, -5.072450256347656e+02, -5.072584533691406e+02, -5.072652893066406e+02, -5.072694091796875e+02, -5.072702026367188e+02, -5.072704467773438e+02, -5.072703552246094e+02, -5.072702331542969e+02, -5.072701416015625e+02, -5.072700805664062e+02, -5.072700500488281e+02, -5.072700500488281e+02, -5.0727001953125e+02, -5.0727001953125e+02, -5.0727001953125e+02, -5.0727001953125e+02, -5.0727001953125e+02, -6.745117797851562e+02, -9.121246337890635e+02, -9.836914062499997e+02, -1.005248046875e+03, -1.011738159179688e+03, -1.013695007324219e+03, -1.01428515625e+03, -1.014462951660156e+03, -1.014515441894531e+03, -1.014532531738281e+03, -1.014538208007812e+03, -1.014539245605469e+03, -1.014539245605469e+03, -1.014539428710938e+03, -1.014539733886719e+03, -1.014539794921875e+03, -1.014539916992188e+03, -8.522135620117188e+02, -6.087239990234375e+02, -3.652344055175781e+02, -1.217448043823242e+02, 0e+00, 0e+00, 0e+00, 0e+00, 0e+00, 0e+00, 0e+00, 0e+00, 0e+00, 0e+00, 0e+00, 0e+00, -0e+00]
steSta.Q_flow=[0e+00, 0e+00, 0e+00, 0e+00, 0e+00, 0e+00, 0e+00, 0e+00, 0e+00, 0e+00, 0e+00, 0e+00, 0e+00, 0e+00, 0e+00, 0e+00, 0e+00, 0e+00, 0e+00, 0e+00, 0e+00, 0e+00, 0e+00, 0e+00, 0e+00, 0e+00, 0e+00, 0e+00, 0e+00, 0e+00, 0e+00, 0e+00, 0e+00, 0e+00, 0e+00, 0e+00, 0e+00, 0e+00, 0e+00, 0e+00, 0e+00, 0e+00, -5.072699890136719e+02, -5.072699890136719e+02, -5.072699890136719e+02, -5.072699890136719e+02, -5.072699890136719e+02, -5.072699890136719e+02, -5.072699890136719e+02, -5.072699890136719e+02, -5.072699890136719e+02, -5.072699890136719e+02, -5.072699890136719e+02, -5.072699890136719e+02, -5.072699890136719e+02, -5.072699890136719e+02, -5.072699890136719e+02, -5.072699890136719e+02, -5.072699890136719e+02, -5.072699890136719e+02, -5.072699890136719e+02, -5.072699890136719e+02, -5.072699890136719e+02, -5.072699890136719e+02, -5.072699890136719e+02, -5.072699890136719e+02, -5.072699890136719e+02, -1.014539978027344e+03, -1.014539978027344e+03, -1.014539978027344e+03, -1.014539978027344e+03, -1.014539978027344e+03, -1.014539978027344e+03, -1.014539978027344e+03, -1.014539978027344e+03, -1.014539978027344e+03, -1.014539978027344e+03, -1.014539978027344e+03, -1.014539978027344e+03, -1.014539978027344e+03, -1.014539978027344e+03, -1.014539978027344e+03, -1.014539978027344e+03, -1.014539978027344e+03, -8.52213623046875e+02, -6.087239990234375e+02, -3.652344055175781e+02, -1.217447967529297e+02, 0e+00, 0e+00, 0e+00, 0e+00, 0e+00, 0e+00, 0e+00, 0e+00, 0e+00, 0e+00, 0e+00, 0e+00, -0e+00]
setHeaHigPow.y[2]=[1.200000010430813e-02, 1.200000010430813e-02, 1.200000010430813e-02, 1.200000010430813e-02, 1.200000010430813e-02, 1.200000010430813e-02, 1.200000010430813e-02, 1.200000010430813e-02, 1.200000010430813e-02, 1.200000010430813e-02, 1.200000010430813e-02, 1.200000010430813e-02, 1.200000010430813e-02, 1.200000010430813e-02, 1.200000010430813e-02, 1.200000010430813e-02, 1.200000010430813e-02, 1.200000010430813e-02, 1.200000010430813e-02, 1.200000010430813e-02, 1.200000010430813e-02, 1.200000010430813e-02, 1.200000010430813e-02, 1.200000010430813e-02, 1.200000010430813e-02, 1.200000010430813e-02, 1.200000010430813e-02, 1.200000010430813e-02, 1.200000010430813e-02, 1.200000010430813e-02, 1.200000010430813e-02, 1.200000010430813e-02, 1.200000010430813e-02, 1.200000010430813e-02, 1.200000010430813e-02, 1.200000010430813e-02, 1.200000010430813e-02, 1.200000010430813e-02, 1.200000010430813e-02, 1.200000010430813e-02, 1.200000010430813e-02, 1.200000010430813e-02, 1.999999955296516e-02, 1.999999955296516e-02, 1.999999955296516e-02, 1.999999955296516e-02, 1.999999955296516e-02, 1.999999955296516e-02, 1.999999955296516e-02, 1.999999955296516e-02, 1.999999955296516e-02, 1.999999955296516e-02, 1.999999955296516e-02, 1.999999955296516e-02, 1.999999955296516e-02, 1.999999955296516e-02, 1.999999955296516e-02, 1.999999955296516e-02, 1.999999955296516e-02, 1.999999955296516e-02, 1.999999955296516e-02, 1.999999955296516e-02, 1.999999955296516e-02, 1.999999955296516e-02, 1.999999955296516e-02, 1.999999955296516e-02, 1.999999955296516e-02, 4.999999888241291e-03, 4.999999888241291e-03, 4.999999888241291e-03, 4.999999888241291e-03, 4.999999888241291e-03, 4.999999888241291e-03, 4.999999888241291e-03, 4.999999888241291e-03, 4.999999888241291e-03, 4.999999888241291e-03, 4.999999888241291e-03, 4.999999888241291e-03, 4.999999888241291e-03, 4.999999888241291e-03, 4.999999888241291e-03, 4.999999888241291e-03, 4.999999888241291e-03, 4.999999888241291e-03, 4.999999888241291e-03, 4.999999888241291e-03, 4.999999888241291e-03, 4.999999888241291e-03, 4.999999888241291e-03, 4.999999888241291e-03, 4.999999888241291e-03, 4.999999888241291e-03, 4.999999888241291e-03, 4.999999888241291e-03, 4.999999888241291e-03, 4.999999888241291e-03, 4.999999888241291e-03, 4.999999888241291e-03, 4.999999888241291e-03, 4.999999888241291e-03]
heaHigPow.port_b.Xi_outflow[1]=[9.999999776482582e-03, 1.139781530946493e-02, 1.181886997073889e-02, 1.194522064179182e-02, 1.198331825435162e-02, 1.199506968259811e-02, 1.199873257428408e-02, 1.199959870427847e-02, 1.199972163885832e-02, 1.199981104582548e-02, 1.199992280453444e-02, 1.199997868388891e-02, 1.199999917298555e-02, 1.200000662356615e-02, 1.2000004760921e-02, 1.200000382959843e-02, 1.200000196695328e-02, 1.20000010356307e-02, 1.20000010356307e-02, 1.20000010356307e-02, 1.20000010356307e-02, 1.200000010430813e-02, 1.200000010430813e-02, 1.200000010430813e-02, 1.200000010430813e-02, 1.200000010430813e-02, 1.200000010430813e-02, 1.200000010430813e-02, 1.200000010430813e-02, 1.200000010430813e-02, 1.200000010430813e-02, 1.200000010430813e-02, 1.200000010430813e-02, 1.200000010430813e-02, 1.200000010430813e-02, 1.200000010430813e-02, 1.200000010430813e-02, 1.200000010430813e-02, 1.200000010430813e-02, 1.200000010430813e-02, 1.200000010430813e-02, 1.200000010430813e-02, 1.463778503239155e-02, 1.838499307632446e-02, 1.951352879405022e-02, 1.985347270965576e-02, 1.995584927499294e-02, 1.99865996837616e-02, 1.999680511653423e-02, 1.999927125871181e-02, 1.999979093670845e-02, 1.99999064207077e-02, 1.999996230006218e-02, 1.999999582767487e-02, 2.000000141561031e-02, 2.000000327825546e-02, 2.000000327825546e-02, 2.000000141561031e-02, 2.000000141561031e-02, 2.000000141561031e-02, 1.999999955296516e-02, 1.999999955296516e-02, 1.999999955296516e-02, 1.999999955296516e-02, 1.999999955296516e-02, 1.999999955296516e-02, 1.999999955296516e-02, 1.505465153604746e-02, 8.028427138924567e-03, 5.912194959819329e-03, 5.274762865155935e-03, 5.082851275801659e-03, 5.024986807256937e-03, 5.007535684853792e-03, 5.002278368920088e-03, 5.000725854188204e-03, 5.000221077352762e-03, 5.000052973628044e-03, 5.000022705644369e-03, 5.000022239983082e-03, 5.000016186386347e-03, 5.00000873580575e-03, 5.000005476176739e-03, 5.000002216547728e-03, 5.000000819563866e-03, 4.999999888241291e-03, 4.999999888241291e-03, 4.999999888241291e-03, 4.999999888241291e-03, 4.999999888241291e-03, 4.999999888241291e-03, 4.999999888241291e-03, 4.999999888241291e-03, 4.999999888241291e-03, 4.999999888241291e-03, 4.999999888241291e-03, 4.999999888241291e-03, 4.999999888241291e-03, 4.999999888241291e-03, 4.999999888241291e-03, 4.999999888241291e-03]
cooLimPow.port_b.Xi_outflow[1]=[9.999999776482582e-03, 8.602185174822807e-03, 8.181129582226276e-03, 8.054778911173344e-03, 8.016681298613548e-03, 8.00492987036705e-03, 8.001267910003662e-03, 8.000400848686695e-03, 8.000277914106846e-03, 8.000189438462257e-03, 8.000076748430729e-03, 8.000020869076252e-03, 8.000001311302185e-03, 7.999992929399014e-03, 7.999994792044163e-03, 7.999996654689312e-03, 7.999997586011887e-03, 7.999998517334461e-03, 7.999998517334461e-03, 7.999999448657036e-03, 7.999999448657036e-03, 7.999999448657036e-03, 7.999999448657036e-03, 7.999999448657036e-03, 7.999999448657036e-03, 7.999999448657036e-03, 7.999999448657036e-03, 7.999999448657036e-03, 7.999999448657036e-03, 8.00000037997961e-03, 8.00000037997961e-03, 8.00000037997961e-03, 8.00000037997961e-03, 8.00000037997961e-03, 8.00000037997961e-03, 8.00000037997961e-03, 8.00000037997961e-03, 8.00000037997961e-03, 8.00000037997961e-03, 8.00000037997961e-03, 8.00000037997961e-03, 8.00000037997961e-03, 6.681107450276613e-03, 4.807503428310156e-03, 4.243236035108566e-03, 4.073264077305794e-03, 4.022075328975916e-03, 4.006700590252876e-03, 4.002028610557318e-03, 4.000615328550339e-03, 4.000197164714336e-03, 4.00009099394083e-03, 4.00003744289279e-03, 4.000004380941391e-03, 3.999998327344656e-03, 3.999996464699507e-03, 3.999996930360794e-03, 3.999998327344656e-03, 3.999998793005943e-03, 3.999999258667231e-03, 3.999999724328518e-03, 3.999999724328518e-03, 3.999999724328518e-03, 3.999999724328518e-03, 3.999999724328518e-03, 3.999999724328518e-03, 4.000000189989805e-03, 7.626588921993971e-03, 1.277915388345721e-02, 1.433105673640966e-02, 1.479850709438324e-02, 1.493924204260111e-02, 1.498167589306831e-02, 1.499447412788868e-02, 1.499832887202501e-02, 1.499946787953377e-02, 1.499983761459589e-02, 1.499996148049831e-02, 1.49999838322401e-02, 1.49999838322401e-02, 1.499998848885298e-02, 1.499999314546585e-02, 1.499999593943357e-02, 1.49999987334013e-02, 1.499999966472387e-02, 1.499999966472387e-02, 1.499999966472387e-02, 1.500000059604645e-02, 1.499999966472387e-02, 1.499999966472387e-02, 1.499999966472387e-02, 1.499999966472387e-02, 1.499999966472387e-02, 1.499999966472387e-02, 1.499999966472387e-02, 1.499999966472387e-02, 1.499999966472387e-02, 1.499999966472387e-02, 1.499999966472387e-02, 1.499999966472387e-02, 1.499999966472387e-02]
setCooLimPow.y[2]=[8.00000037997961e-03, 8.00000037997961e-03, 8.00000037997961e-03, 8.00000037997961e-03, 8.00000037997961e-03, 8.00000037997961e-03, 8.00000037997961e-03, 8.00000037997961e-03, 8.00000037997961e-03, 8.00000037997961e-03, 8.00000037997961e-03, 8.00000037997961e-03, 8.00000037997961e-03, 8.00000037997961e-03, 8.00000037997961e-03, 8.00000037997961e-03, 8.00000037997961e-03, 8.00000037997961e-03, 8.00000037997961e-03, 8.00000037997961e-03, 8.00000037997961e-03, 8.00000037997961e-03, 8.00000037997961e-03, 8.00000037997961e-03, 8.00000037997961e-03, 8.00000037997961e-03, 8.00000037997961e-03, 8.00000037997961e-03, 8.00000037997961e-03, 8.00000037997961e-03, 8.00000037997961e-03, 8.00000037997961e-03, 8.00000037997961e-03, 8.00000037997961e-03, 8.00000037997961e-03, 8.00000037997961e-03, 8.00000037997961e-03, 8.00000037997961e-03, 8.00000037997961e-03, 8.00000037997961e-03, 8.00000037997961e-03, 8.00000037997961e-03, 4.000000189989805e-03, 4.000000189989805e-03, 4.000000189989805e-03, 4.000000189989805e-03, 4.000000189989805e-03, 4.000000189989805e-03, 4.000000189989805e-03, 4.000000189989805e-03, 4.000000189989805e-03, 4.000000189989805e-03, 4.000000189989805e-03, 4.000000189989805e-03, 4.000000189989805e-03, 4.000000189989805e-03, 4.000000189989805e-03, 4.000000189989805e-03, 4.000000189989805e-03, 4.000000189989805e-03, 4.000000189989805e-03, 4.000000189989805e-03, 4.000000189989805e-03, 4.000000189989805e-03, 4.000000189989805e-03, 4.000000189989805e-03, 4.000000189989805e-03, 1.499999966472387e-02, 1.499999966472387e-02, 1.499999966472387e-02, 1.499999966472387e-02, 1.499999966472387e-02, 1.499999966472387e-02, 1.499999966472387e-02, 1.499999966472387e-02, 1.499999966472387e-02, 1.499999966472387e-02, 1.499999966472387e-02, 1.499999966472387e-02, 1.499999966472387e-02, 1.499999966472387e-02, 1.499999966472387e-02, 1.499999966472387e-02, 1.499999966472387e-02, 1.499999966472387e-02, 1.499999966472387e-02, 1.499999966472387e-02, 1.499999966472387e-02, 1.499999966472387e-02, 1.499999966472387e-02, 1.499999966472387e-02, 1.499999966472387e-02, 1.499999966472387e-02, 1.499999966472387e-02, 1.499999966472387e-02, 1.499999966472387e-02, 1.499999966472387e-02, 1.499999966472387e-02, 1.499999966472387e-02, 1.499999966472387e-02, 1.499999966472387e-02]
setHeaCooUnl.y[2]=[1.200000010430813e-02, 1.200000010430813e-02, 1.200000010430813e-02, 1.200000010430813e-02, 1.200000010430813e-02, 1.200000010430813e-02, 1.200000010430813e-02, 1.200000010430813e-02, 1.200000010430813e-02, 1.200000010430813e-02, 1.200000010430813e-02, 1.200000010430813e-02, 1.200000010430813e-02, 1.200000010430813e-02, 1.200000010430813e-02, 1.200000010430813e-02, 1.200000010430813e-02, 1.200000010430813e-02, 1.200000010430813e-02, 1.200000010430813e-02, 1.200000010430813e-02, 1.200000010430813e-02, 1.200000010430813e-02, 1.200000010430813e-02, 1.200000010430813e-02, 1.200000010430813e-02, 1.200000010430813e-02, 1.200000010430813e-02, 1.200000010430813e-02, 1.200000010430813e-02, 1.200000010430813e-02, 1.200000010430813e-02, 1.200000010430813e-02, 1.200000010430813e-02, 1.200000010430813e-02, 1.200000010430813e-02, 1.200000010430813e-02, 1.200000010430813e-02, 1.200000010430813e-02, 1.200000010430813e-02, 1.200000010430813e-02, 1.200000010430813e-02, 8.00000037997961e-03, 8.00000037997961e-03, 8.00000037997961e-03, 8.00000037997961e-03, 8.00000037997961e-03, 8.00000037997961e-03, 8.00000037997961e-03, 8.00000037997961e-03, 8.00000037997961e-03, 8.00000037997961e-03, 8.00000037997961e-03, 8.00000037997961e-03, 8.00000037997961e-03, 8.00000037997961e-03, 8.00000037997961e-03, 8.00000037997961e-03, 8.00000037997961e-03, 8.00000037997961e-03, 8.00000037997961e-03, 8.00000037997961e-03, 8.00000037997961e-03, 8.00000037997961e-03, 8.00000037997961e-03, 8.00000037997961e-03, 8.00000037997961e-03, 4.999999888241291e-03, 4.999999888241291e-03, 4.999999888241291e-03, 4.999999888241291e-03, 4.999999888241291e-03, 4.999999888241291e-03, 4.999999888241291e-03, 4.999999888241291e-03, 4.999999888241291e-03, 4.999999888241291e-03, 4.999999888241291e-03, 4.999999888241291e-03, 4.999999888241291e-03, 4.999999888241291e-03, 4.999999888241291e-03, 4.999999888241291e-03, 4.999999888241291e-03, 4.999999888241291e-03, 4.999999888241291e-03, 4.999999888241291e-03, 4.999999888241291e-03, 4.999999888241291e-03, 4.999999888241291e-03, 4.999999888241291e-03, 4.999999888241291e-03, 4.999999888241291e-03, 4.999999888241291e-03, 4.999999888241291e-03, 4.999999888241291e-03, 4.999999888241291e-03, 4.999999888241291e-03, 4.999999888241291e-03, 4.999999888241291e-03, 4.999999888241291e-03]
heaCooUnl.port_b.Xi_outflow[1]=[9.999999776482582e-03, 1.139781530946493e-02, 1.181886997073889e-02, 1.194522064179182e-02, 1.198331825435162e-02, 1.199506968259811e-02, 1.199873257428408e-02, 1.199959870427847e-02, 1.199972163885832e-02, 1.199981104582548e-02, 1.199992280453444e-02, 1.199997868388891e-02, 1.199999917298555e-02, 1.200000662356615e-02, 1.2000004760921e-02, 1.200000382959843e-02, 1.200000196695328e-02, 1.20000010356307e-02, 1.20000010356307e-02, 1.20000010356307e-02, 1.20000010356307e-02, 1.200000010430813e-02, 1.200000010430813e-02, 1.200000010430813e-02, 1.200000010430813e-02, 1.200000010430813e-02, 1.200000010430813e-02, 1.200000010430813e-02, 1.200000010430813e-02, 1.200000010430813e-02, 1.200000010430813e-02, 1.200000010430813e-02, 1.200000010430813e-02, 1.200000010430813e-02, 1.200000010430813e-02, 1.200000010430813e-02, 1.200000010430813e-02, 1.200000010430813e-02, 1.200000010430813e-02, 1.200000010430813e-02, 1.200000010430813e-02, 1.200000010430813e-02, 1.068110764026642e-02, 8.807503618299961e-03, 8.243235759437084e-03, 8.073263801634312e-03, 8.022075518965721e-03, 8.006700314581394e-03, 8.002028800547123e-03, 8.000615052878857e-03, 8.000196889042854e-03, 8.000090718269348e-03, 8.000037632882595e-03, 8.000005036592484e-03, 7.999998517334461e-03, 7.999996654689312e-03, 7.999996654689312e-03, 7.999998517334461e-03, 7.999998517334461e-03, 7.999999448657036e-03, 7.999999448657036e-03, 7.999999448657036e-03, 7.999999448657036e-03, 7.999999448657036e-03, 7.999999448657036e-03, 8.00000037997961e-03, 8.00000037997961e-03, 7.010930217802525e-03, 5.605685524642461e-03, 5.182438995689156e-03, 5.054952576756477e-03, 5.016570445150137e-03, 5.004997365176678e-03, 5.001507233828306e-03, 5.000455770641565e-03, 5.000145174562931e-03, 5.000044126063585e-03, 5.000010598450899e-03, 5.000004544854164e-03, 5.000004544854164e-03, 5.000003147870302e-03, 5.00000175088644e-03, 5.000001285225153e-03, 5.000000353902578e-03, 5.000000353902578e-03, 4.999999888241291e-03, 4.999999888241291e-03, 4.999999888241291e-03, 4.999999888241291e-03, 4.999999888241291e-03, 4.999999888241291e-03, 4.999999888241291e-03, 4.999999888241291e-03, 4.999999888241291e-03, 4.999999888241291e-03, 4.999999888241291e-03, 4.999999888241291e-03, 4.999999888241291e-03, 4.999999888241291e-03, 4.999999888241291e-03, 4.999999888241291e-03]
steSta.port_b.Xi_outflow[1]=[1.200000010430813e-02, 1.200000010430813e-02, 1.200000010430813e-02, 1.200000010430813e-02, 1.200000010430813e-02, 1.200000010430813e-02, 1.200000010430813e-02, 1.200000010430813e-02, 1.200000010430813e-02, 1.200000010430813e-02, 1.200000010430813e-02, 1.200000010430813e-02, 1.200000010430813e-02, 1.200000010430813e-02, 1.200000010430813e-02, 1.200000010430813e-02, 1.200000010430813e-02, 1.200000010430813e-02, 1.200000010430813e-02, 1.200000010430813e-02, 1.200000010430813e-02, 1.200000010430813e-02, 1.200000010430813e-02, 1.200000010430813e-02, 1.200000010430813e-02, 1.200000010430813e-02, 1.200000010430813e-02, 1.200000010430813e-02, 1.200000010430813e-02, 1.200000010430813e-02, 1.200000010430813e-02, 1.200000010430813e-02, 1.200000010430813e-02, 1.200000010430813e-02, 1.200000010430813e-02, 1.200000010430813e-02, 1.200000010430813e-02, 1.200000010430813e-02, 1.200000010430813e-02, 1.200000010430813e-02, 1.200000010430813e-02, 1.200000010430813e-02, 8.00000037997961e-03, 8.00000037997961e-03, 8.00000037997961e-03, 8.00000037997961e-03, 8.00000037997961e-03, 8.00000037997961e-03, 8.00000037997961e-03, 8.00000037997961e-03, 8.00000037997961e-03, 8.00000037997961e-03, 8.00000037997961e-03, 8.00000037997961e-03, 8.00000037997961e-03, 8.00000037997961e-03, 8.00000037997961e-03, 8.00000037997961e-03, 8.00000037997961e-03, 8.00000037997961e-03, 8.00000037997961e-03, 8.00000037997961e-03, 8.00000037997961e-03, 8.00000037997961e-03, 8.00000037997961e-03, 8.00000037997961e-03, 8.00000037997961e-03, 4.999999888241291e-03, 4.999999888241291e-03, 4.999999888241291e-03, 4.999999888241291e-03, 4.999999888241291e-03, 4.999999888241291e-03, 4.999999888241291e-03, 4.999999888241291e-03, 4.999999888241291e-03, 4.999999888241291e-03, 4.999999888241291e-03, 4.999999888241291e-03, 4.999999888241291e-03, 4.999999888241291e-03, 4.999999888241291e-03, 4.999999888241291e-03, 4.999999888241291e-03, 4.999999888241291e-03, 4.999999888241291e-03, 4.999999888241291e-03, 4.999999888241291e-03, 4.999999888241291e-03, 4.999999888241291e-03, 4.999999888241291e-03, 4.999999888241291e-03, 4.999999888241291e-03, 4.999999888241291e-03, 4.999999888241291e-03, 4.999999888241291e-03, 4.999999888241291e-03, 4.999999888241291e-03, 4.999999888241291e-03, 4.999999888241291e-03, 4.999999888241291e-03]
heaHigPow.mWat_flow=[0e+00, 1.397815212840214e-04, 1.818870077840984e-04, 1.945220719790086e-04, 1.983318652492017e-04, 1.995070051634684e-04, 1.998732332140207e-04, 1.999598753172904e-04, 1.999721716856584e-04, 1.999810920096934e-04, 1.999923115363345e-04, 1.999978849198669e-04, 1.999999076360837e-04, 2.000006643356755e-04, 2.000005188165233e-04, 2.000003587454557e-04, 2.000002132263035e-04, 2.000001259148121e-04, 2.000000968109816e-04, 2.000000822590664e-04, 2.000000677071512e-04, 2.000000531552359e-04, 2.000000386033207e-04, 2.000000094994903e-04, 2.000000094994903e-04, 2.000000094994903e-04, 2.000000094994903e-04, 2.000000094994903e-04, 2.000000094994903e-04, 2.000000094994903e-04, 2.000000094994903e-04, 2.000000094994903e-04, 2.000000094994903e-04, 2.000000094994903e-04, 2.000000094994903e-04, 1.99999994947575e-04, 1.99999994947575e-04, 1.99999994947575e-04, 1.99999994947575e-04, 1.99999994947575e-04, 1.99999994947575e-04, 1.99999994947575e-04, 4.637784732040018e-04, 8.384993416257203e-04, 9.513528202660382e-04, 9.853472001850605e-04, 9.95584880001843e-04, 9.986598743125796e-04, 9.996803710237145e-04, 9.999271715059876e-04, 9.999790927395225e-04, 9.999906178563833e-04, 9.99996205791831e-04, 9.99999581836164e-04, 1.000000163912773e-03, 1.000000396743417e-03, 1.000000280328095e-03, 1.000000163912773e-03, 1.000000163912773e-03, 1.000000047497451e-03, 1.000000047497451e-03, 1.000000047497451e-03, 1.000000047497451e-03, 1.000000047497451e-03, 1.000000047497451e-03, 1.000000047497451e-03, 1.000000047497451e-03, 5.054651410318911e-04, -1.971573074115471e-04, -4.087805282324541e-04, -4.725237376987934e-04, -4.917148617096245e-04, -4.975013434886932e-04, -4.99246409162879e-04, -4.997721407562494e-04, -4.999274387955666e-04, -4.999779048375785e-04, -4.999947268515825e-04, -4.9999775364995e-04, -4.9999775364995e-04, -4.999983939342201e-04, -4.99999150633812e-04, -4.999994416721165e-04, -4.99999790918082e-04, -4.199999384582043e-04, -2.999999851454049e-04, -1.800000027287751e-04, -6.000000212225132e-05, 0e+00, 0e+00, 0e+00, 0e+00, 0e+00, 0e+00, 0e+00, 0e+00, 0e+00, 0e+00, 0e+00, 0e+00, -0e+00]
cooLimPow.mWat_flow=[0e+00, -1.397815212840214e-04, -1.818870077840984e-04, -1.945220719790086e-04, -1.983318652492017e-04, -1.995070051634684e-04, -1.998732332140207e-04, -1.999598753172904e-04, -1.999721716856584e-04, -1.999810920096934e-04, -1.999923115363345e-04, -1.999978849198669e-04, -1.999999076360837e-04, -2.000006643356755e-04, -2.000005188165233e-04, -2.000003587454557e-04, -2.000002132263035e-04, -2.000001259148121e-04, -2.000000968109816e-04, -2.000000822590664e-04, -2.000000677071512e-04, -2.000000531552359e-04, -2.000000386033207e-04, -2.000000094994903e-04, -2.000000094994903e-04, -2.000000094994903e-04, -2.000000094994903e-04, -2.000000094994903e-04, -2.000000094994903e-04, -2.000000094994903e-04, -2.000000094994903e-04, -2.000000094994903e-04, -2.000000094994903e-04, -2.000000094994903e-04, -2.000000094994903e-04, -1.99999994947575e-04, -1.99999994947575e-04, -1.99999994947575e-04, -1.99999994947575e-04, -1.99999994947575e-04, -1.99999994947575e-04, -1.99999994947575e-04, -3.318892267998308e-04, -5.192497046664357e-04, -5.756763857789338e-04, -5.926736048422754e-04, -5.977924447506666e-04, -5.993299419060349e-04, -5.997971165925264e-04, -5.999384447932243e-04, -5.999802961014211e-04, -5.999908898957074e-04, -5.999963032081723e-04, -5.999995628371835e-04, -6.000001449137926e-04, -6.000003777444363e-04, -6.000003195367754e-04, -6.000002031214535e-04, -6.000001449137926e-04, -6.000000867061317e-04, -6.000000284984708e-04, -6.000000284984708e-04, -6.000000284984708e-04, -6.000000284984708e-04, -6.000000284984708e-04, -6.000000284984708e-04, -6.000000284984708e-04, -2.373411116423085e-04, 2.779153583105676e-04, 4.331057134550056e-04, 4.798507434315979e-04, 4.93924249894917e-04, 4.981676465831697e-04, 4.994474002160132e-04, 4.998329095542431e-04, 4.999467637389898e-04, 4.999837838113308e-04, 4.999961238354445e-04, 4.999983357265592e-04, 4.999983939342201e-04, 4.999988013878465e-04, 4.999993834644556e-04, 4.999996162950993e-04, 4.999998491257429e-04, 4.199999675620347e-04, 2.999999851454049e-04, 1.800000027287751e-04, 6.000000212225132e-05, 0e+00, 0e+00, 0e+00, 0e+00, 0e+00, 0e+00, 0e+00, 0e+00, 0e+00, 0e+00, 0e+00, 0e+00, 0e+00]
heaCooUnl.mWat_flow=[0e+00, 1.397815212840214e-04, 1.818870077840984e-04, 1.945220719790086e-04, 1.983318652492017e-04, 1.995070051634684e-04, 1.998732332140207e-04, 1.999598753172904e-04, 1.999721716856584e-04, 1.999810920096934e-04, 1.999923115363345e-04, 1.999978849198669e-04, 1.999999076360837e-04, 2.000006643356755e-04, 2.000005188165233e-04, 2.000003587454557e-04, 2.000002132263035e-04, 2.000001259148121e-04, 2.000000968109816e-04, 2.000000822590664e-04, 2.000000677071512e-04, 2.000000531552359e-04, 2.000000386033207e-04, 2.000000094994903e-04, 2.000000094994903e-04, 2.000000094994903e-04, 2.000000094994903e-04, 2.000000094994903e-04, 2.000000094994903e-04, 2.000000094994903e-04, 2.000000094994903e-04, 2.000000094994903e-04, 2.000000094994903e-04, 2.000000094994903e-04, 2.000000094994903e-04, 1.99999994947575e-04, 1.99999994947575e-04, 1.99999994947575e-04, 1.99999994947575e-04, 1.99999994947575e-04, 1.99999994947575e-04, 1.99999994947575e-04, 6.811076309531927e-05, -1.192496783914976e-04, -1.756764104356989e-04, -1.926736149471253e-04, -1.977924694074318e-04, -1.993299520108849e-04, -1.997971266973764e-04, -1.999384548980743e-04, -1.999803062062711e-04, -1.999909000005573e-04, -1.999962696572766e-04, -1.99999543838203e-04, -2.000001550186425e-04, -2.000003587454557e-04, -2.000002859858796e-04, -2.000001695705578e-04, -2.000001113628969e-04, -2.000000531552359e-04, -2.000000386033207e-04, -2.000000386033207e-04, -2.000000240514055e-04, -2.000000240514055e-04, -2.000000094994903e-04, -2.000000094994903e-04, -2.000000094994903e-04, -2.989069616887718e-04, -4.394314601086086e-04, -4.817561130039392e-04, -4.94504754897207e-04, -4.983429680578411e-04, -4.995002527721226e-04, -4.998492659069598e-04, -4.999544471502304e-04, -4.999854718334973e-04, -4.999955999664962e-04, -4.999989178031683e-04, -4.999995580874383e-04, -4.999995580874383e-04, -4.999996745027602e-04, -4.999998491257429e-04, -4.999999073334038e-04, -4.999999655410647e-04, -4.199999966658652e-04, -2.999999851454049e-04, -1.800000027287751e-04, -6.000000212225132e-05, 0e+00, 0e+00, 0e+00, 0e+00, 0e+00, 0e+00, 0e+00, 0e+00, 0e+00, 0e+00, 0e+00, 0e+00, -0e+00]
steSta.mWat_flow=[1.99999994947575e-04, 1.99999994947575e-04, 1.99999994947575e-04, 1.99999994947575e-04, 1.99999994947575e-04, 1.99999994947575e-04, 1.99999994947575e-04, 1.99999994947575e-04, 1.99999994947575e-04, 1.99999994947575e-04, 1.99999994947575e-04, 1.99999994947575e-04, 1.99999994947575e-04, 1.99999994947575e-04, 1.99999994947575e-04, 1.99999994947575e-04, 1.99999994947575e-04, 1.99999994947575e-04, 1.99999994947575e-04, 1.99999994947575e-04, 1.99999994947575e-04, 1.99999994947575e-04, 1.99999994947575e-04, 1.99999994947575e-04, 1.99999994947575e-04, 1.99999994947575e-04, 1.99999994947575e-04, 1.99999994947575e-04, 1.99999994947575e-04, 1.99999994947575e-04, 1.99999994947575e-04, 1.99999994947575e-04, 1.99999994947575e-04, 1.99999994947575e-04, 1.99999994947575e-04, 1.99999994947575e-04, 1.99999994947575e-04, 1.99999994947575e-04, 1.99999994947575e-04, 1.99999994947575e-04, 1.99999994947575e-04, 1.99999994947575e-04, -1.99999994947575e-04, -1.99999994947575e-04, -1.99999994947575e-04, -1.99999994947575e-04, -1.99999994947575e-04, -1.99999994947575e-04, -1.99999994947575e-04, -1.99999994947575e-04, -1.99999994947575e-04, -1.99999994947575e-04, -1.99999994947575e-04, -1.99999994947575e-04, -1.99999994947575e-04, -1.99999994947575e-04, -1.99999994947575e-04, -1.99999994947575e-04, -1.99999994947575e-04, -1.99999994947575e-04, -1.99999994947575e-04, -1.99999994947575e-04, -1.99999994947575e-04, -1.99999994947575e-04, -1.99999994947575e-04, -1.99999994947575e-04, -1.99999994947575e-04, -5.000000237487257e-04, -5.000000237487257e-04, -5.000000237487257e-04, -5.000000237487257e-04, -5.000000237487257e-04, -5.000000237487257e-04, -5.000000237487257e-04, -5.000000237487257e-04, -5.000000237487257e-04, -5.000000237487257e-04, -5.000000237487257e-04, -5.000000237487257e-04, -5.000000237487257e-04, -5.000000237487257e-04, -5.000000237487257e-04, -5.000000237487257e-04, -5.000000237487257e-04, -4.199999966658652e-04, -3.000000142492354e-04, -1.800000027287751e-04, -5.999999848427251e-05, 0e+00, 0e+00, 0e+00, 0e+00, 0e+00, 0e+00, 0e+00, 0e+00, 0e+00, 0e+00, 0e+00, 0e+00, -0e+00]
