last-generated=2026-04-09
statistics-simulation=
{
  "linear": "0, 0",
  "nonlinear": "1",
  "number of continuous time states": "5",
  "numerical Jacobians": "0"
}
time=[0e+00, 2.592e+06]
tabDat_m_flow.m_flow=[0e+00, 0e+00, 1.075677551589174e-13, -1.263835243880749e-02, -3.665714245289564e-03, 2.613054215908051e-02, 1.696735474979505e-04, 2.46324520558117e-02, 1.960222795605659e-02, 1.278079944313504e-04, -1.143630697697517e-06, 1.023387012537569e-04, 3.62048101669643e-04, 5.753272585570813e-03, -1.223522034706123e-04, 1.218925416469574e-02, -1.280745181020393e-08, -6.45406536374324e-13, 4.955539200454951e-03, 2.499498380348087e-03, -2.772174403071404e-02, 2.617486757117149e-05, -6.604023091495037e-03, -3.374666266608983e-06, 6.655972544103861e-03, 2.131318440660834e-03, 2.24558662623167e-02, 9.239007718861103e-03, 7.809512130915465e-03, 3.28846350312233e-03, -1.642603985965252e-02, 3.703590787154099e-05, 0e+00, 1.013926267623901e-02, -8.404950021933269e-05, 1.154385134577751e-02, -2.982386462390423e-02, -1.472778469324112e-02, 2.353620971553028e-03, -6.802882999181747e-02, -1.992972008883953e-02, 7.990970741957426e-03, 1.305139897158369e-03, -4.953683004714548e-04, 1.423636276740581e-03, -2.67149630417407e-07, 8.2996666431427e-03, 5.711077246814966e-03, 2.586298324167728e-02, -1.789696030318737e-02, -3.411946818232536e-02, -1.723382137715817e-02, -3.323271051049233e-02, 2.567937411367893e-03, 1.924272924661636e-02, 2.19066645950079e-02, 2.399168200790986e-02, 2.613165676593781e-02, 1.275313533842564e-02, -6.069874949753284e-03, -3.027740547167923e-07, 1.915426701307297e-02, 8.004612009972333e-03, -4.015686884522438e-02, -5.302427485585213e-02, -2.762744948267937e-02, -4.626048430800438e-02, -4.853741899132728e-02, -8.366053365170642e-03, -2.103739455342388e-02, 4.769378341734409e-03, 5.193495564162732e-03, 2.613720260560513e-02, 2.579126991331577e-02, -3.671463280916214e-02, -2.434440329670906e-02, -4.29872713983059e-02, -9.256893582642079e-03, -1.415675077587366e-02, -5.233702585101128e-02, 9.368075057864189e-03, 2.478491254150867e-02, -2.581119947135448e-02, -3.391173705458641e-02, 4.851421713829041e-03, 2.613508701324463e-02, -1.346483398228884e-02, -4.492458514869213e-03, -1.570266894996166e-02, -4.688170403242111e-02, -7.819528691470623e-03, -1.650386936962605e-02, -4.246568083763123e-02, -1.856357268989086e-02, 5.637571029365063e-03, 1.371182780712843e-02, 5.596673488616944e-03, -2.055141795426607e-03, 1.927823980804533e-03, 2.613809332251549e-02, -2.439740858972073e-02]
tabDat_V_flow.V_flow=[0e+00, 0e+00, -1.290813078170042e-13, -1.053216494619846e-02, -3.054434712976217e-03, 2.177635952830315e-02, 1.41395756509155e-04, 2.052688114345059e-02, 1.63352981209755e-02, 1.064709293132182e-04, 1.372356905449124e-06, 8.528941543772817e-05, 3.018331539351493e-04, 4.794612806290388e-03, -1.019530638586376e-04, 1.01610841229558e-02, 1.53689427406789e-08, 7.744878523228064e-13, 4.130907077342272e-03, 2.082956302911043e-03, -2.310135401785374e-02, 2.182183920922398e-05, -5.502711236476898e-03, 4.049599465361098e-06, 5.546686053276062e-03, 1.776126911863685e-03, 1.871321350336075e-02, 7.699004560708999e-03, 6.507202982901982e-03, 2.740814723074437e-03, -1.368833146989346e-02, 3.091683443017246e-05, 0e+00, 8.449648320674897e-03, -7.004659128136289e-05, 9.619804099202156e-03, -2.485315948724747e-02, -1.227021589875221e-02, 1.960952673107386e-03, -5.669009760022163e-02, -1.660815440118313e-02, 6.659738440066575e-03, 1.087825238937512e-03, -4.128083965042606e-04, 1.18651045486331e-03, 3.205795451322047e-07, 6.916562840342521e-03, 4.759393818676472e-03, 2.155255153775215e-02, -1.491487938910723e-02, -2.843268215656281e-02, -1.436149943619966e-02, -2.76934988796711e-02, 2.139779832214117e-03, 1.603733412921429e-02, 1.825574785470963e-02, 1.999317966401663e-02, 2.1775858476758e-02, 1.062764693051577e-02, -5.057265236973762e-03, 3.633288656601508e-07, 1.596026010811329e-02, 6.670045061036944e-03, -3.346489369869232e-02, -4.418628513813019e-02, -2.3021524772048e-02, -3.855054676532745e-02, -4.044791162014007e-02, -6.971813552081324e-03, -1.753060668706973e-02, 3.974920138716698e-03, 4.327583452686667e-03, 2.177904359996319e-02, 2.149320282042027e-02, -3.05950753390789e-02, -2.028703130781651e-02, -3.582204207777977e-02, -7.714404258877039e-03, -1.179703641682863e-02, -4.361377060413361e-02, 7.807243149727583e-03, 2.065411321818829e-02, -2.150987647473812e-02, -2.826008163392544e-02, 4.043626971542836e-03, 2.177798561751842e-02, -1.122080571949482e-02, -3.743452951312065e-03, -1.308668181300163e-02, -3.906745165586471e-02, -6.516359746456146e-03, -1.375301573425531e-02, -3.538795635104179e-02, -1.546927560120821e-02, 4.697937704622746e-03, 1.142647489905357e-02, 4.663730692118406e-03, -1.712750864680857e-03, 1.606303313747048e-03, 2.178166769444943e-02, -2.033413201570511e-02]
