last-generated=2019-07-01
statistics-initialization=
{
  "nonlinear": "0, 0, 1",
  "numerical Jacobians": "0"
}
statistics-simulation=
{
  "linear": " ",
  "nonlinear": "0",
  "number of continuous time states": "4",
  "numerical Jacobians": "0"
}
P.u_s=[3.001499938964844e+02, 3.001499938964844e+02, 3.001499938964844e+02, 3.001499938964844e+02, 3.001499938964844e+02, 3.001499938964844e+02, 3.001499938964844e+02, 3.001499938964844e+02, 3.001499938964844e+02, 3.001499938964844e+02, 3.001499938964844e+02, 3.001499938964844e+02, 3.001499938964844e+02, 3.001499938964844e+02, 3.001499938964844e+02, 3.001499938964844e+02, 3.001499938964844e+02, 3.001499938964844e+02, 3.001499938964844e+02, 3.001499938964844e+02, 3.001499938964844e+02, 3.001499938964844e+02, 3.001499938964844e+02, 3.001499938964844e+02, 3.001499938964844e+02, 3.001499938964844e+02, 3.001499938964844e+02, 3.001499938964844e+02, 3.001499938964844e+02, 3.001499938964844e+02, 3.001499938964844e+02, 3.001499938964844e+02, 3.001499938964844e+02, 3.001499938964844e+02, 3.001499938964844e+02, 3.001499938964844e+02, 3.001499938964844e+02, 3.001499938964844e+02, 3.001499938964844e+02, 3.001499938964844e+02, 3.001499938964844e+02, 3.001499938964844e+02, 3.001499938964844e+02, 3.001499938964844e+02, 3.001499938964844e+02, 3.001499938964844e+02, 3.001499938964844e+02, 3.001499938964844e+02, 3.001499938964844e+02, 3.001499938964844e+02, 3.001499938964844e+02, 2.951499938964844e+02, 2.951499938964844e+02, 2.951499938964844e+02, 2.951499938964844e+02, 2.951499938964844e+02, 2.951499938964844e+02, 2.951499938964844e+02, 2.951499938964844e+02, 2.951499938964844e+02, 2.951499938964844e+02, 2.951499938964844e+02, 2.951499938964844e+02, 2.951499938964844e+02, 2.951499938964844e+02, 2.951499938964844e+02, 2.951499938964844e+02, 2.951499938964844e+02, 2.951499938964844e+02, 2.951499938964844e+02, 2.951499938964844e+02, 2.951499938964844e+02, 2.951499938964844e+02, 2.951499938964844e+02, 2.951499938964844e+02, 2.951499938964844e+02, 2.951499938964844e+02, 2.951499938964844e+02, 2.951499938964844e+02, 2.951499938964844e+02, 2.951499938964844e+02, 2.951499938964844e+02, 2.951499938964844e+02, 2.951499938964844e+02, 2.951499938964844e+02, 2.951499938964844e+02, 2.951499938964844e+02, 2.951499938964844e+02, 2.951499938964844e+02, 2.951499938964844e+02, 2.951499938964844e+02, 2.951499938964844e+02, 2.951499938964844e+02, 2.951499938964844e+02, 2.951499938964844e+02, 2.951499938964844e+02, 2.951499938964844e+02, 2.951499938964844e+02, 2.951499938964844e+02, 2.951499938964844e+02, 2.951499938964844e+02]
P.u_m=[2.931499938964844e+02, 2.974261169433594e+02, 2.991565856933594e+02, 2.999035339355469e+02, 3.000384521484375e+02, 3.001161499023438e+02, 3.001370239257812e+02, 3.001456604003906e+02, 3.001484069824219e+02, 3.001494445800781e+02, 3.001498107910156e+02, 3.001499328613281e+02, 3.001499633789062e+02, 3.001499938964844e+02, 3.001499938964844e+02, 3.001499938964844e+02, 3.001499938964844e+02, 3.001499938964844e+02, 3.001499938964844e+02, 3.001499938964844e+02, 3.001499938964844e+02, 3.001499938964844e+02, 3.001499938964844e+02, 3.001499938964844e+02, 3.001499938964844e+02, 3.001499938964844e+02, 3.001499938964844e+02, 3.001499938964844e+02, 3.001499938964844e+02, 3.001499938964844e+02, 3.001499938964844e+02, 3.001499938964844e+02, 3.001499938964844e+02, 3.001499938964844e+02, 3.001499938964844e+02, 3.001499938964844e+02, 3.001499938964844e+02, 3.001499938964844e+02, 3.001499938964844e+02, 3.001499938964844e+02, 3.001499938964844e+02, 3.001499938964844e+02, 3.001499938964844e+02, 3.001499938964844e+02, 3.001499938964844e+02, 3.001499938964844e+02, 3.001499938964844e+02, 3.001499938964844e+02, 3.001499938964844e+02, 3.001499938964844e+02, 3.001499938964844e+02, 2.960346984863281e+02, 2.954537963867188e+02, 2.9533447265625e+02, 2.95247314453125e+02, 2.951998901367188e+02, 2.951758728027344e+02, 2.951634826660156e+02, 2.951570129394531e+02, 2.951536560058594e+02, 2.951519165039062e+02, 2.951510009765625e+02, 2.951505126953125e+02, 2.951502685546875e+02, 2.95150146484375e+02, 2.951500854492188e+02, 2.951500244140625e+02, 2.951500244140625e+02, 2.951500244140625e+02, 2.951499938964844e+02, 2.951499938964844e+02, 2.951499938964844e+02, 2.951499938964844e+02, 2.951499938964844e+02, 2.951499938964844e+02, 2.951499938964844e+02, 2.951499938964844e+02, 2.951499938964844e+02, 2.951499938964844e+02, 2.951499938964844e+02, 2.951499938964844e+02, 2.951499938964844e+02, 2.951499938964844e+02, 2.951499938964844e+02, 2.951499938964844e+02, 2.951499938964844e+02, 2.951499938964844e+02, 2.951499938964844e+02, 2.951499938964844e+02, 2.951499938964844e+02, 2.951499938964844e+02, 2.951499938964844e+02, 2.951499938964844e+02, 2.951499938964844e+02, 2.951499938964844e+02, 2.951499938964844e+02, 2.951499938964844e+02, 2.951499938964844e+02, 2.951499938964844e+02, 2.951499938964844e+02, 2.951499938964844e+02]
time=[0e+00, 3.6e+03]
hex.sta_a2.T=[2.931499938964844e+02, 2.931499938964844e+02, 2.931499938964844e+02, 2.931499938964844e+02, 2.931499938964844e+02, 2.931499938964844e+02, 2.931499938964844e+02, 2.931499938964844e+02, 2.931499938964844e+02, 2.931499938964844e+02, 2.931499938964844e+02, 2.931499938964844e+02, 2.931499938964844e+02, 2.931499938964844e+02, 2.931499938964844e+02, 2.931499938964844e+02, 2.931499938964844e+02, 2.931499938964844e+02, 2.931499938964844e+02, 2.931499938964844e+02, 2.931499938964844e+02, 2.931499938964844e+02, 2.931499938964844e+02, 2.931499938964844e+02, 2.931499938964844e+02, 2.931499938964844e+02, 2.931499938964844e+02, 2.931499938964844e+02, 2.931499938964844e+02, 2.931499938964844e+02, 2.931499938964844e+02, 2.931499938964844e+02, 2.931499938964844e+02, 2.931499938964844e+02, 2.931499938964844e+02, 2.931499938964844e+02, 2.931499938964844e+02, 2.931499938964844e+02, 2.931499938964844e+02, 2.931499938964844e+02, 2.931499938964844e+02, 2.931499938964844e+02, 2.931499938964844e+02, 2.931499938964844e+02, 2.931499938964844e+02, 2.931499938964844e+02, 2.931499938964844e+02, 2.931499938964844e+02, 2.931499938964844e+02, 2.931499938964844e+02, 2.931499938964844e+02, 2.931499938964844e+02, 2.931499938964844e+02, 2.931499938964844e+02, 2.931499938964844e+02, 2.931499938964844e+02, 2.931499938964844e+02, 2.931499938964844e+02, 2.931499938964844e+02, 2.931499938964844e+02, 2.931499938964844e+02, 2.931499938964844e+02, 2.931499938964844e+02, 2.931499938964844e+02, 2.931499938964844e+02, 2.931499938964844e+02, 2.931499938964844e+02, 2.931499938964844e+02, 2.931499938964844e+02, 2.931499938964844e+02, 2.931499938964844e+02, 2.931499938964844e+02, 2.931499938964844e+02, 2.931499938964844e+02, 2.931499938964844e+02, 2.931499938964844e+02, 2.931499938964844e+02, 2.931499938964844e+02, 2.931499938964844e+02, 2.931499938964844e+02, 2.931499938964844e+02, 2.931499938964844e+02, 2.931499938964844e+02, 2.931499938964844e+02, 2.931499938964844e+02, 2.931499938964844e+02, 2.931499938964844e+02, 2.931499938964844e+02, 2.931499938964844e+02, 2.931499938964844e+02, 2.931499938964844e+02, 2.931499938964844e+02, 2.931499938964844e+02, 2.931499938964844e+02, 2.931499938964844e+02, 2.931499938964844e+02, 2.931499938964844e+02, 2.931499938964844e+02, 2.931499938964844e+02, 2.931499938964844e+02, 2.931499938964844e+02]
hex.sta_b1.T=[3.224106750488281e+02, 3.051156921386719e+02, 3.076902770996094e+02, 3.08505859375e+02, 3.086785278320312e+02, 3.087666015625e+02, 3.087914733886719e+02, 3.088014831542969e+02, 3.088047180175781e+02, 3.088059387207031e+02, 3.088063354492188e+02, 3.088064880371094e+02, 3.088065185546875e+02, 3.088065490722656e+02, 3.088065490722656e+02, 3.088065490722656e+02, 3.088065490722656e+02, 3.088065490722656e+02, 3.088065490722656e+02, 3.088065490722656e+02, 3.088065490722656e+02, 3.088065490722656e+02, 3.088065490722656e+02, 3.088065490722656e+02, 3.088065490722656e+02, 3.088065490722656e+02, 3.088065490722656e+02, 3.088065490722656e+02, 3.088065490722656e+02, 3.088065490722656e+02, 3.088065490722656e+02, 3.088065490722656e+02, 3.088065490722656e+02, 3.088065490722656e+02, 3.088065490722656e+02, 3.088065490722656e+02, 3.088065490722656e+02, 3.088065490722656e+02, 3.088065490722656e+02, 3.088065490722656e+02, 3.088065490722656e+02, 3.088065490722656e+02, 3.088065490722656e+02, 3.088065490722656e+02, 3.088065490722656e+02, 3.088065490722656e+02, 3.088065490722656e+02, 3.088065490722656e+02, 3.088065490722656e+02, 3.088065490722656e+02, 3.088065490722656e+02, 3.015071105957031e+02, 2.990435485839844e+02, 2.984402160644531e+02, 2.979949951171875e+02, 2.977532043457031e+02, 2.97630859375e+02, 2.975677185058594e+02, 2.975348205566406e+02, 2.975177001953125e+02, 2.975087890625e+02, 2.975041198730469e+02, 2.97501708984375e+02, 2.975004272460938e+02, 2.974997863769531e+02, 2.974994201660156e+02, 2.97499267578125e+02, 2.974991760253906e+02, 2.974991149902344e+02, 2.974990844726562e+02, 2.974990844726562e+02, 2.974990844726562e+02, 2.974990539550781e+02, 2.974990539550781e+02, 2.974990539550781e+02, 2.974990539550781e+02, 2.974990539550781e+02, 2.974990539550781e+02, 2.974990539550781e+02, 2.974990539550781e+02, 2.974990539550781e+02, 2.974990539550781e+02, 2.974990539550781e+02, 2.974990539550781e+02, 2.974990539550781e+02, 2.974990539550781e+02, 2.974990539550781e+02, 2.974990539550781e+02, 2.974990539550781e+02, 2.974990539550781e+02, 2.974990539550781e+02, 2.974990539550781e+02, 2.974990539550781e+02, 2.974990539550781e+02, 2.974990539550781e+02, 2.974990539550781e+02, 2.974990539550781e+02, 2.974990539550781e+02, 2.974990539550781e+02, 2.974990539550781e+02, 2.974990539550781e+02]
hex.sta_b2.T=[3.12226806640625e+02, 2.973318786621094e+02, 2.99233642578125e+02, 2.999006652832031e+02, 3.000436401367188e+02, 3.001167602539062e+02, 3.00137451171875e+02, 3.001457824707031e+02, 3.001484680175781e+02, 3.001494750976562e+02, 3.001498107910156e+02, 3.001499328613281e+02, 3.001499633789062e+02, 3.001499938964844e+02, 3.001499938964844e+02, 3.001499938964844e+02, 3.001499938964844e+02, 3.001499938964844e+02, 3.001499938964844e+02, 3.001499938964844e+02, 3.001499938964844e+02, 3.001499938964844e+02, 3.001499938964844e+02, 3.001499938964844e+02, 3.001499938964844e+02, 3.001499938964844e+02, 3.001499938964844e+02, 3.001499938964844e+02, 3.001499938964844e+02, 3.001499938964844e+02, 3.001499938964844e+02, 3.001499938964844e+02, 3.001499938964844e+02, 3.001499938964844e+02, 3.001499938964844e+02, 3.001499938964844e+02, 3.001499938964844e+02, 3.001499938964844e+02, 3.001499938964844e+02, 3.001499938964844e+02, 3.001499938964844e+02, 3.001499938964844e+02, 3.001499938964844e+02, 3.001499938964844e+02, 3.001499938964844e+02, 3.001499938964844e+02, 3.001499938964844e+02, 3.001499938964844e+02, 3.001499938964844e+02, 3.001499938964844e+02, 3.001499938964844e+02, 2.959880676269531e+02, 2.954496154785156e+02, 2.953315124511719e+02, 2.952455139160156e+02, 2.95198974609375e+02, 2.951754150390625e+02, 2.951632385253906e+02, 2.951568908691406e+02, 2.951535949707031e+02, 2.951518859863281e+02, 2.951509704589844e+02, 2.951505126953125e+02, 2.951502685546875e+02, 2.95150146484375e+02, 2.951500854492188e+02, 2.951500244140625e+02, 2.951500244140625e+02, 2.951500244140625e+02, 2.951499938964844e+02, 2.951499938964844e+02, 2.951499938964844e+02, 2.951499938964844e+02, 2.951499938964844e+02, 2.951499938964844e+02, 2.951499938964844e+02, 2.951499938964844e+02, 2.951499938964844e+02, 2.951499938964844e+02, 2.951499938964844e+02, 2.951499938964844e+02, 2.951499938964844e+02, 2.951499938964844e+02, 2.951499938964844e+02, 2.951499938964844e+02, 2.951499938964844e+02, 2.951499938964844e+02, 2.951499938964844e+02, 2.951499938964844e+02, 2.951499938964844e+02, 2.951499938964844e+02, 2.951499938964844e+02, 2.951499938964844e+02, 2.951499938964844e+02, 2.951499938964844e+02, 2.951499938964844e+02, 2.951499938964844e+02, 2.951499938964844e+02, 2.951499938964844e+02, 2.951499938964844e+02, 2.951499938964844e+02]
hex.sta_a1.T=[3.331499938964844e+02, 3.331499938964844e+02, 3.331499938964844e+02, 3.331499938964844e+02, 3.331499938964844e+02, 3.331499938964844e+02, 3.331499938964844e+02, 3.331499938964844e+02, 3.331499938964844e+02, 3.331499938964844e+02, 3.331499938964844e+02, 3.331499938964844e+02, 3.331499938964844e+02, 3.331499938964844e+02, 3.331499938964844e+02, 3.331499938964844e+02, 3.331499938964844e+02, 3.331499938964844e+02, 3.331499938964844e+02, 3.331499938964844e+02, 3.331499938964844e+02, 3.331499938964844e+02, 3.331499938964844e+02, 3.331499938964844e+02, 3.331499938964844e+02, 3.331499938964844e+02, 3.331499938964844e+02, 3.331499938964844e+02, 3.331499938964844e+02, 3.331499938964844e+02, 3.331499938964844e+02, 3.331499938964844e+02, 3.331499938964844e+02, 3.331499938964844e+02, 3.331499938964844e+02, 3.331499938964844e+02, 3.331499938964844e+02, 3.331499938964844e+02, 3.331499938964844e+02, 3.331499938964844e+02, 3.331499938964844e+02, 3.331499938964844e+02, 3.331499938964844e+02, 3.331499938964844e+02, 3.331499938964844e+02, 3.331499938964844e+02, 3.331499938964844e+02, 3.331499938964844e+02, 3.331499938964844e+02, 3.331499938964844e+02, 3.331499938964844e+02, 3.331499938964844e+02, 3.331499938964844e+02, 3.331499938964844e+02, 3.331499938964844e+02, 3.331499938964844e+02, 3.331499938964844e+02, 3.331499938964844e+02, 3.331499938964844e+02, 3.331499938964844e+02, 3.331499938964844e+02, 3.331499938964844e+02, 3.331499938964844e+02, 3.331499938964844e+02, 3.331499938964844e+02, 3.331499938964844e+02, 3.331499938964844e+02, 3.331499938964844e+02, 3.331499938964844e+02, 3.331499938964844e+02, 3.331499938964844e+02, 3.331499938964844e+02, 3.331499938964844e+02, 3.331499938964844e+02, 3.331499938964844e+02, 3.331499938964844e+02, 3.331499938964844e+02, 3.331499938964844e+02, 3.331499938964844e+02, 3.331499938964844e+02, 3.331499938964844e+02, 3.331499938964844e+02, 3.331499938964844e+02, 3.331499938964844e+02, 3.331499938964844e+02, 3.331499938964844e+02, 3.331499938964844e+02, 3.331499938964844e+02, 3.331499938964844e+02, 3.331499938964844e+02, 3.331499938964844e+02, 3.331499938964844e+02, 3.331499938964844e+02, 3.331499938964844e+02, 3.331499938964844e+02, 3.331499938964844e+02, 3.331499938964844e+02, 3.331499938964844e+02, 3.331499938964844e+02, 3.331499938964844e+02, 3.331499938964844e+02]
hex.Q1_flow=[-2.032189375e+05, -4.454803125e+04, -6.480690234375e+04, -7.19126796875e+04, -7.34356796875e+04, -7.4214671875e+04, -7.44351171875e+04, -7.45236640625e+04, -7.4552390625e+04, -7.4563078125e+04, -7.456675e+04, -7.45680546875e+04, -7.456840625e+04, -7.45686328125e+04, -7.45686875e+04, -7.45686953125e+04, -7.45686953125e+04, -7.45686953125e+04, -7.45686875e+04, -7.45686875e+04, -7.45686875e+04, -7.45686875e+04, -7.45686875e+04, -7.45686875e+04, -7.45686875e+04, -7.45686875e+04, -7.45686875e+04, -7.45686875e+04, -7.45686875e+04, -7.45686875e+04, -7.45686875e+04, -7.45686875e+04, -7.45686875e+04, -7.45686875e+04, -7.45686875e+04, -7.45686875e+04, -7.45686875e+04, -7.45686875e+04, -7.45686875e+04, -7.45686875e+04, -7.45686875e+04, -7.45686875e+04, -7.45686875e+04, -7.45686875e+04, -7.45686875e+04, -7.45686875e+04, -7.45686875e+04, -7.45686875e+04, -7.45686875e+04, -7.45686875e+04, -7.45686875e+04, -3.02329453125e+04, -2.4497005859375e+04, -2.32387734375e+04, -2.2322833984375e+04, -2.18269609375e+04, -2.1576009765625e+04, -2.1446388671875e+04, -2.13788359375e+04, -2.134364453125e+04, -2.13253125e+04, -2.131575390625e+04, -2.131076953125e+04, -2.1308173828125e+04, -2.130682421875e+04, -2.130611328125e+04, -2.130574609375e+04, -2.1305552734375e+04, -2.130544921875e+04, -2.13053984375e+04, -2.1305375e+04, -2.1305361328125e+04, -2.1305349609375e+04, -2.130534375e+04, -2.1305341796875e+04, -2.1305341796875e+04, -2.1305341796875e+04, -2.1305341796875e+04, -2.1305341796875e+04, -2.130533984375e+04, -2.130533984375e+04, -2.130533984375e+04, -2.130533984375e+04, -2.130533984375e+04, -2.130533984375e+04, -2.130533984375e+04, -2.130533984375e+04, -2.130533984375e+04, -2.130533984375e+04, -2.130533984375e+04, -2.130533984375e+04, -2.130533984375e+04, -2.130533984375e+04, -2.130533984375e+04, -2.130533984375e+04, -2.130533984375e+04, -2.130533984375e+04, -2.130533984375e+04, -2.130533984375e+04, -2.130533984375e+04, -2.130533984375e+04]
hex.Q2_flow=[2.032189375e+05, 4.454803125e+04, 6.480690234375e+04, 7.19126796875e+04, 7.34356796875e+04, 7.4214671875e+04, 7.44351171875e+04, 7.45236640625e+04, 7.4552390625e+04, 7.4563078125e+04, 7.456675e+04, 7.45680546875e+04, 7.456840625e+04, 7.45686328125e+04, 7.45686875e+04, 7.45686953125e+04, 7.45686953125e+04, 7.45686953125e+04, 7.45686875e+04, 7.45686875e+04, 7.45686875e+04, 7.45686875e+04, 7.45686875e+04, 7.45686875e+04, 7.45686875e+04, 7.45686875e+04, 7.45686875e+04, 7.45686875e+04, 7.45686875e+04, 7.45686875e+04, 7.45686875e+04, 7.45686875e+04, 7.45686875e+04, 7.45686875e+04, 7.45686875e+04, 7.45686875e+04, 7.45686875e+04, 7.45686875e+04, 7.45686875e+04, 7.45686875e+04, 7.45686875e+04, 7.45686875e+04, 7.45686875e+04, 7.45686875e+04, 7.45686875e+04, 7.45686875e+04, 7.45686875e+04, 7.45686875e+04, 7.45686875e+04, 7.45686875e+04, 7.45686875e+04, 3.02329453125e+04, 2.4497005859375e+04, 2.32387734375e+04, 2.2322833984375e+04, 2.18269609375e+04, 2.1576009765625e+04, 2.1446388671875e+04, 2.13788359375e+04, 2.134364453125e+04, 2.13253125e+04, 2.131575390625e+04, 2.131076953125e+04, 2.1308173828125e+04, 2.130682421875e+04, 2.130611328125e+04, 2.130574609375e+04, 2.1305552734375e+04, 2.130544921875e+04, 2.13053984375e+04, 2.1305375e+04, 2.1305361328125e+04, 2.1305349609375e+04, 2.130534375e+04, 2.1305341796875e+04, 2.1305341796875e+04, 2.1305341796875e+04, 2.1305341796875e+04, 2.1305341796875e+04, 2.130533984375e+04, 2.130533984375e+04, 2.130533984375e+04, 2.130533984375e+04, 2.130533984375e+04, 2.130533984375e+04, 2.130533984375e+04, 2.130533984375e+04, 2.130533984375e+04, 2.130533984375e+04, 2.130533984375e+04, 2.130533984375e+04, 2.130533984375e+04, 2.130533984375e+04, 2.130533984375e+04, 2.130533984375e+04, 2.130533984375e+04, 2.130533984375e+04, 2.130533984375e+04, 2.130533984375e+04, 2.130533984375e+04, 2.130533984375e+04]
hex.m2_flow=[1.05e+01, 1.05e+01]
hex.m1_flow=[4.522670269012451e+00, 3.797929286956787e-01, 6.083812117576599e-01, 6.974288821220398e-01, 7.172250151634216e-01, 7.274510264396667e-01, 7.303573489189148e-01, 7.31526255607605e-01, 7.319056987762451e-01, 7.320469617843628e-01, 7.320954203605652e-01, 7.321126461029053e-01, 7.321172952651978e-01, 7.321202754974365e-01, 7.321210503578186e-01, 7.321210503578186e-01, 7.321210503578186e-01, 7.321210503578186e-01, 7.321210503578186e-01, 7.321210503578186e-01, 7.321210503578186e-01, 7.321210503578186e-01, 7.321210503578186e-01, 7.321210503578186e-01, 7.321210503578186e-01, 7.321210503578186e-01, 7.321210503578186e-01, 7.321210503578186e-01, 7.321210503578186e-01, 7.321210503578186e-01, 7.321210503578186e-01, 7.321210503578186e-01, 7.321210503578186e-01, 7.321210503578186e-01, 7.321210503578186e-01, 7.321210503578186e-01, 7.321210503578186e-01, 7.321210503578186e-01, 7.321210503578186e-01, 7.321210503578186e-01, 7.321210503578186e-01, 7.321210503578186e-01, 7.321210503578186e-01, 7.321210503578186e-01, 7.321210503578186e-01, 7.321210503578186e-01, 7.321210503578186e-01, 7.321210503578186e-01, 7.321210503578186e-01, 7.321210503578186e-01, 7.321210503578186e-01, 2.283561527729034e-01, 1.71666145324707e-01, 1.600183248519897e-01, 1.517646014690399e-01, 1.473796218633651e-01, 1.451833993196487e-01, 1.44055113196373e-01, 1.434687525033951e-01, 1.431637406349182e-01, 1.430049538612366e-01, 1.429222077131271e-01, 1.428790837526321e-01, 1.428566128015518e-01, 1.428449302911758e-01, 1.42838791012764e-01, 1.428356021642685e-01, 1.428339332342148e-01, 1.428330391645432e-01, 1.428326070308685e-01, 1.428323984146118e-01, 1.428322792053223e-01, 1.428321748971939e-01, 1.428321152925491e-01, 1.428321003913879e-01, 1.428321003913879e-01, 1.428321003913879e-01, 1.428321003913879e-01, 1.428321003913879e-01, 1.428321003913879e-01, 1.428321003913879e-01, 1.428320854902267e-01, 1.428320854902267e-01, 1.428320854902267e-01, 1.428320854902267e-01, 1.428320854902267e-01, 1.428320854902267e-01, 1.428320854902267e-01, 1.428320854902267e-01, 1.428320854902267e-01, 1.428320854902267e-01, 1.428320854902267e-01, 1.428320854902267e-01, 1.428320854902267e-01, 1.428320854902267e-01, 1.428320854902267e-01, 1.428320854902267e-01, 1.428320854902267e-01, 1.428320854902267e-01, 1.428320854902267e-01, 1.428320854902267e-01]
