last-generated=2017-03-31
statistics-initialization=
{
  "numerical Jacobians": "0", 
  "nonlinear": "1"
}
statistics-simulation=
{
  "numerical Jacobians": "0", 
  "nonlinear": "1", 
  "linear": " "
}
heaPum.TSet=[3.081499938964844e+02, 3.081499938964844e+02, 3.081499938964844e+02, 3.081499938964844e+02, 3.081499938964844e+02, 3.081499938964844e+02, 3.081499938964844e+02, 3.081499938964844e+02, 3.081499938964844e+02, 3.081499938964844e+02, 3.081499938964844e+02, 3.081499938964844e+02, 3.081499938964844e+02, 3.081499938964844e+02, 3.081499938964844e+02, 3.081499938964844e+02, 3.081499938964844e+02, 3.081499938964844e+02, 3.081499938964844e+02, 3.081499938964844e+02, 3.081499938964844e+02, 3.081499938964844e+02, 3.081499938964844e+02, 3.081499938964844e+02, 3.081499938964844e+02, 3.081499938964844e+02, 3.081499938964844e+02, 3.081499938964844e+02, 3.081499938964844e+02, 3.081499938964844e+02, 3.081499938964844e+02, 3.081499938964844e+02, 3.081499938964844e+02, 3.081499938964844e+02, 3.081499938964844e+02, 3.081499938964844e+02, 3.081499938964844e+02, 3.081499938964844e+02, 3.081499938964844e+02, 3.081499938964844e+02, 3.081499938964844e+02, 3.081499938964844e+02, 3.081499938964844e+02, 3.081499938964844e+02, 3.081499938964844e+02, 3.081499938964844e+02, 3.081499938964844e+02, 3.081499938964844e+02, 3.081499938964844e+02, 3.081499938964844e+02, 3.081499938964844e+02, 3.171499938964844e+02, 3.231499938964844e+02, 3.231499938964844e+02, 3.231499938964844e+02, 3.231499938964844e+02, 3.231499938964844e+02, 3.231499938964844e+02, 3.231499938964844e+02, 3.231499938964844e+02, 3.231499938964844e+02, 3.231499938964844e+02, 3.231499938964844e+02, 3.231499938964844e+02, 3.231499938964844e+02, 3.231499938964844e+02, 3.231499938964844e+02, 3.231499938964844e+02, 3.231499938964844e+02, 3.231499938964844e+02, 3.231499938964844e+02, 3.231499938964844e+02, 3.231499938964844e+02, 3.231499938964844e+02, 3.231499938964844e+02, 3.231499938964844e+02, 3.231499938964844e+02, 3.231499938964844e+02, 3.231499938964844e+02, 3.231499938964844e+02, 3.231499938964844e+02, 3.231499938964844e+02, 3.231499938964844e+02, 3.231499938964844e+02, 3.231499938964844e+02, 3.231499938964844e+02, 3.231499938964844e+02, 3.231499938964844e+02, 3.231499938964844e+02, 3.231499938964844e+02, 3.231499938964844e+02, 3.231499938964844e+02, 3.231499938964844e+02, 3.231499938964844e+02, 3.231499938964844e+02, 3.231499938964844e+02, 3.231499938964844e+02, 3.231499938964844e+02, 3.231499938964844e+02, 3.231499938964844e+02, 3.231499938964844e+02]
heaPum.sta_b1.T=[3.081499938964844e+02, 3.081499938964844e+02, 3.081499938964844e+02, 3.081499938964844e+02, 3.081499938964844e+02, 3.081499938964844e+02, 3.081499938964844e+02, 3.081499938964844e+02, 3.081499938964844e+02, 3.081499938964844e+02, 3.081499938964844e+02, 3.081499938964844e+02, 3.081499938964844e+02, 3.081499938964844e+02, 3.081499938964844e+02, 3.081499938964844e+02, 3.081499938964844e+02, 3.081499938964844e+02, 3.081499938964844e+02, 3.081499938964844e+02, 3.081499938964844e+02, 3.081499938964844e+02, 3.081499938964844e+02, 3.081499938964844e+02, 3.081499938964844e+02, 3.081499938964844e+02, 3.081499938964844e+02, 3.081499938964844e+02, 3.081499938964844e+02, 3.081499938964844e+02, 3.081499938964844e+02, 3.081499938964844e+02, 3.081499938964844e+02, 3.081499938964844e+02, 3.081499938964844e+02, 3.081499938964844e+02, 3.081499938964844e+02, 3.081499938964844e+02, 3.081499938964844e+02, 3.081499938964844e+02, 3.081499938964844e+02, 3.081499938964844e+02, 3.081499938964844e+02, 3.081499938964844e+02, 3.081499938964844e+02, 3.081499938964844e+02, 3.081499938964844e+02, 3.081499938964844e+02, 3.081499938964844e+02, 3.081499938964844e+02, 3.081499938964844e+02, 3.171499938964844e+02, 3.231499938964844e+02, 3.231499938964844e+02, 3.231499938964844e+02, 3.231499938964844e+02, 3.231499938964844e+02, 3.231499938964844e+02, 3.231499938964844e+02, 3.231499938964844e+02, 3.231499938964844e+02, 3.231499938964844e+02, 3.231499938964844e+02, 3.231499938964844e+02, 3.231499938964844e+02, 3.231499938964844e+02, 3.231499938964844e+02, 3.231499938964844e+02, 3.231499938964844e+02, 3.231499938964844e+02, 3.231499938964844e+02, 3.231499938964844e+02, 3.231499938964844e+02, 3.231499938964844e+02, 3.231499938964844e+02, 3.231499938964844e+02, 3.231499938964844e+02, 3.231499938964844e+02, 3.231499938964844e+02, 3.231499938964844e+02, 3.231499938964844e+02, 3.231499938964844e+02, 3.231499938964844e+02, 3.231499938964844e+02, 3.231499938964844e+02, 3.231499938964844e+02, 3.231499938964844e+02, 3.231499938964844e+02, 3.231499938964844e+02, 3.231499938964844e+02, 3.231499938964844e+02, 3.231499938964844e+02, 3.231499938964844e+02, 3.231499938964844e+02, 3.231499938964844e+02, 3.231499938964844e+02, 3.231499938964844e+02, 3.231499938964844e+02, 3.231499938964844e+02, 3.231499938964844e+02, 3.231499938964844e+02]
heaPum.sta_a2.T=[2.881499938964844e+02, 2.881499938964844e+02]
heaPum.sta_b2.T=[2.831499938964844e+02, 2.831499938964844e+02, 2.831499938964844e+02, 2.831499938964844e+02, 2.831499938964844e+02, 2.831499938964844e+02, 2.831499938964844e+02, 2.831499938964844e+02, 2.831499938964844e+02, 2.831499938964844e+02, 2.831499938964844e+02, 2.831499938964844e+02, 2.831499938964844e+02, 2.831499938964844e+02, 2.831499938964844e+02, 2.831499938964844e+02, 2.831499938964844e+02, 2.831499938964844e+02, 2.831499938964844e+02, 2.831499938964844e+02, 2.831499938964844e+02, 2.831499938964844e+02, 2.831499938964844e+02, 2.831499938964844e+02, 2.831499938964844e+02, 2.831499938964844e+02, 2.831499938964844e+02, 2.831499938964844e+02, 2.831499938964844e+02, 2.831499938964844e+02, 2.831499938964844e+02, 2.831499938964844e+02, 2.831499938964844e+02, 2.831499938964844e+02, 2.831499938964844e+02, 2.831499938964844e+02, 2.831499938964844e+02, 2.831499938964844e+02, 2.831499938964844e+02, 2.831499938964844e+02, 2.831499938964844e+02, 2.831499938964844e+02, 2.831499938964844e+02, 2.831499938964844e+02, 2.831499938964844e+02, 2.831499938964844e+02, 2.831499938964844e+02, 2.831499938964844e+02, 2.831499938964844e+02, 2.831499938964844e+02, 2.831499938964844e+02, 2.831499938964844e+02, 2.831499938964844e+02, 2.831499938964844e+02, 2.831499938964844e+02, 2.831499938964844e+02, 2.831499938964844e+02, 2.831499938964844e+02, 2.831499938964844e+02, 2.831499938964844e+02, 2.831499938964844e+02, 2.831499938964844e+02, 2.831499938964844e+02, 2.831499938964844e+02, 2.831499938964844e+02, 2.831499938964844e+02, 2.831499938964844e+02, 2.831499938964844e+02, 2.831499938964844e+02, 2.831499938964844e+02, 2.831499938964844e+02, 2.831499938964844e+02, 2.831499938964844e+02, 2.831499938964844e+02, 2.831499938964844e+02, 2.831499938964844e+02, 2.831499938964844e+02, 2.831499938964844e+02, 2.831499938964844e+02, 2.831499938964844e+02, 2.831499938964844e+02, 2.831499938964844e+02, 2.831499938964844e+02, 2.831499938964844e+02, 2.831499938964844e+02, 2.831499938964844e+02, 2.831499938964844e+02, 2.831499938964844e+02, 2.831499938964844e+02, 2.831499938964844e+02, 2.831499938964844e+02, 2.831499938964844e+02, 2.831499938964844e+02, 2.831499938964844e+02, 2.831499938964844e+02, 2.831499938964844e+02, 2.831499938964844e+02, 2.831499938964844e+02, 2.831499938964844e+02, 2.831499938964844e+02, 2.831499938964844e+02]
time=[0e+00, 3.6e+03]
heaPum.sta_a1.T=[2.931499938964844e+02, 2.931499938964844e+02]
heaPum.QEva_flow=[-1.090184453125e+05, -1.090184453125e+05, -1.090184453125e+05, -1.090184453125e+05, -1.090184453125e+05, -1.090184453125e+05, -1.090184453125e+05, -1.090184453125e+05, -1.090184453125e+05, -1.090184453125e+05, -1.090184453125e+05, -1.090184453125e+05, -1.090184453125e+05, -1.090184453125e+05, -1.090184453125e+05, -1.090184453125e+05, -1.090184453125e+05, -1.090184453125e+05, -1.090184453125e+05, -1.090184453125e+05, -1.090184453125e+05, -1.090184453125e+05, -1.090184453125e+05, -1.090184453125e+05, -1.090184453125e+05, -1.090184453125e+05, -1.090184453125e+05, -1.090184453125e+05, -1.090184453125e+05, -1.090184453125e+05, -1.090184453125e+05, -1.090184453125e+05, -1.090184453125e+05, -1.090184453125e+05, -1.090184453125e+05, -1.090184453125e+05, -1.090184453125e+05, -1.090184453125e+05, -1.090184453125e+05, -1.090184453125e+05, -1.090184453125e+05, -1.090184453125e+05, -1.090184453125e+05, -1.090184453125e+05, -1.090184453125e+05, -1.090184453125e+05, -1.090184453125e+05, -1.090184453125e+05, -1.090184453125e+05, -1.090184453125e+05, -1.090184453125e+05, -1.5364859375e+05, -1.75547171875e+05, -1.75547171875e+05, -1.75547171875e+05, -1.75547171875e+05, -1.75547171875e+05, -1.75547171875e+05, -1.75547171875e+05, -1.75547171875e+05, -1.75547171875e+05, -1.75547171875e+05, -1.75547171875e+05, -1.75547171875e+05, -1.75547171875e+05, -1.75547171875e+05, -1.75547171875e+05, -1.75547171875e+05, -1.75547171875e+05, -1.75547171875e+05, -1.75547171875e+05, -1.75547171875e+05, -1.75547171875e+05, -1.75547171875e+05, -1.75547171875e+05, -1.75547171875e+05, -1.75547171875e+05, -1.75547171875e+05, -1.75547171875e+05, -1.75547171875e+05, -1.75547171875e+05, -1.75547171875e+05, -1.75547171875e+05, -1.75547171875e+05, -1.75547171875e+05, -1.75547171875e+05, -1.75547171875e+05, -1.75547171875e+05, -1.75547171875e+05, -1.75547171875e+05, -1.75547171875e+05, -1.75547171875e+05, -1.75547171875e+05, -1.75547171875e+05, -1.75547171875e+05, -1.75547171875e+05, -1.75547171875e+05, -1.75547171875e+05, -1.75547171875e+05, -1.75547171875e+05, -1.75547171875e+05]
heaPum.QCon_flow=[1.49428578125e+05, 1.49428578125e+05, 1.49428578125e+05, 1.49428578125e+05, 1.49428578125e+05, 1.49428578125e+05, 1.49428578125e+05, 1.49428578125e+05, 1.49428578125e+05, 1.49428578125e+05, 1.49428578125e+05, 1.49428578125e+05, 1.49428578125e+05, 1.49428578125e+05, 1.49428578125e+05, 1.49428578125e+05, 1.49428578125e+05, 1.49428578125e+05, 1.49428578125e+05, 1.49428578125e+05, 1.49428578125e+05, 1.49428578125e+05, 1.49428578125e+05, 1.49428578125e+05, 1.49428578125e+05, 1.49428578125e+05, 1.49428578125e+05, 1.49428578125e+05, 1.49428578125e+05, 1.49428578125e+05, 1.49428578125e+05, 1.49428578125e+05, 1.49428578125e+05, 1.49428578125e+05, 1.49428578125e+05, 1.49428578125e+05, 1.49428578125e+05, 1.49428578125e+05, 1.49428578125e+05, 1.49428578125e+05, 1.49428578125e+05, 1.49428578125e+05, 1.49428578125e+05, 1.49428578125e+05, 1.49428578125e+05, 1.49428578125e+05, 1.49428578125e+05, 1.49428578125e+05, 1.49428578125e+05, 1.49428578125e+05, 1.49428578125e+05, 2.3908571875e+05, 2.9885715625e+05, 2.9885715625e+05, 2.9885715625e+05, 2.9885715625e+05, 2.9885715625e+05, 2.9885715625e+05, 2.9885715625e+05, 2.9885715625e+05, 2.9885715625e+05, 2.9885715625e+05, 2.9885715625e+05, 2.9885715625e+05, 2.9885715625e+05, 2.9885715625e+05, 2.9885715625e+05, 2.9885715625e+05, 2.9885715625e+05, 2.9885715625e+05, 2.9885715625e+05, 2.9885715625e+05, 2.9885715625e+05, 2.9885715625e+05, 2.9885715625e+05, 2.9885715625e+05, 2.9885715625e+05, 2.9885715625e+05, 2.9885715625e+05, 2.9885715625e+05, 2.9885715625e+05, 2.9885715625e+05, 2.9885715625e+05, 2.9885715625e+05, 2.9885715625e+05, 2.9885715625e+05, 2.9885715625e+05, 2.9885715625e+05, 2.9885715625e+05, 2.9885715625e+05, 2.9885715625e+05, 2.9885715625e+05, 2.9885715625e+05, 2.9885715625e+05, 2.9885715625e+05, 2.9885715625e+05, 2.9885715625e+05, 2.9885715625e+05, 2.9885715625e+05, 2.9885715625e+05, 2.9885715625e+05]
heaPum.P=[4.041012890625e+04, 4.041012890625e+04, 4.041012890625e+04, 4.041012890625e+04, 4.041012890625e+04, 4.041012890625e+04, 4.041012890625e+04, 4.041012890625e+04, 4.041012890625e+04, 4.041012890625e+04, 4.041012890625e+04, 4.041012890625e+04, 4.041012890625e+04, 4.041012890625e+04, 4.041012890625e+04, 4.041012890625e+04, 4.041012890625e+04, 4.041012890625e+04, 4.041012890625e+04, 4.041012890625e+04, 4.041012890625e+04, 4.041012890625e+04, 4.041012890625e+04, 4.041012890625e+04, 4.041012890625e+04, 4.041012890625e+04, 4.041012890625e+04, 4.041012890625e+04, 4.041012890625e+04, 4.041012890625e+04, 4.041012890625e+04, 4.041012890625e+04, 4.041012890625e+04, 4.041012890625e+04, 4.041012890625e+04, 4.041012890625e+04, 4.041012890625e+04, 4.041012890625e+04, 4.041012890625e+04, 4.041012890625e+04, 4.041012890625e+04, 4.041012890625e+04, 4.041012890625e+04, 4.041012890625e+04, 4.041012890625e+04, 4.041012890625e+04, 4.041012890625e+04, 4.041012890625e+04, 4.041012890625e+04, 4.041012890625e+04, 4.041012890625e+04, 8.54371171875e+04, 1.233099765625e+05, 1.233099765625e+05, 1.233099765625e+05, 1.233099765625e+05, 1.233099765625e+05, 1.233099765625e+05, 1.233099765625e+05, 1.233099765625e+05, 1.233099765625e+05, 1.233099765625e+05, 1.233099765625e+05, 1.233099765625e+05, 1.233099765625e+05, 1.233099765625e+05, 1.233099765625e+05, 1.233099765625e+05, 1.233099765625e+05, 1.233099765625e+05, 1.233099765625e+05, 1.233099765625e+05, 1.233099765625e+05, 1.233099765625e+05, 1.233099765625e+05, 1.233099765625e+05, 1.233099765625e+05, 1.233099765625e+05, 1.233099765625e+05, 1.233099765625e+05, 1.233099765625e+05, 1.233099765625e+05, 1.233099765625e+05, 1.233099765625e+05, 1.233099765625e+05, 1.233099765625e+05, 1.233099765625e+05, 1.233099765625e+05, 1.233099765625e+05, 1.233099765625e+05, 1.233099765625e+05, 1.233099765625e+05, 1.233099765625e+05, 1.233099765625e+05, 1.233099765625e+05, 1.233099765625e+05, 1.233099765625e+05, 1.233099765625e+05, 1.233099765625e+05, 1.233099765625e+05, 1.233099765625e+05]
heaPum.dp1=[6e+03, 6e+03]
heaPum.dp2=[1.35626669921875e+04, 1.35626669921875e+04, 1.35626669921875e+04, 1.35626669921875e+04, 1.35626669921875e+04, 1.35626669921875e+04, 1.35626669921875e+04, 1.35626669921875e+04, 1.35626669921875e+04, 1.35626669921875e+04, 1.35626669921875e+04, 1.35626669921875e+04, 1.35626669921875e+04, 1.35626669921875e+04, 1.35626669921875e+04, 1.35626669921875e+04, 1.35626669921875e+04, 1.35626669921875e+04, 1.35626669921875e+04, 1.35626669921875e+04, 1.35626669921875e+04, 1.35626669921875e+04, 1.35626669921875e+04, 1.35626669921875e+04, 1.35626669921875e+04, 1.35626669921875e+04, 1.35626669921875e+04, 1.35626669921875e+04, 1.35626669921875e+04, 1.35626669921875e+04, 1.35626669921875e+04, 1.35626669921875e+04, 1.35626669921875e+04, 1.35626669921875e+04, 1.35626669921875e+04, 1.35626669921875e+04, 1.35626669921875e+04, 1.35626669921875e+04, 1.35626669921875e+04, 1.35626669921875e+04, 1.35626669921875e+04, 1.35626669921875e+04, 1.35626669921875e+04, 1.35626669921875e+04, 1.35626669921875e+04, 1.35626669921875e+04, 1.35626669921875e+04, 1.35626669921875e+04, 1.35626669921875e+04, 1.35626669921875e+04, 1.35626669921875e+04, 2.6940296875e+04, 3.5166796875e+04, 3.5166796875e+04, 3.5166796875e+04, 3.5166796875e+04, 3.5166796875e+04, 3.5166796875e+04, 3.5166796875e+04, 3.5166796875e+04, 3.5166796875e+04, 3.5166796875e+04, 3.5166796875e+04, 3.5166796875e+04, 3.5166796875e+04, 3.5166796875e+04, 3.5166796875e+04, 3.5166796875e+04, 3.5166796875e+04, 3.5166796875e+04, 3.5166796875e+04, 3.5166796875e+04, 3.5166796875e+04, 3.5166796875e+04, 3.5166796875e+04, 3.5166796875e+04, 3.5166796875e+04, 3.5166796875e+04, 3.5166796875e+04, 3.5166796875e+04, 3.5166796875e+04, 3.5166796875e+04, 3.5166796875e+04, 3.5166796875e+04, 3.5166796875e+04, 3.5166796875e+04, 3.5166796875e+04, 3.5166796875e+04, 3.5166796875e+04, 3.5166796875e+04, 3.5166796875e+04, 3.5166796875e+04, 3.5166796875e+04, 3.5166796875e+04, 3.5166796875e+04, 3.5166796875e+04, 3.5166796875e+04, 3.5166796875e+04, 3.5166796875e+04, 3.5166796875e+04, 3.5166796875e+04]
heaPum.COP=[3.697799921035767e+00, 3.697799921035767e+00, 3.697799921035767e+00, 3.697799921035767e+00, 3.697799921035767e+00, 3.697799921035767e+00, 3.697799921035767e+00, 3.697799921035767e+00, 3.697799921035767e+00, 3.697799921035767e+00, 3.697799921035767e+00, 3.697799921035767e+00, 3.697799921035767e+00, 3.697799921035767e+00, 3.697799921035767e+00, 3.697799921035767e+00, 3.697799921035767e+00, 3.697799921035767e+00, 3.697799921035767e+00, 3.697799921035767e+00, 3.697799921035767e+00, 3.697799921035767e+00, 3.697799921035767e+00, 3.697799921035767e+00, 3.697799921035767e+00, 3.697799921035767e+00, 3.697799921035767e+00, 3.697799921035767e+00, 3.697799921035767e+00, 3.697799921035767e+00, 3.697799921035767e+00, 3.697799921035767e+00, 3.697799921035767e+00, 3.697799921035767e+00, 3.697799921035767e+00, 3.697799921035767e+00, 3.697799921035767e+00, 3.697799921035767e+00, 3.697799921035767e+00, 3.697799921035767e+00, 3.697799921035767e+00, 3.697799921035767e+00, 3.697799921035767e+00, 3.697799921035767e+00, 3.697799921035767e+00, 3.697799921035767e+00, 3.697799921035767e+00, 3.697799921035767e+00, 3.697799921035767e+00, 3.697799921035767e+00, 3.697799921035767e+00, 2.79838228225708e+00, 2.423624992370605e+00, 2.423624992370605e+00, 2.423624992370605e+00, 2.423624992370605e+00, 2.423624992370605e+00, 2.423624992370605e+00, 2.423624992370605e+00, 2.423624992370605e+00, 2.423624992370605e+00, 2.423624992370605e+00, 2.423624992370605e+00, 2.423624992370605e+00, 2.423624992370605e+00, 2.423624992370605e+00, 2.423624992370605e+00, 2.423624992370605e+00, 2.423624992370605e+00, 2.423624992370605e+00, 2.423624992370605e+00, 2.423624992370605e+00, 2.423624992370605e+00, 2.423624992370605e+00, 2.423624992370605e+00, 2.423624992370605e+00, 2.423624992370605e+00, 2.423624992370605e+00, 2.423624992370605e+00, 2.423624992370605e+00, 2.423624992370605e+00, 2.423624992370605e+00, 2.423624992370605e+00, 2.423624992370605e+00, 2.423624992370605e+00, 2.423624992370605e+00, 2.423624992370605e+00, 2.423624992370605e+00, 2.423624992370605e+00, 2.423624992370605e+00, 2.423624992370605e+00, 2.423624992370605e+00, 2.423624992370605e+00, 2.423624992370605e+00, 2.423624992370605e+00, 2.423624992370605e+00, 2.423624992370605e+00, 2.423624992370605e+00, 2.423624992370605e+00, 2.423624992370605e+00, 2.423624992370605e+00]
heaPum.COP_nominal=[3.637799978256226e+00, 3.637799978256226e+00]
