last-generated=2022-09-09
statistics-simulation=
{
  "linear": " ",
  "nonlinear": " ",
  "number of continuous time states": "4",
  "numerical Jacobians": "0"
}
time=[0e+00, 7.2e+03]
masFraSou.V=[6.581559777259827e-01, 6.581559777259827e-01]
vol.C[1]=[0e+00, 2.703782593016513e-05, 5.363704258343205e-05, 7.979647489264607e-05, 1.055222819559276e-04, 1.308306236751378e-04, 1.557126815896481e-04, 1.801914622774348e-04, 2.042611449724063e-04, 2.279299078509212e-04, 2.512127684894949e-04, 2.74100893875584e-04, 2.96623504254967e-04, 3.187737602274865e-04, 3.4055340802297e-04, 3.61965037882328e-04, 3.830195928458124e-04, 4.037307808175683e-04, 4.240960697643459e-04, 4.441204364411533e-04, 4.638089158106595e-04, 4.831725382246077e-04, 5.022145342081785e-04, 5.209402297623456e-04, 5.393553874455392e-04, 5.574647802859545e-04, 5.75272657442838e-04, 5.927853053435684e-04, 6.100081955082715e-04, 6.269467412494123e-04, 6.436030380427837e-04, 6.599831976927817e-04, 6.760925753042102e-04, 6.919361767359078e-04, 7.075176690705121e-04, 7.228397880680859e-04, 7.379085291177034e-04, 7.527284324169159e-04, 7.673040963709354e-04, 7.816345314495265e-04, 7.957254420034587e-04, 8.09581542853266e-04, 8.232069085352123e-04, 8.366056717932224e-04, 8.497820235788822e-04, 8.627400384284556e-04, 8.754840237088501e-04, 8.880182867869735e-04, 9.003471350297332e-04, 9.124749340116978e-04, 9.244054090231657e-04, 9.361213305965066e-04, 9.476422565057874e-04, 9.589717956259847e-04, 9.701136150397361e-04, 9.810711489990354e-04, 9.91848181001842e-04, 1.002448261715472e-03, 1.012875000014901e-03, 1.023131888359785e-03, 1.033222652040422e-03, 1.043150899931788e-03, 1.052915933541954e-03, 1.062505878508091e-03, 1.071937032975256e-03, 1.081212074495852e-03, 1.090333797037601e-03, 1.099304645322263e-03, 1.108127296902239e-03, 1.116804196499288e-03, 1.125338021665812e-03, 1.133730984292924e-03, 1.141985645517707e-03, 1.150104333646595e-03, 1.158089493401349e-03, 1.165943685919046e-03, 1.17366889026016e-03, 1.181267201900482e-03, 1.18874094914645e-03, 1.196092111058533e-03, 1.203322783112526e-03, 1.210434944368899e-03, 1.217430690303445e-03, 1.224311999976635e-03, 1.231080619618297e-03, 1.237738528288901e-03, 1.244286773726344e-03, 1.250727102160454e-03, 1.257061609067023e-03, 1.263291924260557e-03, 1.269419561140239e-03, 1.275446149520576e-03, 1.281373202800751e-03, 1.287202001549304e-03, 1.29293417558074e-03, 1.298570889048278e-03, 1.304113655351102e-03, 1.30956363864243e-03, 1.314926776103675e-03, 1.320203067734838e-03, 1.325392280705273e-03]
senTraSub.C=[0e+00, 2.703782593016513e-05, 5.363704258343205e-05, 7.979647489264607e-05, 1.055222819559276e-04, 1.308306236751378e-04, 1.557126815896481e-04, 1.801914622774348e-04, 2.042611449724063e-04, 2.279299078509212e-04, 2.512127684894949e-04, 2.74100893875584e-04, 2.96623504254967e-04, 3.187737602274865e-04, 3.4055340802297e-04, 3.61965037882328e-04, 3.830195928458124e-04, 4.037307808175683e-04, 4.240960697643459e-04, 4.441204364411533e-04, 4.638089158106595e-04, 4.831725382246077e-04, 5.022145342081785e-04, 5.209402297623456e-04, 5.393553874455392e-04, 5.574647802859545e-04, 5.75272657442838e-04, 5.927853053435684e-04, 6.100081955082715e-04, 6.269467412494123e-04, 6.436030380427837e-04, 6.599831976927817e-04, 6.760925753042102e-04, 6.919361767359078e-04, 7.075176690705121e-04, 7.228397880680859e-04, 7.379085291177034e-04, 7.527284324169159e-04, 7.673040963709354e-04, 7.816345314495265e-04, 7.957254420034587e-04, 8.09581542853266e-04, 8.232069085352123e-04, 8.366056717932224e-04, 8.497820235788822e-04, 8.627400384284556e-04, 8.754840237088501e-04, 8.880182867869735e-04, 9.003471350297332e-04, 9.124749340116978e-04, 9.244054090231657e-04, 9.361213305965066e-04, 9.476422565057874e-04, 9.589717956259847e-04, 9.701136150397361e-04, 9.810711489990354e-04, 9.91848181001842e-04, 1.002448261715472e-03, 1.012875000014901e-03, 1.023131888359785e-03, 1.033222652040422e-03, 1.043150899931788e-03, 1.052915933541954e-03, 1.062505878508091e-03, 1.071937032975256e-03, 1.081212074495852e-03, 1.090333797037601e-03, 1.099304645322263e-03, 1.108127296902239e-03, 1.116804196499288e-03, 1.125338021665812e-03, 1.133730984292924e-03, 1.141985645517707e-03, 1.150104333646595e-03, 1.158089493401349e-03, 1.165943685919046e-03, 1.17366889026016e-03, 1.181267201900482e-03, 1.18874094914645e-03, 1.196092111058533e-03, 1.203322783112526e-03, 1.210434944368899e-03, 1.217430690303445e-03, 1.224311999976635e-03, 1.231080619618297e-03, 1.237738528288901e-03, 1.244286773726344e-03, 1.250727102160454e-03, 1.257061609067023e-03, 1.263291924260557e-03, 1.269419561140239e-03, 1.275446149520576e-03, 1.281373202800751e-03, 1.287202001549304e-03, 1.29293417558074e-03, 1.298570889048278e-03, 1.304113655351102e-03, 1.30956363864243e-03, 1.314926776103675e-03, 1.320203067734838e-03, 1.325392280705273e-03]
senTraSubNoFlorRev.C=[0e+00, 2.703782593016513e-05, 5.363704258343205e-05, 7.979647489264607e-05, 1.055222819559276e-04, 1.308306236751378e-04, 1.557126815896481e-04, 1.801914622774348e-04, 2.042611449724063e-04, 2.279299078509212e-04, 2.512127684894949e-04, 2.74100893875584e-04, 2.96623504254967e-04, 3.187737602274865e-04, 3.4055340802297e-04, 3.61965037882328e-04, 3.830195928458124e-04, 4.037307808175683e-04, 4.240960697643459e-04, 4.441204364411533e-04, 4.638089158106595e-04, 4.831725382246077e-04, 5.022145342081785e-04, 5.209402297623456e-04, 5.393553874455392e-04, 5.574647802859545e-04, 5.75272657442838e-04, 5.927853053435684e-04, 6.100081955082715e-04, 6.269467412494123e-04, 6.436030380427837e-04, 6.599831976927817e-04, 6.760925753042102e-04, 6.919361767359078e-04, 7.075176690705121e-04, 7.228397880680859e-04, 7.379085291177034e-04, 7.527284324169159e-04, 7.673040963709354e-04, 7.816345314495265e-04, 7.957254420034587e-04, 8.09581542853266e-04, 8.232069085352123e-04, 8.366056717932224e-04, 8.497820235788822e-04, 8.627400384284556e-04, 8.754840237088501e-04, 8.880182867869735e-04, 9.003471350297332e-04, 9.124749340116978e-04, 9.244054090231657e-04, 9.361213305965066e-04, 9.476422565057874e-04, 9.589717956259847e-04, 9.701136150397361e-04, 9.810711489990354e-04, 9.91848181001842e-04, 1.002448261715472e-03, 1.012875000014901e-03, 1.023131888359785e-03, 1.033222652040422e-03, 1.043150899931788e-03, 1.052915933541954e-03, 1.062505878508091e-03, 1.071937032975256e-03, 1.081212074495852e-03, 1.090333797037601e-03, 1.099304645322263e-03, 1.108127296902239e-03, 1.116804196499288e-03, 1.125338021665812e-03, 1.133730984292924e-03, 1.141985645517707e-03, 1.150104333646595e-03, 1.158089493401349e-03, 1.165943685919046e-03, 1.17366889026016e-03, 1.181267201900482e-03, 1.18874094914645e-03, 1.196092111058533e-03, 1.203322783112526e-03, 1.210434944368899e-03, 1.217430690303445e-03, 1.224311999976635e-03, 1.231080619618297e-03, 1.237738528288901e-03, 1.244286773726344e-03, 1.250727102160454e-03, 1.257061609067023e-03, 1.263291924260557e-03, 1.269419561140239e-03, 1.275446149520576e-03, 1.281373202800751e-03, 1.287202001549304e-03, 1.29293417558074e-03, 1.298570889048278e-03, 1.304113655351102e-03, 1.30956363864243e-03, 1.314926776103675e-03, 1.320203067734838e-03, 1.325392280705273e-03]
senPPM.ppm=[0e+00, 1.768760108947754e+01, 3.508827209472656e+01, 5.220124053955078e+01, 6.903054809570312e+01, 8.558675384521484e+01, 1.018640975952148e+02, 1.178776168823242e+02, 1.336235198974609e+02, 1.491071472167969e+02, 1.643383178710938e+02, 1.793112640380859e+02, 1.940451202392578e+02, 2.085353698730469e+02, 2.227831726074219e+02, 2.367902221679688e+02, 2.505636901855469e+02, 2.64112548828125e+02, 2.774350891113281e+02, 2.905346374511719e+02, 3.034144287109375e+02, 3.160817260742188e+02, 3.285386047363281e+02, 3.407886047363281e+02, 3.528354187011719e+02, 3.646822204589844e+02, 3.763317565917969e+02, 3.877881774902344e+02, 3.990550537109376e+02, 4.101359252929688e+02, 4.210321044921875e+02, 4.317477111816406e+02, 4.422861328125e+02, 4.526506652832031e+02, 4.628437805175781e+02, 4.728671875e+02, 4.82724853515625e+02, 4.924197692871094e+02, 5.019548645019531e+02, 5.113295288085938e+02, 5.205475463867188e+02, 5.296119384765625e+02, 5.38525390625e+02, 5.472905883789062e+02, 5.559102172851562e+02, 5.643871459960938e+02, 5.727239990234375e+02, 5.809236450195312e+02, 5.889889526367188e+02, 5.969227294921875e+02, 6.047273559570312e+02, 6.123916625976562e+02, 6.19928466796875e+02, 6.273400268554688e+02, 6.346287231445312e+02, 6.417969970703125e+02, 6.488471069335938e+02, 6.557814331054688e+02, 6.626023559570312e+02, 6.69312255859375e+02, 6.759133911132812e+02, 6.824082641601562e+02, 6.8879638671875e+02, 6.950698852539062e+02, 7.012395629882812e+02, 7.0730712890625e+02, 7.132743530273438e+02, 7.191428833007812e+02, 7.249144897460938e+02, 7.305908203125e+02, 7.361734008789062e+02, 7.416640014648438e+02, 7.470640258789062e+02, 7.523750610351562e+02, 7.575988159179688e+02, 7.6273681640625e+02, 7.677904663085938e+02, 7.727611694335938e+02, 7.776503295898438e+02, 7.824592895507812e+02, 7.87189453125e+02, 7.918421630859375e+02, 7.964186401367188e+02, 8.009202270507812e+02, 8.0534814453125e+02, 8.097035522460938e+02, 8.139873657226562e+02, 8.182005004882812e+02, 8.223443603515625e+02, 8.264201049804688e+02, 8.304287109375e+02, 8.343711547851562e+02, 8.382484741210938e+02, 8.420615844726562e+02, 8.458114624023438e+02, 8.494989013671875e+02, 8.531248168945312e+02, 8.566900634765625e+02, 8.601985473632812e+02, 8.636502075195312e+02, 8.67044921875e+02]
masFraVol.V=[0e+00, 1.779510785127059e-05, 3.530154208419845e-05, 5.251852417131886e-05, 6.945012137293816e-05, 8.610695658717304e-05, 1.024832381517626e-04, 1.185940927825868e-04, 1.344357006018981e-04, 1.500134239904583e-04, 1.653371728025377e-04, 1.804011408239603e-04, 1.952245365828276e-04, 2.098028635373339e-04, 2.241372712887824e-04, 2.382294624112546e-04, 2.520866401027888e-04, 2.657178265508264e-04, 2.791213628370315e-04, 2.923005376942456e-04, 3.052586107514799e-04, 3.18002887070179e-04, 3.305354912299663e-04, 3.42859944794327e-04, 3.549800021573901e-04, 3.668988065328449e-04, 3.786191227845848e-04, 3.901452000718564e-04, 4.014805308543146e-04, 4.126287531107664e-04, 4.235911765135825e-04, 4.343719047028571e-04, 4.449743719305843e-04, 4.554019251372665e-04, 4.656569799408317e-04, 4.757413116749376e-04, 4.856589075643569e-04, 4.954127361997962e-04, 5.05005766171962e-04, 5.144374445080757e-04, 5.237114382907748e-04, 5.328309489414096e-04, 5.417985375970602e-04, 5.506170564331114e-04, 5.592891247943044e-04, 5.678175366483629e-04, 5.762050859630108e-04, 5.84454566705972e-04, 5.925688892602921e-04, 6.005508475936949e-04, 6.084029446355999e-04, 6.161138298921287e-04, 6.236964254640043e-04, 6.311530596576631e-04, 6.384860607795417e-04, 6.456978735513985e-04, 6.5279082627967e-04, 6.597673636861145e-04, 6.666296976618469e-04, 6.733803893439472e-04, 6.800216506235301e-04, 6.865559844300151e-04, 6.929829251021147e-04, 6.992946146056056e-04, 7.055017631500959e-04, 7.116062333807349e-04, 7.17609713319689e-04, 7.235138909891248e-04, 7.293206290341914e-04, 7.350313826464117e-04, 7.40647956263274e-04, 7.46171863283962e-04, 7.516047335229814e-04, 7.569480803795159e-04, 7.62203533668071e-04, 7.673728396184742e-04, 7.724571623839438e-04, 7.774580735713243e-04, 7.823769701644778e-04, 7.872151327319443e-04, 7.919740746729076e-04, 7.966550183482468e-04, 8.012593607418239e-04, 8.057882660068572e-04, 8.102430729195476e-04, 8.146250038407743e-04, 8.189348154701293e-04, 8.231735555455089e-04, 8.27342679258436e-04, 8.314431179314852e-04, 8.354760939255357e-04, 8.394425385631621e-04, 8.433434413745999e-04, 8.471797336824238e-04, 8.509523468092084e-04, 8.546622120775282e-04, 8.583102026022971e-04, 8.618971332907677e-04, 8.654269040562212e-04, 8.688995148986578e-04, 8.723148494027555e-04]
