last-generated=2023-12-18
statistics-initialization=
{
  "nonlinear": "5",
  "numerical Jacobians": "0"
}
statistics-simulation=
{
  "linear": "0, 0, 0, 0, 0, 0",
  "nonlinear": "1, 2, 2",
  "number of continuous time states": "18",
  "numerical Jacobians": "0"
}
time=[0e+00, 8.64e+04]
vol.T_start=[2.931499938964844e+02, 2.931499938964844e+02]
vol.T=[2.931499938964844e+02, 2.914296264648438e+02, 2.887909545898438e+02, 2.889105834960938e+02, 2.907217712402344e+02, 2.9241162109375e+02, 2.935313415527344e+02, 2.941038513183594e+02, 2.912601623535156e+02, 2.864644165039062e+02, 2.889496765136719e+02, 2.915025634765625e+02, 2.931826477050781e+02, 2.941693115234375e+02, 2.900711975097656e+02, 2.870566101074219e+02, 2.898912353515625e+02, 2.921712951660156e+02, 2.93645751953125e+02, 2.932825927734375e+02, 2.876313781738281e+02, 2.884250793457031e+02, 2.912531433105469e+02, 2.931642761230469e+02, 2.941824340820312e+02, 2.894598693847656e+02, 2.875451049804688e+02, 2.904810485839844e+02, 2.92671142578125e+02, 2.940182800292969e+02, 2.912777709960938e+02, 2.870119018554688e+02, 2.89722412109375e+02, 2.923003540039062e+02, 2.9489501953125e+02, 2.911095275878906e+02, 2.92930908203125e+02, 2.939374694824219e+02, 2.905250854492188e+02, 2.938389587402344e+02, 2.933843078613281e+02, 2.915333557128906e+02, 2.948952941894531e+02, 2.921283569335938e+02, 2.935100402832031e+02, 2.9399365234375e+02, 2.919105834960938e+02, 2.949468994140625e+02, 2.923761901855469e+02, 2.937276916503906e+02, 2.940807189941406e+02, 2.9639697265625e+02, 2.926432800292969e+02, 2.932606811523438e+02, 2.943149108886719e+02, 2.952682189941406e+02, 2.9609619140625e+02, 2.96805908203125e+02, 2.973864135742188e+02, 2.97817138671875e+02, 2.981326293945312e+02, 2.908538818359375e+02, 2.921884765625e+02, 2.944769592285156e+02, 2.926589965820312e+02, 2.92335205078125e+02, 2.944816589355469e+02, 2.926585388183594e+02, 2.923711242675781e+02, 2.945037841796875e+02, 2.925974731445312e+02, 2.924505310058594e+02, 2.9450390625e+02, 2.924366760253906e+02, 2.9254150390625e+02, 2.944665832519531e+02, 2.893738098144531e+02, 2.899132080078125e+02, 2.938229675292969e+02, 2.927972717285156e+02, 2.902334594726562e+02, 2.938926086425781e+02, 2.929647216796875e+02, 2.907934265136719e+02, 2.944749450683594e+02, 2.922929992675781e+02, 2.911847229003906e+02, 2.946546325683594e+02, 2.91712890625e+02, 2.914961853027344e+02, 2.94706787109375e+02, 2.914010314941406e+02, 2.92154541015625e+02, 2.94449951171875e+02, 2.906238708496094e+02, 2.926119384765625e+02, 2.941094360351562e+02, 2.902518005371094e+02, 2.929284973144531e+02, 2.938587036132812e+02, 2.902341613769531e+02]
temSup.T=[3.231499938964844e+02, 3.111751403808594e+02, 3.099388427734375e+02, 3.129976501464844e+02, 3.165193176269531e+02, 3.185089721679688e+02, 3.196613464355469e+02, 3.198376159667969e+02, 3.072825317382812e+02, 3.083316040039062e+02, 3.142934875488281e+02, 3.172779846191406e+02, 3.191048583984375e+02, 3.191028747558594e+02, 3.048217163085938e+02, 3.104445190429688e+02, 3.153233032226562e+02, 3.179466247558594e+02, 3.194735107421875e+02, 3.114002990722656e+02, 3.043301086425781e+02, 3.131014099121094e+02, 3.167620239257812e+02, 3.189076232910156e+02, 3.157332763671875e+02, 3.036148071289062e+02, 3.113671875e+02, 3.158606567382812e+02, 3.183601379394531e+02, 3.196270141601562e+02, 3.067294006347656e+02, 3.090481262207031e+02, 3.148319396972656e+02, 3.178108825683594e+02, 3.109112243652343e+02, 3.059402770996092e+02, 3.153891296386719e+02, 3.075112609863281e+02, 3.080488891601562e+02, 3.162324829101562e+02, 3.052557067871094e+02, 3.1107470703125e+02, 3.103858947753906e+02, 3.02105712890625e+02, 3.145394287109375e+02, 3.053638305664062e+02, 3.098235168457031e+02, 3.088736267089844e+02, 3.014943237304688e+02, 3.134579467773438e+02, 3.044189147949219e+02, 2.837797546386719e+02, 2.865742492675781e+02, 2.891520080566406e+02, 2.909060668945312e+02, 2.922665710449219e+02, 2.933685302734375e+02, 2.942827453613281e+02, 2.950458374023438e+02, 2.956706848144531e+02, 2.961662902832031e+02, 3.001425476074219e+02, 3.0707421875e+02, 3.066877746582031e+02, 3.004769287109375e+02, 3.06835693359375e+02, 3.066850280761719e+02, 3.004747314453125e+02, 3.069796142578126e+02, 3.064973144531251e+02, 3.003590393066407e+02, 3.072084655761719e+02, 3.061965942382812e+02, 3.001682739257812e+02, 3.076835021972656e+02, 3.061910705566406e+02, 2.9919677734375e+02, 3.110155334472656e+02, 3.165389404296875e+02, 3.054110107421875e+02, 3.103992004394531e+02, 3.169153747558594e+02, 3.0537158203125e+02, 3.109415283203125e+02, 3.142506103515625e+02, 3.039131774902344e+02, 3.123534545898438e+02, 3.128406677246094e+02, 3.031096801757812e+02, 3.131593322753906e+02, 3.114171752929688e+02, 3.023157348632812e+02, 3.140848693847656e+02, 3.094117736816406e+02, 3.05515869140625e+02, 3.150522766113281e+02, 3.0840234375e+02, 3.069361877441406e+02, 3.156122131347656e+02, 3.076008605957031e+02, 3.079792175292969e+02]
temRet.T=[3.231499938964844e+02, 3.092328491210938e+02, 3.065256652832031e+02, 3.085048828125e+02, 3.11839599609375e+02, 3.139797668457031e+02, 3.152760925292969e+02, 3.15703857421875e+02, 3.071229858398438e+02, 3.030140380859375e+02, 3.094386596679688e+02, 3.126602172851562e+02, 3.146298828125e+02, 3.156068725585938e+02, 3.046663818359375e+02, 3.052926940917969e+02, 3.105540771484375e+02, 3.133821411132812e+02, 3.150961608886719e+02, 3.112323303222656e+02, 3.006645202636719e+02, 3.081599426269531e+02, 3.121098937988281e+02, 3.144214172363281e+02, 3.152791748046875e+02, 3.034604187011719e+02, 3.062903747558594e+02, 3.111378479003906e+02, 3.1383056640625e+02, 3.153584594726562e+02, 3.065789489746094e+02, 3.037913513183594e+02, 3.100297546386719e+02, 3.13242919921875e+02, 3.107977600097656e+02, 3.019620361328126e+02, 3.107058410644531e+02, 3.074223022460938e+02, 3.0283544921875e+02, 3.117006225585938e+02, 3.051842041015625e+02, 3.06079833984375e+02, 3.102536315917969e+02, 3.020429077148438e+02, 3.099125061035156e+02, 3.05306884765625e+02, 3.048828125e+02, 3.087822875976562e+02, 3.014452514648438e+02, 3.090749206542969e+02, 3.043765869140625e+02, 2.894210205078125e+02, 2.866254577636719e+02, 2.891935424804688e+02, 2.909564208984375e+02, 2.923269348144531e+02, 2.934382629394531e+02, 2.943607177734375e+02, 2.951305847167969e+02, 2.9576025390625e+02, 2.9625927734375e+02, 2.971400146484375e+02, 3.03989990234375e+02, 3.066151123046875e+02, 3.004464111328125e+02, 3.037012634277344e+02, 3.066123657226562e+02, 3.004442749023438e+02, 3.038096008300782e+02, 3.064229431152344e+02, 3.003283691406251e+02, 3.040212097167969e+02, 3.061222839355469e+02, 3.001358947753906e+02, 3.044816284179688e+02, 3.061177368164062e+02, 2.991001892089844e+02, 3.062087097167969e+02, 3.122449340820312e+02, 3.0532177734375e+02, 3.053232116699219e+02, 3.124357604980469e+02, 3.05287353515625e+02, 3.059191589355469e+02, 3.128435668945312e+02, 3.038312072753906e+02, 3.074370727539062e+02, 3.126520385742188e+02, 3.03023193359375e+02, 3.08302734375e+02, 3.112604675292969e+02, 3.022315368652344e+02, 3.093030395507812e+02, 3.093095397949219e+02, 3.0106591796875e+02, 3.103403930664062e+02, 3.083049926757812e+02, 3.014938049316406e+02, 3.109411926269531e+02, 3.075084838867188e+02, 3.027528076171875e+02]
heaPum.refCyc.sigBus.hea=[1e+00, 1e+00, 1e+00, 1e+00, 1e+00, 1e+00, 1e+00, 1e+00, 1e+00, 1e+00, 1e+00, 1e+00, 1e+00, 0e+00, 1e+00, 1e+00, 1e+00, 1e+00, 1e+00, 0e+00, 1e+00, 1e+00, 1e+00, 1e+00, 0e+00, 1e+00, 1e+00, 1e+00, 1e+00, 1e+00, 1e+00, 1e+00, 1e+00, 1e+00, 0e+00, 1e+00, 1e+00, 0e+00, 1e+00, 1e+00, 0e+00, 1e+00, 0e+00, 1e+00, 1e+00, 0e+00, 1e+00, 0e+00, 0e+00, 1e+00, 0e+00, 0e+00, 0e+00, 0e+00, 0e+00, 0e+00, 0e+00, 0e+00, 0e+00, 0e+00, 0e+00, 1e+00, 1e+00, 0e+00, 0e+00, 1e+00, 0e+00, 0e+00, 1e+00, 0e+00, 0e+00, 1e+00, 0e+00, 0e+00, 1e+00, 0e+00, 1e+00, 1e+00, 1e+00, 0e+00, 1e+00, 1e+00, 0e+00, 1e+00, 0e+00, 0e+00, 1e+00, 0e+00, 1e+00, 1e+00, 0e+00, 1e+00, 1e+00, 0e+00, 1e+00, 1e+00, 0e+00, 1e+00, 1e+00, 0e+00, 1e+00]
heaPum.refCyc.sigBus.onOffMea=[1e+00, 1e+00, 1e+00, 1e+00, 1e+00, 1e+00, 1e+00, 1e+00, 0e+00, 1e+00, 1e+00, 1e+00, 1e+00, 0e+00, 0e+00, 1e+00, 1e+00, 1e+00, 1e+00, 0e+00, 1e+00, 1e+00, 1e+00, 1e+00, 0e+00, 0e+00, 1e+00, 1e+00, 1e+00, 1e+00, 0e+00, 1e+00, 1e+00, 1e+00, 0e+00, 9.999999999999505e-01, 1e+00, 0e+00, 1e+00, 1e+00, 0e+00, 1e+00, 0e+00, 0e+00, 1e+00, 0e+00, 1e+00, 0e+00, 0e+00, 1e+00, 0e+00, 1e+00, 0e+00, 0e+00, 0e+00, 0e+00, 0e+00, 0e+00, 0e+00, 0e+00, 0e+00, 1e+00, 1e+00, 0e+00, 0e+00, 1e+00, 0e+00, 0e+00, 1e+00, 0e+00, 0e+00, 1e+00, 0e+00, 0e+00, 1e+00, 0e+00, 0e+00, 1e+00, 1e+00, 0e+00, 1e+00, 1e+00, 0e+00, 1e+00, 0e+00, 0e+00, 1e+00, 0e+00, 0e+00, 1e+00, 0e+00, 0e+00, 1e+00, 0e+00, 1e+00, 1e+00, 0e+00, 1e+00, 1e+00, 0e+00, 1e+00]
