last-generated=2023-06-09
statistics-simulation=
{
  "linear": "0, 0, 0, 0, 0, 0, 0, 0, 0, 0, 0, 0, 0, 0, 0, 0, 0, 0, 0, 0, 0, 0, 0, 0, 0, 0, 0,   0, 0, 0, 0, 0, 0, 0, 0, 0, 0, 0, 0, 0, 0, 0, 0, 0, 0, 0, 0, 0, 0, 0, 0, 0, 0,   0, 0, 0, 0, 0, 0, 0, 0, 0, 0, 0, 0, 0, 0, 0, 0, 0, 0, 0, 0, 0, 0, 0, 0, 0, 0,   0, 0, 0, 0, 0, 0, 0, 0, 0, 0, 0, 0, 0, 0, 0, 0, 0, 0, 0, 0, 0, 0, 0, 0, 0, 0,   0, 0, 0, 0, 0, 0, 0, 0, 0, 0, 0, 0, 0, 0, 0, 0, 0, 0, 0, 0, 0, 0, 0, 0, 0, 0,   0, 0, 0, 0, 0, 0, 0, 0, 0, 0, 0, 0, 0, 0, 0, 0, 0, 0, 0, 0, 0, 0, 0, 0, 0, 0,   0, 0, 0",
  "nonlinear": " ",
  "number of continuous time states": "164",
  "numerical Jacobians": "0"
}
time=[0e+00, 7.776e+06]
heaWel.heaCap[50].T=[2.851499938964844e+02, 2.851499938964844e+02, 2.851499938964844e+02, 2.851502990722656e+02, 2.851534423828125e+02, 2.851678771972656e+02, 2.852070617675781e+02, 2.852838745117188e+02, 2.854053955078125e+02, 2.855708618164062e+02, 2.857732543945312e+02, 2.860020751953125e+02, 2.862460021972656e+02, 2.864948425292969e+02, 2.867402648925781e+02, 2.869759216308594e+02, 2.871975708007812e+02, 2.874028625488281e+02, 2.875906677246094e+02, 2.87760986328125e+02, 2.879141540527344e+02, 2.880511474609375e+02, 2.881729431152344e+02, 2.882812805175781e+02, 2.883771667480469e+02, 2.88462158203125e+02, 2.88537109375e+02, 2.886034240722656e+02, 2.886620483398438e+02, 2.887137451171875e+02, 2.887596435546875e+02, 2.888002319335938e+02, 2.888362121582031e+02, 2.888682250976562e+02, 2.888966369628906e+02, 2.88921875e+02, 2.889442749023438e+02, 2.889642333984375e+02, 2.8898193359375e+02, 2.889976806640625e+02, 2.890117492675781e+02, 2.890243530273438e+02, 2.890356140136719e+02, 2.890457458496094e+02, 2.89054931640625e+02, 2.890632019042969e+02, 2.890707092285156e+02, 2.890775146484375e+02, 2.89083740234375e+02, 2.890893859863281e+02, 2.89094482421875e+02, 2.890990295410156e+02, 2.891033325195312e+02, 2.891072082519531e+02, 2.891107177734375e+02, 2.891138305664062e+02, 2.891166687011719e+02, 2.891193237304688e+02, 2.891217041015625e+02, 2.891238708496094e+02, 2.891257934570312e+02, 2.891275939941406e+02, 2.891292419433594e+02, 2.891307678222656e+02, 2.891321716308594e+02, 2.891334533691406e+02, 2.891346435546875e+02, 2.891357727050781e+02, 2.891367797851562e+02, 2.891377563476562e+02, 2.891386413574219e+02, 2.891394653320312e+02, 2.891402282714844e+02, 2.891409301757812e+02, 2.891416320800781e+02, 2.891422729492188e+02, 2.891428527832031e+02, 2.891434326171875e+02, 2.891439208984375e+02, 2.891443786621094e+02, 2.891448059082031e+02, 2.891452331542969e+02, 2.891456298828125e+02, 2.8914599609375e+02, 2.891463623046875e+02, 2.891466674804688e+02, 2.891469421386719e+02, 2.891471862792969e+02, 2.891474609375e+02, 2.891476745605469e+02, 2.891479187011719e+02, 2.891481018066406e+02, 2.891483154296875e+02, 2.891484680175781e+02, 2.891486511230469e+02, 2.891488037109375e+02, 2.891489562988281e+02, 2.891490783691406e+02, 2.891492004394531e+02, 2.891493530273438e+02, 2.891494445800781e+02]
