last-generated=2017-05-16
statistics-initialization=
{
  "numerical Jacobians": "0", 
  "nonlinear": "1, 9, 1, 1, 1, 1, 1, 1, 1, 1, 1, 1"
}
statistics-simulation=
{
  "numerical Jacobians": "0", 
  "nonlinear": "1, 9, 0, 0, 0, 0, 0, 0, 0, 0, 0, 0", 
  "linear": " "
}
sin.ports[3].m_flow=[0e+00, 0e+00, 0e+00, 0e+00, 0e+00, 0e+00, 0e+00, 0e+00, 0e+00, 0e+00, 0e+00, 0e+00, 0e+00, 0e+00, 0e+00, 0e+00, 0e+00, 0e+00, 0e+00, 0e+00, 0e+00, 0e+00, 0e+00, 0e+00, 0e+00, 0e+00, 0e+00, 0e+00, 0e+00, 0e+00, 0e+00, 0e+00, 0e+00, 0e+00, 0e+00, 0e+00, 0e+00, 0e+00, 0e+00, 0e+00, 0e+00, 0e+00, 0e+00, 0e+00, 0e+00, 0e+00, 0e+00, 0e+00, 0e+00, 0e+00, 0e+00, 1e+00, 1e+00, 1e+00, 1e+00, 1e+00, 1e+00, 1e+00, 1e+00, 1e+00, 1e+00, 1e+00, 1e+00, 1e+00, 1e+00, 1e+00, 1e+00, 1e+00, 1e+00, 1e+00, 1e+00, 1e+00, 1e+00, 1e+00, 1e+00, 1e+00, 0e+00, 0e+00, 0e+00, 0e+00, 0e+00, 0e+00, 0e+00, 0e+00, 0e+00, 0e+00, 0e+00, 0e+00, 0e+00, 0e+00, 0e+00, 0e+00, 0e+00, 0e+00, 0e+00, 0e+00, 0e+00, 0e+00, 0e+00, 0e+00, 0e+00]
sin.ports[4].m_flow=[0e+00, 0e+00, 0e+00, 0e+00, 0e+00, 0e+00, 0e+00, 0e+00, 0e+00, 0e+00, 0e+00, 0e+00, 0e+00, 0e+00, 0e+00, 0e+00, 0e+00, 0e+00, 0e+00, 0e+00, 0e+00, 0e+00, 0e+00, 0e+00, 0e+00, 0e+00, 0e+00, 0e+00, 0e+00, 0e+00, 0e+00, 0e+00, 0e+00, 0e+00, 0e+00, 0e+00, 0e+00, 0e+00, 0e+00, 0e+00, 0e+00, 0e+00, 0e+00, 0e+00, 0e+00, 0e+00, 0e+00, 0e+00, 0e+00, 0e+00, 0e+00, 1e+00, 1e+00, 1e+00, 1e+00, 1e+00, 1e+00, 1e+00, 1e+00, 1e+00, 1e+00, 1e+00, 1e+00, 1e+00, 1e+00, 1e+00, 1e+00, 1e+00, 1e+00, 1e+00, 1e+00, 1e+00, 1e+00, 1e+00, 1e+00, 1e+00, 0e+00, 0e+00, 0e+00, 0e+00, 0e+00, 0e+00, 0e+00, 0e+00, 0e+00, 0e+00, 0e+00, 0e+00, 0e+00, 0e+00, 0e+00, 0e+00, 0e+00, 0e+00, 0e+00, 0e+00, 0e+00, 0e+00, 0e+00, 0e+00, 0e+00]
sin.ports[2].m_flow=[0e+00, 0e+00, 0e+00, 0e+00, 0e+00, 0e+00, 0e+00, 0e+00, 0e+00, 0e+00, 0e+00, 0e+00, 0e+00, 0e+00, 0e+00, 0e+00, 0e+00, 0e+00, 0e+00, 0e+00, 0e+00, 0e+00, 0e+00, 0e+00, 0e+00, 0e+00, 0e+00, 0e+00, 0e+00, 0e+00, 0e+00, 0e+00, 0e+00, 0e+00, 0e+00, 0e+00, 0e+00, 0e+00, 0e+00, 0e+00, 0e+00, 0e+00, 0e+00, 0e+00, 0e+00, 0e+00, 0e+00, 0e+00, 0e+00, 0e+00, 0e+00, 2.079205363988876e-01, 2.079205363988876e-01, 2.079205363988876e-01, 2.079205363988876e-01, 2.079205363988876e-01, 2.079205363988876e-01, 2.079205363988876e-01, 2.079205363988876e-01, 2.079205363988876e-01, 2.079205363988876e-01, 2.079205363988876e-01, 2.079205363988876e-01, 2.079205363988876e-01, 2.079205363988876e-01, 2.079205363988876e-01, 2.079205363988876e-01, 2.079205363988876e-01, 2.079205363988876e-01, 2.079205363988876e-01, 2.079205363988876e-01, 2.079205363988876e-01, 2.079205363988876e-01, 2.079205363988876e-01, 2.079205363988876e-01, 2.079205363988876e-01, -6.182503121060948e-12, -4.544710510144764e-12, -3.516609423094649e-12, -2.58503039135456e-12, -2.000248251278651e-12, -1.547753667381681e-12, -1.137740848101428e-12, -8.803626558228616e-13, -6.812076501094934e-13, -5.271054074504265e-13, -4.078642985590117e-13, -3.15597549750155e-13, -2.442032824239782e-13, -1.795118316011845e-13, -1.389029083760729e-13, -1.074803940909009e-13, -8.316625502793055e-14, -6.435250002369669e-14, -4.979472280202507e-14, -3.853019930444878e-14, -2.981395015148815e-14, -2.306946001511279e-14, -1.785070466162601e-14, -1.381254178527017e-14, -1.068787866911371e-14]
sin.ports[1].m_flow=[0e+00, 0e+00, 0e+00, 0e+00, 0e+00, 0e+00, 0e+00, 0e+00, 0e+00, 0e+00, 0e+00, 0e+00, 0e+00, 0e+00, 0e+00, 0e+00, 0e+00, 0e+00, 0e+00, 0e+00, 0e+00, 0e+00, 0e+00, 0e+00, 0e+00, 0e+00, 0e+00, 0e+00, 0e+00, 0e+00, 0e+00, 0e+00, 0e+00, 0e+00, 0e+00, 0e+00, 0e+00, 0e+00, 0e+00, 0e+00, 0e+00, 0e+00, 0e+00, 0e+00, 0e+00, 0e+00, 0e+00, 0e+00, 0e+00, 0e+00, 0e+00, 2.223958224058151e-01, 2.223958224058151e-01, 2.223958224058151e-01, 2.223958224058151e-01, 2.223958224058151e-01, 2.223958224058151e-01, 2.223958224058151e-01, 2.223958224058151e-01, 2.223958224058151e-01, 2.223958224058151e-01, 2.223958224058151e-01, 2.223958224058151e-01, 2.223958224058151e-01, 2.223958224058151e-01, 2.223958224058151e-01, 2.223958224058151e-01, 2.223958224058151e-01, 2.223958224058151e-01, 2.223958224058151e-01, 2.223958224058151e-01, 2.223958224058151e-01, 2.223958224058151e-01, 2.223958224058151e-01, 2.223958224058151e-01, 2.223958224058151e-01, 4.018161671448528e-12, 4.018161671448528e-12, 4.018161671448528e-12, 4.018161671448528e-12, 4.018161671448528e-12, 4.018161671448528e-12, 4.018161671448528e-12, 4.018161671448528e-12, 4.018161671448528e-12, 4.018161671448528e-12, 4.018161671448528e-12, 4.018161671448528e-12, 4.018161671448528e-12, 4.018161671448528e-12, 4.018161671448528e-12, 4.018161671448528e-12, 4.018161671448528e-12, 4.018161671448528e-12, 4.018161671448528e-12, 4.018161671448528e-12, 4.018161671448528e-12, 4.018161671448528e-12, 4.018161671448528e-12, 4.018161671448528e-12, 4.018161671448528e-12]
time=[-1e+00, 1e+00]
