last-generated=2017-03-31
statistics-initialization=
{
  "numerical Jacobians": "0", 
  "nonlinear": "1, 1, 1, 1, 1, 1, 1, 1, 1, 1"
}
statistics-simulation=
{
  "numerical Jacobians": "0", 
  "nonlinear": "1, 1, 0, 1, 1, 1, 1, 0, 1, 1", 
  "number of continuous time states": "26", 
  "linear": "0, 0, 0, 0"
}
hea1.sta_b.T=[2.931499938964844e+02, 2.931435852050781e+02, 2.930945129394531e+02, 2.930462036132812e+02, 2.929981079101562e+02, 2.929501037597656e+02, 2.92902099609375e+02, 2.928541259765625e+02, 2.928061218261719e+02, 2.927581481933594e+02, 2.927101745605469e+02, 2.926622009277344e+02, 2.926142272949219e+02, 2.925662536621094e+02, 2.925182800292969e+02, 2.924703063964844e+02, 2.9242236328125e+02, 2.923743896484375e+02, 2.92326416015625e+02, 2.922784729003906e+02, 2.922304992675781e+02, 2.921825561523438e+02, 2.921345825195312e+02, 2.920866394042969e+02, 2.920386657714844e+02, 2.9199072265625e+02, 2.919427795410156e+02, 2.918948364257812e+02, 2.918468627929688e+02, 2.917989196777344e+02, 2.917509765625e+02, 2.917030334472656e+02, 2.916550903320312e+02, 2.91607177734375e+02, 2.915592346191406e+02, 2.915112915039062e+02, 2.914633483886719e+02, 2.914154357910156e+02, 2.913674926757812e+02, 2.913195495605469e+02, 2.912716369628906e+02, 2.912236938476562e+02, 2.9117578125e+02, 2.911278686523438e+02, 2.910799255371094e+02, 2.910320129394531e+02, 2.909841003417969e+02, 2.909361877441406e+02, 2.908882751464844e+02, 2.908403625488281e+02, 2.907924499511719e+02, 2.907445373535156e+02, 2.906966247558594e+02, 2.906487121582031e+02, 2.906007995605469e+02, 2.905529174804688e+02, 2.905050048828125e+02, 2.904570922851562e+02, 2.904092102050781e+02, 2.903612976074219e+02, 2.903134155273438e+02, 2.902655029296875e+02, 2.902176208496094e+02, 2.901697387695312e+02, 2.901218566894531e+02, 2.900739440917969e+02, 2.900260620117188e+02, 2.899781799316406e+02, 2.899302978515625e+02, 2.898824157714844e+02, 2.898345336914062e+02, 2.897866516113281e+02, 2.8973876953125e+02, 2.8969091796875e+02, 2.896430358886719e+02, 2.895951538085938e+02, 2.895473022460938e+02, 2.894994201660156e+02, 2.894515686035156e+02, 2.894036865234375e+02, 2.893558349609375e+02, 2.893079528808594e+02, 2.892601013183594e+02, 2.892122497558594e+02, 2.891643981933594e+02, 2.891165466308594e+02, 2.890686950683594e+02, 2.890208435058594e+02, 2.889729919433594e+02, 2.889251403808594e+02, 2.888772888183594e+02, 2.888294372558594e+02, 2.887815856933594e+02, 2.887337341308594e+02, 2.886859130859375e+02, 2.886380615234375e+02, 2.885902404785156e+02, 2.885423889160156e+02, 2.884945678710938e+02, 2.884467163085938e+02, 2.883988952636719e+02]
hea2.sta_b.T=[2.931499938964844e+02, 2.931435852050781e+02, 2.930945129394531e+02, 2.930462036132812e+02, 2.929981079101562e+02, 2.929501037597656e+02, 2.92902099609375e+02, 2.928541259765625e+02, 2.928061218261719e+02, 2.927581481933594e+02, 2.927101745605469e+02, 2.926622009277344e+02, 2.926142272949219e+02, 2.925662536621094e+02, 2.925182800292969e+02, 2.924703063964844e+02, 2.9242236328125e+02, 2.923743896484375e+02, 2.92326416015625e+02, 2.922784729003906e+02, 2.922304992675781e+02, 2.921825561523438e+02, 2.921345825195312e+02, 2.920866394042969e+02, 2.920386657714844e+02, 2.9199072265625e+02, 2.919427795410156e+02, 2.918948364257812e+02, 2.918468627929688e+02, 2.917989196777344e+02, 2.917509765625e+02, 2.917030334472656e+02, 2.916550903320312e+02, 2.91607177734375e+02, 2.915592346191406e+02, 2.915112915039062e+02, 2.914633483886719e+02, 2.914154357910156e+02, 2.913674926757812e+02, 2.913195495605469e+02, 2.912716369628906e+02, 2.912236938476562e+02, 2.9117578125e+02, 2.911278686523438e+02, 2.910799255371094e+02, 2.910320129394531e+02, 2.909841003417969e+02, 2.909361877441406e+02, 2.908882751464844e+02, 2.908403625488281e+02, 2.907924499511719e+02, 2.907445373535156e+02, 2.906966247558594e+02, 2.906487121582031e+02, 2.906007995605469e+02, 2.905529174804688e+02, 2.905050048828125e+02, 2.904570922851562e+02, 2.904092102050781e+02, 2.903612976074219e+02, 2.903134155273438e+02, 2.902655029296875e+02, 2.902176208496094e+02, 2.901697387695312e+02, 2.901218566894531e+02, 2.900739440917969e+02, 2.900260620117188e+02, 2.899781799316406e+02, 2.899302978515625e+02, 2.898824157714844e+02, 2.898345336914062e+02, 2.897866516113281e+02, 2.8973876953125e+02, 2.8969091796875e+02, 2.896430358886719e+02, 2.895951538085938e+02, 2.895473022460938e+02, 2.894994201660156e+02, 2.894515686035156e+02, 2.894036865234375e+02, 2.893558349609375e+02, 2.893079528808594e+02, 2.892601013183594e+02, 2.892122497558594e+02, 2.891643981933594e+02, 2.891165466308594e+02, 2.890686950683594e+02, 2.890208435058594e+02, 2.889729919433594e+02, 2.889251403808594e+02, 2.888772888183594e+02, 2.888294372558594e+02, 2.887815856933594e+02, 2.887337341308594e+02, 2.886859130859375e+02, 2.886380615234375e+02, 2.885902404785156e+02, 2.885423889160156e+02, 2.884945678710938e+02, 2.884467163085938e+02, 2.883988952636719e+02]
hea1.sta_a.T=[2.931499938964844e+02, 2.931499938964844e+02, 2.931499938964844e+02, 2.931499938964844e+02, 2.931499938964844e+02, 2.931499938964844e+02, 2.931499938964844e+02, 2.931499938964844e+02, 2.931499938964844e+02, 2.931499938964844e+02, 2.931499938964844e+02, 2.931499938964844e+02, 2.931499938964844e+02, 2.931499938964844e+02, 2.931499938964844e+02, 2.931499938964844e+02, 2.931499938964844e+02, 2.931499938964844e+02, 2.931499938964844e+02, 2.931499938964844e+02, 2.931499938964844e+02, 2.931499938964844e+02, 2.931499938964844e+02, 2.931499938964844e+02, 2.931499938964844e+02, 2.931499938964844e+02, 2.931499938964844e+02, 2.931499938964844e+02, 2.931499938964844e+02, 2.931499938964844e+02, 2.931499938964844e+02, 2.931499938964844e+02, 2.931499938964844e+02, 2.931499938964844e+02, 2.931499938964844e+02, 2.931499938964844e+02, 2.931499938964844e+02, 2.931499938964844e+02, 2.931499938964844e+02, 2.931499938964844e+02, 2.931499938964844e+02, 2.931499938964844e+02, 2.931499938964844e+02, 2.931499938964844e+02, 2.931499938964844e+02, 2.931499938964844e+02, 2.931499938964844e+02, 2.931499938964844e+02, 2.931499938964844e+02, 2.931499938964844e+02, 2.931499938964844e+02, 2.931499938964844e+02, 2.931499938964844e+02, 2.931499938964844e+02, 2.931499938964844e+02, 2.931499938964844e+02, 2.931499938964844e+02, 2.931499938964844e+02, 2.931499938964844e+02, 2.931499938964844e+02, 2.931499938964844e+02, 2.931499938964844e+02, 2.931499938964844e+02, 2.931499938964844e+02, 2.931499938964844e+02, 2.931499938964844e+02, 2.931499938964844e+02, 2.931499938964844e+02, 2.931499938964844e+02, 2.931499938964844e+02, 2.931499938964844e+02, 2.931499938964844e+02, 2.931499938964844e+02, 2.931499938964844e+02, 2.931499938964844e+02, 2.931499938964844e+02, 2.931499938964844e+02, 2.931499938964844e+02, 2.931499938964844e+02, 2.931499938964844e+02, 2.931499938964844e+02, 2.931499938964844e+02, 2.931499938964844e+02, 2.931499938964844e+02, 2.931499938964844e+02, 2.931499938964844e+02, 2.931499938964844e+02, 2.931499938964844e+02, 2.931499938964844e+02, 2.931499938964844e+02, 2.931499938964844e+02, 2.931499938964844e+02, 2.931499938964844e+02, 2.931499938964844e+02, 2.931499938964844e+02, 2.931499938964844e+02, 2.931499938964844e+02, 2.931499938964844e+02, 2.931499938964844e+02, 2.931499938964844e+02, 2.931499938964844e+02]
hea2.sta_a.T=[2.931499938964844e+02, 2.931934509277344e+02, 2.931916198730469e+02, 2.93190673828125e+02, 2.931902770996094e+02, 2.931900939941406e+02, 2.931900329589844e+02, 2.931900329589844e+02, 2.931900329589844e+02, 2.931900024414062e+02, 2.931900024414062e+02, 2.931900024414062e+02, 2.931900024414062e+02, 2.931900024414062e+02, 2.931900024414062e+02, 2.931900024414062e+02, 2.931900024414062e+02, 2.931900024414062e+02, 2.931900024414062e+02, 2.931900024414062e+02, 2.931900024414062e+02, 2.931900024414062e+02, 2.931900024414062e+02, 2.931900024414062e+02, 2.931900024414062e+02, 2.931900024414062e+02, 2.931900024414062e+02, 2.931900024414062e+02, 2.931900024414062e+02, 2.931900024414062e+02, 2.931900024414062e+02, 2.931900024414062e+02, 2.931900024414062e+02, 2.931900024414062e+02, 2.931900024414062e+02, 2.931900024414062e+02, 2.931900024414062e+02, 2.931900024414062e+02, 2.931900024414062e+02, 2.931900024414062e+02, 2.931900024414062e+02, 2.931900024414062e+02, 2.931900024414062e+02, 2.931900024414062e+02, 2.931900024414062e+02, 2.931900024414062e+02, 2.931900024414062e+02, 2.931900024414062e+02, 2.931900024414062e+02, 2.931900024414062e+02, 2.931900024414062e+02, 2.931900024414062e+02, 2.931900024414062e+02, 2.931900024414062e+02, 2.931900024414062e+02, 2.931900024414062e+02, 2.931900024414062e+02, 2.931900024414062e+02, 2.931900024414062e+02, 2.931900024414062e+02, 2.931900024414062e+02, 2.931900024414062e+02, 2.931900024414062e+02, 2.931900024414062e+02, 2.931900024414062e+02, 2.931900024414062e+02, 2.931900024414062e+02, 2.931900024414062e+02, 2.931900024414062e+02, 2.931900024414062e+02, 2.931900024414062e+02, 2.931900024414062e+02, 2.931900024414062e+02, 2.931900024414062e+02, 2.931900024414062e+02, 2.931900024414062e+02, 2.931900024414062e+02, 2.931900024414062e+02, 2.931900024414062e+02, 2.931900024414062e+02, 2.931900024414062e+02, 2.931900024414062e+02, 2.931900024414062e+02, 2.931900024414062e+02, 2.931900024414062e+02, 2.931900024414062e+02, 2.931900024414062e+02, 2.931900024414062e+02, 2.931900024414062e+02, 2.931900024414062e+02, 2.931900024414062e+02, 2.931900024414062e+02, 2.931900024414062e+02, 2.931900024414062e+02, 2.931900024414062e+02, 2.931900024414062e+02, 2.931900024414062e+02, 2.931900024414062e+02, 2.931900024414062e+02, 2.931900024414062e+02, 2.931900024414062e+02]
time=[0e+00, 3.6e+03]
hea3.sta_a.T=[2.931499938964844e+02, 2.931499938964844e+02, 2.931499938964844e+02, 2.931499938964844e+02, 2.931499938964844e+02, 2.931499938964844e+02, 2.931499938964844e+02, 2.931499938964844e+02, 2.931499938964844e+02, 2.931499938964844e+02, 2.931499938964844e+02, 2.931499938964844e+02, 2.931499938964844e+02, 2.931499938964844e+02, 2.931499938964844e+02, 2.931499938964844e+02, 2.931499938964844e+02, 2.931499938964844e+02, 2.931499938964844e+02, 2.931499938964844e+02, 2.931499938964844e+02, 2.931499938964844e+02, 2.931499938964844e+02, 2.931499938964844e+02, 2.931499938964844e+02, 2.931499938964844e+02, 2.931499938964844e+02, 2.931499938964844e+02, 2.931499938964844e+02, 2.931499938964844e+02, 2.931499938964844e+02, 2.931499938964844e+02, 2.931499938964844e+02, 2.931499938964844e+02, 2.931499938964844e+02, 2.931499938964844e+02, 2.931499938964844e+02, 2.931499938964844e+02, 2.931499938964844e+02, 2.931499938964844e+02, 2.931499938964844e+02, 2.931499938964844e+02, 2.931499938964844e+02, 2.931499938964844e+02, 2.931499938964844e+02, 2.931499938964844e+02, 2.931499938964844e+02, 2.931499938964844e+02, 2.931499938964844e+02, 2.931499938964844e+02, 2.931499938964844e+02, 2.931499938964844e+02, 2.931499938964844e+02, 2.931499938964844e+02, 2.931499938964844e+02, 2.931499938964844e+02, 2.931499938964844e+02, 2.931499938964844e+02, 2.931499938964844e+02, 2.931499938964844e+02, 2.931499938964844e+02, 2.931499938964844e+02, 2.931499938964844e+02, 2.931499938964844e+02, 2.931499938964844e+02, 2.931499938964844e+02, 2.931499938964844e+02, 2.931499938964844e+02, 2.931499938964844e+02, 2.931499938964844e+02, 2.931499938964844e+02, 2.931499938964844e+02, 2.931499938964844e+02, 2.931499938964844e+02, 2.931499938964844e+02, 2.931499938964844e+02, 2.931499938964844e+02, 2.931499938964844e+02, 2.931499938964844e+02, 2.931499938964844e+02, 2.931499938964844e+02, 2.931499938964844e+02, 2.931499938964844e+02, 2.931499938964844e+02, 2.931499938964844e+02, 2.931499938964844e+02, 2.931499938964844e+02, 2.931499938964844e+02, 2.931499938964844e+02, 2.931499938964844e+02, 2.931499938964844e+02, 2.931499938964844e+02, 2.931499938964844e+02, 2.931499938964844e+02, 2.931499938964844e+02, 2.931499938964844e+02, 2.931499938964844e+02, 2.931499938964844e+02, 2.931499938964844e+02, 2.931499938964844e+02, 2.931499938964844e+02]
mix1.T=[2.931499938964844e+02, 2.931444091796875e+02, 2.930942077636719e+02, 2.930447998046875e+02, 2.9299560546875e+02, 2.92946533203125e+02, 2.928974609375e+02, 2.92848388671875e+02, 2.9279931640625e+02, 2.927502746582031e+02, 2.927012023925781e+02, 2.926521606445312e+02, 2.926031188964844e+02, 2.925540466308594e+02, 2.925050048828125e+02, 2.924559631347656e+02, 2.924069213867188e+02, 2.923578796386719e+02, 2.92308837890625e+02, 2.922597961425781e+02, 2.922107543945312e+02, 2.921617126464844e+02, 2.921127014160156e+02, 2.920636596679688e+02, 2.920146179199219e+02, 2.919656066894531e+02, 2.919165649414062e+02, 2.918675537109375e+02, 2.918185119628906e+02, 2.917695007324219e+02, 2.917204895019531e+02, 2.916714477539062e+02, 2.916224365234375e+02, 2.915734252929688e+02, 2.915244140625e+02, 2.914754028320312e+02, 2.914263916015625e+02, 2.913773803710938e+02, 2.91328369140625e+02, 2.912793579101562e+02, 2.912303771972656e+02, 2.911813659667969e+02, 2.911323547363281e+02, 2.910833740234375e+02, 2.910343627929688e+02, 2.909853820800781e+02, 2.909363708496094e+02, 2.908873901367188e+02, 2.9083837890625e+02, 2.907893981933594e+02, 2.907404174804688e+02, 2.906914367675781e+02, 2.906424560546875e+02, 2.905934753417969e+02, 2.905444946289062e+02, 2.904955139160156e+02, 2.90446533203125e+02, 2.903975524902344e+02, 2.903485717773438e+02, 2.902996215820312e+02, 2.902506408691406e+02, 2.9020166015625e+02, 2.901527099609375e+02, 2.901037292480469e+02, 2.900547790527344e+02, 2.900058288574219e+02, 2.899568481445312e+02, 2.899078979492188e+02, 2.898589477539062e+02, 2.898099975585938e+02, 2.897610168457031e+02, 2.897120666503906e+02, 2.896631164550781e+02, 2.896141967773438e+02, 2.895652465820312e+02, 2.895162963867188e+02, 2.894673461914062e+02, 2.894183959960938e+02, 2.893694763183594e+02, 2.893205261230469e+02, 2.892715759277344e+02, 2.8922265625e+02, 2.891737365722656e+02, 2.891247863769531e+02, 2.890758666992188e+02, 2.890269470214844e+02, 2.889779968261719e+02, 2.889290771484375e+02, 2.888801574707031e+02, 2.888312377929688e+02, 2.887823181152344e+02, 2.887333984375e+02, 2.886844787597656e+02, 2.886355590820312e+02, 2.88586669921875e+02, 2.885377502441406e+02, 2.884888305664062e+02, 2.8843994140625e+02, 2.883910217285156e+02, 2.883421325683594e+02, 2.88293212890625e+02]
hea3.sta_b.T=[2.931499938964844e+02, 2.931444091796875e+02, 2.930942077636719e+02, 2.930447998046875e+02, 2.9299560546875e+02, 2.92946533203125e+02, 2.928974609375e+02, 2.92848388671875e+02, 2.9279931640625e+02, 2.927502746582031e+02, 2.927012023925781e+02, 2.926521606445312e+02, 2.926031188964844e+02, 2.925540466308594e+02, 2.925050048828125e+02, 2.924559631347656e+02, 2.924069213867188e+02, 2.923578796386719e+02, 2.92308837890625e+02, 2.922597961425781e+02, 2.922107543945312e+02, 2.921617126464844e+02, 2.921127014160156e+02, 2.920636596679688e+02, 2.920146179199219e+02, 2.919656066894531e+02, 2.919165649414062e+02, 2.918675537109375e+02, 2.918185119628906e+02, 2.917695007324219e+02, 2.917204895019531e+02, 2.916714477539062e+02, 2.916224365234375e+02, 2.915734252929688e+02, 2.915244140625e+02, 2.914754028320312e+02, 2.914263916015625e+02, 2.913773803710938e+02, 2.91328369140625e+02, 2.912793579101562e+02, 2.912303771972656e+02, 2.911813659667969e+02, 2.911323547363281e+02, 2.910833740234375e+02, 2.910343627929688e+02, 2.909853820800781e+02, 2.909363708496094e+02, 2.908873901367188e+02, 2.9083837890625e+02, 2.907893981933594e+02, 2.907404174804688e+02, 2.906914367675781e+02, 2.906424560546875e+02, 2.905934753417969e+02, 2.905444946289062e+02, 2.904955139160156e+02, 2.90446533203125e+02, 2.903975524902344e+02, 2.903485717773438e+02, 2.902996215820312e+02, 2.902506408691406e+02, 2.9020166015625e+02, 2.901527099609375e+02, 2.901037292480469e+02, 2.900547790527344e+02, 2.900058288574219e+02, 2.899568481445312e+02, 2.899078979492188e+02, 2.898589477539062e+02, 2.898099975585938e+02, 2.897610168457031e+02, 2.897120666503906e+02, 2.896631164550781e+02, 2.896141967773438e+02, 2.895652465820312e+02, 2.895162963867188e+02, 2.894673461914062e+02, 2.894183959960938e+02, 2.893694763183594e+02, 2.893205261230469e+02, 2.892715759277344e+02, 2.8922265625e+02, 2.891737365722656e+02, 2.891247863769531e+02, 2.890758666992188e+02, 2.890269470214844e+02, 2.889779968261719e+02, 2.889290771484375e+02, 2.888801574707031e+02, 2.888312377929688e+02, 2.887823181152344e+02, 2.887333984375e+02, 2.886844787597656e+02, 2.886355590820312e+02, 2.88586669921875e+02, 2.885377502441406e+02, 2.884888305664062e+02, 2.8843994140625e+02, 2.883910217285156e+02, 2.883421325683594e+02, 2.88293212890625e+02]
hea4.sta_b.T=[2.931499938964844e+02, 2.931444091796875e+02, 2.930942077636719e+02, 2.930447998046875e+02, 2.9299560546875e+02, 2.92946533203125e+02, 2.928974609375e+02, 2.92848388671875e+02, 2.9279931640625e+02, 2.927502746582031e+02, 2.927012023925781e+02, 2.926521606445312e+02, 2.926031188964844e+02, 2.925540466308594e+02, 2.925050048828125e+02, 2.924559631347656e+02, 2.924069213867188e+02, 2.923578796386719e+02, 2.92308837890625e+02, 2.922597961425781e+02, 2.922107543945312e+02, 2.921617126464844e+02, 2.921127014160156e+02, 2.920636596679688e+02, 2.920146179199219e+02, 2.919656066894531e+02, 2.919165649414062e+02, 2.918675537109375e+02, 2.918185119628906e+02, 2.917695007324219e+02, 2.917204895019531e+02, 2.916714477539062e+02, 2.916224365234375e+02, 2.915734252929688e+02, 2.915244140625e+02, 2.914754028320312e+02, 2.914263916015625e+02, 2.913773803710938e+02, 2.91328369140625e+02, 2.912793579101562e+02, 2.912303771972656e+02, 2.911813659667969e+02, 2.911323547363281e+02, 2.910833740234375e+02, 2.910343627929688e+02, 2.909853820800781e+02, 2.909363708496094e+02, 2.908873901367188e+02, 2.9083837890625e+02, 2.907893981933594e+02, 2.907404174804688e+02, 2.906914367675781e+02, 2.906424560546875e+02, 2.905934753417969e+02, 2.905444946289062e+02, 2.904955139160156e+02, 2.90446533203125e+02, 2.903975524902344e+02, 2.903485717773438e+02, 2.902996215820312e+02, 2.902506408691406e+02, 2.9020166015625e+02, 2.901527099609375e+02, 2.901037292480469e+02, 2.900547790527344e+02, 2.900058288574219e+02, 2.899568481445312e+02, 2.899078979492188e+02, 2.898589477539062e+02, 2.898099975585938e+02, 2.897610168457031e+02, 2.897120666503906e+02, 2.896631164550781e+02, 2.896141967773438e+02, 2.895652465820312e+02, 2.895162963867188e+02, 2.894673461914062e+02, 2.894183959960938e+02, 2.893694763183594e+02, 2.893205261230469e+02, 2.892715759277344e+02, 2.8922265625e+02, 2.891737365722656e+02, 2.891247863769531e+02, 2.890758666992188e+02, 2.890269470214844e+02, 2.889779968261719e+02, 2.889290771484375e+02, 2.888801574707031e+02, 2.888312377929688e+02, 2.887823181152344e+02, 2.887333984375e+02, 2.886844787597656e+02, 2.886355590820312e+02, 2.88586669921875e+02, 2.885377502441406e+02, 2.884888305664062e+02, 2.8843994140625e+02, 2.883910217285156e+02, 2.883421325683594e+02, 2.88293212890625e+02]
hea4.sta_a.T=[2.931499938964844e+02, 2.931941833496094e+02, 2.931931762695312e+02, 2.931924438476562e+02, 2.931920776367188e+02, 2.931919250488281e+02, 2.931918640136719e+02, 2.931918334960938e+02, 2.931918334960938e+02, 2.931918334960938e+02, 2.931918334960938e+02, 2.931918334960938e+02, 2.931918334960938e+02, 2.931918334960938e+02, 2.931918334960938e+02, 2.931918334960938e+02, 2.931918334960938e+02, 2.931918334960938e+02, 2.931918334960938e+02, 2.931918334960938e+02, 2.931918334960938e+02, 2.931918334960938e+02, 2.931918334960938e+02, 2.931918334960938e+02, 2.931918334960938e+02, 2.931918334960938e+02, 2.931918334960938e+02, 2.931918334960938e+02, 2.931918334960938e+02, 2.931918334960938e+02, 2.931918334960938e+02, 2.931918334960938e+02, 2.931918334960938e+02, 2.931918334960938e+02, 2.931918334960938e+02, 2.931918334960938e+02, 2.931918334960938e+02, 2.931918334960938e+02, 2.931918334960938e+02, 2.931918334960938e+02, 2.931918334960938e+02, 2.931918334960938e+02, 2.931918334960938e+02, 2.931918334960938e+02, 2.931918334960938e+02, 2.931918334960938e+02, 2.931918334960938e+02, 2.931918334960938e+02, 2.931918334960938e+02, 2.931918334960938e+02, 2.931918334960938e+02, 2.931918334960938e+02, 2.931918334960938e+02, 2.931918334960938e+02, 2.931918334960938e+02, 2.931918334960938e+02, 2.931918334960938e+02, 2.931918334960938e+02, 2.931918334960938e+02, 2.931918334960938e+02, 2.931918334960938e+02, 2.931918334960938e+02, 2.931918334960938e+02, 2.931918334960938e+02, 2.931918334960938e+02, 2.931918334960938e+02, 2.931918334960938e+02, 2.931918334960938e+02, 2.931918334960938e+02, 2.931918334960938e+02, 2.931918334960938e+02, 2.931918334960938e+02, 2.931918334960938e+02, 2.931918334960938e+02, 2.931918334960938e+02, 2.931918334960938e+02, 2.931918334960938e+02, 2.931918334960938e+02, 2.931918334960938e+02, 2.931918334960938e+02, 2.931918334960938e+02, 2.931918334960938e+02, 2.931918334960938e+02, 2.931918334960938e+02, 2.931918334960938e+02, 2.931918334960938e+02, 2.931918334960938e+02, 2.931918334960938e+02, 2.931918334960938e+02, 2.931918334960938e+02, 2.931918334960938e+02, 2.931918334960938e+02, 2.931918334960938e+02, 2.931918334960938e+02, 2.931918334960938e+02, 2.931918334960938e+02, 2.931918334960938e+02, 2.931918334960938e+02, 2.931918334960938e+02, 2.931918334960938e+02, 2.931918334960938e+02]
hea1.m_flow=[7.071067690849304e-01, 5e-01, 5e-01, 5e-01, 5e-01, 5e-01, 5e-01, 5e-01, 5e-01, 5e-01, 5e-01, 5e-01, 5e-01, 5e-01, 5e-01, 5e-01, 5e-01, 5e-01, 5e-01, 5e-01, 5e-01, 5e-01, 5e-01, 5e-01, 5e-01, 5e-01, 5e-01, 5e-01, 5e-01, 5e-01, 5e-01, 5e-01, 5e-01, 5e-01, 5e-01, 5e-01, 5e-01, 5e-01, 5e-01, 5e-01, 5e-01, 5e-01, 5e-01, 5e-01, 5e-01, 5e-01, 5e-01, 5e-01, 5e-01, 5e-01, 5e-01, 5e-01, 5e-01, 5e-01, 5e-01, 5e-01, 5e-01, 5e-01, 5e-01, 5e-01, 5e-01, 5e-01, 5e-01, 5e-01, 5e-01, 5e-01, 5e-01, 5e-01, 5e-01, 5e-01, 5e-01, 5e-01, 5e-01, 5e-01, 5e-01, 5e-01, 5e-01, 5e-01, 5e-01, 5e-01, 5e-01, 5e-01, 5e-01, 5e-01, 5e-01, 5e-01, 5e-01, 5e-01, 5e-01, 5e-01, 5e-01, 5e-01, 5e-01, 5e-01, 5e-01, 5e-01, 5e-01, 5e-01, 5e-01, 5e-01, 5e-01]
hea2.m_flow=[0e+00, -5e-01, -5e-01, -5e-01, -5e-01, -5e-01, -5e-01, -5e-01, -5e-01, -5e-01, -5e-01, -5e-01, -5e-01, -5e-01, -5e-01, -5e-01, -5e-01, -5e-01, -5e-01, -5e-01, -5e-01, -5e-01, -5e-01, -5e-01, -5e-01, -5e-01, -5e-01, -5e-01, -5e-01, -5e-01, -5e-01, -5e-01, -5e-01, -5e-01, -5e-01, -5e-01, -5e-01, -5e-01, -5e-01, -5e-01, -5e-01, -5e-01, -5e-01, -5e-01, -5e-01, -5e-01, -5e-01, -5e-01, -5e-01, -5e-01, -5e-01, -5e-01, -5e-01, -5e-01, -5e-01, -5e-01, -5e-01, -5e-01, -5e-01, -5e-01, -5e-01, -5e-01, -5e-01, -5e-01, -5e-01, -5e-01, -5e-01, -5e-01, -5e-01, -5e-01, -5e-01, -5e-01, -5e-01, -5e-01, -5e-01, -5e-01, -5e-01, -5e-01, -5e-01, -5e-01, -5e-01, -5e-01, -5e-01, -5e-01, -5e-01, -5e-01, -5e-01, -5e-01, -5e-01, -5e-01, -5e-01, -5e-01, -5e-01, -5e-01, -5e-01, -5e-01, -5e-01, -5e-01, -5e-01, -5e-01, -5e-01]
hea4.m_flow=[-0e+00, -4.890096485614777e-01, -4.890096485614777e-01, -4.890096485614777e-01, -4.890096485614777e-01, -4.890096485614777e-01, -4.890096485614777e-01, -4.890096485614777e-01, -4.890096485614777e-01, -4.890096485614777e-01, -4.890096485614777e-01, -4.890096485614777e-01, -4.890096485614777e-01, -4.890096485614777e-01, -4.890096485614777e-01, -4.890096485614777e-01, -4.890096485614777e-01, -4.890096485614777e-01, -4.890096485614777e-01, -4.890096485614777e-01, -4.890096485614777e-01, -4.890096485614777e-01, -4.890096485614777e-01, -4.890096485614777e-01, -4.890096485614777e-01, -4.890096485614777e-01, -4.890096485614777e-01, -4.890096485614777e-01, -4.890096485614777e-01, -4.890096485614777e-01, -4.890096485614777e-01, -4.890096485614777e-01, -4.890096485614777e-01, -4.890096485614777e-01, -4.890096485614777e-01, -4.890096485614777e-01, -4.890096485614777e-01, -4.890096485614777e-01, -4.890096485614777e-01, -4.890096485614777e-01, -4.890096485614777e-01, -4.890096485614777e-01, -4.890096485614777e-01, -4.890096485614777e-01, -4.890096485614777e-01, -4.890096485614777e-01, -4.890096485614777e-01, -4.890096485614777e-01, -4.890096485614777e-01, -4.890096485614777e-01, -4.890096485614777e-01, -4.890096485614777e-01, -4.890096485614777e-01, -4.890096485614777e-01, -4.890096485614777e-01, -4.890096485614777e-01, -4.890096485614777e-01, -4.890096485614777e-01, -4.890096485614777e-01, -4.890096485614777e-01, -4.890096485614777e-01, -4.890096485614777e-01, -4.890096485614777e-01, -4.890096485614777e-01, -4.890096485614777e-01, -4.890096485614777e-01, -4.890096485614777e-01, -4.890096485614777e-01, -4.890096485614777e-01, -4.890096485614777e-01, -4.890096485614777e-01, -4.890096485614777e-01, -4.890096485614777e-01, -4.890096485614777e-01, -4.890096485614777e-01, -4.890096485614777e-01, -4.890096485614777e-01, -4.890096485614777e-01, -4.890096485614777e-01, -4.890096485614777e-01, -4.890096485614777e-01, -4.890096485614777e-01, -4.890096485614777e-01, -4.890096485614777e-01, -4.890096485614777e-01, -4.890096485614777e-01, -4.890096485614777e-01, -4.890096485614777e-01, -4.890096485614777e-01, -4.890096485614777e-01, -4.890096485614777e-01, -4.890096485614777e-01, -4.890096485614777e-01, -4.890096485614777e-01, -4.890096485614777e-01, -4.890096485614777e-01, -4.890096485614777e-01, -4.890096485614777e-01, -4.890096485614777e-01, -4.890096485614777e-01, -4.890096485614777e-01]
hea3.m_flow=[7.071067690849304e-01, 4.890096485614777e-01, 4.890096485614777e-01, 4.890096485614777e-01, 4.890096485614777e-01, 4.890096485614777e-01, 4.890096485614777e-01, 4.890096485614777e-01, 4.890096485614777e-01, 4.890096485614777e-01, 4.890096485614777e-01, 4.890096485614777e-01, 4.890096485614777e-01, 4.890096485614777e-01, 4.890096485614777e-01, 4.890096485614777e-01, 4.890096485614777e-01, 4.890096485614777e-01, 4.890096485614777e-01, 4.890096485614777e-01, 4.890096485614777e-01, 4.890096485614777e-01, 4.890096485614777e-01, 4.890096485614777e-01, 4.890096485614777e-01, 4.890096485614777e-01, 4.890096485614777e-01, 4.890096485614777e-01, 4.890096485614777e-01, 4.890096485614777e-01, 4.890096485614777e-01, 4.890096485614777e-01, 4.890096485614777e-01, 4.890096485614777e-01, 4.890096485614777e-01, 4.890096485614777e-01, 4.890096485614777e-01, 4.890096485614777e-01, 4.890096485614777e-01, 4.890096485614777e-01, 4.890096485614777e-01, 4.890096485614777e-01, 4.890096485614777e-01, 4.890096485614777e-01, 4.890096485614777e-01, 4.890096485614777e-01, 4.890096485614777e-01, 4.890096485614777e-01, 4.890096485614777e-01, 4.890096485614777e-01, 4.890096485614777e-01, 4.890096485614777e-01, 4.890096485614777e-01, 4.890096485614777e-01, 4.890096485614777e-01, 4.890096485614777e-01, 4.890096485614777e-01, 4.890096485614777e-01, 4.890096485614777e-01, 4.890096485614777e-01, 4.890096485614777e-01, 4.890096485614777e-01, 4.890096485614777e-01, 4.890096485614777e-01, 4.890096485614777e-01, 4.890096485614777e-01, 4.890096485614777e-01, 4.890096485614777e-01, 4.890096485614777e-01, 4.890096485614777e-01, 4.890096485614777e-01, 4.890096485614777e-01, 4.890096485614777e-01, 4.890096485614777e-01, 4.890096485614777e-01, 4.890096485614777e-01, 4.890096485614777e-01, 4.890096485614777e-01, 4.890096485614777e-01, 4.890096485614777e-01, 4.890096485614777e-01, 4.890096485614777e-01, 4.890096485614777e-01, 4.890096485614777e-01, 4.890096485614777e-01, 4.890096485614777e-01, 4.890096485614777e-01, 4.890096485614777e-01, 4.890096485614777e-01, 4.890096485614777e-01, 4.890096485614777e-01, 4.890096485614777e-01, 4.890096485614777e-01, 4.890096485614777e-01, 4.890096485614777e-01, 4.890096485614777e-01, 4.890096485614777e-01, 4.890096485614777e-01, 4.890096485614777e-01, 4.890096485614777e-01, 4.890096485614777e-01]
hea5.sta_a.T=[2.931499938964844e+02, 2.931934509277344e+02, 2.931916198730469e+02, 2.93190673828125e+02, 2.931902770996094e+02, 2.931900939941406e+02, 2.931900329589844e+02, 2.931900329589844e+02, 2.931900329589844e+02, 2.931900024414062e+02, 2.931900024414062e+02, 2.931900024414062e+02, 2.931900024414062e+02, 2.931900024414062e+02, 2.931900024414062e+02, 2.931900024414062e+02, 2.931900024414062e+02, 2.931900024414062e+02, 2.931900024414062e+02, 2.931900024414062e+02, 2.931900024414062e+02, 2.931900024414062e+02, 2.931900024414062e+02, 2.931900024414062e+02, 2.931900024414062e+02, 2.931900024414062e+02, 2.931900024414062e+02, 2.931900024414062e+02, 2.931900024414062e+02, 2.931900024414062e+02, 2.931900024414062e+02, 2.931900024414062e+02, 2.931900024414062e+02, 2.931900024414062e+02, 2.931900024414062e+02, 2.931900024414062e+02, 2.931900024414062e+02, 2.931900024414062e+02, 2.931900024414062e+02, 2.931900024414062e+02, 2.931900024414062e+02, 2.931900024414062e+02, 2.931900024414062e+02, 2.931900024414062e+02, 2.931900024414062e+02, 2.931900024414062e+02, 2.931900024414062e+02, 2.931900024414062e+02, 2.931900024414062e+02, 2.931900024414062e+02, 2.931900024414062e+02, 2.931900024414062e+02, 2.931900024414062e+02, 2.931900024414062e+02, 2.931900024414062e+02, 2.931900024414062e+02, 2.931900024414062e+02, 2.931900024414062e+02, 2.931900024414062e+02, 2.931900024414062e+02, 2.931900024414062e+02, 2.931900024414062e+02, 2.931900024414062e+02, 2.931900024414062e+02, 2.931900024414062e+02, 2.931900024414062e+02, 2.931900024414062e+02, 2.931900024414062e+02, 2.931900024414062e+02, 2.931900024414062e+02, 2.931900024414062e+02, 2.931900024414062e+02, 2.931900024414062e+02, 2.931900024414062e+02, 2.931900024414062e+02, 2.931900024414062e+02, 2.931900024414062e+02, 2.931900024414062e+02, 2.931900024414062e+02, 2.931900024414062e+02, 2.931900024414062e+02, 2.931900024414062e+02, 2.931900024414062e+02, 2.931900024414062e+02, 2.931900024414062e+02, 2.931900024414062e+02, 2.931900024414062e+02, 2.931900024414062e+02, 2.931900024414062e+02, 2.931900024414062e+02, 2.931900024414062e+02, 2.931900024414062e+02, 2.931900024414062e+02, 2.931900024414062e+02, 2.931900024414062e+02, 2.931900024414062e+02, 2.931900024414062e+02, 2.931900024414062e+02, 2.931900024414062e+02, 2.931900024414062e+02, 2.931900024414062e+02]
hea6.sta_b.T=[2.931499938964844e+02, 2.931435852050781e+02, 2.930945129394531e+02, 2.930462036132812e+02, 2.929981079101562e+02, 2.929501037597656e+02, 2.92902099609375e+02, 2.928541259765625e+02, 2.928061218261719e+02, 2.927581481933594e+02, 2.927101745605469e+02, 2.926622009277344e+02, 2.926142272949219e+02, 2.925662536621094e+02, 2.925182800292969e+02, 2.924703063964844e+02, 2.9242236328125e+02, 2.923743896484375e+02, 2.92326416015625e+02, 2.922784729003906e+02, 2.922304992675781e+02, 2.921825561523438e+02, 2.921345825195312e+02, 2.920866394042969e+02, 2.920386657714844e+02, 2.9199072265625e+02, 2.919427795410156e+02, 2.918948364257812e+02, 2.918468627929688e+02, 2.917989196777344e+02, 2.917509765625e+02, 2.917030334472656e+02, 2.916550903320312e+02, 2.91607177734375e+02, 2.915592346191406e+02, 2.915112915039062e+02, 2.914633483886719e+02, 2.914154357910156e+02, 2.913674926757812e+02, 2.913195495605469e+02, 2.912716369628906e+02, 2.912236938476562e+02, 2.9117578125e+02, 2.911278686523438e+02, 2.910799255371094e+02, 2.910320129394531e+02, 2.909841003417969e+02, 2.909361877441406e+02, 2.908882751464844e+02, 2.908403625488281e+02, 2.907924499511719e+02, 2.907445373535156e+02, 2.906966247558594e+02, 2.906487121582031e+02, 2.906007995605469e+02, 2.905529174804688e+02, 2.905050048828125e+02, 2.904570922851562e+02, 2.904092102050781e+02, 2.903612976074219e+02, 2.903134155273438e+02, 2.902655029296875e+02, 2.902176208496094e+02, 2.901697387695312e+02, 2.901218566894531e+02, 2.900739440917969e+02, 2.900260620117188e+02, 2.899781799316406e+02, 2.899302978515625e+02, 2.898824157714844e+02, 2.898345336914062e+02, 2.897866516113281e+02, 2.8973876953125e+02, 2.8969091796875e+02, 2.896430358886719e+02, 2.895951538085938e+02, 2.895473022460938e+02, 2.894994201660156e+02, 2.894515686035156e+02, 2.894036865234375e+02, 2.893558349609375e+02, 2.893079528808594e+02, 2.892601013183594e+02, 2.892122497558594e+02, 2.891643981933594e+02, 2.891165466308594e+02, 2.890686950683594e+02, 2.890208435058594e+02, 2.889729919433594e+02, 2.889251403808594e+02, 2.888772888183594e+02, 2.888294372558594e+02, 2.887815856933594e+02, 2.887337341308594e+02, 2.886859130859375e+02, 2.886380615234375e+02, 2.885902404785156e+02, 2.885423889160156e+02, 2.884945678710938e+02, 2.884467163085938e+02, 2.883988952636719e+02]
hea5.sta_b.T=[2.931499938964844e+02, 2.931435852050781e+02, 2.930945129394531e+02, 2.930462036132812e+02, 2.929981079101562e+02, 2.929501037597656e+02, 2.92902099609375e+02, 2.928541259765625e+02, 2.928061218261719e+02, 2.927581481933594e+02, 2.927101745605469e+02, 2.926622009277344e+02, 2.926142272949219e+02, 2.925662536621094e+02, 2.925182800292969e+02, 2.924703063964844e+02, 2.9242236328125e+02, 2.923743896484375e+02, 2.92326416015625e+02, 2.922784729003906e+02, 2.922304992675781e+02, 2.921825561523438e+02, 2.921345825195312e+02, 2.920866394042969e+02, 2.920386657714844e+02, 2.9199072265625e+02, 2.919427795410156e+02, 2.918948364257812e+02, 2.918468627929688e+02, 2.917989196777344e+02, 2.917509765625e+02, 2.917030334472656e+02, 2.916550903320312e+02, 2.91607177734375e+02, 2.915592346191406e+02, 2.915112915039062e+02, 2.914633483886719e+02, 2.914154357910156e+02, 2.913674926757812e+02, 2.913195495605469e+02, 2.912716369628906e+02, 2.912236938476562e+02, 2.9117578125e+02, 2.911278686523438e+02, 2.910799255371094e+02, 2.910320129394531e+02, 2.909841003417969e+02, 2.909361877441406e+02, 2.908882751464844e+02, 2.908403625488281e+02, 2.907924499511719e+02, 2.907445373535156e+02, 2.906966247558594e+02, 2.906487121582031e+02, 2.906007995605469e+02, 2.905529174804688e+02, 2.905050048828125e+02, 2.904570922851562e+02, 2.904092102050781e+02, 2.903612976074219e+02, 2.903134155273438e+02, 2.902655029296875e+02, 2.902176208496094e+02, 2.901697387695312e+02, 2.901218566894531e+02, 2.900739440917969e+02, 2.900260620117188e+02, 2.899781799316406e+02, 2.899302978515625e+02, 2.898824157714844e+02, 2.898345336914062e+02, 2.897866516113281e+02, 2.8973876953125e+02, 2.8969091796875e+02, 2.896430358886719e+02, 2.895951538085938e+02, 2.895473022460938e+02, 2.894994201660156e+02, 2.894515686035156e+02, 2.894036865234375e+02, 2.893558349609375e+02, 2.893079528808594e+02, 2.892601013183594e+02, 2.892122497558594e+02, 2.891643981933594e+02, 2.891165466308594e+02, 2.890686950683594e+02, 2.890208435058594e+02, 2.889729919433594e+02, 2.889251403808594e+02, 2.888772888183594e+02, 2.888294372558594e+02, 2.887815856933594e+02, 2.887337341308594e+02, 2.886859130859375e+02, 2.886380615234375e+02, 2.885902404785156e+02, 2.885423889160156e+02, 2.884945678710938e+02, 2.884467163085938e+02, 2.883988952636719e+02]
hea8.sta_a.T=[2.931499938964844e+02, 2.931499938964844e+02, 2.931499938964844e+02, 2.931499938964844e+02, 2.931499938964844e+02, 2.931499938964844e+02, 2.931499938964844e+02, 2.931499938964844e+02, 2.931499938964844e+02, 2.931499938964844e+02, 2.931499938964844e+02, 2.931499938964844e+02, 2.931499938964844e+02, 2.931499938964844e+02, 2.931499938964844e+02, 2.931499938964844e+02, 2.931499938964844e+02, 2.931499938964844e+02, 2.931499938964844e+02, 2.931499938964844e+02, 2.931499938964844e+02, 2.931499938964844e+02, 2.931499938964844e+02, 2.931499938964844e+02, 2.931499938964844e+02, 2.931499938964844e+02, 2.931499938964844e+02, 2.931499938964844e+02, 2.931499938964844e+02, 2.931499938964844e+02, 2.931499938964844e+02, 2.931499938964844e+02, 2.931499938964844e+02, 2.931499938964844e+02, 2.931499938964844e+02, 2.931499938964844e+02, 2.931499938964844e+02, 2.931499938964844e+02, 2.931499938964844e+02, 2.931499938964844e+02, 2.931499938964844e+02, 2.931499938964844e+02, 2.931499938964844e+02, 2.931499938964844e+02, 2.931499938964844e+02, 2.931499938964844e+02, 2.931499938964844e+02, 2.931499938964844e+02, 2.931499938964844e+02, 2.931499938964844e+02, 2.931499938964844e+02, 2.931499938964844e+02, 2.931499938964844e+02, 2.931499938964844e+02, 2.931499938964844e+02, 2.931499938964844e+02, 2.931499938964844e+02, 2.931499938964844e+02, 2.931499938964844e+02, 2.931499938964844e+02, 2.931499938964844e+02, 2.931499938964844e+02, 2.931499938964844e+02, 2.931499938964844e+02, 2.931499938964844e+02, 2.931499938964844e+02, 2.931499938964844e+02, 2.931499938964844e+02, 2.931499938964844e+02, 2.931499938964844e+02, 2.931499938964844e+02, 2.931499938964844e+02, 2.931499938964844e+02, 2.931499938964844e+02, 2.931499938964844e+02, 2.931499938964844e+02, 2.931499938964844e+02, 2.931499938964844e+02, 2.931499938964844e+02, 2.931499938964844e+02, 2.931499938964844e+02, 2.931499938964844e+02, 2.931499938964844e+02, 2.931499938964844e+02, 2.931499938964844e+02, 2.931499938964844e+02, 2.931499938964844e+02, 2.931499938964844e+02, 2.931499938964844e+02, 2.931499938964844e+02, 2.931499938964844e+02, 2.931499938964844e+02, 2.931499938964844e+02, 2.931499938964844e+02, 2.931499938964844e+02, 2.931499938964844e+02, 2.931499938964844e+02, 2.931499938964844e+02, 2.931499938964844e+02, 2.931499938964844e+02, 2.931499938964844e+02]
mix2.T=[2.931499938964844e+02, 2.931444091796875e+02, 2.930942077636719e+02, 2.930447998046875e+02, 2.9299560546875e+02, 2.92946533203125e+02, 2.928974609375e+02, 2.92848388671875e+02, 2.9279931640625e+02, 2.927502746582031e+02, 2.927012023925781e+02, 2.926521606445312e+02, 2.926031188964844e+02, 2.925540466308594e+02, 2.925050048828125e+02, 2.924559631347656e+02, 2.924069213867188e+02, 2.923578796386719e+02, 2.92308837890625e+02, 2.922597961425781e+02, 2.922107543945312e+02, 2.921617126464844e+02, 2.921127014160156e+02, 2.920636596679688e+02, 2.920146179199219e+02, 2.919656066894531e+02, 2.919165649414062e+02, 2.918675537109375e+02, 2.918185119628906e+02, 2.917695007324219e+02, 2.917204895019531e+02, 2.916714477539062e+02, 2.916224365234375e+02, 2.915734252929688e+02, 2.915244140625e+02, 2.914754028320312e+02, 2.914263916015625e+02, 2.913773803710938e+02, 2.91328369140625e+02, 2.912793579101562e+02, 2.912303771972656e+02, 2.911813659667969e+02, 2.911323547363281e+02, 2.910833740234375e+02, 2.910343627929688e+02, 2.909853820800781e+02, 2.909363708496094e+02, 2.908873901367188e+02, 2.9083837890625e+02, 2.907893981933594e+02, 2.907404174804688e+02, 2.906914367675781e+02, 2.906424560546875e+02, 2.905934753417969e+02, 2.905444946289062e+02, 2.904955139160156e+02, 2.90446533203125e+02, 2.903975524902344e+02, 2.903485717773438e+02, 2.902996215820312e+02, 2.902506408691406e+02, 2.9020166015625e+02, 2.901527099609375e+02, 2.901037292480469e+02, 2.900547790527344e+02, 2.900058288574219e+02, 2.899568481445312e+02, 2.899078979492188e+02, 2.898589477539062e+02, 2.898099975585938e+02, 2.897610168457031e+02, 2.897120666503906e+02, 2.896631164550781e+02, 2.896141967773438e+02, 2.895652465820312e+02, 2.895162963867188e+02, 2.894673461914062e+02, 2.894183959960938e+02, 2.893694763183594e+02, 2.893205261230469e+02, 2.892715759277344e+02, 2.8922265625e+02, 2.891737365722656e+02, 2.891247863769531e+02, 2.890758666992188e+02, 2.890269470214844e+02, 2.889779968261719e+02, 2.889290771484375e+02, 2.888801574707031e+02, 2.888312377929688e+02, 2.887823181152344e+02, 2.887333984375e+02, 2.886844787597656e+02, 2.886355590820312e+02, 2.88586669921875e+02, 2.885377502441406e+02, 2.884888305664062e+02, 2.8843994140625e+02, 2.883910217285156e+02, 2.883421325683594e+02, 2.88293212890625e+02]
hea7.sta_a.T=[2.931499938964844e+02, 2.931941833496094e+02, 2.931931762695312e+02, 2.931924438476562e+02, 2.931920776367188e+02, 2.931919250488281e+02, 2.931918640136719e+02, 2.931918334960938e+02, 2.931918334960938e+02, 2.931918334960938e+02, 2.931918334960938e+02, 2.931918334960938e+02, 2.931918334960938e+02, 2.931918334960938e+02, 2.931918334960938e+02, 2.931918334960938e+02, 2.931918334960938e+02, 2.931918334960938e+02, 2.931918334960938e+02, 2.931918334960938e+02, 2.931918334960938e+02, 2.931918334960938e+02, 2.931918334960938e+02, 2.931918334960938e+02, 2.931918334960938e+02, 2.931918334960938e+02, 2.931918334960938e+02, 2.931918334960938e+02, 2.931918334960938e+02, 2.931918334960938e+02, 2.931918334960938e+02, 2.931918334960938e+02, 2.931918334960938e+02, 2.931918334960938e+02, 2.931918334960938e+02, 2.931918334960938e+02, 2.931918334960938e+02, 2.931918334960938e+02, 2.931918334960938e+02, 2.931918334960938e+02, 2.931918334960938e+02, 2.931918334960938e+02, 2.931918334960938e+02, 2.931918334960938e+02, 2.931918334960938e+02, 2.931918334960938e+02, 2.931918334960938e+02, 2.931918334960938e+02, 2.931918334960938e+02, 2.931918334960938e+02, 2.931918334960938e+02, 2.931918334960938e+02, 2.931918334960938e+02, 2.931918334960938e+02, 2.931918334960938e+02, 2.931918334960938e+02, 2.931918334960938e+02, 2.931918334960938e+02, 2.931918334960938e+02, 2.931918334960938e+02, 2.931918334960938e+02, 2.931918334960938e+02, 2.931918334960938e+02, 2.931918334960938e+02, 2.931918334960938e+02, 2.931918334960938e+02, 2.931918334960938e+02, 2.931918334960938e+02, 2.931918334960938e+02, 2.931918334960938e+02, 2.931918334960938e+02, 2.931918334960938e+02, 2.931918334960938e+02, 2.931918334960938e+02, 2.931918334960938e+02, 2.931918334960938e+02, 2.931918334960938e+02, 2.931918334960938e+02, 2.931918334960938e+02, 2.931918334960938e+02, 2.931918334960938e+02, 2.931918334960938e+02, 2.931918334960938e+02, 2.931918334960938e+02, 2.931918334960938e+02, 2.931918334960938e+02, 2.931918334960938e+02, 2.931918334960938e+02, 2.931918334960938e+02, 2.931918334960938e+02, 2.931918334960938e+02, 2.931918334960938e+02, 2.931918334960938e+02, 2.931918334960938e+02, 2.931918334960938e+02, 2.931918334960938e+02, 2.931918334960938e+02, 2.931918334960938e+02, 2.931918334960938e+02, 2.931918334960938e+02, 2.931918334960938e+02]
hea7.sta_b.T=[2.931499938964844e+02, 2.931444091796875e+02, 2.930942077636719e+02, 2.930447998046875e+02, 2.9299560546875e+02, 2.92946533203125e+02, 2.928974609375e+02, 2.92848388671875e+02, 2.9279931640625e+02, 2.927502746582031e+02, 2.927012023925781e+02, 2.926521606445312e+02, 2.926031188964844e+02, 2.925540466308594e+02, 2.925050048828125e+02, 2.924559631347656e+02, 2.924069213867188e+02, 2.923578796386719e+02, 2.92308837890625e+02, 2.922597961425781e+02, 2.922107543945312e+02, 2.921617126464844e+02, 2.921127014160156e+02, 2.920636596679688e+02, 2.920146179199219e+02, 2.919656066894531e+02, 2.919165649414062e+02, 2.918675537109375e+02, 2.918185119628906e+02, 2.917695007324219e+02, 2.917204895019531e+02, 2.916714477539062e+02, 2.916224365234375e+02, 2.915734252929688e+02, 2.915244140625e+02, 2.914754028320312e+02, 2.914263916015625e+02, 2.913773803710938e+02, 2.91328369140625e+02, 2.912793579101562e+02, 2.912303771972656e+02, 2.911813659667969e+02, 2.911323547363281e+02, 2.910833740234375e+02, 2.910343627929688e+02, 2.909853820800781e+02, 2.909363708496094e+02, 2.908873901367188e+02, 2.9083837890625e+02, 2.907893981933594e+02, 2.907404174804688e+02, 2.906914367675781e+02, 2.906424560546875e+02, 2.905934753417969e+02, 2.905444946289062e+02, 2.904955139160156e+02, 2.90446533203125e+02, 2.903975524902344e+02, 2.903485717773438e+02, 2.902996215820312e+02, 2.902506408691406e+02, 2.9020166015625e+02, 2.901527099609375e+02, 2.901037292480469e+02, 2.900547790527344e+02, 2.900058288574219e+02, 2.899568481445312e+02, 2.899078979492188e+02, 2.898589477539062e+02, 2.898099975585938e+02, 2.897610168457031e+02, 2.897120666503906e+02, 2.896631164550781e+02, 2.896141967773438e+02, 2.895652465820312e+02, 2.895162963867188e+02, 2.894673461914062e+02, 2.894183959960938e+02, 2.893694763183594e+02, 2.893205261230469e+02, 2.892715759277344e+02, 2.8922265625e+02, 2.891737365722656e+02, 2.891247863769531e+02, 2.890758666992188e+02, 2.890269470214844e+02, 2.889779968261719e+02, 2.889290771484375e+02, 2.888801574707031e+02, 2.888312377929688e+02, 2.887823181152344e+02, 2.887333984375e+02, 2.886844787597656e+02, 2.886355590820312e+02, 2.88586669921875e+02, 2.885377502441406e+02, 2.884888305664062e+02, 2.8843994140625e+02, 2.883910217285156e+02, 2.883421325683594e+02, 2.88293212890625e+02]
hea8.sta_b.T=[2.931499938964844e+02, 2.931444091796875e+02, 2.930942077636719e+02, 2.930447998046875e+02, 2.9299560546875e+02, 2.92946533203125e+02, 2.928974609375e+02, 2.92848388671875e+02, 2.9279931640625e+02, 2.927502746582031e+02, 2.927012023925781e+02, 2.926521606445312e+02, 2.926031188964844e+02, 2.925540466308594e+02, 2.925050048828125e+02, 2.924559631347656e+02, 2.924069213867188e+02, 2.923578796386719e+02, 2.92308837890625e+02, 2.922597961425781e+02, 2.922107543945312e+02, 2.921617126464844e+02, 2.921127014160156e+02, 2.920636596679688e+02, 2.920146179199219e+02, 2.919656066894531e+02, 2.919165649414062e+02, 2.918675537109375e+02, 2.918185119628906e+02, 2.917695007324219e+02, 2.917204895019531e+02, 2.916714477539062e+02, 2.916224365234375e+02, 2.915734252929688e+02, 2.915244140625e+02, 2.914754028320312e+02, 2.914263916015625e+02, 2.913773803710938e+02, 2.91328369140625e+02, 2.912793579101562e+02, 2.912303771972656e+02, 2.911813659667969e+02, 2.911323547363281e+02, 2.910833740234375e+02, 2.910343627929688e+02, 2.909853820800781e+02, 2.909363708496094e+02, 2.908873901367188e+02, 2.9083837890625e+02, 2.907893981933594e+02, 2.907404174804688e+02, 2.906914367675781e+02, 2.906424560546875e+02, 2.905934753417969e+02, 2.905444946289062e+02, 2.904955139160156e+02, 2.90446533203125e+02, 2.903975524902344e+02, 2.903485717773438e+02, 2.902996215820312e+02, 2.902506408691406e+02, 2.9020166015625e+02, 2.901527099609375e+02, 2.901037292480469e+02, 2.900547790527344e+02, 2.900058288574219e+02, 2.899568481445312e+02, 2.899078979492188e+02, 2.898589477539062e+02, 2.898099975585938e+02, 2.897610168457031e+02, 2.897120666503906e+02, 2.896631164550781e+02, 2.896141967773438e+02, 2.895652465820312e+02, 2.895162963867188e+02, 2.894673461914062e+02, 2.894183959960938e+02, 2.893694763183594e+02, 2.893205261230469e+02, 2.892715759277344e+02, 2.8922265625e+02, 2.891737365722656e+02, 2.891247863769531e+02, 2.890758666992188e+02, 2.890269470214844e+02, 2.889779968261719e+02, 2.889290771484375e+02, 2.888801574707031e+02, 2.888312377929688e+02, 2.887823181152344e+02, 2.887333984375e+02, 2.886844787597656e+02, 2.886355590820312e+02, 2.88586669921875e+02, 2.885377502441406e+02, 2.884888305664062e+02, 2.8843994140625e+02, 2.883910217285156e+02, 2.883421325683594e+02, 2.88293212890625e+02]
hea5.m_flow=[-0e+00, -5e-01, -5e-01, -5e-01, -5e-01, -5e-01, -5e-01, -5e-01, -5e-01, -5e-01, -5e-01, -5e-01, -5e-01, -5e-01, -5e-01, -5e-01, -5e-01, -5e-01, -5e-01, -5e-01, -5e-01, -5e-01, -5e-01, -5e-01, -5e-01, -5e-01, -5e-01, -5e-01, -5e-01, -5e-01, -5e-01, -5e-01, -5e-01, -5e-01, -5e-01, -5e-01, -5e-01, -5e-01, -5e-01, -5e-01, -5e-01, -5e-01, -5e-01, -5e-01, -5e-01, -5e-01, -5e-01, -5e-01, -5e-01, -5e-01, -5e-01, -5e-01, -5e-01, -5e-01, -5e-01, -5e-01, -5e-01, -5e-01, -5e-01, -5e-01, -5e-01, -5e-01, -5e-01, -5e-01, -5e-01, -5e-01, -5e-01, -5e-01, -5e-01, -5e-01, -5e-01, -5e-01, -5e-01, -5e-01, -5e-01, -5e-01, -5e-01, -5e-01, -5e-01, -5e-01, -5e-01, -5e-01, -5e-01, -5e-01, -5e-01, -5e-01, -5e-01, -5e-01, -5e-01, -5e-01, -5e-01, -5e-01, -5e-01, -5e-01, -5e-01, -5e-01, -5e-01, -5e-01, -5e-01, -5e-01, -5e-01]
hea6.m_flow=[7.071067690849304e-01, 5e-01, 5e-01, 5e-01, 5e-01, 5e-01, 5e-01, 5e-01, 5e-01, 5e-01, 5e-01, 5e-01, 5e-01, 5e-01, 5e-01, 5e-01, 5e-01, 5e-01, 5e-01, 5e-01, 5e-01, 5e-01, 5e-01, 5e-01, 5e-01, 5e-01, 5e-01, 5e-01, 5e-01, 5e-01, 5e-01, 5e-01, 5e-01, 5e-01, 5e-01, 5e-01, 5e-01, 5e-01, 5e-01, 5e-01, 5e-01, 5e-01, 5e-01, 5e-01, 5e-01, 5e-01, 5e-01, 5e-01, 5e-01, 5e-01, 5e-01, 5e-01, 5e-01, 5e-01, 5e-01, 5e-01, 5e-01, 5e-01, 5e-01, 5e-01, 5e-01, 5e-01, 5e-01, 5e-01, 5e-01, 5e-01, 5e-01, 5e-01, 5e-01, 5e-01, 5e-01, 5e-01, 5e-01, 5e-01, 5e-01, 5e-01, 5e-01, 5e-01, 5e-01, 5e-01, 5e-01, 5e-01, 5e-01, 5e-01, 5e-01, 5e-01, 5e-01, 5e-01, 5e-01, 5e-01, 5e-01, 5e-01, 5e-01, 5e-01, 5e-01, 5e-01, 5e-01, 5e-01, 5e-01, 5e-01, 5e-01]
hea7.m_flow=[-0e+00, -4.890096485614777e-01, -4.890096485614777e-01, -4.890096485614777e-01, -4.890096485614777e-01, -4.890096485614777e-01, -4.890096485614777e-01, -4.890096485614777e-01, -4.890096485614777e-01, -4.890096485614777e-01, -4.890096485614777e-01, -4.890096485614777e-01, -4.890096485614777e-01, -4.890096485614777e-01, -4.890096485614777e-01, -4.890096485614777e-01, -4.890096485614777e-01, -4.890096485614777e-01, -4.890096485614777e-01, -4.890096485614777e-01, -4.890096485614777e-01, -4.890096485614777e-01, -4.890096485614777e-01, -4.890096485614777e-01, -4.890096485614777e-01, -4.890096485614777e-01, -4.890096485614777e-01, -4.890096485614777e-01, -4.890096485614777e-01, -4.890096485614777e-01, -4.890096485614777e-01, -4.890096485614777e-01, -4.890096485614777e-01, -4.890096485614777e-01, -4.890096485614777e-01, -4.890096485614777e-01, -4.890096485614777e-01, -4.890096485614777e-01, -4.890096485614777e-01, -4.890096485614777e-01, -4.890096485614777e-01, -4.890096485614777e-01, -4.890096485614777e-01, -4.890096485614777e-01, -4.890096485614777e-01, -4.890096485614777e-01, -4.890096485614777e-01, -4.890096485614777e-01, -4.890096485614777e-01, -4.890096485614777e-01, -4.890096485614777e-01, -4.890096485614777e-01, -4.890096485614777e-01, -4.890096485614777e-01, -4.890096485614777e-01, -4.890096485614777e-01, -4.890096485614777e-01, -4.890096485614777e-01, -4.890096485614777e-01, -4.890096485614777e-01, -4.890096485614777e-01, -4.890096485614777e-01, -4.890096485614777e-01, -4.890096485614777e-01, -4.890096485614777e-01, -4.890096485614777e-01, -4.890096485614777e-01, -4.890096485614777e-01, -4.890096485614777e-01, -4.890096485614777e-01, -4.890096485614777e-01, -4.890096485614777e-01, -4.890096485614777e-01, -4.890096485614777e-01, -4.890096485614777e-01, -4.890096485614777e-01, -4.890096485614777e-01, -4.890096485614777e-01, -4.890096485614777e-01, -4.890096485614777e-01, -4.890096485614777e-01, -4.890096485614777e-01, -4.890096485614777e-01, -4.890096485614777e-01, -4.890096485614777e-01, -4.890096485614777e-01, -4.890096485614777e-01, -4.890096485614777e-01, -4.890096485614777e-01, -4.890096485614777e-01, -4.890096485614777e-01, -4.890096485614777e-01, -4.890096485614777e-01, -4.890096485614777e-01, -4.890096485614777e-01, -4.890096485614777e-01, -4.890096485614777e-01, -4.890096485614777e-01, -4.890096485614777e-01, -4.890096485614777e-01, -4.890096485614777e-01]
hea8.m_flow=[7.071067690849304e-01, 4.890096485614777e-01, 4.890096485614777e-01, 4.890096485614777e-01, 4.890096485614777e-01, 4.890096485614777e-01, 4.890096485614777e-01, 4.890096485614777e-01, 4.890096485614777e-01, 4.890096485614777e-01, 4.890096485614777e-01, 4.890096485614777e-01, 4.890096485614777e-01, 4.890096485614777e-01, 4.890096485614777e-01, 4.890096485614777e-01, 4.890096485614777e-01, 4.890096485614777e-01, 4.890096485614777e-01, 4.890096485614777e-01, 4.890096485614777e-01, 4.890096485614777e-01, 4.890096485614777e-01, 4.890096485614777e-01, 4.890096485614777e-01, 4.890096485614777e-01, 4.890096485614777e-01, 4.890096485614777e-01, 4.890096485614777e-01, 4.890096485614777e-01, 4.890096485614777e-01, 4.890096485614777e-01, 4.890096485614777e-01, 4.890096485614777e-01, 4.890096485614777e-01, 4.890096485614777e-01, 4.890096485614777e-01, 4.890096485614777e-01, 4.890096485614777e-01, 4.890096485614777e-01, 4.890096485614777e-01, 4.890096485614777e-01, 4.890096485614777e-01, 4.890096485614777e-01, 4.890096485614777e-01, 4.890096485614777e-01, 4.890096485614777e-01, 4.890096485614777e-01, 4.890096485614777e-01, 4.890096485614777e-01, 4.890096485614777e-01, 4.890096485614777e-01, 4.890096485614777e-01, 4.890096485614777e-01, 4.890096485614777e-01, 4.890096485614777e-01, 4.890096485614777e-01, 4.890096485614777e-01, 4.890096485614777e-01, 4.890096485614777e-01, 4.890096485614777e-01, 4.890096485614777e-01, 4.890096485614777e-01, 4.890096485614777e-01, 4.890096485614777e-01, 4.890096485614777e-01, 4.890096485614777e-01, 4.890096485614777e-01, 4.890096485614777e-01, 4.890096485614777e-01, 4.890096485614777e-01, 4.890096485614777e-01, 4.890096485614777e-01, 4.890096485614777e-01, 4.890096485614777e-01, 4.890096485614777e-01, 4.890096485614777e-01, 4.890096485614777e-01, 4.890096485614777e-01, 4.890096485614777e-01, 4.890096485614777e-01, 4.890096485614777e-01, 4.890096485614777e-01, 4.890096485614777e-01, 4.890096485614777e-01, 4.890096485614777e-01, 4.890096485614777e-01, 4.890096485614777e-01, 4.890096485614777e-01, 4.890096485614777e-01, 4.890096485614777e-01, 4.890096485614777e-01, 4.890096485614777e-01, 4.890096485614777e-01, 4.890096485614777e-01, 4.890096485614777e-01, 4.890096485614777e-01, 4.890096485614777e-01, 4.890096485614777e-01, 4.890096485614777e-01, 4.890096485614777e-01]
che17.y=[0e+00, 9.627906111253637e-13, 1.261050291967436e-12, 1.352810224952705e-12, 1.381223260765729e-12, 1.390429438252738e-12, 1.393492959911313e-12, 1.394280524369407e-12, 1.39446440505786e-12, 1.394570223189895e-12, 1.394630938511554e-12, 1.394653489916742e-12, 1.394672571874978e-12, 1.394681245492357e-12, 1.394679510768881e-12, 1.394677776045405e-12, 1.394674306598453e-12, 1.394672571874978e-12, 1.394670837151502e-12, 1.394665632981074e-12, 1.394665632981074e-12, 1.39466736770455e-12, 1.394665632981074e-12, 1.39466736770455e-12, 1.394663898257598e-12, 1.394665632981074e-12, 1.394665632981074e-12, 1.394665632981074e-12, 1.394663898257598e-12, 1.394665632981074e-12, 1.394665632981074e-12, 1.394663898257598e-12, 1.394663898257598e-12, 1.394663898257598e-12, 1.394663898257598e-12, 1.394663898257598e-12, 1.394663898257598e-12, 1.394663898257598e-12, 1.394663898257598e-12, 1.394665632981074e-12, 1.394663898257598e-12, 1.394665632981074e-12, 1.394663898257598e-12, 1.394663898257598e-12, 1.394665632981074e-12, 1.394663898257598e-12, 1.394663898257598e-12, 1.394663898257598e-12, 1.394665632981074e-12, 1.394665632981074e-12, 1.394663898257598e-12, 1.394663898257598e-12, 1.394663898257598e-12, 1.394663898257598e-12, 1.394662163534122e-12, 1.394662163534122e-12, 1.394663898257598e-12, 1.394662163534122e-12, 1.394662163534122e-12, 1.394662163534122e-12, 1.394663898257598e-12, 1.394663898257598e-12, 1.394662163534122e-12, 1.394662163534122e-12, 1.394663898257598e-12, 1.394663898257598e-12, 1.394663898257598e-12, 1.394662163534122e-12, 1.394663898257598e-12, 1.394663898257598e-12, 1.394665632981074e-12, 1.394660428810646e-12, 1.394663898257598e-12, 1.394662163534122e-12, 1.394663898257598e-12, 1.394660428810646e-12, 1.394662163534122e-12, 1.394662163534122e-12, 1.394663898257598e-12, 1.394663898257598e-12, 1.394662163534122e-12, 1.394663898257598e-12, 1.394663898257598e-12, 1.394663898257598e-12, 1.394662163534122e-12, 1.394663898257598e-12, 1.394663898257598e-12, 1.394663898257598e-12, 1.394663898257598e-12, 1.394663898257598e-12, 1.394663898257598e-12, 1.394663898257598e-12, 1.394662163534122e-12, 1.394662163534122e-12, 1.394662163534122e-12, 1.394662163534122e-12, 1.394662163534122e-12, 1.394662163534122e-12, 1.394662163534122e-12, 1.394662163534122e-12, 1.394662163534122e-12]
che12.y=[0e+00, -5.623364813800436e-06, -1.152446020569187e-05, -1.457058078813134e-05, -1.586904545547441e-05, -1.637768946238793e-05, -1.657424400036689e-05, -1.66391419043066e-05, -1.665937998041045e-05, -1.666834396019112e-05, -1.667319338594098e-05, -1.667526339588221e-05, -1.667672950134147e-05, -1.667730066401418e-05, -1.667700780672021e-05, -1.667680953687523e-05, -1.667661126703024e-05, -1.667641481617466e-05, -1.667621654632967e-05, -1.667602009547409e-05, -1.667589276621584e-05, -1.667587639531121e-05, -1.667586184339598e-05, -1.667584729148075e-05, -1.667583273956552e-05, -1.667581818765029e-05, -1.667580363573506e-05, -1.667578726483043e-05, -1.66757727129152e-05, -1.667575816099998e-05, -1.667574360908475e-05, -1.667572905716952e-05, -1.667572723818012e-05, -1.667572541919071e-05, -1.667572541919071e-05, -1.667572541919071e-05, -1.667572360020131e-05, -1.667572360020131e-05, -1.667572360020131e-05, -1.667572178121191e-05, -1.667572178121191e-05, -1.667572178121191e-05, -1.667572178121191e-05, -1.66757199622225e-05, -1.66757199622225e-05, -1.66757199622225e-05, -1.66757181432331e-05, -1.66757181432331e-05, -1.66757181432331e-05, -1.667571632424369e-05, -1.667571632424369e-05, -1.667571632424369e-05, -1.667571450525429e-05, -1.667571450525429e-05, -1.667571450525429e-05, -1.667571450525429e-05, -1.667571450525429e-05, -1.667571450525429e-05, -1.667571450525429e-05, -1.667571450525429e-05, -1.667571450525429e-05, -1.667571450525429e-05, -1.667571450525429e-05, -1.667571450525429e-05, -1.667571450525429e-05, -1.667571450525429e-05, -1.667571450525429e-05, -1.667571450525429e-05, -1.667571450525429e-05, -1.667571450525429e-05, -1.667571450525429e-05, -1.667571450525429e-05, -1.667571450525429e-05, -1.667571450525429e-05, -1.667571450525429e-05, -1.667571450525429e-05, -1.667571450525429e-05, -1.667571450525429e-05, -1.667571450525429e-05, -1.667571450525429e-05, -1.667571450525429e-05, -1.667571450525429e-05, -1.667571450525429e-05, -1.667571450525429e-05, -1.667571450525429e-05, -1.667571450525429e-05, -1.667571450525429e-05, -1.667571450525429e-05, -1.667571450525429e-05, -1.667571268626489e-05, -1.667571268626489e-05, -1.667571268626489e-05, -1.667571268626489e-05, -1.667571268626489e-05, -1.667571268626489e-05, -1.667571268626489e-05, -1.667571268626489e-05, -1.667571268626489e-05, -1.667571268626489e-05, -1.667571268626489e-05, -1.667571268626489e-05]
che19.y=[0e+00, 0e+00, 0e+00, 1.734723475976807e-18, 0e+00, 1.734723475976807e-18, 0e+00, 3.4694469519536e-18, 0e+00, 0e+00, 3.469446951953614e-18, 1.734723475976807e-18, -1.734723475976807e-18, 1.734723475976807e-18, 1.369547860715155e-32, 1.734723475976807e-18, 0e+00, 0e+00, 0e+00, 0e+00, 0e+00, 1.734723475976807e-18, 1.734723475976807e-18, 1.734723475976807e-18, 1.734723475976807e-18, 0e+00, 1.734723475976807e-18, 1.734723475976834e-18, 1.734723475976807e-18, 1.734723475976807e-18, 1.734723475976807e-18, 1.734723475976807e-18, 1.734723475976807e-18, 1.734723475976807e-18, 1.734723475976807e-18, 1.734723475976807e-18, 1.734723475976807e-18, 1.734723475976807e-18, 1.734723475976807e-18, 5.204170427930421e-18, 1.734723475976807e-18, 3.469446951953614e-18, 3.469446951953614e-18, 3.469446951953614e-18, 3.469446951953614e-18, 3.469446951953614e-18, 3.469446951953614e-18, 1.734723475976807e-18, 3.469446951953614e-18, 3.469446951953614e-18, 3.469446951953614e-18, 3.469446951953614e-18, 3.469446951953614e-18, 3.469446951953614e-18, 3.469446951953614e-18, 3.469446951953559e-18, 3.469446951953559e-18, 3.469446951953614e-18, 3.469446951953614e-18, 3.469446951953614e-18, 0e+00, 1.734723475976807e-18, 1.734723475976807e-18, 3.469446951953614e-18, 3.469446951953614e-18, 1.734723475976807e-18, 3.469446951953614e-18, 3.469446951953614e-18, 1.734723475976807e-18, 3.469446951953614e-18, 3.469446951953614e-18, 1.734723475976807e-18, 3.469446951953614e-18, 0e+00, 1.734723475976807e-18, 3.469446951953614e-18, 1.734723475976807e-18, 3.469446951953614e-18, 1.734723475976807e-18, 1.734723475976807e-18, 3.469446951953614e-18, 1.734723475976807e-18, 1.734723475976807e-18, 3.469446951953614e-18, 1.734723475976807e-18, 3.469446951953614e-18, 0e+00, 0e+00, 3.469446951953614e-18, 1.734723475976807e-18, 1.734723475976807e-18, 1.734723475976807e-18, 1.734723475976807e-18, 3.469446951953614e-18, 1.734723475976807e-18, 1.734723475976807e-18, 1.734723475976807e-18, 1.734723475976807e-18, 1.734723475976807e-18, 0e+00, 1.734723475976807e-18]
che16.y=[0e+00, 5.623364813800436e-06, 1.152446020569187e-05, 1.457058078813134e-05, 1.586904545547441e-05, 1.637768946238793e-05, 1.657424400036689e-05, 1.66391419043066e-05, 1.665937998041045e-05, 1.666834396019112e-05, 1.667319338594098e-05, 1.667526339588221e-05, 1.667672950134147e-05, 1.667730066401418e-05, 1.667700780672021e-05, 1.667680953687523e-05, 1.667661126703024e-05, 1.667641481617466e-05, 1.667621654632967e-05, 1.667602009547409e-05, 1.667589276621584e-05, 1.667587639531121e-05, 1.667586184339598e-05, 1.667584729148075e-05, 1.667583273956552e-05, 1.667581818765029e-05, 1.667580363573506e-05, 1.667578726483043e-05, 1.66757727129152e-05, 1.667575816099998e-05, 1.667574360908475e-05, 1.667572905716952e-05, 1.667572723818012e-05, 1.667572541919071e-05, 1.667572541919071e-05, 1.667572541919071e-05, 1.667572360020131e-05, 1.667572360020131e-05, 1.667572360020131e-05, 1.667572178121191e-05, 1.667572178121191e-05, 1.667572178121191e-05, 1.667572178121191e-05, 1.66757199622225e-05, 1.66757199622225e-05, 1.66757199622225e-05, 1.66757181432331e-05, 1.66757181432331e-05, 1.66757181432331e-05, 1.667571632424369e-05, 1.667571632424369e-05, 1.667571632424369e-05, 1.667571450525429e-05, 1.667571450525429e-05, 1.667571450525429e-05, 1.667571450525429e-05, 1.667571450525429e-05, 1.667571450525429e-05, 1.667571450525429e-05, 1.667571450525429e-05, 1.667571450525429e-05, 1.667571450525429e-05, 1.667571450525429e-05, 1.667571450525429e-05, 1.667571450525429e-05, 1.667571450525429e-05, 1.667571450525429e-05, 1.667571450525429e-05, 1.667571450525429e-05, 1.667571450525429e-05, 1.667571450525429e-05, 1.667571450525429e-05, 1.667571450525429e-05, 1.667571450525429e-05, 1.667571450525429e-05, 1.667571450525429e-05, 1.667571450525429e-05, 1.667571450525429e-05, 1.667571450525429e-05, 1.667571450525429e-05, 1.667571450525429e-05, 1.667571450525429e-05, 1.667571450525429e-05, 1.667571450525429e-05, 1.667571450525429e-05, 1.667571450525429e-05, 1.667571450525429e-05, 1.667571450525429e-05, 1.667571450525429e-05, 1.667571268626489e-05, 1.667571268626489e-05, 1.667571268626489e-05, 1.667571268626489e-05, 1.667571268626489e-05, 1.667571268626489e-05, 1.667571268626489e-05, 1.667571268626489e-05, 1.667571268626489e-05, 1.667571268626489e-05, 1.667571268626489e-05, 1.667571268626489e-05]
che18.y=[0e+00, 5.712297934223898e-06, 1.18452990136575e-05, 1.509413505118573e-05, 1.651553066039924e-05, 1.708647505438421e-05, 1.7311876945314e-05, 1.738892206049059e-05, 1.741405503707938e-05, 1.742511267366353e-05, 1.743101529427804e-05, 1.743356369843241e-05, 1.743536631693132e-05, 1.743607026583049e-05, 1.74357155628968e-05, 1.743547181831673e-05, 1.743522807373665e-05, 1.743498432915658e-05, 1.74347405845765e-05, 1.743449502100702e-05, 1.743433858791832e-05, 1.743432039802428e-05, 1.743430038914084e-05, 1.743428219924681e-05, 1.743426400935277e-05, 1.743424400046933e-05, 1.74342258105753e-05, 1.743420762068126e-05, 1.743418761179782e-05, 1.743416942190379e-05, 1.743415123200975e-05, 1.743413122312631e-05, 1.743412940413691e-05, 1.743412940413691e-05, 1.743412940413691e-05, 1.743412758514751e-05, 1.743412758514751e-05, 1.74341257661581e-05, 1.74341257661581e-05, 1.74341257661581e-05, 1.74341239471687e-05, 1.74341239471687e-05, 1.74341221281793e-05, 1.74341221281793e-05, 1.743412030918989e-05, 1.743412030918989e-05, 1.743412030918989e-05, 1.743411849020049e-05, 1.743411849020049e-05, 1.743411667121109e-05, 1.743411667121109e-05, 1.743411667121109e-05, 1.743411485222168e-05, 1.743411485222168e-05, 1.743411303323228e-05, 1.743411303323228e-05, 1.743411303323228e-05, 1.743411303323228e-05, 1.743411303323228e-05, 1.743411303323228e-05, 1.743411303323228e-05, 1.743411303323228e-05, 1.743411303323228e-05, 1.743411303323228e-05, 1.743411303323228e-05, 1.743411303323228e-05, 1.743411303323228e-05, 1.743411303323228e-05, 1.743411303323228e-05, 1.743411303323228e-05, 1.743411303323228e-05, 1.743411303323228e-05, 1.743411303323228e-05, 1.743411303323228e-05, 1.743411303323228e-05, 1.743411303323228e-05, 1.743411303323228e-05, 1.743411303323228e-05, 1.743411303323228e-05, 1.743411303323228e-05, 1.743411303323228e-05, 1.743411303323228e-05, 1.743411303323228e-05, 1.743411303323228e-05, 1.743411303323228e-05, 1.743411303323228e-05, 1.743411303323228e-05, 1.743411303323228e-05, 1.743411303323228e-05, 1.743411303323228e-05, 1.743411303323228e-05, 1.743411303323228e-05, 1.743411303323228e-05, 1.743411303323228e-05, 1.743411303323228e-05, 1.743411303323228e-05, 1.743411303323228e-05, 1.743411303323228e-05, 1.743411303323228e-05, 1.743411303323228e-05, 1.743411303323228e-05]
che1.y=[0e+00, 0e+00, 0e+00, 0e+00, 0e+00, 0e+00, 0e+00, 0e+00, 0e+00, 0e+00, 0e+00, 0e+00, 0e+00, 0e+00, 0e+00, 0e+00, 0e+00, 0e+00, 0e+00, 0e+00, 0e+00, 0e+00, 0e+00, 0e+00, 0e+00, 0e+00, 0e+00, 0e+00, 0e+00, 0e+00, 0e+00, 0e+00, 0e+00, 0e+00, 0e+00, 0e+00, 0e+00, 0e+00, 0e+00, 0e+00, 0e+00, 0e+00, 0e+00, 0e+00, 0e+00, 0e+00, 0e+00, 0e+00, 0e+00, 0e+00, 0e+00, 0e+00, 0e+00, 0e+00, 0e+00, 0e+00, 0e+00, 0e+00, 0e+00, 0e+00, 0e+00, 0e+00, 0e+00, 0e+00, 0e+00, 0e+00, 0e+00, 0e+00, 0e+00, 0e+00, 0e+00, 0e+00, 0e+00, 0e+00, 0e+00, 0e+00, 0e+00, 0e+00, 0e+00, 0e+00, 0e+00, 0e+00, 0e+00, 0e+00, 0e+00, 0e+00, 0e+00, 0e+00, 0e+00, 0e+00, 0e+00, 0e+00, 0e+00, 0e+00, 0e+00, 0e+00, 0e+00, 0e+00, 0e+00, 0e+00, 0e+00]
che4.y=[0e+00, 4.418878257274628e-02, 4.316212609410286e-02, 4.243022203445435e-02, 4.207667708396912e-02, 4.192839190363884e-02, 4.186822474002838e-02, 4.184693843126297e-02, 4.183977842330933e-02, 4.18366976082325e-02, 4.183506965637207e-02, 4.183436185121536e-02, 4.183386266231537e-02, 4.183366522192955e-02, 4.183376580476761e-02, 4.183383285999298e-02, 4.183389991521835e-02, 4.183396697044373e-02, 4.18340377509594e-02, 4.183410480618477e-02, 4.183414578437805e-02, 4.183415323495865e-02, 4.183415696024895e-02, 4.183416441082954e-02, 4.183416813611984e-02, 4.183417558670044e-02, 4.183417931199074e-02, 4.183418303728104e-02, 4.183419048786163e-02, 4.183419421315193e-02, 4.183420166373253e-02, 4.183420538902283e-02, 4.183420538902283e-02, 4.183420538902283e-02, 4.183420538902283e-02, 4.183420538902283e-02, 4.183420538902283e-02, 4.183420911431313e-02, 4.183420911431313e-02, 4.183420911431313e-02, 4.183420911431313e-02, 4.183420911431313e-02, 4.183420911431313e-02, 4.183420911431313e-02, 4.183420911431313e-02, 4.183420911431313e-02, 4.183420911431313e-02, 4.183420911431313e-02, 4.183420911431313e-02, 4.183420911431313e-02, 4.183420911431313e-02, 4.183420911431313e-02, 4.183420911431313e-02, 4.183420911431313e-02, 4.183420911431313e-02, 4.183420911431313e-02, 4.183420911431313e-02, 4.183420911431313e-02, 4.183420911431313e-02, 4.183420911431313e-02, 4.183420911431313e-02, 4.183420911431313e-02, 4.183420911431313e-02, 4.183420911431313e-02, 4.183420911431313e-02, 4.183420911431313e-02, 4.183420911431313e-02, 4.183420911431313e-02, 4.183420911431313e-02, 4.183420911431313e-02, 4.183420911431313e-02, 4.183420911431313e-02, 4.183420911431313e-02, 4.183420911431313e-02, 4.183420911431313e-02, 4.183420911431313e-02, 4.183420911431313e-02, 4.183420911431313e-02, 4.183420911431313e-02, 4.183420911431313e-02, 4.183420911431313e-02, 4.183420911431313e-02, 4.183420911431313e-02, 4.183420911431313e-02, 4.183420911431313e-02, 4.183420911431313e-02, 4.183420911431313e-02, 4.183421283960342e-02, 4.183421283960342e-02, 4.183421283960342e-02, 4.183421283960342e-02, 4.183421283960342e-02, 4.183421283960342e-02, 4.183421283960342e-02, 4.183421283960342e-02, 4.183421283960342e-02, 4.183421283960342e-02, 4.183421283960342e-02, 4.183421283960342e-02, 4.183421283960342e-02, 4.183421283960342e-02]
che11.y=[0e+00, 0e+00, 0e+00, 0e+00, 0e+00, 0e+00, 0e+00, 0e+00, 0e+00, 0e+00, 0e+00, 0e+00, 0e+00, 0e+00, 0e+00, 0e+00, 0e+00, 0e+00, 0e+00, 0e+00, 0e+00, 0e+00, 0e+00, 0e+00, 0e+00, 0e+00, 0e+00, 0e+00, 0e+00, 0e+00, 0e+00, 0e+00, 0e+00, 0e+00, 0e+00, 0e+00, 0e+00, 0e+00, 0e+00, 0e+00, 0e+00, 0e+00, 0e+00, 0e+00, 0e+00, 0e+00, 0e+00, 0e+00, 0e+00, 0e+00, 0e+00, 0e+00, 0e+00, 0e+00, 0e+00, 0e+00, 0e+00, 0e+00, 0e+00, 0e+00, 0e+00, 0e+00, 0e+00, 0e+00, 0e+00, 0e+00, 0e+00, 0e+00, 0e+00, 0e+00, 0e+00, 0e+00, 0e+00, 0e+00, 0e+00, 0e+00, 0e+00, 0e+00, 0e+00, 0e+00, 0e+00, 0e+00, 0e+00, 0e+00, 0e+00, 0e+00, 0e+00, 0e+00, 0e+00, 0e+00, 0e+00, 0e+00, 0e+00, 0e+00, 0e+00, 0e+00, 0e+00, 0e+00, 0e+00, 0e+00, 0e+00]
che5.y=[0e+00, 0e+00, 0e+00, 0e+00, 0e+00, 0e+00, 0e+00, 0e+00, 0e+00, 0e+00, 0e+00, 0e+00, 0e+00, 0e+00, 0e+00, 0e+00, 0e+00, 0e+00, 0e+00, 0e+00, 0e+00, 0e+00, 0e+00, 0e+00, 0e+00, 0e+00, 0e+00, 0e+00, 0e+00, 0e+00, 0e+00, 0e+00, 0e+00, 0e+00, 0e+00, 0e+00, 0e+00, 0e+00, 0e+00, 0e+00, 0e+00, 0e+00, 0e+00, 0e+00, 0e+00, 0e+00, 0e+00, 0e+00, 0e+00, 0e+00, 0e+00, 0e+00, 0e+00, 0e+00, 0e+00, 0e+00, 0e+00, 0e+00, 0e+00, 0e+00, 0e+00, 0e+00, 0e+00, 0e+00, 0e+00, 0e+00, 0e+00, 0e+00, 0e+00, 0e+00, 0e+00, 0e+00, 0e+00, 0e+00, 0e+00, 0e+00, 0e+00, 0e+00, 0e+00, 0e+00, 0e+00, 0e+00, 0e+00, 0e+00, 0e+00, 0e+00, 0e+00, 0e+00, 0e+00, 0e+00, 0e+00, 0e+00, 0e+00, 0e+00, 0e+00, 0e+00, 0e+00, 0e+00, 0e+00, 0e+00, 0e+00]
che8.y=[0e+00, -4.418878257274628e-02, -4.316212609410286e-02, -4.243022203445435e-02, -4.207667708396912e-02, -4.192839190363884e-02, -4.186822474002838e-02, -4.184693843126297e-02, -4.183977842330933e-02, -4.18366976082325e-02, -4.183506965637207e-02, -4.183436185121536e-02, -4.183386266231537e-02, -4.183366522192955e-02, -4.183376580476761e-02, -4.183383285999298e-02, -4.183389991521835e-02, -4.183396697044373e-02, -4.18340377509594e-02, -4.183410480618477e-02, -4.183414578437805e-02, -4.183415323495865e-02, -4.183415696024895e-02, -4.183416441082954e-02, -4.183416813611984e-02, -4.183417558670044e-02, -4.183417931199074e-02, -4.183418303728104e-02, -4.183419048786163e-02, -4.183419421315193e-02, -4.183420166373253e-02, -4.183420538902283e-02, -4.183420538902283e-02, -4.183420538902283e-02, -4.183420538902283e-02, -4.183420538902283e-02, -4.183420538902283e-02, -4.183420911431313e-02, -4.183420911431313e-02, -4.183420911431313e-02, -4.183420911431313e-02, -4.183420911431313e-02, -4.183420911431313e-02, -4.183420911431313e-02, -4.183420911431313e-02, -4.183420911431313e-02, -4.183420911431313e-02, -4.183420911431313e-02, -4.183420911431313e-02, -4.183420911431313e-02, -4.183420911431313e-02, -4.183420911431313e-02, -4.183420911431313e-02, -4.183420911431313e-02, -4.183420911431313e-02, -4.183420911431313e-02, -4.183420911431313e-02, -4.183420911431313e-02, -4.183420911431313e-02, -4.183420911431313e-02, -4.183420911431313e-02, -4.183420911431313e-02, -4.183420911431313e-02, -4.183420911431313e-02, -4.183420911431313e-02, -4.183420911431313e-02, -4.183420911431313e-02, -4.183420911431313e-02, -4.183420911431313e-02, -4.183420911431313e-02, -4.183420911431313e-02, -4.183420911431313e-02, -4.183420911431313e-02, -4.183420911431313e-02, -4.183420911431313e-02, -4.183420911431313e-02, -4.183420911431313e-02, -4.183420911431313e-02, -4.183420911431313e-02, -4.183420911431313e-02, -4.183420911431313e-02, -4.183420911431313e-02, -4.183420911431313e-02, -4.183420911431313e-02, -4.183420911431313e-02, -4.183420911431313e-02, -4.183420911431313e-02, -4.183421283960342e-02, -4.183421283960342e-02, -4.183421283960342e-02, -4.183421283960342e-02, -4.183421283960342e-02, -4.183421283960342e-02, -4.183421283960342e-02, -4.183421283960342e-02, -4.183421283960342e-02, -4.183421283960342e-02, -4.183421283960342e-02, -4.183421283960342e-02, -4.183421283960342e-02, -4.183421283960342e-02]
che15.y=[0e+00, 0e+00, 0e+00, 0e+00, 0e+00, 0e+00, 0e+00, 0e+00, 0e+00, 0e+00, 0e+00, 0e+00, 0e+00, 0e+00, 0e+00, 0e+00, 0e+00, 0e+00, 0e+00, 0e+00, 0e+00, 0e+00, 0e+00, 0e+00, 0e+00, 0e+00, 0e+00, 0e+00, 0e+00, 0e+00, 0e+00, 0e+00, 0e+00, 0e+00, 0e+00, 0e+00, 0e+00, 0e+00, 0e+00, 0e+00, 0e+00, 0e+00, 0e+00, 0e+00, 0e+00, 0e+00, 0e+00, 0e+00, 0e+00, 0e+00, 0e+00, 0e+00, 0e+00, 0e+00, 0e+00, 0e+00, 0e+00, 0e+00, 0e+00, 0e+00, 0e+00, 0e+00, 0e+00, 0e+00, 0e+00, 0e+00, 0e+00, 0e+00, 0e+00, 0e+00, 0e+00, 0e+00, 0e+00, 0e+00, 0e+00, 0e+00, 0e+00, 0e+00, 0e+00, 0e+00, 0e+00, 0e+00, 0e+00, 0e+00, 0e+00, 0e+00, 0e+00, 0e+00, 0e+00, 0e+00, 0e+00, 0e+00, 0e+00, 0e+00, 0e+00, 0e+00, 0e+00, 0e+00, 0e+00, 0e+00, 0e+00]
che10.y=[0e+00, 9.742961992742494e-11, 3.024069883394986e-11, 9.606537787476555e-12, 3.183231456205249e-12, 1.13686837721616e-12, 3.979039320256561e-13, 1.70530256582424e-13, 2.273736754432321e-13, 2.273736754432321e-13, 1.13686837721616e-13, 1.70530256582424e-13, 1.13686837721616e-13, 1.13686837721616e-13, 1.13686837721616e-13, 1.70530256582424e-13, 1.70530256582424e-13, 1.13686837721616e-13, 1.70530256582424e-13, 1.70530256582424e-13, 1.70530256582424e-13, 1.70530256582424e-13, 1.13686837721616e-13, 1.70530256582424e-13, 1.70530256582424e-13, 1.70530256582424e-13, 1.70530256582424e-13, 1.705302565824231e-13, 1.136868377216169e-13, 1.70530256582424e-13, 1.70530256582424e-13, 1.13686837721616e-13, 1.70530256582424e-13, 1.70530256582424e-13, 1.70530256582424e-13, 1.70530256582424e-13, 1.13686837721616e-13, 1.70530256582424e-13, 1.70530256582424e-13, 1.70530256582424e-13, 1.13686837721616e-13, 1.70530256582424e-13, 1.70530256582424e-13, 1.13686837721616e-13, 1.70530256582424e-13, 1.70530256582424e-13, 1.13686837721616e-13, 1.13686837721616e-13, 1.70530256582424e-13, 1.70530256582424e-13, 1.13686837721616e-13, 1.70530256582424e-13, 1.70530256582424e-13, 1.13686837721616e-13, 1.136868377216178e-13, 1.70530256582424e-13, 1.13686837721616e-13, 1.13686837721616e-13, 1.70530256582424e-13, 1.13686837721616e-13, 1.13686837721616e-13, 1.70530256582424e-13, 1.13686837721616e-13, 1.70530256582424e-13, 1.70530256582424e-13, 1.13686837721616e-13, 1.13686837721616e-13, 1.70530256582424e-13, 1.13686837721616e-13, 1.70530256582424e-13, 1.70530256582424e-13, 1.13686837721616e-13, 1.70530256582424e-13, 1.70530256582424e-13, 1.13686837721616e-13, 1.70530256582424e-13, 1.70530256582424e-13, 1.13686837721616e-13, 1.70530256582424e-13, 1.70530256582424e-13, 1.13686837721616e-13, 1.70530256582424e-13, 1.70530256582424e-13, 1.13686837721616e-13, 1.70530256582424e-13, 1.70530256582424e-13, 1.13686837721616e-13, 1.70530256582424e-13, 1.70530256582424e-13, 1.13686837721616e-13, 1.70530256582424e-13, 1.70530256582424e-13, 1.13686837721616e-13, 1.70530256582424e-13, 1.70530256582424e-13, 1.13686837721616e-13, 1.70530256582424e-13, 1.70530256582424e-13, 1.13686837721616e-13, 1.70530256582424e-13, 2.842170943040401e-13]
che9.y=[0e+00, 0e+00, 0e+00, 0e+00, 0e+00, -5.684341886080801e-14, 0e+00, 0e+00, 0e+00, 0e+00, -5.684341886080801e-14, 0e+00, 0e+00, 0e+00, 0e+00, 0e+00, 0e+00, 0e+00, 0e+00, 0e+00, 0e+00, 0e+00, 0e+00, 0e+00, 0e+00, 0e+00, 0e+00, 0e+00, 0e+00, 0e+00, 0e+00, 0e+00, 0e+00, 5.684341886080801e-14, 0e+00, 0e+00, 0e+00, 0e+00, 0e+00, -5.684341886080801e-14, 0e+00, 0e+00, 0e+00, 0e+00, 0e+00, 0e+00, 0e+00, 0e+00, 0e+00, 0e+00, 0e+00, 0e+00, 0e+00, -5.684341886080801e-14, 0e+00, 0e+00, 0e+00, 0e+00, 0e+00, 0e+00, 5.684341886080801e-14, 0e+00, 0e+00, 0e+00, 0e+00, 0e+00, 0e+00, 0e+00, 0e+00, 0e+00, -5.684341886080801e-14, 0e+00, -5.684341886080801e-14, 0e+00, 0e+00, 0e+00, -5.684341886080801e-14, 0e+00, 0e+00, 5.684341886080801e-14, 0e+00, 0e+00, 0e+00, 0e+00, 0e+00, 0e+00, 0e+00, 0e+00, 0e+00, 0e+00, 0e+00, 0e+00, 0e+00, 0e+00, 0e+00, 0e+00, 0e+00, 0e+00, 0e+00, 0e+00, 5.684341886080801e-14]
che2.y=[0e+00, 4.344026744365692e-02, 4.161285236477852e-02, 4.066793620586395e-02, 4.026487097144127e-02, 4.010692983865738e-02, 4.004588350653648e-02, 4.002572223544121e-02, 4.00194339454174e-02, 4.001664742827415e-02, 4.001514241099358e-02, 4.001449793577194e-02, 4.001404345035553e-02, 4.00138646364212e-02, 4.001395776867867e-02, 4.001401737332344e-02, 4.001408070325851e-02, 4.001414030790329e-02, 4.001420363783836e-02, 4.001426324248314e-02, 4.001430422067642e-02, 4.001430794596672e-02, 4.001431167125702e-02, 4.001431912183762e-02, 4.001432284712791e-02, 4.001432657241821e-02, 4.001433029770851e-02, 4.001433774828911e-02, 4.001434147357941e-02, 4.001434519886971e-02, 4.001434892416e-02, 4.00143563747406e-02, 4.00143563747406e-02, 4.00143563747406e-02, 4.00143563747406e-02, 4.00143563747406e-02, 4.00143563747406e-02, 4.00143563747406e-02, 4.00143563747406e-02, 4.00143563747406e-02, 4.00143563747406e-02, 4.00143563747406e-02, 4.00143563747406e-02, 4.00143563747406e-02, 4.00143563747406e-02, 4.00143563747406e-02, 4.00143563747406e-02, 4.00143601000309e-02, 4.00143601000309e-02, 4.00143601000309e-02, 4.00143601000309e-02, 4.00143601000309e-02, 4.00143601000309e-02, 4.00143601000309e-02, 4.00143601000309e-02, 4.00143601000309e-02, 4.00143601000309e-02, 4.00143601000309e-02, 4.00143601000309e-02, 4.00143601000309e-02, 4.00143601000309e-02, 4.00143601000309e-02, 4.00143601000309e-02, 4.00143601000309e-02, 4.00143601000309e-02, 4.00143601000309e-02, 4.00143601000309e-02, 4.00143601000309e-02, 4.00143601000309e-02, 4.00143601000309e-02, 4.00143601000309e-02, 4.00143601000309e-02, 4.00143601000309e-02, 4.00143601000309e-02, 4.00143601000309e-02, 4.00143601000309e-02, 4.00143601000309e-02, 4.00143601000309e-02, 4.00143601000309e-02, 4.00143601000309e-02, 4.00143601000309e-02, 4.00143601000309e-02, 4.00143601000309e-02, 4.00143601000309e-02, 4.00143601000309e-02, 4.00143601000309e-02, 4.00143601000309e-02, 4.00143601000309e-02, 4.00143601000309e-02, 4.00143601000309e-02, 4.00143601000309e-02, 4.00143601000309e-02, 4.00143601000309e-02, 4.00143601000309e-02, 4.00143601000309e-02, 4.00143601000309e-02, 4.00143601000309e-02, 4.00143601000309e-02, 4.00143601000309e-02, 4.00143601000309e-02, 4.00143601000309e-02]
che3.y=[0e+00, 3.478589860606007e-09, 3.38735617333441e-09, 3.35921868099831e-09, 3.350407951074885e-09, 3.347508936712984e-09, 3.346428911754629e-09, 3.346087851241464e-09, 3.345917320984881e-09, 3.345746790728299e-09, 3.345633103890577e-09, 3.345519417052856e-09, 3.345405730215134e-09, 3.345235199958552e-09, 3.34512151312083e-09, 3.345007826283108e-09, 3.344894139445387e-09, 3.344780452607665e-09, 3.344723609188804e-09, 3.344609922351083e-09, 3.344496235513361e-09, 3.344325705256779e-09, 3.344268861837918e-09, 3.344098331581336e-09, 3.344041488162475e-09, 3.343927801324753e-09, 3.343814114487031e-09, 3.343643584230449e-09, 3.343529897392727e-09, 3.343416210555006e-09, 3.343359367136145e-09, 3.343245680298423e-09, 3.343075150041841e-09, 3.342961463204119e-09, 3.342904619785259e-09, 3.342734089528676e-09, 3.342677246109815e-09, 3.342506715853233e-09, 3.342393029015511e-09, 3.34227934217779e-09, 3.342165655340068e-09, 3.342108811921207e-09, 3.341995125083486e-09, 3.341824594826903e-09, 3.341710907989182e-09, 3.34159722115146e-09, 3.341483534313738e-09, 3.341369847476017e-09, 3.341256160638295e-09, 3.341142473800573e-09, 3.341028786962852e-09, 3.340971943543991e-09, 3.340801413287409e-09, 3.340687726449687e-09, 3.340574039611965e-09, 3.340460352774244e-09, 3.340346665936522e-09, 3.340232979098801e-09, 3.340119292261079e-09, 3.340005605423357e-09, 3.339891918585636e-09, 3.339778231747914e-09, 3.339664544910192e-09, 3.339550858072471e-09, 3.339437171234749e-09, 3.339323484397028e-09, 3.339209797559306e-09, 3.339096110721584e-09, 3.338982423883863e-09, 3.33881189362728e-09, 3.338698206789559e-09, 3.338641363370698e-09, 3.338527676532976e-09, 3.338357146276394e-09, 3.338243459438672e-09, 3.338186616019811e-09, 3.33807292918209e-09, 3.337902398925507e-09, 3.337788712087786e-09, 3.337675025250064e-09, 3.337561338412343e-09, 3.337447651574621e-09, 3.337333964736899e-09, 3.337277121318039e-09, 3.337163434480317e-09, 3.336992904223735e-09, 3.336936060804874e-09, 3.336765530548291e-09, 3.33665184371057e-09, 3.336538156872848e-09, 3.336424470035126e-09, 3.336310783197405e-09, 3.336253939778544e-09, 3.336083409521962e-09, 3.33596972268424e-09, 3.335856035846518e-09, 3.335685505589936e-09, 3.335628662171075e-09, 3.335514975333354e-09, 3.335401288495632e-09, 3.33528760165791e-09]
che6.y=[0e+00, -4.344026744365692e-02, -4.161285236477852e-02, -4.066793620586395e-02, -4.026487097144127e-02, -4.010692983865738e-02, -4.004588350653648e-02, -4.002572223544121e-02, -4.00194339454174e-02, -4.001664742827415e-02, -4.001514241099358e-02, -4.001449793577194e-02, -4.001404345035553e-02, -4.00138646364212e-02, -4.001395776867867e-02, -4.001401737332344e-02, -4.001408070325851e-02, -4.001414030790329e-02, -4.001420363783836e-02, -4.001426324248314e-02, -4.001430422067642e-02, -4.001430794596672e-02, -4.001431167125702e-02, -4.001431912183762e-02, -4.001432284712791e-02, -4.001432657241821e-02, -4.001433029770851e-02, -4.001433774828911e-02, -4.001434147357941e-02, -4.001434519886971e-02, -4.001434892416e-02, -4.00143563747406e-02, -4.00143563747406e-02, -4.00143563747406e-02, -4.00143563747406e-02, -4.00143563747406e-02, -4.00143563747406e-02, -4.00143563747406e-02, -4.00143563747406e-02, -4.00143563747406e-02, -4.00143563747406e-02, -4.00143563747406e-02, -4.00143563747406e-02, -4.00143563747406e-02, -4.00143563747406e-02, -4.00143563747406e-02, -4.00143563747406e-02, -4.00143601000309e-02, -4.00143601000309e-02, -4.00143601000309e-02, -4.00143601000309e-02, -4.00143601000309e-02, -4.00143601000309e-02, -4.00143601000309e-02, -4.00143601000309e-02, -4.00143601000309e-02, -4.00143601000309e-02, -4.00143601000309e-02, -4.00143601000309e-02, -4.00143601000309e-02, -4.00143601000309e-02, -4.00143601000309e-02, -4.00143601000309e-02, -4.00143601000309e-02, -4.00143601000309e-02, -4.00143601000309e-02, -4.00143601000309e-02, -4.00143601000309e-02, -4.00143601000309e-02, -4.00143601000309e-02, -4.00143601000309e-02, -4.00143601000309e-02, -4.00143601000309e-02, -4.00143601000309e-02, -4.00143601000309e-02, -4.00143601000309e-02, -4.00143601000309e-02, -4.00143601000309e-02, -4.00143601000309e-02, -4.00143601000309e-02, -4.00143601000309e-02, -4.00143601000309e-02, -4.00143601000309e-02, -4.00143601000309e-02, -4.00143601000309e-02, -4.00143601000309e-02, -4.00143601000309e-02, -4.00143601000309e-02, -4.00143601000309e-02, -4.00143601000309e-02, -4.00143601000309e-02, -4.00143601000309e-02, -4.00143601000309e-02, -4.00143601000309e-02, -4.00143601000309e-02, -4.00143601000309e-02, -4.00143601000309e-02, -4.00143601000309e-02, -4.00143601000309e-02, -4.00143601000309e-02, -4.00143601000309e-02]
che20.y=[0e+00, -1.214306433183765e-17, -3.122502256758253e-17, -5.377642775528102e-17, -7.28583859910259e-17, -7.806255641895632e-17, -5.724587470723463e-17, -3.295974604355934e-17, -6.418476861114186e-17, -8.326672684688674e-17, -6.418476861114186e-17, -5.551115123125783e-17, -5.204170427930421e-17, -5.204170427930421e-17, -5.724587470723462e-17, -5.724587470723463e-17, -6.071532165918825e-17, -6.071532165918825e-17, -6.418476861114186e-17, -6.591949208711867e-17, -6.591949208711867e-17, -6.765421556309548e-17, -6.591949208711867e-17, -6.591949208711867e-17, -6.591949208711867e-17, -6.591949208711867e-17, -6.591949208711867e-17, -6.591949208711864e-17, -6.24500451351651e-17, -6.245004513516506e-17, -6.245004513516506e-17, -6.418476861114186e-17, -6.245004513516506e-17, -6.418476861114186e-17, -6.245004513516506e-17, -6.245004513516506e-17, -6.245004513516506e-17, -6.418476861114186e-17, -6.245004513516506e-17, -6.245004513516506e-17, -6.245004513516506e-17, -6.071532165918825e-17, -6.245004513516506e-17, -6.418476861114186e-17, -6.071532165918825e-17, -6.071532165918825e-17, -6.245004513516506e-17, -6.071532165918825e-17, -6.245004513516506e-17, -6.245004513516506e-17, -6.071532165918825e-17, -6.071532165918825e-17, -6.245004513516506e-17, -6.071532165918825e-17, -5.898059818321155e-17, -6.071532165918825e-17, -6.07153216591882e-17, -6.245004513516506e-17, -6.071532165918825e-17, -5.898059818321144e-17, -6.071532165918825e-17, -6.245004513516506e-17, -6.071532165918825e-17, -6.071532165918825e-17, -6.245004513516506e-17, -6.071532165918825e-17, -6.071532165918825e-17, -6.245004513516506e-17, -6.245004513516506e-17, -6.071532165918825e-17, -6.245004513516506e-17, -6.071532165918825e-17, -6.245004513516506e-17, -5.898059818321144e-17, -6.071532165918825e-17, -6.071532165918825e-17, -6.071532165918825e-17, -6.071532165918825e-17, -6.245004513516506e-17, -6.071532165918825e-17, -6.245004513516506e-17, -6.071532165918825e-17, -6.071532165918825e-17, -6.071532165918825e-17, -6.418476861114186e-17, -6.071532165918825e-17, -6.071532165918825e-17, -6.245004513516506e-17, -6.245004513516506e-17, -6.071532165918825e-17, -6.418476861114186e-17, -6.245004513516506e-17, -6.245004513516506e-17, -6.071532165918825e-17, -6.245004513516506e-17, -6.245004513516506e-17, -6.418476861114186e-17, -6.418476861114186e-17, -6.245004513516506e-17, -6.245004513516506e-17, -1.058181320345852e-16]
che7.y=[0e+00, -3.478419330349425e-09, -3.387185643077828e-09, -3.359048150741728e-09, -3.350237420818303e-09, -3.347338406456402e-09, -3.346258381498046e-09, -3.345917320984881e-09, -3.345746790728299e-09, -3.345633103890577e-09, -3.345462573633995e-09, -3.345348886796273e-09, -3.345235199958552e-09, -3.34512151312083e-09, -3.345007826283108e-09, -3.344894139445387e-09, -3.344780452607665e-09, -3.344666765769944e-09, -3.344553078932222e-09, -3.3444393920945e-09, -3.344325705256779e-09, -3.344212018419057e-09, -3.344098331581336e-09, -3.343984644743614e-09, -3.343814114487031e-09, -3.343757271068171e-09, -3.343643584230449e-09, -3.343529897392727e-09, -3.343416210555006e-09, -3.343302523717284e-09, -3.343188836879563e-09, -3.343075150041841e-09, -3.342904619785259e-09, -3.342847776366398e-09, -3.342734089528676e-09, -3.342620402690955e-09, -3.342506715853233e-09, -3.342393029015511e-09, -3.34227934217779e-09, -3.342165655340068e-09, -3.341995125083486e-09, -3.341881438245764e-09, -3.341824594826903e-09, -3.341710907989182e-09, -3.341540377732599e-09, -3.341426690894878e-09, -3.341313004057156e-09, -3.341199317219434e-09, -3.341142473800573e-09, -3.340971943543991e-09, -3.34091510012513e-09, -3.340744569868548e-09, -3.340687726449687e-09, -3.340574039611965e-09, -3.340403509355383e-09, -3.340289822517661e-09, -3.34017613567994e-09, -3.340062448842218e-09, -3.340005605423357e-09, -3.339891918585636e-09, -3.339721388329053e-09, -3.339607701491332e-09, -3.33949401465361e-09, -3.339437171234749e-09, -3.339266640978167e-09, -3.339152954140445e-09, -3.339039267302724e-09, -3.338925580465002e-09, -3.33881189362728e-09, -3.338698206789559e-09, -3.338641363370698e-09, -3.338470833114116e-09, -3.338357146276394e-09, -3.338300302857533e-09, -3.338129772600951e-09, -3.338016085763229e-09, -3.337845555506647e-09, -3.337788712087786e-09, -3.337675025250064e-09, -3.337561338412343e-09, -3.337447651574621e-09, -3.337333964736899e-09, -3.337163434480317e-09, -3.337049747642595e-09, -3.336936060804874e-09, -3.336879217386013e-09, -3.33670868712943e-09, -3.33665184371057e-09, -3.336538156872848e-09, -3.336367626616266e-09, -3.336310783197405e-09, -3.336197096359683e-09, -3.336083409521962e-09, -3.33596972268424e-09, -3.335799192427658e-09, -3.335742349008797e-09, -3.335571818752214e-09, -3.335514975333354e-09, -3.335401288495632e-09, -3.335230758239049e-09, -3.335173914820189e-09]
che13.y=[0e+00, -9.628357139357391e-13, -1.261104068395191e-12, -1.35288134861522e-12, -1.381289180257816e-12, -1.390491888297873e-12, -1.3935588794034e-12, -1.394355117478874e-12, -1.394530324549947e-12, -1.394637877405458e-12, -1.394696858003641e-12, -1.394721144132305e-12, -1.394741960814017e-12, -1.394743695537493e-12, -1.394738491367065e-12, -1.394738491367065e-12, -1.394735021920113e-12, -1.394735021920113e-12, -1.394735021920113e-12, -1.394729817749685e-12, -1.394729817749685e-12, -1.394729817749685e-12, -1.394731552473161e-12, -1.394729817749685e-12, -1.394729817749685e-12, -1.394729817749685e-12, -1.394731552473161e-12, -1.394728083026209e-12, -1.394729817749685e-12, -1.394729817749685e-12, -1.394728083026209e-12, -1.394728083026209e-12, -1.394728083026209e-12, -1.394728083026209e-12, -1.394729817749685e-12, -1.394728083026209e-12, -1.394728083026209e-12, -1.394728083026209e-12, -1.394729817749685e-12, -1.394729817749685e-12, -1.394728083026209e-12, -1.394731552473161e-12, -1.394728083026209e-12, -1.394729817749685e-12, -1.394729817749685e-12, -1.394731552473161e-12, -1.394729817749685e-12, -1.394729817749685e-12, -1.394729817749685e-12, -1.394729817749685e-12, -1.394731552473161e-12, -1.394731552473161e-12, -1.394729817749685e-12, -1.394729817749685e-12, -1.394731552473161e-12, -1.394731552473161e-12, -1.394729817749685e-12, -1.394729817749685e-12, -1.394729817749685e-12, -1.394731552473161e-12, -1.394729817749685e-12, -1.394729817749685e-12, -1.394731552473161e-12, -1.394729817749685e-12, -1.394729817749685e-12, -1.394729817749685e-12, -1.394729817749685e-12, -1.394728083026209e-12, -1.394729817749685e-12, -1.394731552473161e-12, -1.394728083026209e-12, -1.394728083026209e-12, -1.394728083026209e-12, -1.394729817749685e-12, -1.394728083026209e-12, -1.394728083026209e-12, -1.394729817749685e-12, -1.394729817749685e-12, -1.394728083026209e-12, -1.394728083026209e-12, -1.394728083026209e-12, -1.394726348302733e-12, -1.394726348302733e-12, -1.394729817749685e-12, -1.394728083026209e-12, -1.394726348302733e-12, -1.394726348302733e-12, -1.394728083026209e-12, -1.394726348302733e-12, -1.394726348302733e-12, -1.394726348302733e-12, -1.394726348302733e-12, -1.394726348302733e-12, -1.394726348302733e-12, -1.394726348302733e-12, -1.394724613579257e-12, -1.394724613579257e-12, -1.394726348302733e-12, -1.394728083026209e-12, -1.394726348302733e-12, -1.394726348302733e-12]
che14.y=[0e+00, -5.712297934223898e-06, -1.18452990136575e-05, -1.509413505118573e-05, -1.651553066039924e-05, -1.708647505438421e-05, -1.7311876945314e-05, -1.738892206049059e-05, -1.741405503707938e-05, -1.742511267366353e-05, -1.743101529427804e-05, -1.743356369843241e-05, -1.743536631693132e-05, -1.743607026583049e-05, -1.74357155628968e-05, -1.743547181831673e-05, -1.743522807373665e-05, -1.743498432915658e-05, -1.74347405845765e-05, -1.743449502100702e-05, -1.743433858791832e-05, -1.743432039802428e-05, -1.743430038914084e-05, -1.743428219924681e-05, -1.743426400935277e-05, -1.743424400046933e-05, -1.74342258105753e-05, -1.743420762068126e-05, -1.743418761179782e-05, -1.743416942190379e-05, -1.743415123200975e-05, -1.743413122312631e-05, -1.743412940413691e-05, -1.743412940413691e-05, -1.743412940413691e-05, -1.743412758514751e-05, -1.743412758514751e-05, -1.74341257661581e-05, -1.74341257661581e-05, -1.74341257661581e-05, -1.74341239471687e-05, -1.74341239471687e-05, -1.74341221281793e-05, -1.74341221281793e-05, -1.743412030918989e-05, -1.743412030918989e-05, -1.743412030918989e-05, -1.743411849020049e-05, -1.743411849020049e-05, -1.743411667121109e-05, -1.743411667121109e-05, -1.743411667121109e-05, -1.743411485222168e-05, -1.743411485222168e-05, -1.743411303323228e-05, -1.743411303323228e-05, -1.743411303323228e-05, -1.743411303323228e-05, -1.743411303323228e-05, -1.743411303323228e-05, -1.743411303323228e-05, -1.743411303323228e-05, -1.743411303323228e-05, -1.743411303323228e-05, -1.743411303323228e-05, -1.743411303323228e-05, -1.743411303323228e-05, -1.743411303323228e-05, -1.743411303323228e-05, -1.743411303323228e-05, -1.743411303323228e-05, -1.743411303323228e-05, -1.743411303323228e-05, -1.743411303323228e-05, -1.743411303323228e-05, -1.743411303323228e-05, -1.743411303323228e-05, -1.743411303323228e-05, -1.743411303323228e-05, -1.743411303323228e-05, -1.743411303323228e-05, -1.743411303323228e-05, -1.743411303323228e-05, -1.743411303323228e-05, -1.743411303323228e-05, -1.743411303323228e-05, -1.743411303323228e-05, -1.743411303323228e-05, -1.743411303323228e-05, -1.743411303323228e-05, -1.743411303323228e-05, -1.743411303323228e-05, -1.743411303323228e-05, -1.743411303323228e-05, -1.743411303323228e-05, -1.743411303323228e-05, -1.743411303323228e-05, -1.743411303323228e-05, -1.743411303323228e-05, -1.743411303323228e-05, -1.743411303323228e-05]
