last-generated=2023-02-27
statistics-initialization=
{
  "nonlinear": "0, 33, 0, 0, 0, 0, 0, 0, 0, 0, 0, 0, 0, 0, 0, 0, 0, 0, 0, 0, 0, 0, 0, 0, 0, 0, 0,   0, 0, 1, 1, 0, 1, 0, 0, 1",
  "numerical Jacobians": "0"
}
statistics-simulation=
{
  "linear": "24",
  "nonlinear": "0, 29, 1, 1, 0, 1, 0, 0, 1",
  "number of continuous time states": "74",
  "numerical Jacobians": "0"
}
time=[0e+00, 1e+03]
pmpNorth.m_flow=[0e+00, 3.935716152191162e+00, 5.78012228012085e+00, 5.809342384338379e+00, 5.690182209014893e+00, 5.605280876159668e+00, 5.558019638061523e+00, 5.541224002838135e+00, 5.548270225524902e+00, 5.572471141815186e+00, 5.607348918914795e+00, 5.646793365478516e+00, 5.681474208831787e+00, 5.721677303314209e+00, 5.762466907501221e+00, 5.800252914428711e+00, 5.834192276000977e+00, 5.864265441894531e+00, 5.890666484832764e+00, 5.913689136505127e+00, 5.933645248413086e+00, 5.950786113739014e+00, 5.965285301208496e+00, 5.977313041687012e+00, 5.98700475692749e+00, 5.994470119476318e+00, 5.999790191650391e+00, 6.390179634094238e+00, 6.807237148284912e+00, 6.980994701385498e+00, 7.000592231750488e+00, 6.95805835723877e+00, 6.904630184173584e+00, 6.857947826385498e+00, 6.819043636322021e+00, 6.78508186340332e+00, 6.752788543701172e+00, 6.716510772705078e+00, 6.678959369659424e+00, 6.641190528869629e+00, 6.59956693649292e+00, 6.552510738372803e+00, 6.499259471893311e+00, 6.439375400543213e+00, 6.372335433959961e+00, 6.297475814819336e+00, 6.21409273147583e+00, 6.121408939361572e+00, 6.018584728240967e+00, 5.904729843139648e+00, 5.778928279876709e+00, 4.472053050994873e+00, 1.74605929851532e+00, 5.00965416431427e-01, 9.148285537958145e-02, 1.823195070028305e-02, 1.286785677075386e-02, 1.196958776563406e-02, 1.17085063830018e-02, 1.123008504509926e-02, 1.065149623900652e-02, 9.964372962713242e-03, 9.177644737064838e-03, 8.295894600450993e-03, 7.330140098929405e-03, 6.302184890955687e-03, 5.245588719844818e-03, 4.203140269964933e-03, 3.222886938601732e-03, 2.350244671106339e-03, 1.619174610823393e-03, 1.046130666509271e-03, 6.284316186793149e-04, 3.469527582637966e-04, 1.737322163535282e-04, 7.813912816345692e-05, 3.221941733499989e-05, 1.337460344075225e-05, 6.541486982314382e-06, 5.090399554319447e-06, 5.139254881214583e-06, 4.759726380143547e-06, 3.715567572726286e-06, 2.523259354347829e-06, 1.519722445664229e-06, 8.466714689348009e-07, 4.2895177898572e-07, 2.04891279054209e-07, 9.476531204200001e-08, 3.935086922979281e-08, 1.583899411627954e-08, 7.146369274124709e-09, 3.537308668200012e-09, 1.762933132809508e-09, 8.488133529382935e-10, 4.386128682476453e-10, 2.847884428280878e-10, 2.54490040152433e-10, 2.845834123910151e-10, 3.273635251765938e-10, 3.242312529572189e-10]
pmpSouth.m_flow=[0e+00, 3.541318655014038e+00, 5.228497505187988e+00, 5.277728080749512e+00, 5.183719158172607e+00, 5.115033149719238e+00, 5.076891899108887e+00, 5.063899517059326e+00, 5.070749282836914e+00, 5.091948986053467e+00, 5.122120380401611e+00, 5.155604362487793e+00, 5.185930252075195e+00, 5.221058368682861e+00, 5.256435394287109e+00, 5.289236068725586e+00, 5.318795680999756e+00, 5.345093727111816e+00, 5.368279933929443e+00, 5.388583660125732e+00, 5.406248569488525e+00, 5.421470165252686e+00, 5.434384346008301e+00, 5.44512414932251e+00, 5.45379638671875e+00, 5.460487842559814e+00, 5.465262413024902e+00, 5.77754545211792e+00, 6.105734348297119e+00, 6.243703842163086e+00, 6.263340473175049e+00, 6.234079837799072e+00, 6.194774627685547e+00, 6.159267902374268e+00, 6.128762245178223e+00, 6.101339340209961e+00, 6.074657917022705e+00, 6.043642520904541e+00, 6.012744426727295e+00, 5.980925559997559e+00, 5.945636749267578e+00, 5.905820846557617e+00, 5.860954284667969e+00, 5.810717105865479e+00, 5.754711627960205e+00, 5.69243335723877e+00, 5.623339653015137e+00, 5.546823501586914e+00, 5.462219715118408e+00, 5.36880350112915e+00, 5.265803337097168e+00, 4.085243225097656e+00, 1.595187187194824e+00, 4.622535109519958e-01, 8.165042102336884e-02, 1.622006669640541e-02, 1.14579675719142e-02, 1.067470479756594e-02, 1.046416629105806e-02, 1.006433553993702e-02, 9.579252451658249e-03, 9.000547230243683e-03, 8.33474937826395e-03, 7.583559025079012e-03, 6.753301713615656e-03, 5.859045311808586e-03, 4.926288966089487e-03, 3.990094643086195e-03, 3.093032166361809e-03, 2.278947737067938e-03, 1.584418467245996e-03, 1.03131600189954e-03, 6.230031722225249e-04, 3.453046665526927e-04, 1.732826203806326e-04, 7.804397318977863e-05, 3.220483631594107e-05, 1.337132289336296e-05, 6.5435228862043e-06, 5.089505521027604e-06, 5.137237621966051e-06, 4.755177997139981e-06, 3.707568566824193e-06, 2.512285163902561e-06, 1.507677779954975e-06, 8.355100931112247e-07, 4.202717036605463e-07, 1.989639031307888e-07, 9.108530463208808e-08, 3.74097695043929e-08, 1.489268441901004e-08, 6.649563122351765e-09, 3.26045879184278e-09, 1.611648814403566e-09, 7.705956983627971e-10, 3.959105265849416e-10, 2.558575851185907e-10, 2.277696642405402e-10, 2.539229104758789e-10, 2.913728702758078e-10, 2.880073957101104e-10]
