last-generated=2018-07-20
statistics-simulation=
{
  "linear": "0, 0, 0, 0, 0, 0, 0, 0, 0, 0, 0, 0, 0, 0, 0, 0, 0, 0, 0, 0",
  "nonlinear": " ",
  "number of continuous time states": "42",
  "numerical Jacobians": "0"
}
time=[0e+00, 3.6e+05]
TBorOut.T=[2.931499938964844e+02, 2.981427612304688e+02, 2.982150268554688e+02, 2.982149047851562e+02, 2.982149047851562e+02, 2.982149047851562e+02, 2.982149047851562e+02, 2.982149047851562e+02, 2.982149047851562e+02, 2.982149047851562e+02, 2.982149047851562e+02, 2.982149047851562e+02, 2.982149047851562e+02, 2.982149047851562e+02, 2.982149047851562e+02, 2.982149047851562e+02, 2.982149047851562e+02, 2.982149047851562e+02, 2.982149047851562e+02, 2.982149047851562e+02, 2.982149047851562e+02, 2.982149047851562e+02, 2.982149047851562e+02, 2.982149047851562e+02, 2.982149047851562e+02, 2.982149047851562e+02, 2.982149047851562e+02, 2.982149047851562e+02, 2.982149047851562e+02, 2.982149047851562e+02, 2.982149047851562e+02, 2.982149047851562e+02, 2.982149047851562e+02, 2.982149047851562e+02, 2.982149047851562e+02, 2.982149047851562e+02, 2.982149047851562e+02, 2.982149047851562e+02, 2.982149047851562e+02, 2.982149047851562e+02, 2.982149047851562e+02, 2.982149047851562e+02, 2.982149047851562e+02, 2.982149047851562e+02, 2.982149047851562e+02, 2.982149047851562e+02, 2.982149047851562e+02, 2.982149047851562e+02, 2.982149047851562e+02, 2.982149047851562e+02, 2.982149047851562e+02, 2.982149047851562e+02, 2.982149047851562e+02, 2.982149047851562e+02, 2.982149047851562e+02, 2.982149047851562e+02, 2.982149047851562e+02, 2.982149047851562e+02, 2.982149047851562e+02, 2.982149047851562e+02, 2.982149047851562e+02, 2.982149047851562e+02, 2.982149047851562e+02, 2.982149047851562e+02, 2.982149047851562e+02, 2.982149047851562e+02, 2.982149047851562e+02, 2.982149047851562e+02, 2.982149047851562e+02, 2.982149047851562e+02, 2.982149047851562e+02, 2.982149047851562e+02, 2.982149047851562e+02, 2.982149047851562e+02, 2.982149047851562e+02, 2.982149047851562e+02, 2.982149047851562e+02, 2.982149047851562e+02, 2.982149047851562e+02, 2.982149047851562e+02, 2.982149047851562e+02, 2.982149047851562e+02, 2.982149047851562e+02, 2.982149047851562e+02, 2.982149047851562e+02, 2.982149047851562e+02, 2.982149047851562e+02, 2.982149047851562e+02, 2.982149047851562e+02, 2.982149047851562e+02, 2.982149047851562e+02, 2.982149047851562e+02, 2.982149047851562e+02, 2.982149047851562e+02, 2.982149047851562e+02, 2.982149047851562e+02, 2.982149047851562e+02, 2.982149047851562e+02, 2.982149047851562e+02, 2.982149047851562e+02, 2.982149047851562e+02]
TBorIn.T=[2.931499938964844e+02, 3.031499938964844e+02, 3.031499938964844e+02, 3.031499938964844e+02, 3.031499938964844e+02, 3.031499938964844e+02, 3.031499938964844e+02, 3.031499938964844e+02, 3.031499938964844e+02, 3.031499938964844e+02, 3.031499938964844e+02, 3.031499938964844e+02, 3.031499938964844e+02, 3.031499938964844e+02, 3.031499938964844e+02, 3.031499938964844e+02, 3.031499938964844e+02, 3.031499938964844e+02, 3.031499938964844e+02, 3.031499938964844e+02, 3.031499938964844e+02, 3.031499938964844e+02, 3.031499938964844e+02, 3.031499938964844e+02, 3.031499938964844e+02, 3.031499938964844e+02, 3.031499938964844e+02, 3.031499938964844e+02, 3.031499938964844e+02, 3.031499938964844e+02, 3.031499938964844e+02, 3.031499938964844e+02, 3.031499938964844e+02, 3.031499938964844e+02, 3.031499938964844e+02, 3.031499938964844e+02, 3.031499938964844e+02, 3.031499938964844e+02, 3.031499938964844e+02, 3.031499938964844e+02, 3.031499938964844e+02, 3.031499938964844e+02, 3.031499938964844e+02, 3.031499938964844e+02, 3.031499938964844e+02, 3.031499938964844e+02, 3.031499938964844e+02, 3.031499938964844e+02, 3.031499938964844e+02, 3.031499938964844e+02, 3.031499938964844e+02, 3.031499938964844e+02, 3.031499938964844e+02, 3.031499938964844e+02, 3.031499938964844e+02, 3.031499938964844e+02, 3.031499938964844e+02, 3.031499938964844e+02, 3.031499938964844e+02, 3.031499938964844e+02, 3.031499938964844e+02, 3.031499938964844e+02, 3.031499938964844e+02, 3.031499938964844e+02, 3.031499938964844e+02, 3.031499938964844e+02, 3.031499938964844e+02, 3.031499938964844e+02, 3.031499938964844e+02, 3.031499938964844e+02, 3.031499938964844e+02, 3.031499938964844e+02, 3.031499938964844e+02, 3.031499938964844e+02, 3.031499938964844e+02, 3.031499938964844e+02, 3.031499938964844e+02, 3.031499938964844e+02, 3.031499938964844e+02, 3.031499938964844e+02, 3.031499938964844e+02, 3.031499938964844e+02, 3.031499938964844e+02, 3.031499938964844e+02, 3.031499938964844e+02, 3.031499938964844e+02, 3.031499938964844e+02, 3.031499938964844e+02, 3.031499938964844e+02, 3.031499938964844e+02, 3.031499938964844e+02, 3.031499938964844e+02, 3.031499938964844e+02, 3.031499938964844e+02, 3.031499938964844e+02, 3.031499938964844e+02, 3.031499938964844e+02, 3.031499938964844e+02, 3.031499938964844e+02, 3.031499938964844e+02, 3.031499938964844e+02]
