last-generated=2018-08-24
statistics-initialization=
{
  "linear": "30, 100",
  "nonlinear": "1, 1, 1, 0, 1, 0",
  "numerical Jacobians": "0"
}
statistics-simulation=
{
  "linear": "0, 0, 0, 0, 0, 0, 0, 0, 0, 0, 0, 0, 0, 0, 0, 0, 0, 0, 0, 0, 0, 0, 0, 0, 0, 0, 0,   0, 0, 0, 0, 0, 0, 0, 0, 0, 0, 0, 0, 0, 0, 0, 0, 0, 0, 0, 0, 0, 0, 0, 0, 0, 0,   0, 0, 0, 0, 0, 0, 0",
  "nonlinear": " ",
  "number of continuous time states": "120",
  "numerical Jacobians": "0"
}
TBor1UTubSteSta.T=[2.982149047851562e+02, 2.982149047851562e+02]
TBor1UTubDyn.T=[2.931499938964844e+02, 2.932194213867188e+02, 2.933413696289062e+02, 2.935235290527344e+02, 2.938660583496094e+02, 2.942949829101562e+02, 2.9473388671875e+02, 2.951653137207031e+02, 2.955782775878906e+02, 2.959630432128906e+02, 2.96313232421875e+02, 2.966256713867188e+02, 2.968996276855469e+02, 2.971363220214844e+02, 2.973380126953125e+02, 2.975079040527344e+02, 2.976493835449219e+02, 2.977660522460938e+02, 2.97861328125e+02, 2.979384765625e+02, 2.980003662109375e+02, 2.980496826171875e+02, 2.98088623046875e+02, 2.98119140625e+02, 2.981428833007812e+02, 2.981612243652344e+02, 2.981752624511719e+02, 2.981859436035156e+02, 2.981939697265625e+02, 2.981999816894531e+02, 2.982044372558594e+02, 2.982077026367188e+02, 2.982100524902344e+02, 2.982117309570312e+02, 2.982129211425781e+02, 2.982137451171875e+02, 2.982143249511719e+02, 2.982146911621094e+02, 2.982149047851562e+02, 2.982150573730469e+02, 2.982151184082031e+02, 2.982151489257812e+02, 2.982151489257812e+02, 2.982151489257812e+02, 2.982151184082031e+02, 2.98215087890625e+02, 2.98215087890625e+02, 2.982150573730469e+02, 2.982150268554688e+02, 2.982149963378906e+02, 2.982149963378906e+02, 2.982149658203125e+02, 2.982149658203125e+02, 2.982149658203125e+02, 2.982149353027344e+02, 2.982149353027344e+02, 2.982149353027344e+02, 2.982149353027344e+02, 2.982149047851562e+02, 2.982149047851562e+02, 2.982149047851562e+02, 2.982149047851562e+02, 2.982149047851562e+02, 2.982149047851562e+02, 2.982149047851562e+02, 2.982149047851562e+02, 2.982149047851562e+02, 2.982149047851562e+02, 2.982149047851562e+02, 2.982149047851562e+02, 2.982149047851562e+02, 2.982149047851562e+02, 2.982149047851562e+02, 2.982149047851562e+02, 2.982149047851562e+02, 2.982149047851562e+02, 2.982149047851562e+02, 2.982149047851562e+02, 2.982149047851562e+02, 2.982149047851562e+02, 2.982149047851562e+02, 2.982149047851562e+02, 2.982149047851562e+02, 2.982149047851562e+02, 2.982149047851562e+02, 2.982149047851562e+02, 2.982149047851562e+02, 2.982149047851562e+02, 2.982149047851562e+02, 2.982149047851562e+02, 2.982149047851562e+02, 2.982149047851562e+02, 2.982149047851562e+02, 2.982149047851562e+02, 2.982149047851562e+02, 2.982149047851562e+02, 2.982149047851562e+02, 2.982149047851562e+02, 2.982149047851562e+02, 2.982149047851562e+02, 2.982149047851562e+02]
time=[0e+00, 1.5e+04]
TBor2UTubSteSta.T=[2.961978454589844e+02, 2.961978454589844e+02]
TBor2UTubDyn.T=[2.931499938964844e+02, 2.932629089355469e+02, 2.934017944335938e+02, 2.934989929199219e+02, 2.935664672851562e+02, 2.93621826171875e+02, 2.936848754882812e+02, 2.937757873535156e+02, 2.939087219238281e+02, 2.940873718261719e+02, 2.943052673339844e+02, 2.9454931640625e+02, 2.948035888671875e+02, 2.950530395507812e+02, 2.95285400390625e+02, 2.95492431640625e+02, 2.95669677734375e+02, 2.958160705566406e+02, 2.959329528808594e+02, 2.960232543945312e+02, 2.960907287597656e+02, 2.961393432617188e+02, 2.961730041503906e+02, 2.961951293945312e+02, 2.962086791992188e+02, 2.96216064453125e+02, 2.962192077636719e+02, 2.962195739746094e+02, 2.962182312011719e+02, 2.962159423828125e+02, 2.962132873535156e+02, 2.962105712890625e+02, 2.962080383300781e+02, 2.962057495117188e+02, 2.962038269042969e+02, 2.962022399902344e+02, 2.962009582519531e+02, 2.96199951171875e+02, 2.9619921875e+02, 2.961986694335938e+02, 2.961982727050781e+02, 2.96197998046875e+02, 2.961978149414062e+02, 2.961977233886719e+02, 2.961976623535156e+02, 2.961976318359375e+02, 2.961976318359375e+02, 2.961976623535156e+02, 2.961976623535156e+02, 2.961976928710938e+02, 2.961977233886719e+02, 2.9619775390625e+02, 2.9619775390625e+02, 2.961977844238281e+02, 2.961977844238281e+02, 2.961978149414062e+02, 2.961978149414062e+02, 2.961978149414062e+02, 2.961978454589844e+02, 2.961978454589844e+02, 2.961978454589844e+02, 2.961978454589844e+02, 2.961978454589844e+02, 2.961978454589844e+02, 2.961978454589844e+02, 2.961978454589844e+02, 2.961978454589844e+02, 2.961978454589844e+02, 2.961978454589844e+02, 2.961978454589844e+02, 2.961978454589844e+02, 2.961978454589844e+02, 2.961978454589844e+02, 2.961978454589844e+02, 2.961978454589844e+02, 2.961978454589844e+02, 2.961978454589844e+02, 2.961978454589844e+02, 2.961978454589844e+02, 2.961978454589844e+02, 2.961978454589844e+02, 2.961978454589844e+02, 2.961978454589844e+02, 2.961978454589844e+02, 2.961978454589844e+02, 2.961978454589844e+02, 2.961978454589844e+02, 2.961978454589844e+02, 2.961978454589844e+02, 2.961978454589844e+02, 2.961978454589844e+02, 2.961978454589844e+02, 2.961978454589844e+02, 2.961978454589844e+02, 2.961978454589844e+02, 2.961978454589844e+02, 2.961978454589844e+02, 2.961978454589844e+02, 2.961978454589844e+02, 2.961978454589844e+02, 2.961978454589844e+02]
