last-generated=2022-04-01
statistics-simulation=
{
  "linear": " ",
  "nonlinear": " ",
  "numerical Jacobians": "0"
}
time=[-1e+04, 1e+06]
weeklySchedule.y[1]=[1.23e+02, 1.23e+02, 1.23e+02, 1.23e+02, 1.23e+02, 1.23e+02, 1.23e+02, 1.23e+02, 1.23e+02, 1.23e+02, 1.23e+02, 1.23e+02, 1.23e+02, 1.23e+02, 1.23e+02, 1.23e+02, 1.23e+02, 1.23e+02, 1.23e+02, 1.2e+01, 1.2e+01, 1.2e+01, 1.2e+01, 1.2e+01, 1.2e+01, 1.2e+01, 1.2e+01, 1.2e+01, 1.2e+01, 1.2e+01, 1.2e+01, 1.2e+01, 1.2e+01, 1.2e+01, 1.23e+02, 1.23e+02, 1.23e+02, 1.23e+02, 1.23e+02, 1.23e+02, 1.23e+02, 1.23e+02, 1.23e+02, 1.23e+02, 1.23e+02, 1.23e+02, 1.23e+02, 1.23e+02, 1.23e+02, 1.23e+02, 1.23e+02, 1.23e+02, 1.23e+02, 1.23e+02, 1.23e+02, 1.23e+02, 1.23e+02, 1.23e+02, 1.23e+02, 1.23e+02, 1.23e+02, 1.23e+02, 1.23e+02, 1.23e+02, 1.23e+02, 1.23e+02, 1.23e+02, 1.23e+02, 1.23e+02, 1.23e+02, 1.23e+02, 1.23e+02, 1.23e+02, 1.23e+02, 1.23e+02, 1.23e+02, 1.23e+02, 1.23e+02, 1.2e+01, 1.2e+01, 1.2e+01, 1.2e+01, 1.2e+01, 1.2e+01, 1.2e+01, 1.2e+01, 1.2e+01, 1.2e+01, 1.2e+01, 1.2e+01, 1.2e+01, 1.2e+01, 1.2e+01, 1.2e+01, 1.23e+02, 1.23e+02, 1.23e+02, 1.23e+02, 1.23e+02, 1.23e+02, 1.23e+02]
weeklySchedule.y[2]=[1e+00, 3e+00, 3e+00, 3e+00, 3e+00, 3e+00, 3e+00, 3e+00, 3e+00, 3e+00, 3e+00, 3e+00, 3e+00, 3e+00, 3e+00, 3e+00, 3e+00, 3e+00, 3e+00, 1e+00, 1e+00, 1e+00, 1e+00, 1e+00, 1e+00, 1e+00, 1e+00, 1e+00, 1e+00, 1e+00, 1e+00, 1e+00, 1e+00, 1e+00, 1e+00, 1e+00, 1e+00, 1e+00, 1e+00, 1e+00, 1e+00, 1e+00, 1e+00, 1e+00, 1e+00, 1e+00, 1e+00, 1e+00, 1e+00, 1e+00, 1e+00, 1e+00, 1e+00, 1e+00, 1e+00, 1e+00, 1e+00, 1e+00, 1e+00, 1e+00, 1e+00, 3e+00, 3e+00, 3e+00, 3e+00, 3e+00, 3e+00, 3e+00, 3e+00, 3e+00, 3e+00, 3e+00, 3e+00, 3e+00, 3e+00, 3e+00, 3e+00, 3e+00, 1e+00, 1e+00, 1e+00, 1e+00, 1e+00, 1e+00, 1e+00, 1e+00, 1e+00, 1e+00, 1e+00, 1e+00, 1e+00, 1e+00, 1e+00, 1e+00, 1e+00, 1e+00, 1e+00, 1e+00, 1e+00, 1e+00, 1e+00]
weeklySchedule.y[3]=[4.5e+01, 1e+00, 1e+00, 1e+00, 1e+00, 1e+00, 1e+00, 1e+00, 1e+00, 1e+00, 1e+00, 1e+00, 1e+00, 1e+00, 1e+00, 1e+00, 1e+00, 4.5e+01, 4.5e+01, 4e+00, 4e+00, 4e+00, 4e+00, 4e+00, 4e+00, 4e+00, 4e+00, 4e+00, 4e+00, 4e+00, 4e+00, 4e+00, 4e+00, 4e+00, 4.5e+01, 4.5e+01, 4.5e+01, 4.5e+01, 4.5e+01, 4.5e+01, 4.5e+01, 4.5e+01, 4.5e+01, 4.5e+01, 4.5e+01, 4.5e+01, 4.5e+01, 4.5e+01, 4.5e+01, 4.5e+01, 4.5e+01, 4.5e+01, 4.5e+01, 4.5e+01, 4.5e+01, 4.5e+01, 4.5e+01, 4.5e+01, 4.5e+01, 4.5e+01, 4.5e+01, 1e+00, 1e+00, 1e+00, 1e+00, 1e+00, 1e+00, 1e+00, 1e+00, 1e+00, 1e+00, 1e+00, 1e+00, 1e+00, 1e+00, 1e+00, 1e+00, 4.5e+01, 4e+00, 4e+00, 4e+00, 4e+00, 4e+00, 4e+00, 4e+00, 4e+00, 4e+00, 4e+00, 4e+00, 4e+00, 4e+00, 4e+00, 4e+00, 4e+00, 4.5e+01, 4.5e+01, 4.5e+01, 4.5e+01, 4.5e+01, 4.5e+01, 4.5e+01]
weeklySchedule.y[4]=[0e+00, 0e+00, 0e+00, 0e+00, 0e+00, 0e+00, 0e+00, 0e+00, 0e+00, 0e+00, 0e+00, 0e+00, 0e+00, 0e+00, 0e+00, 0e+00, 0e+00, 0e+00, 0e+00, 0e+00, 0e+00, 0e+00, 0e+00, 0e+00, 0e+00, 0e+00, 0e+00, 0e+00, 0e+00, 0e+00, 0e+00, 0e+00, 0e+00, 0e+00, 0e+00, 0e+00, 0e+00, 0e+00, 0e+00, 0e+00, 0e+00, 0e+00, 0e+00, 0e+00, 0e+00, 0e+00, 0e+00, 0e+00, 0e+00, 0e+00, 0e+00, 0e+00, 0e+00, 0e+00, 0e+00, 0e+00, 0e+00, 0e+00, 0e+00, 0e+00, 0e+00, 0e+00, 0e+00, 0e+00, 0e+00, 0e+00, 0e+00, 0e+00, 0e+00, 0e+00, 0e+00, 0e+00, 0e+00, 0e+00, 0e+00, 0e+00, 0e+00, 0e+00, 0e+00, 0e+00, 0e+00, 0e+00, 0e+00, 0e+00, 0e+00, 0e+00, 0e+00, 0e+00, 0e+00, 0e+00, 0e+00, 0e+00, 0e+00, 0e+00, 0e+00, 0e+00, 0e+00, 0e+00, 0e+00, 0e+00, 0e+00]
