last-generated=2026-04-09
statistics-simulation=
{
  "linear": "0, 0",
  "nonlinear": "1",
  "number of continuous time states": "5",
  "numerical Jacobians": "0"
}
time=[0e+00, 2.592e+06]
pow_1dat1.V_flow=[0e+00, 5.417294612897195e-10, 0e+00, -6.396429634094238e+00, -2.749782705307007e+00, 1.696902656555176e+01, 2.475339829921722e-01, 1.6246569061279e+01, 1.064895935058594e+01, 1.845328330993652e-01, 3.746059292097925e-06, 1.577478528022766e-01, 4.93470573425293e-01, 3.681366062164307e+00, -1.841241896151873e-01, 6.192642688751221e+00, -6.771618266121493e-11, 0e+00, 3.343766689300537e+00, 2.15877628326416e+00, -1.696902656555176e+01, 4.155523641966283e-02, -4.017679119110108e+00, 3.603338554967195e-04, 4.046007633209229e+00, 1.950227737426758e+00, 1.269239044189453e+01, 5.027294063568116e+00, 4.486874628066766e+00, 2.469923305511474e+00, -8.558273315429688e+00, 5.84487714804709e-02, 4.062970959672896e-10, 5.389053440093994e+00, -1.275125093756977e-01, 5.927416324615479e+00, -1.870626983642578e+01, -8.700976276397705e+00, 2.027434968948364e+00, -5.55730583190918e+01, -1.085987758636475e+01, 3.971466445922851e+00, 1.172215312719345e+00, -6.726176738739014e-01, 1.497338199615478e+00, 7.923132216092199e-06, 4.682429409027099e+00, 3.60622091293335e+00, 1.596927947998047e+01, -9.522650718688965e+00, -2.232121276855469e+01, -9.098732566833496e+00, -2.15673698425293e+01, 2.182844400405884e+00, 1.039120864868164e+01, 1.230568790435791e+01, 1.407916297912731e+01, 1.959624900817932e+01, 6.449261856079102e+00, -3.788471794128418e+00, 2.529842822696082e-05, 1.033881034851074e+01, 4.694807147979736e+00, -2.77091236114502e+01, -3.999652404785157e+01, -1.689129257202148e+01, -3.342678527832031e+01, -3.560433731079102e+01, -4.708330154418826e+00, -1.168181037902906e+01, 3.263511896133423e+00, 3.441976547241211e+00, 3.494332427978516e+01, 1.536060981750488e+01, -2.457709732055664e+01, -1.429218864440918e+01, -3.034441299438476e+01, -5.049375247955322e+00, -7.122199153900146e+00, -3.931438522338867e+01, 5.088293552398682e+00, 1.43257604598999e+01, -1.544312515258789e+01, -2.214479560852051e+01, 3.218123817443848e+00, 2.827222061157227e+01, -6.788576793670654e+00, -3.093181991577148e+00, -8.185183906555176e+00, -3.40185546875e+01, -4.499997138977051e+00, -8.612149810791015e+00, -2.985601539611816e+01, -9.961351585388183e+00, 3.633537817001343e+00, 6.887269020080566e+00, 3.614271259307861e+00, -1.836707425117493e+00, 1.652451801300049e+00, 3.853026428222656e+01, -1.433539390563965e+01]
pow_1dat.V_flow=[0e+00, -5.417294612897195e-10, 0e+00, -6.396429634094238e+00, -2.74978289604187e+00, 1.696902656555176e+01, 2.476329267024994e-01, 1.624657783508272e+01, 1.06489574432373e+01, 1.845329225063325e-01, -3.746059292097925e-06, 1.577478557825089e-01, 4.934678971767426e-01, 3.681367015838623e+00, -1.841242045163484e-01, 6.192641258239746e+00, 6.771618266121493e-11, 0e+00, 3.343765354156494e+00, 2.158782386779785e+00, -1.696902465820312e+01, 4.155523153021932e-02, -4.017681312561035e+00, -3.603338554967195e-04, 4.046007633209229e+00, 1.949563384056091e+00, 1.269239044189453e+01, 5.027286052703857e+00, 4.486867237090814e+00, 2.46987714767456e+00, -8.558272361755371e+00, 5.844871569424868e-02, -4.062970959672896e-10, 5.389051151275635e+00, -1.27518080919868e-01, 5.927410125732422e+00, -1.870627136230469e+01, -8.701729869842529e+00, 2.02743604183197e+00, -5.55730583190918e+01, -1.085987758636475e+01, 3.970934581756592e+00, 1.172226190567017e+00, -6.726408958435058e-01, 1.497339081764221e+00, -7.923132216092199e-06, 4.682428932189941e+00, 3.606733131408691e+00, 1.596927947998047e+01, -9.522664165496826e+00, -2.232125663757324e+01, -9.098732566833496e+00, -2.15673698425293e+01, 2.182844686508179e+00, 1.039142112731934e+01, 1.230568885803223e+01, 1.407916336059703e+01, 1.959624900817932e+01, 6.449127960205078e+00, -3.788472175598145e+00, -2.529842822696082e-05, 1.033881168365479e+01, 4.694806814193726e+00, -2.770912170410156e+01, -3.999652481079102e+01, -1.689129447937012e+01, -3.342678527832031e+01, -3.560433731079102e+01, -4.708329963683963e+00, -1.168179512023999e+01, 3.263510227203369e+00, 3.441976737976074e+00, 3.494332427978516e+01, 1.53606029510498e+01, -2.457709884643555e+01, -1.429218769073486e+01, -3.034441299438476e+01, -5.049375915527344e+00, -7.122199153900146e+00, -3.931438522338867e+01, 5.088292598724365e+00, 1.43257604598999e+01, -1.544312362670899e+01, -2.214479560852051e+01, 3.217829990386963e+00, 2.827221870422363e+01, -6.788576793670654e+00, -3.093135595321655e+00, -8.185179519653321e+00, -3.40185546875e+01, -4.499995708465576e+00, -8.6121506690979e+00, -2.985601539611816e+01, -9.960883903503419e+00, 3.633537817001343e+00, 6.887269020080566e+00, 3.614271402359009e+00, -1.836708331108093e+00, 1.652464520931244e+00, 3.853026428222656e+01, -1.433541393280029e+01]
pow_1dat1.dp=[0e+00, 2.328306436538696e-11, 0e+00, -8.563536047935486e-01, -2.390739500522613e-01, 3.75189995765686e+00, 1.155936717987061e-02, 3.558146762847807e+00, 1.854443836212158e+00, 8.697893470525742e-03, 1.610023900866508e-07, 6.998796015977859e-03, 2.457794668152928e-02, 3.704727947711944e-01, -8.351675234732119e-03, 8.146046996116638e-01, -2.910383045673371e-12, 0e+00, 3.203548073768616e-01, 1.650851994752884e-01, -3.751900196075439e+00, 1.795652147848159e-03, -4.245918214321137e-01, 1.548683794680983e-05, 4.275751233100891e-01, 1.414679139852524e-01, 2.417713403701782e+00, 6.146166205406189e-01, 5.038115739821958e-01, 2.148547887802124e-01, -1.329967498779297e+00, 2.539373969193548e-03, 1.746229827404022e-11, 6.637821197509766e-01, -5.737762665370964e-03, 7.623299360275269e-01, -4.349034595489502e+00, -1.571686518192291e+00, 1.550836518406868e-01, -2.263979415893555e+01, -1.907947540283203e+00, 5.345430552959443e-01, 8.618431240320205e-02, -3.36171768605709e-02, 9.534613564610481e-02, 3.405293682590127e-07, 5.343732476234436e-01, 3.683668792247772e-01, 3.426635408401489e+00, -1.575234365463257e+00, -5.683901309967041e+00, -1.459276342391968e+00, -5.396650695800782e+00, 1.692829608917236e-01, 1.785028505325317e+00, 2.305740118026733e+00, 2.837707138061942e+00, 4.669079303741673e+00, 8.671841502189637e-01, -3.922590255737305e-01, 1.087304553948343e-06, 1.772571730613709e+00, 6.370193600654601e-01, -7.889904594421386e+00, -1.375439395904541e+01, -3.725890159606934e+00, -1.048028259277344e+01, -1.153180465698242e+01, -5.380257368087561e-01, -2.134413003921718e+00, 3.086353540420532e-01, 3.352525115013122e-01, 1.120965805053711e+01, 3.227982997894287e+00, -6.577644157409668e+00, -2.892573118209839e+00, -9.05399055480957e+00, -6.015329599380493e-01, -1.007141399383545e+00, -1.340068092346191e+01, 6.049209237098694e-01, 2.902921342849731e+00, -3.255875062942505e+00, -5.616612434387207e+00, 3.171639323234558e-01, 8.131392478942871e+00, -9.376262187957763e-01, -2.909019708633423e-01, -1.256974673271179e+00, -1.076372566223145e+01, -5.021693706512451e-01, -1.343745899200439e+00, -8.831448554992676e+00, -1.677918863296509e+00, 3.631778776645661e-01, 9.569802284240723e-01, 3.606215536594391e-01, -1.356086328625679e-01, 1.264779940247536e-01, 1.299911804199219e+01, -2.905832290649414e+00]
pow_1dat.dp=[0e+00, -2.328306436538696e-11, 0e+00, -8.563535809516907e-01, -2.390739947557449e-01, 3.75189995765686e+00, 1.156542673707008e-02, 3.558149528503324e+00, 1.854443264007568e+00, 8.697898685932161e-03, -1.610023900866508e-07, 6.998796574771405e-03, 2.45777522213757e-02, 3.704729497432709e-01, -8.351676166054693e-03, 8.146044015884399e-01, 2.910383045673371e-12, 0e+00, 3.203546285629272e-01, 1.650858908891678e-01, -3.75189995765686e+00, 1.795651880092919e-03, -4.245921492576599e-01, -1.548683794680983e-05, 4.275751173496246e-01, 1.413949131965637e-01, 2.417713403701782e+00, 6.1461501121521e-01, 5.038102447986174e-01, 2.148497104644775e-01, -1.329967141151428e+00, 2.539371734019369e-03, -1.746229827404022e-11, 6.6378173828125e-01, -5.738033633674047e-03, 7.623287439346313e-01, -4.349034976959229e+00, -1.571777474880219e+00, 1.550837889313698e-01, -2.263979415893555e+01, -1.907947540283203e+00, 5.344390213489532e-01, 8.618564307689668e-02, -3.36185846477747e-02, 9.53461967408657e-02, -3.405293682590127e-07, 5.343731880187989e-01, 3.684306144714355e-01, 3.426635646820068e+00, -1.575237655639648e+00, -5.683917999267578e+00, -1.459276342391968e+00, -5.396650886535644e+00, 1.692829847335816e-01, 1.785083293914795e+00, 2.305740356445312e+00, 2.837707233429374e+00, 4.669079113006809e+00, 8.671574831008911e-01, -3.922591090202331e-01, -1.087304553948343e-06, 1.772572112083435e+00, 6.370193272829057e-01, -7.889904308319092e+00, -1.375439395904541e+01, -3.725890636444092e+00, -1.048028259277344e+01, -1.153180465698242e+01, -5.380257129668983e-01, -2.134408855438441e+00, 3.086350858211517e-01, 3.352525591850281e-01, 1.120965900421143e+01, 3.227980947494507e+00, -6.577644920349121e+00, -2.89257287979126e+00, -9.05399055480957e+00, -6.01533043384552e-01, -1.007141423225403e+00, -1.340068092346191e+01, 6.049207448959351e-01, 2.902921342849731e+00, -3.255874824523926e+00, -5.616612434387207e+00, 3.171263217926025e-01, 8.131391525268555e+00, -9.376262426376343e-01, -2.908951699733734e-01, -1.256973814964294e+00, -1.076372566223145e+01, -5.02169132232666e-01, -1.343745994567871e+00, -8.831448554992676e+00, -1.677794051170349e+00, 3.631778836250305e-01, 9.569802284240723e-01, 3.60621577501297e-01, -1.356087505817413e-01, 1.264796830713749e-01, 1.299911708831787e+01, -2.905838489532471e+00]
