last-generated=2023-07-31
statistics-simulation=
{
  "linear": " ",
  "nonlinear": " ",
  "numerical Jacobians": "0"
}
time=[0e+00, 1e+02]
ySet=[1e+00, 1e+00]
yOut=[1e+00, 1e+00, 1e+00, 1e+00, 1e+00, 0e+00, 0e+00, 0e+00, 0e+00, 0e+00, 0e+00, 0e+00, 0e+00, 0e+00, 0e+00, 0e+00, 0e+00, 0e+00, 0e+00, 0e+00, 0e+00, 0e+00, 0e+00, 0e+00, 0e+00, 0e+00, 0e+00, 1e+00, 1e+00, 1e+00, 1e+00, 1e+00, 1e+00, 1e+00, 1e+00, 1e+00, 1e+00, 1e+00, 1e+00, 1e+00, 1e+00, 1e+00, 1e+00, 1e+00, 1e+00, 1e+00, 1e+00, 1e+00, 1e+00, 1e+00, 1e+00, 1e+00, 1e+00, 1e+00, 1e+00, 1e+00, 1e+00, 1e+00, 1e+00, 1e+00, 1e+00, 1e+00, 1e+00, 1e+00, 1e+00, 1e+00, 1e+00, 1e+00, 1e+00, 1e+00, 1e+00, 1e+00, 1e+00, 1e+00, 1e+00, 1e+00, 1e+00, 1e+00, 1e+00, 1e+00, 0e+00, 0e+00, 0e+00, 0e+00, 0e+00, 0e+00, 0e+00, 0e+00, 0e+00, 0e+00, 0e+00, 0e+00, 0e+00, 0e+00, 0e+00, 0e+00, 0e+00, 0e+00, 0e+00, 0e+00, 0e+00]
sigBus.TConInMea=[2.831499938964844e+02, 2.951499938964844e+02, 3.071499938964844e+02, 3.191499938964844e+02, 3.311499938964844e+02, 3.431499938964844e+02, 3.431499938964844e+02, 3.431499938964844e+02, 3.431499938964844e+02, 3.431499938964844e+02, 3.431499938964844e+02, 3.431499938964844e+02, 3.431499938964844e+02, 3.431499938964844e+02, 3.431499938964844e+02, 3.431499938964844e+02, 3.431499938964844e+02, 3.431499938964844e+02, 3.431499938964844e+02, 3.431499938964844e+02, 3.431499938964844e+02, 3.431499938964844e+02, 3.431499938964844e+02, 3.431499938964844e+02, 3.431499938964844e+02, 3.431499938964844e+02, 3.311499938964844e+02, 3.191499938964844e+02, 3.071499938964843e+02, 2.951499938964844e+02, 2.831499938964844e+02, 2.831499938964844e+02, 2.831499938964844e+02, 2.831499938964844e+02, 2.831499938964844e+02, 2.831499938964844e+02, 2.831499938964844e+02, 2.831499938964844e+02, 2.831499938964844e+02, 2.831499938964844e+02, 2.831499938964844e+02, 2.831499938964844e+02, 2.831499938964844e+02, 2.831499938964844e+02, 2.831499938964844e+02, 2.831499938964844e+02, 2.831499938964844e+02, 2.831499938964844e+02, 2.831499938964844e+02, 2.831499938964844e+02, 2.831499938964844e+02, 2.951499938964844e+02, 3.071499938964844e+02, 3.191499938964844e+02, 3.311499938964844e+02, 3.431499938964844e+02, 3.431499938964844e+02, 3.431499938964844e+02, 3.431499938964844e+02, 3.431499938964844e+02, 3.431499938964844e+02, 3.431499938964844e+02, 3.431499938964844e+02, 3.431499938964844e+02, 3.431499938964844e+02, 3.431499938964844e+02, 3.431499938964844e+02, 3.431499938964844e+02, 3.431499938964844e+02, 3.431499938964844e+02, 3.431499938964844e+02, 3.431499938964844e+02, 3.431499938964844e+02, 3.431499938964844e+02, 3.431499938964844e+02, 3.431499938964844e+02, 3.311499938964844e+02, 3.191499938964844e+02, 3.071499938964844e+02, 2.951499938964844e+02, 2.831499938964844e+02, 2.831499938964844e+02, 2.831499938964844e+02, 2.831499938964844e+02, 2.831499938964844e+02, 2.831499938964844e+02, 2.831499938964844e+02, 2.831499938964844e+02, 2.831499938964844e+02, 2.831499938964844e+02, 2.831499938964844e+02, 2.831499938964844e+02, 2.831499938964844e+02, 2.831499938964844e+02, 2.831499938964844e+02, 2.831499938964844e+02, 2.831499938964844e+02, 2.831499938964844e+02, 2.831499938964844e+02, 2.831499938964844e+02, 2.831499938964844e+02]
opeEnv.bouMapHea.tabBou.y[1]=[6e+01, 6e+01, 6e+01, 6e+01, 6e+01, 6e+01, 6e+01, 6e+01, 6e+01, 6e+01, 6e+01, 6e+01, 6e+01, 6e+01, 6e+01, 6e+01, 6e+01, 6e+01, 6e+01, 6e+01, 6e+01, 6e+01, 6e+01, 6e+01, 6e+01, 6e+01, 6e+01, 6e+01, 6e+01, 6e+01, 6e+01, 6e+01, 6e+01, 6e+01, 6e+01, 6e+01, 6e+01, 6e+01, 6e+01, 6e+01, 6e+01, 6e+01, 6e+01, 6e+01, 6e+01, 6e+01, 6e+01, 6e+01, 6e+01, 6e+01, 6e+01, 6e+01, 6e+01, 6e+01, 6e+01, 6e+01, 6e+01, 6e+01, 6e+01, 6e+01, 6e+01, 6e+01, 6e+01, 6e+01, 6e+01, 6e+01, 6e+01, 6e+01, 6e+01, 6e+01, 6e+01, 6e+01, 6e+01, 6e+01, 6e+01, 6e+01, 6e+01, 6e+01, 6e+01, 6e+01, 6e+01, 6e+01, 6e+01, 6e+01, 6e+01, 6e+01, 6e+01, 6e+01, 6e+01, 6e+01, 6e+01, 6e+01, 6e+01, 6e+01, 6e+01, 6e+01, 6e+01, 6e+01, 6e+01, 6e+01, 6e+01]
opeEnv.bouMapCoo.tab[2, 2]=[1.5e+01, 1.5e+01]
