last-generated=2017-03-31
statistics-initialization=
{
  "numerical Jacobians": "0", 
  "nonlinear": "5"
}
statistics-simulation=
{
  "numerical Jacobians": "0", 
  "nonlinear": "5", 
  "number of continuous time states": "1", 
  "linear": " "
}
pump_dp.m_flow=[2.876847982406616e-01, 2.876847982406616e-01, 2.876847982406616e-01, -2.548294282088149e-12, 2.523408287656154e-12, 3.770200731473272e-12, 2.876847982406616e-01, 2.876847982406616e-01, 3.375288667166017e-12, 2.708145318980397e-12, 1.032741736095924e-13, 2.876847982406616e-01, 2.876847982406616e-01, 3.417467317630566e-12, 2.768026673785961e-12, 1.627583430443419e-13, 2.876847982406616e-01, 2.876847982406616e-01, 3.407138986243709e-12, 2.752397898942777e-12, 1.4672166476562e-13, 2.876847982406616e-01, 2.876847982406616e-01, 3.400894849915544e-12, 2.748755186789094e-12, 1.458672050334842e-13, 2.876847982406616e-01, 2.876847982406616e-01, 3.400734821715211e-12, 2.748692519804263e-12, 1.458922501036686e-13, 2.876847982406616e-01, 2.876847982406616e-01, 3.401335903561971e-12, 2.749428693042144e-12, 1.465613519218908e-13, 2.876847982406616e-01, 2.876847982406616e-01, 3.40061165631531e-12, 2.748541815709512e-12, 1.457552340541207e-13, 2.876847982406616e-01, 2.876847982406616e-01, 3.403120336601437e-12, 2.752076097433358e-12, 1.492409169336073e-13, 2.876847982406616e-01, 2.876847982406616e-01, 3.401394290975941e-12, 2.749739642040131e-12, 1.469807755323169e-13, 2.876847982406616e-01, 2.876847982406616e-01, 3.402179468551492e-12, 2.750701329318529e-12, 1.478547644560846e-13, 2.876847982406616e-01, 2.876847982406616e-01, 3.402041775160908e-12, 2.750532627468788e-12, 1.477014311638408e-13, 2.876847982406616e-01, 2.876847982406616e-01, 3.402179468551436e-12, 2.750701329318529e-12, 1.478547644560846e-13, 2.876847982406616e-01, 2.876847982406616e-01, 3.402041775160964e-12, 2.750532627468788e-12, 1.477014311638408e-13, 2.876847982406616e-01, 2.876847982406616e-01, 3.402179468551436e-12, 2.750701329318529e-12, 1.478547644560846e-13, 2.876847982406616e-01, 2.876847982406616e-01, 3.402041775160964e-12, 2.750532627468762e-12, 1.477014311638408e-13, 2.876847982406616e-01, 2.876847982406616e-01, 3.399350359870113e-12, 2.746422570763653e-12, 1.434860531172172e-13, 2.876847982406616e-01, 2.876847982406616e-01, 3.399353828928411e-12, 2.746560264815917e-12, 1.436931357321619e-13, 2.876847982406616e-01, 2.876847982406616e-01, 3.399353828928411e-12, 2.746560264815967e-12, 1.436931357321619e-13, 2.876847982406616e-01, 2.876847982406616e-01, 3.399353828928411e-12, 2.746559885748398e-12, -1.338730558700374e-13]
time=[0e+00, 2e+01]
