last-generated=2019-07-01
statistics-simulation=
{
  "linear": " ",
  "nonlinear": " ",
  "number of continuous time states": "1",
  "numerical Jacobians": "0"
}
hex.m2_flow=[1.400000005960464e-01, 1.400000005960464e-01, 1.400000005960464e-01, 1.400000005960464e-01, 1.400000005960464e-01, 1.400000005960464e-01, 1.400000005960464e-01, 1.400000005960464e-01, 1.400000005960464e-01, 1.400000005960464e-01, 1.400000005960464e-01, 1.400000005960464e-01, 1.400000005960464e-01, 1.400000005960464e-01, 1.400000005960464e-01, 1.400000005960464e-01, 1.400000005960464e-01, 1.400000005960464e-01, 1.400000005960464e-01, 1.400000005960464e-01, 1.400000005960464e-01, 1.400000005960464e-01, 1.400000005960464e-01, 1.400000005960464e-01, 1.400000005960464e-01, 1.400000005960464e-01, 1.400000005960464e-01, 1.400000005960464e-01, 1.400000005960464e-01, 1.400000005960464e-01, 1.400000005960464e-01, 1.400000005960464e-01, 1.400000005960464e-01, 1.400000005960464e-01, 1.400000005960464e-01, 1.400000005960464e-01, 1.400000005960464e-01, 1.400000005960464e-01, 1.400000005960464e-01, 1.400000005960464e-01, 1.400000005960464e-01, 1.400000005960464e-01, 1.400000005960464e-01, 1.400000005960464e-01, 1.400000005960464e-01, 1.400000005960464e-01, 1.400000005960464e-01, 1.400000005960464e-01, 1.400000005960464e-01, 1.400000005960464e-01, 1.400000005960464e-01, 1.120000034570694e-01, 8.399999886751175e-02, 5.60000017285347e-02, 2.800000086426717e-02, -4.255373436036178e-16, -2.800000086426753e-02, -5.60000017285347e-02, -8.399999886751175e-02, -1.120000034570694e-01, -1.400000005960464e-01, -1.260000020265579e-01, -1.120000034570694e-01, -9.799999743700027e-02, -8.399999886751175e-02, -7.000000029802322e-02, -5.60000017285347e-02, -4.199999943375587e-02, -2.800000086426735e-02, -1.400000043213367e-02, 0e+00, 0e+00, 0e+00, 0e+00, 0e+00, 0e+00, 0e+00, 0e+00, 0e+00, 0e+00, 0e+00, 0e+00, 0e+00, 0e+00, 0e+00, 0e+00, 0e+00, 0e+00, 0e+00, 0e+00, 0e+00, 0e+00, 0e+00, 0e+00, 0e+00, 0e+00, 0e+00, 0e+00, 0e+00, 0e+00, 0e+00]
hex.m1_flow=[1.000000014901161e-01, 1.000000014901161e-01, 1.000000014901161e-01, 1.000000014901161e-01, 1.000000014901161e-01, 1.000000014901161e-01, 1.000000014901161e-01, 1.000000014901161e-01, 1.000000014901161e-01, 1.000000014901161e-01, 1.000000014901161e-01, 9.009999781847e-02, 8.020000159740448e-02, 7.029999792575836e-02, 6.040000170469283e-02, 5.050000175833702e-02, 4.06000018119812e-02, 3.070000000298023e-02, 2.080000005662441e-02, 1.090000011026859e-02, 1.000000047497451e-03, 1.000000047497451e-03, 1.000000047497451e-03, 1.000000047497451e-03, 1.000000047497451e-03, 1.000000047497451e-03, 1.000000047497451e-03, 1.000000047497451e-03, 1.000000047497451e-03, 1.000000047497451e-03, 1.000000047497451e-03, 1.000000047497451e-03, 1.000000047497451e-03, 1.000000047497451e-03, 1.000000047497451e-03, 1.000000047497451e-03, 1.000000047497451e-03, 1.000000047497451e-03, 1.000000047497451e-03, 1.000000047497451e-03, 1.000000047497451e-03, 1.000000047497451e-03, 1.000000047497451e-03, 1.000000047497451e-03, 1.000000047497451e-03, 1.000000047497451e-03, 1.000000047497451e-03, 1.000000047497451e-03, 1.000000047497451e-03, 1.000000047497451e-03, 1.000000047497451e-03, 1.000000047497451e-03, 1.000000047497451e-03, 1.000000047497451e-03, 1.000000047497451e-03, 1.000000047497451e-03, 1.000000047497451e-03, 1.000000047497451e-03, 1.000000047497451e-03, 1.000000047497451e-03, 1.000000047497451e-03, 1.000000047497451e-03, 1.000000047497451e-03, 1.000000047497451e-03, 1.000000047497451e-03, 1.000000047497451e-03, 1.000000047497451e-03, 1.000000047497451e-03, 1.000000047497451e-03, 1.000000047497451e-03, 1.000000047497451e-03, 1.000000047497451e-03, 1.000000047497451e-03, 1.000000047497451e-03, 1.000000047497451e-03, 1.000000047497451e-03, 1.000000047497451e-03, 1.000000047497451e-03, 1.000000047497451e-03, 1.000000047497451e-03, 1.000000047497451e-03, 1.000000047497451e-03, 1.000000047497451e-03, 1.000000047497451e-03, 1.000000047497451e-03, 1.000000047497451e-03, 1.000000047497451e-03, 1.000000047497451e-03, 1.000000047497451e-03, 1.000000047497451e-03, 1.000000047497451e-03, 1.000000047497451e-03, 1.000000047497451e-03, 1.000000047497451e-03, 1.000000047497451e-03, 1.000000047497451e-03, 1.000000047497451e-03, 1.000000047497451e-03, 1.000000047497451e-03, 1.000000047497451e-03, 1.000000047497451e-03]
time=[0e+00, 3.6e+03]
hex.QMax_flow=[3.521e+03, 3.521e+03, 3.521e+03, 3.521e+03, 3.521e+03, 3.521e+03, 3.521e+03, 3.521e+03, 3.521e+03, 3.521e+03, 3.521e+03, 3.521e+03, 3.521e+03, 3.521e+03, 3.521e+03, 3.521e+03, 3.521e+03, 3.211219970703125e+03, 2.175679931640625e+03, 1.140140014648438e+03, 1.045999984741211e+02, 1.045999984741211e+02, 1.045999984741211e+02, 1.045999984741211e+02, 1.045999984741211e+02, 1.045999984741211e+02, 1.045999984741211e+02, 1.045999984741211e+02, 1.045999984741211e+02, 1.045999984741211e+02, 1.045999984741211e+02, 1.045999984741211e+02, 1.045999984741211e+02, 1.045999984741211e+02, 1.045999984741211e+02, 1.045999984741211e+02, 1.045999984741211e+02, 1.045999984741211e+02, 1.045999984741211e+02, 1.045999984741211e+02, 1.045999984741211e+02, 1.045999984741211e+02, 1.045999984741211e+02, 1.045999984741211e+02, 1.045999984741211e+02, 1.045999984741211e+02, 1.045999984741211e+02, 1.045999984741211e+02, 1.045999984741211e+02, 1.045999984741211e+02, 1.045999984741211e+02, 1.045999984741211e+02, 1.045999984741211e+02, 1.045999984741211e+02, 1.045999984741211e+02, 9.557809014339572e-12, 1.045999984741211e+02, 1.045999984741211e+02, 1.045999984741211e+02, 1.045999984741211e+02, 1.045999984741211e+02, 1.045999984741211e+02, 1.045999984741211e+02, 1.045999984741211e+02, 1.045999984741211e+02, 1.045999984741211e+02, 1.045999984741211e+02, 1.045999984741211e+02, 1.045999984741211e+02, 1.045999984741211e+02, 0e+00, 0e+00, 0e+00, 0e+00, 0e+00, 0e+00, 0e+00, 0e+00, 0e+00, 0e+00, 0e+00, 0e+00, 0e+00, 0e+00, 0e+00, 0e+00, 0e+00, 0e+00, 0e+00, 0e+00, 0e+00, 0e+00, 0e+00, 0e+00, 0e+00, 0e+00, 0e+00, 0e+00, 0e+00, 0e+00, 0e+00]
hex.Q1_flow=[2.1e+03, 2.1e+03, 2.1e+03, 2.1e+03, 2.1e+03, 2.1e+03, 2.1e+03, 2.1e+03, 2.1e+03, 2.1e+03, 2.1e+03, 2.0400615234375e+03, 1.969885498046875e+03, 1.88662353515625e+03, 1.786279296875e+03, 1.663073608398438e+03, 1.508342041015625e+03, 1.308500366210938e+03, 1.040969604492188e+03, 6.647505493164062e+02, 1.03898307800293e+02, 1.03898307800293e+02, 1.03898307800293e+02, 1.03898307800293e+02, 1.03898307800293e+02, 1.03898307800293e+02, 1.03898307800293e+02, 1.03898307800293e+02, 1.03898307800293e+02, 1.03898307800293e+02, 1.03898307800293e+02, 1.03898307800293e+02, 1.03898307800293e+02, 1.03898307800293e+02, 1.03898307800293e+02, 1.03898307800293e+02, 1.03898307800293e+02, 1.03898307800293e+02, 1.03898307800293e+02, 1.03898307800293e+02, 1.03898307800293e+02, 1.03898307800293e+02, 1.03898307800293e+02, 1.03898307800293e+02, 1.03898307800293e+02, 1.03898307800293e+02, 1.03898307800293e+02, 1.03898307800293e+02, 1.03898307800293e+02, 1.03898307800293e+02, 1.03898307800293e+02, 1.038130950927734e+02, 1.036621780395508e+02, 1.033243789672852e+02, 1.020072326660156e+02, 2.637303770793248e-12, 1.020072326660156e+02, 1.033243789672852e+02, 1.036621780395508e+02, 1.038130950927734e+02, 1.03898307800293e+02, 1.038609008789062e+02, 1.038130950927734e+02, 1.037498168945312e+02, 1.036621780395508e+02, 1.03532958984375e+02, 1.033243789672852e+02, 1.029363708496094e+02, 1.020072326660156e+02, 9.808646392822266e+01, 0e+00, 0e+00, 0e+00, 0e+00, 0e+00, 0e+00, 0e+00, 0e+00, 0e+00, 0e+00, 0e+00, 0e+00, 0e+00, 0e+00, 0e+00, 0e+00, 0e+00, 0e+00, 0e+00, 0e+00, 0e+00, 0e+00, 0e+00, 0e+00, 0e+00, 0e+00, 0e+00, 0e+00, 0e+00, 0e+00, 0e+00]
hex.Q2_flow=[-2.1e+03, -2.1e+03, -2.1e+03, -2.1e+03, -2.1e+03, -2.1e+03, -2.1e+03, -2.1e+03, -2.1e+03, -2.1e+03, -2.1e+03, -2.0400615234375e+03, -1.969885498046875e+03, -1.88662353515625e+03, -1.786279296875e+03, -1.663073608398438e+03, -1.508342041015625e+03, -1.308500366210938e+03, -1.040969604492188e+03, -6.647505493164062e+02, -1.03898307800293e+02, -1.03898307800293e+02, -1.03898307800293e+02, -1.03898307800293e+02, -1.03898307800293e+02, -1.03898307800293e+02, -1.03898307800293e+02, -1.03898307800293e+02, -1.03898307800293e+02, -1.03898307800293e+02, -1.03898307800293e+02, -1.03898307800293e+02, -1.03898307800293e+02, -1.03898307800293e+02, -1.03898307800293e+02, -1.03898307800293e+02, -1.03898307800293e+02, -1.03898307800293e+02, -1.03898307800293e+02, -1.03898307800293e+02, -1.03898307800293e+02, -1.03898307800293e+02, -1.03898307800293e+02, -1.03898307800293e+02, -1.03898307800293e+02, -1.03898307800293e+02, -1.03898307800293e+02, -1.03898307800293e+02, -1.03898307800293e+02, -1.03898307800293e+02, -1.03898307800293e+02, -1.038130950927734e+02, -1.036621780395508e+02, -1.033243789672852e+02, -1.020072326660156e+02, -2.637303770793248e-12, -1.020072326660156e+02, -1.033243789672852e+02, -1.036621780395508e+02, -1.038130950927734e+02, -1.03898307800293e+02, -1.038609008789062e+02, -1.038130950927734e+02, -1.037498168945312e+02, -1.036621780395508e+02, -1.03532958984375e+02, -1.033243789672852e+02, -1.029363708496094e+02, -1.020072326660156e+02, -9.808646392822266e+01, 0e+00, 0e+00, 0e+00, 0e+00, 0e+00, 0e+00, 0e+00, 0e+00, 0e+00, 0e+00, 0e+00, 0e+00, 0e+00, 0e+00, 0e+00, 0e+00, 0e+00, 0e+00, 0e+00, 0e+00, 0e+00, 0e+00, 0e+00, 0e+00, 0e+00, 0e+00, 0e+00, 0e+00, 0e+00, 0e+00, -0e+00]
hex.hA.hA_2=[2.417747344970703e+02, 2.417747344970703e+02, 2.417747344970703e+02, 2.417747344970703e+02, 2.417747344970703e+02, 2.417747344970703e+02, 2.417747344970703e+02, 2.417747344970703e+02, 2.417747344970703e+02, 2.417747344970703e+02, 2.417747344970703e+02, 2.417747344970703e+02, 2.417747344970703e+02, 2.417747344970703e+02, 2.417747344970703e+02, 2.417747344970703e+02, 2.417747344970703e+02, 2.417747344970703e+02, 2.417747344970703e+02, 2.417747344970703e+02, 2.417747344970703e+02, 2.417747344970703e+02, 2.417747344970703e+02, 2.417747344970703e+02, 2.417747344970703e+02, 2.417747344970703e+02, 2.417747344970703e+02, 2.417747344970703e+02, 2.417747344970703e+02, 2.417747344970703e+02, 2.417747344970703e+02, 2.417747344970703e+02, 2.417747344970703e+02, 2.417747344970703e+02, 2.417747344970703e+02, 2.417747344970703e+02, 2.417747344970703e+02, 2.417747344970703e+02, 2.417747344970703e+02, 2.417747344970703e+02, 2.417747344970703e+02, 2.417747344970703e+02, 2.417747344970703e+02, 2.417747344970703e+02, 2.417747344970703e+02, 2.417747344970703e+02, 2.417747344970703e+02, 2.417747344970703e+02, 2.417747344970703e+02, 2.417747344970703e+02, 2.417747344970703e+02, 2.022473754882812e+02, 1.606689300537109e+02, 1.161606140136719e+02, 6.671675109863247e+01, 1.839298248291028e+01, 6.671675109863314e+01, 1.161606140136719e+02, 1.606689300537109e+02, 2.022473754882812e+02, 2.417747344970703e+02, 2.222311401367188e+02, 2.022473754882812e+02, 1.817562408447266e+02, 1.606689300537109e+02, 1.388631134033203e+02, 1.161606140136719e+02, 9.228006744384766e+01, 6.671675109863281e+01, 3.83187141418457e+01, 1.839298248291016e+01, 1.839298248291016e+01, 1.839298248291016e+01, 1.839298248291016e+01, 1.839298248291016e+01, 1.839298248291016e+01, 1.839298248291016e+01, 1.839298248291016e+01, 1.839298248291016e+01, 1.839298248291016e+01, 1.839298248291016e+01, 1.839298248291016e+01, 1.839298248291016e+01, 1.839298248291016e+01, 1.839298248291016e+01, 1.839298248291016e+01, 1.839298248291016e+01, 1.839298248291016e+01, 1.839298248291016e+01, 1.839298248291016e+01, 1.839298248291016e+01, 1.839298248291016e+01, 1.839298248291016e+01, 1.839298248291016e+01, 1.839298248291016e+01, 1.839298248291016e+01, 1.839298248291016e+01, 1.839298248291016e+01, 1.839298248291016e+01, 1.839298248291016e+01, 1.839298248291016e+01]
hex.hA.hA_1=[3.62662109375e+02, 3.62662109375e+02, 3.62662109375e+02, 3.62662109375e+02, 3.62662109375e+02, 3.62662109375e+02, 3.62662109375e+02, 3.62662109375e+02, 3.62662109375e+02, 3.62662109375e+02, 3.62662109375e+02, 3.319084167480469e+02, 3.006425170898438e+02, 2.687906799316406e+02, 2.362563934326171e+02, 2.029083099365234e+02, 1.685579681396484e+02, 1.329137115478516e+02, 9.546759796142578e+01, 5.512069702148438e+01, 2.353867721557617e+01, 2.353867721557617e+01, 2.353867721557617e+01, 2.353867721557617e+01, 2.353867721557617e+01, 2.353867721557617e+01, 2.353867721557617e+01, 2.353867721557617e+01, 2.353867721557617e+01, 2.353867721557617e+01, 2.353867721557617e+01, 2.353867721557617e+01, 2.353867721557617e+01, 2.353867721557617e+01, 2.353867721557617e+01, 2.353867721557617e+01, 2.353867721557617e+01, 2.353867721557617e+01, 2.353867721557617e+01, 2.353867721557617e+01, 2.353867721557617e+01, 2.353867721557617e+01, 2.353867721557617e+01, 2.353867721557617e+01, 2.353867721557617e+01, 2.353867721557617e+01, 2.353867721557617e+01, 2.353867721557617e+01, 2.353867721557617e+01, 2.353867721557617e+01, 2.353867721557617e+01, 2.353867721557617e+01, 2.353867721557617e+01, 2.353867721557617e+01, 2.353867721557617e+01, 2.353867721557617e+01, 2.353867721557617e+01, 2.353867721557617e+01, 2.353867721557617e+01, 2.353867721557617e+01, 2.353867721557617e+01, 2.353867721557617e+01, 2.353867721557617e+01, 2.353867721557617e+01, 2.353867721557617e+01, 2.353867721557617e+01, 2.353867721557617e+01, 2.353867721557617e+01, 2.353867721557617e+01, 2.353867721557617e+01, 2.353867721557617e+01, 2.353867721557617e+01, 2.353867721557617e+01, 2.353867721557617e+01, 2.353867721557617e+01, 2.353867721557617e+01, 2.353867721557617e+01, 2.353867721557617e+01, 2.353867721557617e+01, 2.353867721557617e+01, 2.353867721557617e+01, 2.353867721557617e+01, 2.353867721557617e+01, 2.353867721557617e+01, 2.353867721557617e+01, 2.353867721557617e+01, 2.353867721557617e+01, 2.353867721557617e+01, 2.353867721557617e+01, 2.353867721557617e+01, 2.353867721557617e+01, 2.353867721557617e+01, 2.353867721557617e+01, 2.353867721557617e+01, 2.353867721557617e+01, 2.353867721557617e+01, 2.353867721557617e+01, 2.353867721557617e+01, 2.353867721557617e+01, 2.353867721557617e+01, 2.353867721557617e+01]
