last-generated=2023-07-11
statistics-initialization=
{
  "nonlinear": "5",
  "numerical Jacobians": "0"
}
statistics-simulation=
{
  "linear": "0, 0, 0, 0, 0, 0",
  "nonlinear": "1",
  "number of continuous time states": "15",
  "numerical Jacobians": "0"
}
time=[0e+00, 8.64e+04]
vol.T_start=[2.931499938964844e+02, 2.931499938964844e+02]
vol.T=[2.931499938964844e+02, 2.913373107910156e+02, 2.888346862792969e+02, 2.894352416992188e+02, 2.914781799316406e+02, 2.932795104980469e+02, 2.941365051269531e+02, 2.889734497070312e+02, 2.874643249511719e+02, 2.910404968261719e+02, 2.933169860839844e+02, 2.9339501953125e+02, 2.875216674804688e+02, 2.888481750488281e+02, 2.921236877441406e+02, 2.93994140625e+02, 2.907155151367188e+02, 2.8704345703125e+02, 2.906600036621094e+02, 2.932762145996094e+02, 2.931188659667969e+02, 2.872913513183594e+02, 2.893951110839844e+02, 2.925646667480469e+02, 2.941640014648438e+02, 2.8913134765625e+02, 2.881792602539062e+02, 2.917352905273438e+02, 2.939155578613281e+02, 2.910478515625e+02, 2.871715393066406e+02, 2.907923889160156e+02, 2.934793395996094e+02, 2.924180908203125e+02, 2.893922729492188e+02, 2.937658996582031e+02, 2.927625122070312e+02, 2.911085510253906e+02, 2.946367492675781e+02, 2.912174072265625e+02, 2.93583251953125e+02, 2.933627624511719e+02, 2.919138488769531e+02, 2.945328674316406e+02, 2.913801574707031e+02, 2.948530883789062e+02, 2.924232177734375e+02, 2.942244873046875e+02, 2.933683776855469e+02, 2.932251892089844e+02, 2.940659484863281e+02, 2.982083740234375e+02, 2.980082702636719e+02, 2.978558654785156e+02, 2.978803405761719e+02, 2.979826049804688e+02, 2.981475219726562e+02, 2.983440551757812e+02, 2.9852587890625e+02, 2.986456909179688e+02, 2.987186584472656e+02, 2.911841125488281e+02, 2.925655822753906e+02, 2.942689514160156e+02, 2.919635009765625e+02, 2.928658142089844e+02, 2.941309509277344e+02, 2.916842041015625e+02, 2.935188903808594e+02, 2.936529541015625e+02, 2.917705688476562e+02, 2.942932434082031e+02, 2.928883056640625e+02, 2.923921813964844e+02, 2.943580322265625e+02, 2.919324645996094e+02, 2.907963256835938e+02, 2.934815673828125e+02, 2.928924255371094e+02, 2.89275390625e+02, 2.933628845214844e+02, 2.930118713378906e+02, 2.905503845214844e+02, 2.94656982421875e+02, 2.915889282226562e+02, 2.923492126464844e+02, 2.938896789550781e+02, 2.901281127929688e+02, 2.939730224609375e+02, 2.925169982910156e+02, 2.912031860351562e+02, 2.945675659179688e+02, 2.908821716308594e+02, 2.93113525390625e+02, 2.933047180175781e+02, 2.904582824707031e+02, 2.945506591796875e+02, 2.916921081542969e+02, 2.918087463378906e+02, 2.942364501953125e+02, 2.902295227050781e+02]
temSup.T=[3.231499938964844e+02, 3.109062194824219e+02, 3.105552978515625e+02, 3.143229675292969e+02, 3.179247436523438e+02, 3.19901123046875e+02, 3.15718505859375e+02, 3.032240295410156e+02, 3.131338806152344e+02, 3.176712036132812e+02, 3.198677673339844e+02, 3.118241577148438e+02, 3.00712890625e+02, 3.149584655761719e+02, 3.186004028320312e+02, 3.202058715820312e+02, 3.057461242675781e+02, 3.113204040527344e+02, 3.170792541503906e+02, 3.196646118164062e+02, 3.106342163085938e+02, 3.068294982910156e+02, 3.1547216796875e+02, 3.189239501953125e+02, 3.151369018554688e+02, 3.028887329101562e+02, 3.136593627929688e+02, 3.180883178710938e+02, 3.200625e+02, 3.061002502441406e+02, 3.110574035644531e+02, 3.170692138671875e+02, 3.197020568847656e+02, 3.08599365234375e+02, 3.087404479980469e+02, 3.175447998046875e+02, 3.047874145507812e+02, 3.129202270507812e+02, 3.103055114746094e+02, 3.014529418945312e+02, 3.164670715332031e+02, 3.047749938964844e+02, 3.128143615722656e+02, 3.075770263671875e+02, 3.078985290527344e+02, 3.103167724609375e+02, 3.018453063964844e+02, 3.137561950683594e+02, 3.031984558105469e+02, 3.132481079101562e+02, 3.043597717285156e+02, 2.989662780761719e+02, 2.966028137207031e+02, 2.965573120117188e+02, 2.965174865722656e+02, 2.965169982910156e+02, 2.965637512207031e+02, 2.966552734375e+02, 2.967759399414062e+02, 2.968987426757812e+02, 2.9700146484375e+02, 3.005694885253906e+02, 3.075985717773438e+02, 3.0492822265625e+02, 2.9915771484375e+02, 3.082239074707031e+02, 3.039951782226562e+02, 3.028612365722656e+02, 3.092344970703125e+02, 3.024566345214844e+02, 3.053342590332031e+02, 3.074151306152344e+02, 3.008081970214844e+02, 3.0770556640625e+02, 3.053501586914062e+02, 2.993681335449219e+02, 3.108339538574219e+02, 3.145733032226562e+02, 3.056238403320312e+02, 3.082515869140625e+02, 3.170149841308594e+02, 3.055787963867188e+02, 3.117190246582031e+02, 3.12293212890625e+02, 3.024429931640625e+02, 3.153944091796875e+02, 3.07519775390625e+02, 3.087121887207031e+02, 3.176253662109375e+02, 3.043482971191406e+02, 3.133220825195312e+02, 3.101425476074219e+02, 3.012757873535156e+02, 3.164855041503906e+02, 3.059198913574219e+02, 3.112230529785156e+02, 3.130103454589844e+02, 3.029351806640625e+02, 3.14785888671875e+02, 3.088245239257812e+02, 3.075714111328125e+02]
temRet.T=[3.231499938964844e+02, 3.089662170410156e+02, 3.068438415527344e+02, 3.096073608398438e+02, 3.130694274902344e+02, 3.153211975097656e+02, 3.158967895507812e+02, 3.031418762207031e+02, 3.075200805664062e+02, 3.127260131835938e+02, 3.1524365234375e+02, 3.117867736816406e+02, 3.006112976074219e+02, 3.096320190429688e+02, 3.137838134765625e+02, 3.157921142578125e+02, 3.056906127929688e+02, 3.054121398925781e+02, 3.120581665039062e+02, 3.150139465332031e+02, 3.106050720214844e+02, 3.000053100585938e+02, 3.102259521484375e+02, 3.141527404785156e+02, 3.153294372558594e+02, 3.028135681152344e+02, 3.081404418945312e+02, 3.132075500488281e+02, 3.156030883789062e+02, 3.060508422851562e+02, 3.051065979003906e+02, 3.120508117675781e+02, 3.150959167480469e+02, 3.085651550292969e+02, 3.024349975585938e+02, 3.127763977050781e+02, 3.04794189453125e+02, 3.073759765625e+02, 3.103036499023438e+02, 3.014421691894531e+02, 3.115576171875e+02, 3.0479736328125e+02, 3.072743225097656e+02, 3.076087646484375e+02, 3.012030334472656e+02, 3.102964477539062e+02, 3.018622741699219e+02, 3.108637390136719e+02, 3.032310180664062e+02, 3.083251953125e+02, 3.044026489257812e+02, 2.998809509277344e+02, 2.967267456054688e+02, 2.966773376464844e+02, 2.966376953125e+02, 2.966387939453125e+02, 2.966882934570312e+02, 2.967832946777344e+02, 2.969072875976562e+02, 2.970324401855469e+02, 2.971366577148438e+02, 2.973217163085938e+02, 3.046031799316406e+02, 3.049632873535156e+02, 2.991765747070312e+02, 3.051106262207031e+02, 3.04042236328125e+02, 2.988262634277344e+02, 3.062375183105469e+02, 3.025001525878907e+02, 3.016366577148436e+02, 3.073045959472656e+02, 3.008416137695312e+02, 3.042220458984375e+02, 3.053901672363281e+02, 2.993854675292969e+02, 3.0658935546875e+02, 3.108707275390625e+02, 3.05627685546875e+02, 3.022944946289062e+02, 3.123030700683594e+02, 3.055863342285156e+02, 3.059677429199219e+02, 3.123465576171875e+02, 3.024354858398438e+02, 3.102217712402344e+02, 3.075346984863281e+02, 3.023951721191406e+02, 3.129185180664062e+02, 3.043518371582031e+02, 3.078399658203125e+02, 3.101484680175781e+02, 3.012576904296875e+02, 3.114831237792969e+02, 3.059326782226562e+02, 3.053919067382812e+02, 3.132880249023438e+02, 3.029270935058594e+02, 3.095203552246094e+02, 3.088407592773438e+02, 3.006016540527344e+02]
modRevHeaPum.refCyc.sigBus.hea=[1e+00, 1e+00, 1e+00, 1e+00, 1e+00, 1e+00, 0e+00, 1e+00, 1e+00, 1e+00, 1e+00, 0e+00, 1e+00, 1e+00, 1e+00, 1e+00, 1e+00, 1e+00, 1e+00, 1e+00, 0e+00, 1e+00, 1e+00, 1e+00, 0e+00, 1e+00, 1e+00, 1e+00, 1e+00, 1e+00, 1e+00, 1e+00, 1e+00, 0e+00, 1e+00, 1e+00, 0e+00, 1e+00, 0e+00, 1e+00, 1e+00, 0e+00, 1e+00, 0e+00, 1e+00, 0e+00, 0e+00, 0e+00, 0e+00, 1e+00, 0e+00, 0e+00, 0e+00, 0e+00, 0e+00, 0e+00, 0e+00, 0e+00, 0e+00, 0e+00, 0e+00, 1e+00, 1e+00, 0e+00, 1e+00, 1e+00, 0e+00, 1e+00, 1e+00, 0e+00, 1e+00, 0e+00, 0e+00, 1e+00, 0e+00, 1e+00, 1e+00, 1e+00, 0e+00, 1e+00, 1e+00, 0e+00, 1e+00, 0e+00, 1e+00, 1e+00, 0e+00, 1e+00, 1e+00, 0e+00, 1e+00, 0e+00, 1e+00, 1e+00, 0e+00, 1e+00, 0e+00, 1e+00, 1e+00, 0e+00, 1e+00]
modRevHeaPum.refCyc.sigBus.onOffMea=[1e+00, 1e+00, 1e+00, 1e+00, 1e+00, 1e+00, 0e+00, 0e+00, 1e+00, 1e+00, 1e+00, 0e+00, 0e+00, 1e+00, 1e+00, 1e+00, 0e+00, 1e+00, 1e+00, 1e+00, 0e+00, 1e+00, 1e+00, 1e+00, 0e+00, 0e+00, 1e+00, 1e+00, 1e+00, 0e+00, 1e+00, 1e+00, 1e+00, 0e+00, 1e+00, 1e+00, 0e+00, 1e+00, 0e+00, 0e+00, 1e+00, 0e+00, 1e+00, 0e+00, 1e+00, 0e+00, 0e+00, 0e+00, 0e+00, 1e+00, 0e+00, 1e+00, 0e+00, 0e+00, 0e+00, 0e+00, 0e+00, 0e+00, 0e+00, 0e+00, 0e+00, 1e+00, 1e+00, 0e+00, 0e+00, 1e+00, 0e+00, 1e+00, 1e+00, 0e+00, 1e+00, 0e+00, 0e+00, 1e+00, 0e+00, 0e+00, 1e+00, 1e+00, 0e+00, 1e+00, 1e+00, 0e+00, 1e+00, 0e+00, 0e+00, 1e+00, 0e+00, 1e+00, 1e+00, 0e+00, 1e+00, 0e+00, 0e+00, 1e+00, 0e+00, 1e+00, 0e+00, 0e+00, 1e+00, 0e+00, 1e+00]
