last-generated=2019-12-23
statistics-initialization=
{
  "nonlinear": "1",
  "numerical Jacobians": "0"
}
statistics-simulation=
{
  "linear": " ",
  "nonlinear": "0, 1",
  "numerical Jacobians": "0"
}
time=[0e+00, 1e+00]
res.m_flow=[1.73611113041261e-06, 1.73611113041261e-06, 1.73611113041261e-06, 1.73611113041261e-06, 1.73611113041261e-06, 1.73611113041261e-06, 1.73611113041261e-06, 1.73611113041261e-06, 1.73611113041261e-06, 1.73611113041261e-06, 1.73611113041261e-06, 1.73611113041261e-06, 1.73611113041261e-06, 1.73611113041261e-06, 1.73611113041261e-06, 1.73611113041261e-06, 1.73611113041261e-06, 1.73611113041261e-06, 1.73611113041261e-06, 1.73611113041261e-06, 1.73611113041261e-06, 7.765166950476815e-05, 1.60075869449394e-03, 1.520154629699454e-02, 6.594549255797394e-02, 1.291267275810242e-01, 1.709038911168173e-01, 2.198634794807543e-01, 2.702429534227071e-01, 3.179711826017728e-01, 3.722108212597391e-01, 4.357029038540048e-01, 5.100255000168329e-01, 5.970258691043756e-01, 6.988671034493599e-01, 8.180805032837931e-01, 9.576289914005297e-01, 1.120982206438723e+00, 1.312200407963043e+00, 1.534253581735118e+00, 1.785047732242381e+00, 2.066010582369993e+00, 2.378729540836784e+00, 2.724502544940671e+00, 3.104269123178574e+00, 3.518530648952181e+00, 3.967281194071931e+00, 4.449944079224499e+00, 4.965305424673633e+00, 5.511465494246008e+00, 6.085806369781494e+00, 6.085806369781494e+00, 6.085806369781494e+00, 6.085806369781494e+00, 6.085806369781494e+00, 6.085806369781494e+00, 6.085806369781494e+00, 6.085806369781494e+00, 6.085806369781494e+00, 6.085806369781494e+00, 6.085806369781494e+00, 6.085806369781494e+00, 6.085806369781494e+00, 6.085806369781494e+00, 6.085806369781494e+00, 6.085806369781494e+00, 6.085806369781494e+00, 6.085806369781494e+00, 6.085806369781494e+00, 6.085806369781494e+00, 6.085806369781494e+00, 6.085806369781494e+00, 6.085806369781494e+00, 6.085806369781494e+00, 6.085806369781494e+00, 6.085806369781494e+00, 6.085806369781494e+00, 6.085806369781494e+00, 6.085806369781494e+00, 6.085806369781494e+00, 6.085806369781494e+00, 6.085806369781494e+00, 6.085806369781494e+00, 6.085806369781494e+00, 6.085806369781494e+00, 6.085806369781494e+00, 6.085806369781494e+00, 6.085806369781494e+00, 6.085806369781494e+00, 6.085806369781494e+00, 6.085806369781494e+00, 6.085806369781494e+00, 6.085806369781494e+00, 6.085806369781494e+00, 6.085806369781494e+00, 6.085806369781494e+00, 6.085806369781494e+00, 6.085806369781494e+00, 6.085806369781494e+00, 6.085806369781494e+00, 6.085806369781494e+00]
preInd.m_flow=[1.009988784790039e-02, 1.009988784790039e-02, 1.009988784790039e-02, 1.009988784790039e-02, 1.009988784790039e-02, 1.009988784790039e-02, 1.009988784790039e-02, 1.009988784790039e-02, 1.009988784790039e-02, 1.009988784790039e-02, 1.009988784790039e-02, 1.009988784790039e-02, 1.009988784790039e-02, 1.009988784790039e-02, 1.009988784790039e-02, 1.009988784790039e-02, 1.009988784790039e-02, 1.009988784790039e-02, 1.009988784790039e-02, 1.009988784790039e-02, 1.009988784790039e-02, 4.339148051618207e-02, 7.667752007011593e-02, 1.09952778644099e-01, 1.432125001689999e-01, 1.764524579048157e-01, 2.096695471545969e-01, 2.428615482287555e-01, 2.760279735140553e-01, 3.091696181169973e-01, 3.422883950354265e-01, 3.753850977211446e-01, 4.084595380265644e-01, 4.415116770892337e-01, 4.745417119189304e-01, 5.075495439734352e-01, 5.405349855759131e-01, 5.734983525494818e-01, 6.064395465505721e-01, 6.393584483703206e-01, 6.722550792171418e-01, 7.051295755605099e-01, 7.379818989309024e-01, 7.708118323176385e-01, 8.036196906076453e-01, 8.364053163195341e-01, 8.691686118505815e-01, 9.019098320874752e-01, 9.346288197455052e-01, 9.673254774210768e-01, 9.981625080108643e-01, 9.981625080108643e-01, 9.981625080108643e-01, 9.981625080108643e-01, 9.981625080108643e-01, 9.981625080108643e-01, 9.981625080108643e-01, 9.981625080108643e-01, 9.981625080108643e-01, 9.981625080108643e-01, 9.981625080108643e-01, 9.981625080108643e-01, 9.981625080108643e-01, 9.981625080108643e-01, 9.981625080108643e-01, 9.981625080108643e-01, 9.981625080108643e-01, 9.981625080108643e-01, 9.981625080108643e-01, 9.981625080108643e-01, 9.981625080108643e-01, 9.981625080108643e-01, 9.981625080108643e-01, 9.981625080108643e-01, 9.981625080108643e-01, 9.981625080108643e-01, 9.981625080108643e-01, 9.981625080108643e-01, 9.981625080108643e-01, 9.981625080108643e-01, 9.981625080108643e-01, 9.981625080108643e-01, 9.981625080108643e-01, 9.981625080108643e-01, 9.981625080108643e-01, 9.981625080108643e-01, 9.981625080108643e-01, 9.981625080108643e-01, 9.981625080108643e-01, 9.981625080108643e-01, 9.981625080108643e-01, 9.981625080108643e-01, 9.981625080108643e-01, 9.981625080108643e-01, 9.981625080108643e-01, 9.981625080108643e-01, 9.981625080108643e-01, 9.981625080108643e-01, 9.981625080108643e-01, 9.981625080108643e-01, 9.981625080108643e-01]
preIndFrom_dp.m_flow=[1.009988784790039e-02, 1.009988784790039e-02, 1.009988784790039e-02, 1.009988784790039e-02, 1.009988784790039e-02, 1.009988784790039e-02, 1.009988784790039e-02, 1.009988784790039e-02, 1.009988784790039e-02, 1.009988784790039e-02, 1.009988784790039e-02, 1.009988784790039e-02, 1.009988784790039e-02, 1.009988784790039e-02, 1.009988784790039e-02, 1.009988784790039e-02, 1.009988784790039e-02, 1.009988784790039e-02, 1.009988784790039e-02, 1.009988784790039e-02, 1.009988784790039e-02, 4.339148051618207e-02, 7.667752007011593e-02, 1.09952778644099e-01, 1.432125001689999e-01, 1.764524579048157e-01, 2.096695471545969e-01, 2.428615482287555e-01, 2.760279735140553e-01, 3.091696181169973e-01, 3.422883950354265e-01, 3.753850977211446e-01, 4.084595380265644e-01, 4.415111704520979e-01, 4.745320857742881e-01, 5.075115757887786e-01, 5.404417044036153e-01, 5.733162604090045e-01, 6.061288274633195e-01, 6.388727298254556e-01, 6.715404196767421e-01, 7.04122972199959e-01, 7.366090842061003e-01, 7.689840562394508e-01, 8.012286501299983e-01, 8.333151721658051e-01, 8.652026387975452e-01, 8.968252577088046e-01, 9.280624125259218e-01, 9.586454341904315e-01, 9.876275062561035e-01, 9.876275062561035e-01, 9.876275062561035e-01, 9.876275062561035e-01, 9.876275062561035e-01, 9.876275062561035e-01, 9.876275062561035e-01, 9.876275062561035e-01, 9.876275062561035e-01, 9.876275062561035e-01, 9.876275062561035e-01, 9.876275062561035e-01, 9.876275062561035e-01, 9.876275062561035e-01, 9.876275062561035e-01, 9.876275062561035e-01, 9.876275062561035e-01, 9.876275062561035e-01, 9.876275062561035e-01, 9.876275062561035e-01, 9.876275062561035e-01, 9.876275062561035e-01, 9.876275062561035e-01, 9.876275062561035e-01, 9.876275062561035e-01, 9.876275062561035e-01, 9.876275062561035e-01, 9.876275062561035e-01, 9.876275062561035e-01, 9.876275062561035e-01, 9.876275062561035e-01, 9.876275062561035e-01, 9.876275062561035e-01, 9.876275062561035e-01, 9.876275062561035e-01, 9.876275062561035e-01, 9.876275062561035e-01, 9.876275062561035e-01, 9.876275062561035e-01, 9.876275062561035e-01, 9.876275062561035e-01, 9.876275062561035e-01, 9.876275062561035e-01, 9.876275062561035e-01, 9.876275062561035e-01, 9.876275062561035e-01, 9.876275062561035e-01, 9.876275062561035e-01, 9.876275062561035e-01, 9.876275062561035e-01, 9.876275062561035e-01]
preIndDpFixed_nominal.m_flow=[6.766553968191147e-03, 6.766553968191147e-03, 6.766553968191147e-03, 6.766553968191147e-03, 6.766553968191147e-03, 6.766553968191147e-03, 6.766553968191147e-03, 6.766553968191147e-03, 6.766553968191147e-03, 6.766553968191147e-03, 6.766553968191147e-03, 6.766553968191147e-03, 6.766553968191147e-03, 6.766553968191147e-03, 6.766553968191147e-03, 6.766553968191147e-03, 6.766553968191147e-03, 6.766553968191147e-03, 6.766553968191147e-03, 6.766553968191147e-03, 6.766553968191147e-03, 4.005814663647282e-02, 7.334418991569698e-02, 1.066194484896645e-01, 1.39879170014581e-01, 1.731191277503967e-01, 2.063362170001779e-01, 2.395282180743366e-01, 2.726946433596363e-01, 3.058362879625783e-01, 3.389550648810076e-01, 3.720517377644388e-01, 4.051262078721454e-01, 4.381783469348148e-01, 4.712083817645115e-01, 5.042162138190163e-01, 5.372016554214941e-01, 5.701650223950628e-01, 6.031062163961531e-01, 6.360251182159017e-01, 6.689217490627228e-01, 7.01796245406091e-01, 7.346485687764834e-01, 7.674785021632196e-01, 8.002863604532263e-01, 8.164966106414795e-01, 8.164966106414795e-01, 8.164966106414795e-01, 8.164966106414795e-01, 8.164966106414795e-01, 8.164966106414795e-01, 8.164966106414795e-01, 8.164966106414795e-01, 8.164966106414795e-01, 8.164966106414795e-01, 8.164966106414795e-01, 8.164966106414795e-01, 8.164966106414795e-01, 8.164966106414795e-01, 8.164966106414795e-01, 8.164966106414795e-01, 8.164966106414795e-01, 8.164966106414795e-01, 8.164966106414795e-01, 8.164966106414795e-01, 8.164966106414795e-01, 8.164966106414795e-01, 8.164966106414795e-01, 8.164966106414795e-01, 8.164966106414795e-01, 8.164966106414795e-01, 8.164966106414795e-01, 8.164966106414795e-01, 8.164966106414795e-01, 8.164966106414795e-01, 8.164966106414795e-01, 8.164966106414795e-01, 8.164966106414795e-01, 8.164966106414795e-01, 8.164966106414795e-01, 8.164966106414795e-01, 8.164966106414795e-01, 8.164966106414795e-01, 8.164966106414795e-01, 8.164966106414795e-01, 8.164966106414795e-01, 8.164966106414795e-01, 8.164966106414795e-01, 8.164966106414795e-01, 8.164966106414795e-01, 8.164966106414795e-01, 8.164966106414795e-01, 8.164966106414795e-01, 8.164966106414795e-01, 8.164966106414795e-01, 8.164966106414795e-01, 8.164966106414795e-01, 8.164966106414795e-01, 8.164966106414795e-01, 8.164966106414795e-01, 8.164966106414795e-01]
