last-generated=2023-12-18
statistics-simulation=
{
  "linear": " ",
  "nonlinear": "2",
  "number of continuous time states": "5",
  "numerical Jacobians": "0"
}
time=[0e+00, 3.6e+03]
chi.refCyc.sigBus.TConInMea=[3.031499938964844e+02, 3.031499938964844e+02, 3.051499938964844e+02, 3.111499938964844e+02, 3.131499938964844e+02, 3.131499938964844e+02, 3.131499938964844e+02, 3.131499938964844e+02, 3.131499938964844e+02, 3.131499938964844e+02, 3.131499938964844e+02, 3.131499938964844e+02, 3.131499938964844e+02, 3.131499938964844e+02, 3.131499938964844e+02, 3.131499938964844e+02, 3.131499938964844e+02, 3.131499938964844e+02, 3.131499938964844e+02, 3.131499938964844e+02, 3.131499938964844e+02, 3.131499938964844e+02, 3.131499938964844e+02, 3.131499938964844e+02, 3.131499938964844e+02, 3.131499938964844e+02, 3.131499938964844e+02, 3.131499938964844e+02, 3.131499938964844e+02, 3.131499938964844e+02, 3.131499938964844e+02, 3.131499938964844e+02, 3.131499938964844e+02, 3.131499938964844e+02, 3.131499938964844e+02, 3.131499938964844e+02, 3.131499938964844e+02, 3.131499938964844e+02, 3.131499938964844e+02, 3.131499938964844e+02, 3.131499938964844e+02, 3.131499938964844e+02, 3.131499938964844e+02, 3.131499938964844e+02, 3.131499938964844e+02, 3.131499938964844e+02, 3.131499938964844e+02, 3.131499938964844e+02, 3.131499938964844e+02, 3.131499938964844e+02, 3.131499938964844e+02, 3.131499938964844e+02, 3.131499938964844e+02, 3.131499938964844e+02, 3.131499938964844e+02, 3.131499938964844e+02, 3.131499938964844e+02, 3.131499938964844e+02, 3.131499938964844e+02, 3.131499938964844e+02, 3.131499938964844e+02, 3.131499938964844e+02, 3.131499938964844e+02, 3.131499938964844e+02, 3.131499938964844e+02, 3.131499938964844e+02, 3.131499938964844e+02, 3.131499938964844e+02, 3.131499938964844e+02, 3.131499938964844e+02, 3.131499938964844e+02, 3.131499938964844e+02, 3.131499938964844e+02, 3.131499938964844e+02, 3.131499938964844e+02, 3.131499938964844e+02, 3.131499938964844e+02, 3.131499938964844e+02, 3.131499938964844e+02, 3.131499938964844e+02, 3.131499938964844e+02, 3.131499938964844e+02, 3.131499938964844e+02, 3.131499938964844e+02, 3.131499938964844e+02, 3.131499938964844e+02, 3.131499938964844e+02, 3.131499938964844e+02, 3.131499938964844e+02, 3.131499938964844e+02, 3.131499938964844e+02, 3.131499938964844e+02, 3.131499938964844e+02, 3.131499938964844e+02, 3.131499938964844e+02, 3.131499938964844e+02, 3.131499938964844e+02, 3.131499938964844e+02, 3.131499938964844e+02, 3.131499938964844e+02, 3.131499938964844e+02]
chi.refCyc.sigBus.TConOutMea=[2.931499938964844e+02, 3.021229553222656e+02, 3.066435546875e+02, 3.119231262207031e+02, 3.164322814941406e+02, 3.178111572265625e+02, 3.1814501953125e+02, 3.182050170898438e+02, 3.182060241699219e+02, 3.182000427246094e+02, 3.181962280273438e+02, 3.181946105957031e+02, 3.181940612792969e+02, 3.181939392089844e+02, 3.1819384765625e+02, 3.181550903320312e+02, 3.180177612304688e+02, 3.178044128417969e+02, 3.175466613769531e+02, 3.172638854980469e+02, 3.169654235839844e+02, 3.1665478515625e+02, 3.163327026367188e+02, 3.159984130859375e+02, 3.15650390625e+02, 3.152862854003906e+02, 3.149068908691406e+02, 3.145254821777344e+02, 3.141100463867188e+02, 3.137065734863281e+02, 3.134434509277344e+02, 3.136900329589844e+02, 3.15389404296875e+02, 3.165635681152344e+02, 3.170056457519531e+02, 3.170063781738281e+02, 3.167914733886719e+02, 3.164767150878906e+02, 3.161106567382812e+02, 3.157091064453125e+02, 3.152726745605469e+02, 3.147928161621094e+02, 3.145641784667969e+02, 3.16103759765625e+02, 3.173405151367188e+02, 3.178604736328125e+02, 3.179208374023438e+02, 3.177536315917969e+02, 3.174841003417969e+02, 3.171673583984375e+02, 3.1682421875e+02, 3.164604797363281e+02, 3.160754089355469e+02, 3.156651611328125e+02, 3.152227478027344e+02, 3.147365417480469e+02, 3.146385192871094e+02, 3.1622509765625e+02, 3.174004821777344e+02, 3.17026611328125e+02, 3.150736999511719e+02, 3.136316833496094e+02, 3.128575744628906e+02, 3.125180053710938e+02, 3.124143981933594e+02, 3.124291687011719e+02, 3.125010986328125e+02, 3.126001586914062e+02, 3.127122192382812e+02, 3.128306274414062e+02, 3.127811584472656e+02, 3.123309631347656e+02, 3.120130004882812e+02, 3.118809814453125e+02, 3.118710327148438e+02, 3.119273681640625e+02, 3.120169372558594e+02, 3.121226806640625e+02, 3.122362976074219e+02, 3.123538818359375e+02, 3.124736938476562e+02, 3.125949096679688e+02, 3.127171630859375e+02, 3.1284033203125e+02, 3.127340698242188e+02, 3.122848815917969e+02, 3.119897766113281e+02, 3.118749389648438e+02, 3.118747253417969e+02, 3.119360656738281e+02, 3.120281066894531e+02, 3.121350402832031e+02, 3.122492370605469e+02, 3.123671264648438e+02, 3.124870910644531e+02, 3.126084594726562e+02, 3.127308044433594e+02, 3.128540649414062e+02, 3.126852722167969e+02, 3.122419738769531e+02, 3.119692077636719e+02]
chi.refCyc.sigBus.TEvaOutMea=[2.931499938964844e+02, 2.873094177246094e+02, 2.839611511230469e+02, 2.826816101074219e+02, 2.824618530273438e+02, 2.826277465820312e+02, 2.828252258300781e+02, 2.829573974609375e+02, 2.830284729003906e+02, 2.830620422363281e+02, 2.830764465332031e+02, 2.830821533203125e+02, 2.830842590332031e+02, 2.830849914550781e+02, 2.830852661132812e+02, 2.831213989257812e+02, 2.832485046386719e+02, 2.834447937011719e+02, 2.836811218261719e+02, 2.839407653808594e+02, 2.842167053222656e+02, 2.845071716308594e+02, 2.848128967285156e+02, 2.851357727050781e+02, 2.854784851074219e+02, 2.858446960449219e+02, 2.887392578125e+02, 2.937267150878906e+02, 2.961936645507812e+02, 2.972540283203125e+02, 2.9773583984375e+02, 2.97505126953125e+02, 2.955732421875e+02, 2.942576904296875e+02, 2.937817993164062e+02, 2.93794189453125e+02, 2.940332946777344e+02, 2.943721923828125e+02, 2.947630920410156e+02, 2.951946716308594e+02, 2.956720886230469e+02, 2.962107238769531e+02, 2.964854736328125e+02, 2.948011474609375e+02, 2.934734191894531e+02, 2.929428405761719e+02, 2.929024353027344e+02, 2.930897827148438e+02, 2.933714599609375e+02, 2.936943054199219e+02, 2.940422058105469e+02, 2.944137878417969e+02, 2.948135070800781e+02, 2.95248779296875e+02, 2.957305908203125e+02, 2.962764892578125e+02, 2.964097595214844e+02, 2.946741638183594e+02, 2.934132080078125e+02, 2.938962097167969e+02, 2.961466064453125e+02, 2.977919311523438e+02, 2.986636962890625e+02, 2.990346374511719e+02, 2.991344909667969e+02, 2.990986633300781e+02, 2.989974975585938e+02, 2.988653564453125e+02, 2.987184448242188e+02, 2.985642395019531e+02, 2.986277465820312e+02, 2.992102661132812e+02, 2.996221618652344e+02, 2.997935791015625e+02, 2.99806884765625e+02, 2.997341918945312e+02, 2.996181640625e+02, 2.994811096191406e+02, 2.993338317871094e+02, 2.991813354492188e+02, 2.990260314941406e+02, 2.988689270019531e+02, 2.987104797363281e+02, 2.985509338378906e+02, 2.986883239746094e+02, 2.99269775390625e+02, 2.996522216796875e+02, 2.998014526367188e+02, 2.998021240234375e+02, 2.99722900390625e+02, 2.996037292480469e+02, 2.994651184082031e+02, 2.993170776367188e+02, 2.991641845703125e+02, 2.990086364746094e+02, 2.988513793945312e+02, 2.986928100585938e+02, 2.985331420898438e+02, 2.987514953613281e+02, 2.993253479003906e+02, 2.996788940429688e+02]
chi.refCyc.sigBus.TEvaInMea=[2.881499938964844e+02, 2.881499938964844e+02, 2.881499938964844e+02, 2.881499938964844e+02, 2.881499938964844e+02, 2.881499938964844e+02, 2.881499938964844e+02, 2.881499938964844e+02, 2.881499938964844e+02, 2.881499938964844e+02, 2.881499938964844e+02, 2.881499938964844e+02, 2.881499938964844e+02, 2.881499938964844e+02, 2.881499938964844e+02, 2.881499938964844e+02, 2.881499938964844e+02, 2.881499938964844e+02, 2.881499938964844e+02, 2.881499938964844e+02, 2.881499938964844e+02, 2.881499938964844e+02, 2.881499938964844e+02, 2.881499938964844e+02, 2.881499938964844e+02, 2.881499938964844e+02, 2.941499938964844e+02, 2.981499938964844e+02, 2.981499938964844e+02, 2.981499938964844e+02, 2.981499938964844e+02, 2.981499938964844e+02, 2.981499938964844e+02, 2.981499938964844e+02, 2.981499938964844e+02, 2.981499938964844e+02, 2.981499938964844e+02, 2.981499938964844e+02, 2.981499938964844e+02, 2.981499938964844e+02, 2.981499938964844e+02, 2.981499938964844e+02, 2.981499938964844e+02, 2.981499938964844e+02, 2.981499938964844e+02, 2.981499938964844e+02, 2.981499938964844e+02, 2.981499938964844e+02, 2.981499938964844e+02, 2.981499938964844e+02, 2.981499938964844e+02, 2.981499938964844e+02, 2.981499938964844e+02, 2.981499938964844e+02, 2.981499938964844e+02, 2.981499938964844e+02, 2.981499938964844e+02, 2.981499938964844e+02, 2.981499938964844e+02, 2.981499938964844e+02, 2.981499938964844e+02, 2.981499938964844e+02, 2.981499938964844e+02, 2.981499938964844e+02, 2.981499938964844e+02, 2.981499938964844e+02, 2.981499938964844e+02, 2.981499938964844e+02, 2.981499938964844e+02, 2.981499938964844e+02, 2.981499938964844e+02, 2.981499938964844e+02, 2.981499938964844e+02, 2.981499938964844e+02, 2.981499938964844e+02, 2.981499938964844e+02, 2.981499938964844e+02, 2.981499938964844e+02, 2.981499938964844e+02, 2.981499938964844e+02, 2.981499938964844e+02, 2.981499938964844e+02, 2.981499938964844e+02, 2.981499938964844e+02, 2.981499938964844e+02, 2.981499938964844e+02, 2.981499938964844e+02, 2.981499938964844e+02, 2.981499938964844e+02, 2.981499938964844e+02, 2.981499938964844e+02, 2.981499938964844e+02, 2.981499938964844e+02, 2.981499938964844e+02, 2.981499938964844e+02, 2.981499938964844e+02, 2.981499938964844e+02, 2.981499938964844e+02, 2.981499938964844e+02, 2.981499938964844e+02, 2.981499938964844e+02]
chi.refCyc.QCon_flow=[8.18571875e+04, 6.09213515625e+04, 5.308723828125e+04, 4.805806640625e+04, 4.5097234375e+04, 4.442612109375e+04, 4.43684140625e+04, 4.442032421875e+04, 4.446565625e+04, 4.449069140625e+04, 4.45021328125e+04, 4.450674609375e+04, 4.45084140625e+04, 4.4508953125e+04, 4.420156249999999e+04, 4.145180859375e+04, 3.875757421875e+04, 3.607866796875e+04, 3.336879296875e+04, 3.059691015625e+04, 2.774225390625e+04, 2.478789453125e+04, 2.171629296875e+04, 1.8506388671875e+04, 1.513090625e+04, 1.15528173828125e+04, 8.2651689453125e+03, 4.490956054687484e+03, 0e+00, 0e+00, 0e+00, 4.983396484375e+04, 4.28835625e+04, 3.73428359375e+04, 3.31167734375e+04, 2.946106640625e+04, 2.59319609375e+04, 2.230612890625e+04, 1.8457072265625e+04, 1.427762890625e+04, 9.624970703125e+03, 4.24533740234375e+03, 5.752749609375e+04, 5.12121328125e+04, 4.581649609375e+04, 4.17708671875e+04, 3.840230859375e+04, 3.526000390625e+04, 3.21214140625e+04, 2.8882189453125e+04, 2.5484326171875e+04, 2.1879685546875e+04, 1.800973046875e+04, 1.3787775390625e+04, 9.069961914062467e+03, 3.583663330078086e+03, 5.701863671874996e+04, 5.063329296875e+04, 4.536366015625e+04, -1.27987626953125e+04, -1.105278125e+04, -9.5388017578125e+03, -8.2465595703125e+03, -7.0770498046875e+03, -5.96296533203125e+03, -4.86957958984375e+03, -3.78091552734375e+03, -2.690065673828125e+03, -1.594151977539062e+03, -4.919937438964844e+02, -1.4741193359375e+04, -1.3478896484375e+04, -1.22843037109375e+04, -1.1161896484375e+04, -1.007908984375e+04, -9.01243359375e+03, -7.949484375e+03, -6.88436669921875e+03, -5.814462890625e+03, -4.7386328125e+03, -3.656372802734375e+03, -2.567443359375e+03, -1.471711791992188e+03, -3.690867004394531e+02, -1.46007841796875e+04, -1.334156640625e+04, -1.21565166015625e+04, -1.104012890625e+04, -9.9600634765625e+03, -8.8942880859375e+03, -7.83131103515625e+03, -6.76575439453125e+03, -5.695232421875e+03, -4.6187060546875e+03, -3.535713623046875e+03, -2.44603369140625e+03, -1.349539794921875e+03, -2.461439666748047e+02, -1.44600244140625e+04, -1.3205615234375e+04, -1.20297080078125e+04]
chi.refCyc.QEva_flow=[-6.773621875e+04, -4.68003828125e+04, -3.896626953125e+04, -3.393709765625e+04, -3.0976263671875e+04, -3.030515234375e+04, -3.0247443359375e+04, -3.0299353515625e+04, -3.03446875e+04, -3.036972265625e+04, -3.0381162109375e+04, -3.0385775390625e+04, -3.03874453125e+04, -3.0387982421875e+04, -3.0193560546875e+04, -2.8460515625e+04, -2.67829921875e+04, -2.5120796875e+04, -2.3427630859375e+04, -2.167245703125e+04, -1.9834509765625e+04, -1.7896861328125e+04, -1.5841970703125e+04, -1.36487744140625e+04, -1.1290001953125e+04, -8.728623046875e+03, -6.45768505859375e+03, -3.700181884765612e+03, 0e+00, -0e+00, -0e+00, -3.89890625e+04, -3.30553671875e+04, -2.8531349609375e+04, -2.5322e+04, -2.2683e+04, -2.017060546875e+04, -1.7561482421875e+04, -1.472913671875e+04, -1.156640234375e+04, -7.9304541015625e+03, -3.56753076171875e+03, -4.37454296875e+04, -3.84467734375e+04, -3.406784765625e+04, -3.10389296875e+04, -2.8687083984375e+04, -2.6561484375e+04, -2.443960546875e+04, -2.2217091796875e+04, -1.9835939453125e+04, -1.72480078125e+04, -1.43947626953125e+04, -1.11895166015625e+04, -7.488413085937475e+03, -3.018824462890592e+03, -4.334953906249997e+04, -3.798090625e+04, -3.372798046875e+04, 1.1198125e+04, 9.69463671875e+03, 8.383376953125e+03, 7.25584375e+03, 6.23000341796875e+03, 5.2500869140625e+03, 4.2873203125e+03, 3.328466064453125e+03, 2.36780078125e+03, 1.402939697265625e+03, 4.32904541015625e+02, 1.2971708984375e+04, 1.18689873046875e+04, 1.08223642578125e+04, 9.83555078125e+03, 8.8815498046875e+03, 7.9409306640625e+03, 7.0033828125e+03, 6.06403857421875e+03, 5.120728515625e+03, 4.17250830078125e+03, 3.218960205078125e+03, 2.25988623046875e+03, 1.295176025390625e+03, 3.247541198730469e+02, 1.2849056640625e+04, 1.174888671875e+04, 1.0710169921875e+04, 9.7283447265625e+03, 8.776615234375e+03, 7.8367255859375e+03, 6.89915478515625e+03, 5.95944677734375e+03, 5.01562451171875e+03, 4.066827392578125e+03, 3.11267236328125e+03, 2.1529765625e+03, 1.187634643554688e+03, 2.165741424560547e+02, 1.27261142578125e+04, 1.1629927734375e+04, 1.05987861328125e+04]
chi.refCyc.PEle=[1.41209697265625e+04, 1.41209697265625e+04, 1.41209697265625e+04, 1.41209697265625e+04, 1.41209697265625e+04, 1.41209697265625e+04, 1.41209697265625e+04, 1.41209697265625e+04, 1.41209697265625e+04, 1.41209697265625e+04, 1.41209697265625e+04, 1.41209697265625e+04, 1.41209697265625e+04, 1.41209697265625e+04, 1.4008001953125e+04, 1.29912919921875e+04, 1.197458203125e+04, 1.09578720703125e+04, 9.9411630859375e+03, 8.924453125e+03, 7.9077431640625e+03, 6.891033203125e+03, 5.8743232421875e+03, 4.85761376953125e+03, 3.84090380859375e+03, 2.82419384765625e+03, 1.807484130859375e+03, 7.907742919921843e+02, 0e+00, 0e+00, 0e+00, 1.0844904296875e+04, 9.8281953125e+03, 8.8114853515625e+03, 7.794775390625e+03, 6.7780654296875e+03, 5.76135546875e+03, 4.74464599609375e+03, 3.72793603515625e+03, 2.71122607421875e+03, 1.694516357421875e+03, 6.778065185546875e+02, 1.378206640625e+04, 1.27653564453125e+04, 1.1748646484375e+04, 1.07319365234375e+04, 9.7152275390625e+03, 8.698517578125e+03, 7.6818076171875e+03, 6.66509765625e+03, 5.6483876953125e+03, 4.63167822265625e+03, 3.61496826171875e+03, 2.59825830078125e+03, 1.581548583984369e+03, 5.648388061523374e+02, 1.366909863281249e+04, 1.2652388671875e+04, 1.16356787109375e+04, 1.60063818359375e+03, 1.358145385742188e+03, 1.15542431640625e+03, 9.907152709960938e+02, 8.470462646484375e+02, 7.128786010742188e+02, 5.822593994140625e+02, 4.524495239257812e+02, 3.222649841308594e+02, 1.912123413085938e+02, 5.908921432495117e+01, 1.769484619140625e+03, 1.609909057617188e+03, 1.461940185546875e+03, 1.326345703125e+03, 1.197539916992188e+03, 1.0715029296875e+03, 9.46101318359375e+02, 8.203280029296875e+02, 6.937341918945312e+02, 5.661244506835938e+02, 4.374124755859375e+02, 3.075571594238281e+02, 1.765357208251953e+02, 4.433257675170898e+01, 1.7517275390625e+03, 1.592679931640625e+03, 1.446346923828125e+03, 1.311784301757812e+03, 1.18344873046875e+03, 1.0575625e+03, 9.321561279296875e+02, 8.063076171875e+02, 6.796078491210938e+02, 5.518787231445312e+02, 4.230411987304688e+02, 2.930571899414062e+02, 1.619051055908203e+02, 2.956982231140137e+01, 1.733910522460938e+03, 1.575687133789062e+03, 1.430921264648438e+03]
chi.safCtr.ySet=[1e+00, 1e+00, 1e+00, 1e+00, 1e+00, 1e+00, 1e+00, 1e+00, 1e+00, 1e+00, 1e+00, 1e+00, 1e+00, 1e+00, 9.919999837875365e-01, 9.200000166893005e-01, 8.479999899864197e-01, 7.760000228881836e-01, 7.039999961853027e-01, 6.320000290870667e-01, 5.600000023841858e-01, 4.880000054836273e-01, 4.160000085830688e-01, 3.440000116825104e-01, 2.720000147819519e-01, 2.000000029802322e-01, 1.280000060796738e-01, 5.600000172853447e-02, 9.840000271797178e-01, 9.120000004768372e-01, 8.399999737739563e-01, 7.680000066757202e-01, 6.959999799728394e-01, 6.240000128746033e-01, 5.519999861717224e-01, 4.799999892711639e-01, 4.079999923706055e-01, 3.35999995470047e-01, 2.639999985694885e-01, 1.920000016689301e-01, 1.19999997317791e-01, 4.800000041723251e-02, 9.760000109672546e-01, 9.039999842643738e-01, 8.320000171661377e-01, 7.599999904632568e-01, 6.880000233650208e-01, 6.159999966621399e-01, 5.440000295639038e-01, 4.720000028610229e-01, 4.000000059604645e-01, 3.28000009059906e-01, 2.560000121593475e-01, 1.840000003576279e-01, 1.120000034570689e-01, 3.999999910592987e-02, 9.679999947547908e-01, 8.960000276565552e-01, 8.240000009536743e-01, 7.519999742507935e-01, 6.800000071525574e-01, 6.079999804496765e-01, 5.360000133514404e-01, 4.639999866485596e-01, 3.919999897480011e-01, 3.199999928474426e-01, 2.479999959468842e-01, 1.759999990463257e-01, 1.040000021457672e-01, 3.200000151991844e-02, 9.599999785423279e-01, 8.880000114440918e-01, 8.159999847412109e-01, 7.440000176429749e-01, 6.71999990940094e-01, 6.000000238418579e-01, 5.279999971389771e-01, 4.560000002384186e-01, 3.840000033378601e-01, 3.120000064373016e-01, 2.39999994635582e-01, 1.679999977350235e-01, 9.600000083446503e-02, 2.400000020861626e-02, 9.520000219345093e-01, 8.799999952316284e-01, 8.080000281333923e-01, 7.360000014305115e-01, 6.639999747276306e-01, 5.920000076293945e-01, 5.199999809265137e-01, 4.480000138282776e-01, 3.759999871253967e-01, 3.039999902248383e-01, 2.319999933242798e-01, 1.599999964237213e-01, 8.799999952316284e-02, 1.600000075995922e-02, 9.440000057220459e-01, 8.71999979019165e-01, 8.00000011920929e-01]
chi.safCtr.yOut=[1e+00, 1e+00, 1e+00, 1e+00, 1e+00, 1e+00, 1e+00, 1e+00, 1e+00, 1e+00, 1e+00, 1e+00, 1e+00, 1e+00, 9.919999837875365e-01, 9.200000166893005e-01, 8.479999899864197e-01, 7.760000228881836e-01, 7.039999961853027e-01, 6.320000290870667e-01, 5.600000023841858e-01, 4.880000054836273e-01, 4.160000085830688e-01, 3.440000116825104e-01, 2.720000147819519e-01, 2.000000029802322e-01, 1.280000060796738e-01, 5.600000172853447e-02, 0e+00, 0e+00, 0e+00, 7.680000066757202e-01, 6.959999799728394e-01, 6.240000128746033e-01, 5.519999861717224e-01, 4.799999892711639e-01, 4.079999923706055e-01, 3.35999995470047e-01, 2.639999985694885e-01, 1.920000016689301e-01, 1.19999997317791e-01, 4.800000041723251e-02, 9.760000109672546e-01, 9.039999842643738e-01, 8.320000171661377e-01, 7.599999904632568e-01, 6.880000233650208e-01, 6.159999966621399e-01, 5.440000295639038e-01, 4.720000028610229e-01, 4.000000059604645e-01, 3.28000009059906e-01, 2.560000121593475e-01, 1.840000003576279e-01, 1.120000034570689e-01, 3.999999910592987e-02, 9.679999947547908e-01, 8.960000276565552e-01, 8.240000009536743e-01, 7.519999742507935e-01, 6.800000071525574e-01, 6.079999804496765e-01, 5.360000133514404e-01, 4.639999866485596e-01, 3.919999897480011e-01, 3.199999928474426e-01, 2.479999959468842e-01, 1.759999990463257e-01, 1.040000021457672e-01, 3.200000151991844e-02, 9.599999785423279e-01, 8.880000114440918e-01, 8.159999847412109e-01, 7.440000176429749e-01, 6.71999990940094e-01, 6.000000238418579e-01, 5.279999971389771e-01, 4.560000002384186e-01, 3.840000033378601e-01, 3.120000064373016e-01, 2.39999994635582e-01, 1.679999977350235e-01, 9.600000083446503e-02, 2.400000020861626e-02, 9.520000219345093e-01, 8.799999952316284e-01, 8.080000281333923e-01, 7.360000014305115e-01, 6.639999747276306e-01, 5.920000076293945e-01, 5.199999809265137e-01, 4.480000138282776e-01, 3.759999871253967e-01, 3.039999902248383e-01, 2.319999933242798e-01, 1.599999964237213e-01, 8.799999952316284e-02, 1.600000075995922e-02, 9.440000057220459e-01, 8.71999979019165e-01, 8.00000011920929e-01]
