last-generated=2018-06-18
statistics-simulation=
{
  "linear": "0",
  "nonlinear": "1",
  "number of continuous time states": "5",
  "numerical Jacobians": "0"
}
bou0.T=[2.731499938964844e+02, 2.731499938964844e+02]
roo.T=[2.931499938964844e+02, 2.931500244140625e+02, 2.931499938964844e+02, 2.931499938964844e+02, 2.931499938964844e+02, 2.931499938964844e+02, 2.931499938964844e+02, 2.931499938964844e+02, 2.931499938964844e+02, 2.931499938964844e+02, 2.931499938964844e+02, 2.931499938964844e+02, 2.931499938964844e+02, 2.931499938964844e+02, 2.931499938964844e+02, 2.931499938964844e+02, 2.931499938964844e+02, 2.931413879394531e+02, 2.931410827636719e+02, 2.931410827636719e+02, 2.931410827636719e+02, 2.931410827636719e+02, 2.931410827636719e+02, 2.931410827636719e+02, 2.931410827636719e+02, 2.931410827636719e+02, 2.931410827636719e+02, 2.931410827636719e+02, 2.931410827636719e+02, 2.931410827636719e+02, 2.931410827636719e+02, 2.931410827636719e+02, 2.931410827636719e+02, 2.931410827636719e+02, 2.931410827636719e+02, 2.931410827636719e+02, 2.931410827636719e+02, 2.931410827636719e+02, 2.931410827636719e+02, 2.931410827636719e+02, 2.931410827636719e+02, 2.931410827636719e+02, 2.931410827636719e+02, 2.931410827636719e+02, 2.931410827636719e+02, 2.931410827636719e+02, 2.931410827636719e+02, 2.931410827636719e+02, 2.931410827636719e+02, 2.931410827636719e+02, 2.931408996582031e+02, 2.930832214355469e+02, 2.930831909179688e+02, 2.930831909179688e+02, 2.930831909179688e+02, 2.930831909179688e+02, 2.930831909179688e+02, 2.930831909179688e+02, 2.930831909179688e+02, 2.930831909179688e+02, 2.930831909179688e+02, 2.930831909179688e+02, 2.930831909179688e+02, 2.930831909179688e+02, 2.930831909179688e+02, 2.930831909179688e+02, 2.930831909179688e+02, 2.931361083984375e+02, 2.931411437988281e+02, 2.931411437988281e+02, 2.931411437988281e+02, 2.931411437988281e+02, 2.931411437988281e+02, 2.931411437988281e+02, 2.931411437988281e+02, 2.931411437988281e+02, 2.931411437988281e+02, 2.931411437988281e+02, 2.931411437988281e+02, 2.931411437988281e+02, 2.931411437988281e+02, 2.931411437988281e+02, 2.931411437988281e+02, 2.931411437988281e+02, 2.931411437988281e+02, 2.931411437988281e+02, 2.931411437988281e+02, 2.931411437988281e+02, 2.931411437988281e+02, 2.931411437988281e+02, 2.931411437988281e+02, 2.931411437988281e+02, 2.931411437988281e+02, 2.931411437988281e+02, 2.931411437988281e+02, 2.931411437988281e+02, 2.931411437988281e+02, 2.931411437988281e+02, 2.931411437988281e+02, 2.931411437988281e+02, 2.931411437988281e+02]
time=[0e+00, 3.6e+03]
oriBot.m_flow=[6.112581118941307e-02, -2.835685014724731e-02, -2.835788764059544e-02, -2.835792861878872e-02, -2.835792116820812e-02, -2.835792303085327e-02, -2.835792303085327e-02, -2.835792303085327e-02, -2.835792303085327e-02, -2.835792303085327e-02, -2.835792303085327e-02, -2.835792303085327e-02, -2.835792303085327e-02, -2.835792303085327e-02, -2.835792303085327e-02, -2.835792303085327e-02, -2.835792303085327e-02, 6.656890735030174e-03, 6.646631751209497e-03, 6.646613124758005e-03, 6.646614521741867e-03, 6.64661405608058e-03, 6.64661405608058e-03, 6.64661405608058e-03, 6.64661405608058e-03, 6.64661405608058e-03, 6.64661405608058e-03, 6.64661405608058e-03, 6.64661405608058e-03, 6.64661405608058e-03, 6.64661405608058e-03, 6.64661405608058e-03, 6.64661405608058e-03, 6.64661405608058e-03, 6.64661405608058e-03, 6.64661405608058e-03, 6.64661405608058e-03, 6.64661405608058e-03, 6.64661405608058e-03, 6.64661405608058e-03, 6.64661405608058e-03, 6.64661405608058e-03, 6.64661405608058e-03, 6.64661405608058e-03, 6.64661405608058e-03, 6.64661405608058e-03, 6.64661405608058e-03, 6.64661405608058e-03, 6.64661405608058e-03, 6.64661405608058e-03, 8.220488205552101e-03, 2.836985513567924e-02, 2.83694751560688e-02, 2.837039902806282e-02, 2.837003208696842e-02, 2.836999483406544e-02, 2.836999110877514e-02, 2.836998924612999e-02, 2.836998738348484e-02, 2.836998552083969e-02, 2.836999110877514e-02, 2.836999483406544e-02, 2.836999297142029e-02, 2.836999110877514e-02, 2.836999110877514e-02, 2.836999297142029e-02, 2.836999297142029e-02, -6.788225844502449e-03, -6.614065263420343e-03, -6.613791920244694e-03, -6.6137476824224e-03, -6.61375792697072e-03, -6.613754667341709e-03, -6.613753736019135e-03, -6.613754201680422e-03, -6.613754667341709e-03, -6.613754667341709e-03, -6.613754201680422e-03, -6.613754201680422e-03, -6.613754201680422e-03, -6.613754201680422e-03, -6.613754201680422e-03, -6.613754201680422e-03, -6.613754201680422e-03, -6.613754201680422e-03, -6.613754201680422e-03, -6.613754201680422e-03, -6.613754201680422e-03, -6.613754201680422e-03, -6.613754201680422e-03, -6.613754201680422e-03, -6.613754201680422e-03, -6.613754201680422e-03, -6.613754201680422e-03, -6.613754201680422e-03, -6.613754201680422e-03, -6.613754201680422e-03, -6.613754201680422e-03, -6.613754201680422e-03, -6.613754201680422e-03, -6.613754201680422e-03]
oriChiTop.m_flow=[-4.397496953606606e-02, 2.164137549698353e-02, 2.164205349981785e-02, 2.164208143949509e-02, 2.164207585155964e-02, 2.164207771420479e-02, 2.164207771420479e-02, 2.164207585155964e-02, 2.164207771420479e-02, 2.164207771420479e-02, 2.164207771420479e-02, 2.164207771420479e-02, 2.164207771420479e-02, 2.164207771420479e-02, 2.164207771420479e-02, 2.164207771420479e-02, 2.164207771420479e-02, 6.641536019742489e-03, 6.646605674177408e-03, 6.646614521741867e-03, 6.64661405608058e-03, 6.64661405608058e-03, 6.646614521741867e-03, 6.64661405608058e-03, 6.64661405608058e-03, 6.64661405608058e-03, 6.64661405608058e-03, 6.64661405608058e-03, 6.64661405608058e-03, 6.64661405608058e-03, 6.64661405608058e-03, 6.64661405608058e-03, 6.64661405608058e-03, 6.64661405608058e-03, 6.64661405608058e-03, 6.64661405608058e-03, 6.64661405608058e-03, 6.64661405608058e-03, 6.64661405608058e-03, 6.64661405608058e-03, 6.64661405608058e-03, 6.64661405608058e-03, 6.64661405608058e-03, 6.64661405608058e-03, 6.64661405608058e-03, 6.64661405608058e-03, 6.64661405608058e-03, 6.64661405608058e-03, 6.64661405608058e-03, 6.64661405608058e-03, 5.698895081877708e-03, -2.162991836667061e-02, -2.162966877222061e-02, -2.163027413189411e-02, -2.163003385066986e-02, -2.163000963628292e-02, -2.163000591099262e-02, -2.163000591099262e-02, -2.163000591099262e-02, -2.163000404834747e-02, -2.163000591099262e-02, -2.163000963628292e-02, -2.163000777363777e-02, -2.163000591099262e-02, -2.163000777363777e-02, -2.163000777363777e-02, -2.163000777363777e-02, -6.523585878312588e-03, -6.613596808165312e-03, -6.61373557522893e-03, -6.61375792697072e-03, -6.61375280469656e-03, -6.613754201680422e-03, -6.613754667341709e-03, -6.613754667341709e-03, -6.613754201680422e-03, -6.613754201680422e-03, -6.613754201680422e-03, -6.613754201680422e-03, -6.613754201680422e-03, -6.613754201680422e-03, -6.613754201680422e-03, -6.613754201680422e-03, -6.613754201680422e-03, -6.613754201680422e-03, -6.613754201680422e-03, -6.613754201680422e-03, -6.613754201680422e-03, -6.613754201680422e-03, -6.613754201680422e-03, -6.613754201680422e-03, -6.613754201680422e-03, -6.613754201680422e-03, -6.613754201680422e-03, -6.613754201680422e-03, -6.613754201680422e-03, -6.613754201680422e-03, -6.613754201680422e-03, -6.613754201680422e-03, -6.613754201680422e-03, -6.613754201680422e-03]
oriChiBot.m_flow=[-4.397496953606606e-02, 2.164137549698353e-02, 2.164205349981785e-02, 2.164208143949509e-02, 2.164207585155964e-02, 2.164207771420479e-02, 2.164207771420479e-02, 2.164207585155964e-02, 2.164207771420479e-02, 2.164207771420479e-02, 2.164207771420479e-02, 2.164207771420479e-02, 2.164207771420479e-02, 2.164207771420479e-02, 2.164207771420479e-02, 2.164207771420479e-02, 2.164207771420479e-02, 6.641536019742489e-03, 6.646605674177408e-03, 6.646614521741867e-03, 6.64661405608058e-03, 6.64661405608058e-03, 6.646614521741867e-03, 6.64661405608058e-03, 6.64661405608058e-03, 6.64661405608058e-03, 6.64661405608058e-03, 6.64661405608058e-03, 6.64661405608058e-03, 6.64661405608058e-03, 6.64661405608058e-03, 6.64661405608058e-03, 6.64661405608058e-03, 6.64661405608058e-03, 6.64661405608058e-03, 6.64661405608058e-03, 6.64661405608058e-03, 6.64661405608058e-03, 6.64661405608058e-03, 6.64661405608058e-03, 6.64661405608058e-03, 6.64661405608058e-03, 6.64661405608058e-03, 6.64661405608058e-03, 6.64661405608058e-03, 6.64661405608058e-03, 6.64661405608058e-03, 6.64661405608058e-03, 6.64661405608058e-03, 6.64661405608058e-03, 5.698895081877708e-03, -2.162991836667061e-02, -2.162966877222061e-02, -2.163027413189411e-02, -2.163003385066986e-02, -2.163000963628292e-02, -2.163000591099262e-02, -2.163000591099262e-02, -2.163000591099262e-02, -2.163000404834747e-02, -2.163000591099262e-02, -2.163000963628292e-02, -2.163000777363777e-02, -2.163000591099262e-02, -2.163000777363777e-02, -2.163000777363777e-02, -2.163000777363777e-02, -6.523585878312588e-03, -6.613596808165312e-03, -6.61373557522893e-03, -6.61375792697072e-03, -6.61375280469656e-03, -6.613754201680422e-03, -6.613754667341709e-03, -6.613754667341709e-03, -6.613754201680422e-03, -6.613754201680422e-03, -6.613754201680422e-03, -6.613754201680422e-03, -6.613754201680422e-03, -6.613754201680422e-03, -6.613754201680422e-03, -6.613754201680422e-03, -6.613754201680422e-03, -6.613754201680422e-03, -6.613754201680422e-03, -6.613754201680422e-03, -6.613754201680422e-03, -6.613754201680422e-03, -6.613754201680422e-03, -6.613754201680422e-03, -6.613754201680422e-03, -6.613754201680422e-03, -6.613754201680422e-03, -6.613754201680422e-03, -6.613754201680422e-03, -6.613754201680422e-03, -6.613754201680422e-03, -6.613754201680422e-03, -6.613754201680422e-03, -6.613754201680422e-03]
con.u_m=[2.931499938964844e+02, 2.931500244140625e+02, 2.931499938964844e+02, 2.931499938964844e+02, 2.931499938964844e+02, 2.931499938964844e+02, 2.931499938964844e+02, 2.931499938964844e+02, 2.931499938964844e+02, 2.931499938964844e+02, 2.931499938964844e+02, 2.931499938964844e+02, 2.931499938964844e+02, 2.931499938964844e+02, 2.931499938964844e+02, 2.931499938964844e+02, 2.931499938964844e+02, 2.931413879394531e+02, 2.931410827636719e+02, 2.931410827636719e+02, 2.931410827636719e+02, 2.931410827636719e+02, 2.931410827636719e+02, 2.931410827636719e+02, 2.931410827636719e+02, 2.931410827636719e+02, 2.931410827636719e+02, 2.931410827636719e+02, 2.931410827636719e+02, 2.931410827636719e+02, 2.931410827636719e+02, 2.931410827636719e+02, 2.931410827636719e+02, 2.931410827636719e+02, 2.931410827636719e+02, 2.931410827636719e+02, 2.931410827636719e+02, 2.931410827636719e+02, 2.931410827636719e+02, 2.931410827636719e+02, 2.931410827636719e+02, 2.931410827636719e+02, 2.931410827636719e+02, 2.931410827636719e+02, 2.931410827636719e+02, 2.931410827636719e+02, 2.931410827636719e+02, 2.931410827636719e+02, 2.931410827636719e+02, 2.931410827636719e+02, 2.931408996582031e+02, 2.930832214355469e+02, 2.930831909179688e+02, 2.930831909179688e+02, 2.930831909179688e+02, 2.930831909179688e+02, 2.930831909179688e+02, 2.930831909179688e+02, 2.930831909179688e+02, 2.930831909179688e+02, 2.930831909179688e+02, 2.930831909179688e+02, 2.930831909179688e+02, 2.930831909179688e+02, 2.930831909179688e+02, 2.930831909179688e+02, 2.930831909179688e+02, 2.931361083984375e+02, 2.931411437988281e+02, 2.931411437988281e+02, 2.931411437988281e+02, 2.931411437988281e+02, 2.931411437988281e+02, 2.931411437988281e+02, 2.931411437988281e+02, 2.931411437988281e+02, 2.931411437988281e+02, 2.931411437988281e+02, 2.931411437988281e+02, 2.931411437988281e+02, 2.931411437988281e+02, 2.931411437988281e+02, 2.931411437988281e+02, 2.931411437988281e+02, 2.931411437988281e+02, 2.931411437988281e+02, 2.931411437988281e+02, 2.931411437988281e+02, 2.931411437988281e+02, 2.931411437988281e+02, 2.931411437988281e+02, 2.931411437988281e+02, 2.931411437988281e+02, 2.931411437988281e+02, 2.931411437988281e+02, 2.931411437988281e+02, 2.931411437988281e+02, 2.931411437988281e+02, 2.931411437988281e+02, 2.931411437988281e+02, 2.931411437988281e+02]
con.u_s=[2.931499938964844e+02, 2.931499938964844e+02]
con.y=[-2.842170943040401e-13, -1.879831979749724e-04, -6.158911673992407e-06, 1.042820940710953e-06, -3.603128106988152e-07, 8.354589908776688e-08, 7.721808970018174e-08, -5.210551989875971e-08, -2.043123004114022e-08, -1.839737251430051e-09, 6.685070275125327e-09, 7.936478141346015e-09, 4.7063508645806e-09, -2.12594386539422e-10, -4.027924660476859e-09, -3.946922788600205e-09, 2.472688720445149e-11, 4.310803860425949e-02, 4.452966526150703e-02, 4.453247040510178e-02, 4.45324182510376e-02, 4.453242942690849e-02, 4.45324033498764e-02, 4.45324145257473e-02, 4.45324182510376e-02, 4.45324182510376e-02, 4.45324145257473e-02, 4.45324145257473e-02, 4.45324145257473e-02, 4.45324145257473e-02, 4.45324145257473e-02, 4.45324145257473e-02, 4.45324145257473e-02, 4.45324145257473e-02, 4.45324145257473e-02, 4.45324145257473e-02, 4.45324145257473e-02, 4.45324145257473e-02, 4.45324145257473e-02, 4.45324145257473e-02, 4.45324145257473e-02, 4.45324145257473e-02, 4.45324145257473e-02, 4.45324145257473e-02, 4.45324145257473e-02, 4.45324145257473e-02, 4.45324145257473e-02, 4.45324145257473e-02, 4.45324145257473e-02, 4.45324145257473e-02, 4.551409557461739e-02, 3.339546322822571e-01, 3.340325355529785e-01, 3.340314924716949e-01, 3.340303301811218e-01, 3.340303599834442e-01, 3.340305387973785e-01, 3.340305387973785e-01, 3.340304791927338e-01, 3.340304493904114e-01, 3.340305089950562e-01, 3.340305089950562e-01, 3.340305089950562e-01, 3.340305089950562e-01, 3.340305089950562e-01, 3.340305089950562e-01, 3.340305089950562e-01, 6.944587826728821e-02, 4.435652494430542e-02, 4.431715607643127e-02, 4.431154578924179e-02, 4.4312734156847e-02, 4.431240633130074e-02, 4.431228339672089e-02, 4.431230947375298e-02, 4.431237652897835e-02, 4.431237280368805e-02, 4.431235417723656e-02, 4.431235045194626e-02, 4.431234672665596e-02, 4.431234672665596e-02, 4.431234672665596e-02, 4.431235045194626e-02, 4.431235045194626e-02, 4.431235417723656e-02, 4.431235417723656e-02, 4.431235045194626e-02, 4.431235045194626e-02, 4.431235045194626e-02, 4.431235045194626e-02, 4.431235045194626e-02, 4.431235045194626e-02, 4.431235045194626e-02, 4.431235045194626e-02, 4.431235045194626e-02, 4.431235045194626e-02, 4.431235045194626e-02, 4.431235045194626e-02, 4.431235045194626e-02, 4.431235045194626e-02, 4.431235045194626e-02]
