last-generated=2023-02-27
statistics-initialization=
{
  "nonlinear": "0, 17, 0, 1, 1, 0, 1, 0, 0, 1",
  "numerical Jacobians": "0"
}
statistics-simulation=
{
  "linear": "24",
  "nonlinear": "0, 15, 1, 1, 0, 1, 0, 0, 1",
  "number of continuous time states": "74",
  "numerical Jacobians": "0"
}
time=[0e+00, 1e+03]
pmpNorth.m_flow=[0e+00, 3.935719966888428e+00, 5.78006649017334e+00, 5.809343814849854e+00, 5.690179824829102e+00, 5.605275630950928e+00, 5.558018684387207e+00, 5.541296482086182e+00, 5.548189163208008e+00, 5.57264232635498e+00, 5.607243061065674e+00, 5.646543979644775e+00, 5.682064533233643e+00, 5.721705436706543e+00, 5.762353420257568e+00, 5.800235748291016e+00, 5.834183216094971e+00, 5.864236354827881e+00, 5.890639305114746e+00, 5.913688182830811e+00, 5.93366003036499e+00, 5.950793266296387e+00, 5.965289115905762e+00, 5.977314472198486e+00, 5.987005710601807e+00, 5.994470119476318e+00, 5.999790191650391e+00, 6.390154361724854e+00, 6.807174682617188e+00, 6.981027126312256e+00, 7.000595569610596e+00, 6.958050727844238e+00, 6.904630661010742e+00, 6.857922554016113e+00, 6.819075584411621e+00, 6.785076141357422e+00, 6.75274133682251e+00, 6.716746807098389e+00, 6.678954124450684e+00, 6.641213417053223e+00, 6.599558353424072e+00, 6.55243444442749e+00, 6.499227046966553e+00, 6.43939733505249e+00, 6.372360706329346e+00, 6.297488689422607e+00, 6.214089393615723e+00, 6.121400356292725e+00, 6.018584251403809e+00, 5.904734134674072e+00, 5.778933525085449e+00, 4.472066879272461e+00, 1.755065441131592e+00, 5.391392111778259e-01, 1.091471239924431e-01, 2.076285518705845e-02, 1.394994650036097e-02, 1.275838445872068e-02, 1.200920436531305e-02, 1.106708589941263e-02, 1.002844329923391e-02, 8.925760164856911e-03, 7.790431380271912e-03, 6.651959847658873e-03, 5.542033817619085e-03, 4.491913598030806e-03, 3.530435496941209e-03, 2.681202720850706e-03, 1.959011657163501e-03, 1.371578313410282e-03, 9.150513797067106e-04, 5.772426957264543e-04, 3.40857426635921e-04, 1.85980781679973e-04, 9.236780169885606e-05, 4.130114029976539e-05, 1.695775608823169e-05, 7.025036211416591e-06, 3.437917484916397e-06, 2.680125362530816e-06, 2.710232820390956e-06, 2.515338564990088e-06, 1.975144641619409e-06, 1.341583583780448e-06, 8.261852713076223e-07, 4.615668842689047e-07, 2.416345523670316e-07, 1.202387380772052e-07, 5.448990236800455e-08, 2.467008286544115e-08, 1.169393737399105e-08, 5.428243632366048e-09, 2.279040289820955e-09, 9.860536831496347e-10, 5.635555910821211e-10, 4.751212756559653e-10, 4.299915701277968e-10, 3.570744533387682e-10, 3.22540799624349e-10, 3.130855574795532e-10, 3.159982830958086e-10]
pmpSouth.m_flow=[0e+00, 3.541494607925415e+00, 5.228446960449219e+00, 5.277729511260986e+00, 5.183716773986816e+00, 5.115028381347656e+00, 5.07689094543457e+00, 5.063958644866943e+00, 5.070681571960449e+00, 5.092089653015137e+00, 5.122033596038818e+00, 5.155387401580811e+00, 5.186392307281494e+00, 5.22107982635498e+00, 5.256349086761475e+00, 5.289223670959473e+00, 5.318787574768066e+00, 5.345069885253906e+00, 5.368257999420166e+00, 5.388583183288574e+00, 5.40626049041748e+00, 5.421475887298584e+00, 5.43438720703125e+00, 5.445125102996826e+00, 5.453797340393066e+00, 5.460487842559814e+00, 5.465262413024902e+00, 5.777525424957275e+00, 6.105685234069824e+00, 6.243730545043945e+00, 6.263342380523682e+00, 6.234074592590332e+00, 6.194775104522705e+00, 6.159249782562256e+00, 6.128785610198975e+00, 6.101335525512695e+00, 6.074623107910156e+00, 6.043804168701172e+00, 6.012742042541504e+00, 5.980952262878418e+00, 5.945629596710205e+00, 5.905764579772949e+00, 5.860931873321533e+00, 5.810732841491699e+00, 5.7547287940979e+00, 5.692440509796143e+00, 5.623335361480713e+00, 5.546817302703857e+00, 5.462220191955566e+00, 5.368807315826416e+00, 5.265807628631592e+00, 4.085256099700928e+00, 1.604262232780457e+00, 4.963374733924866e-01, 9.659743309020996e-02, 1.835754886269569e-02, 1.235741470009089e-02, 1.133700646460056e-02, 1.071589440107346e-02, 9.927557781338692e-03, 9.054092690348625e-03, 8.120276965200901e-03, 7.149676792323589e-03, 6.164344027638435e-03, 5.189293529838324e-03, 4.25103260204196e-03, 3.376300213858485e-03, 2.589503070339561e-03, 1.908753765746951e-03, 1.346410252153873e-03, 9.036618284881115e-04, 5.726543022319674e-04, 3.392437065485865e-04, 1.85497643542476e-04, 9.224822133546695e-05, 4.12771878472995e-05, 1.695371429377701e-05, 7.024314527370734e-06, 3.437686700635822e-06, 2.679877525224583e-06, 2.709671662159963e-06, 2.514066409275983e-06, 1.972882728296099e-06, 1.338450488219678e-06, 8.226155614465824e-07, 4.581729626806919e-07, 2.388193820479501e-07, 1.181523785476202e-07, 5.315629891811113e-08, 2.385885977673752e-08, 1.11993401219479e-08, 5.144241477239575e-09, 2.136578913791709e-09, 9.146384760683191e-10, 5.175128658940764e-10, 4.323245095250172e-10, 3.881079069234517e-10, 3.200644471679226e-10, 2.87436602297575e-10, 2.776883722965806e-10, 2.792058251266383e-10]
