last-generated=2017-05-22
statistics-simulation=
{
  "numerical Jacobians": "0", 
  "nonlinear": "1", 
  "number of continuous time states": "6", 
  "linear": " "
}
senTem.T=[2.931499938964844e+02, 2.721241149902344e+02, 2.514559020996094e+02, 2.749554138183594e+02, 2.752897033691406e+02, 2.748501281738281e+02, 2.680184631347656e+02, 2.625499877929688e+02, 2.559500732421875e+02, 2.705827331542969e+02, 2.609494018554688e+02, 2.712847900390625e+02, 2.722565612792969e+02, 2.720381774902344e+02, 2.639714660644531e+02, 2.742500305175781e+02, 2.713695373535156e+02, 2.732698364257812e+02, 2.7875e+02, 2.804637756347656e+02, 2.72550048828125e+02, 2.804530639648438e+02, 2.735154418945312e+02, 2.737742919921875e+02, 2.856378784179688e+02, 2.764502563476562e+02, 2.732781677246094e+02, 2.810540161132812e+02, 2.796651611328125e+02, 2.987299194335938e+02, 2.809499816894531e+02, 2.825499877929688e+02, 2.815384216308594e+02, 2.886298217773438e+02, 2.888382873535156e+02, 2.842501525878906e+02, 2.879098205566406e+02, 2.791741638183594e+02, 2.911360473632812e+02, 2.938404541015625e+02, 2.825501098632812e+02, 3.021210021972656e+02, 2.913893737792969e+02, 3.000142211914062e+02, 2.889258117675781e+02, 2.914498291015625e+02, 2.8875e+02, 3.0375e+02, 2.797555847167969e+02, 2.962147827148438e+02, 2.9594970703125e+02, 2.957228393554688e+02, 2.929083557128906e+02, 3.001296997070312e+02, 2.9791015625e+02, 2.998503723144531e+02, 3.010234375e+02, 2.920499877929688e+02, 3.001724243164062e+02, 2.98227294921875e+02, 2.859501342773438e+02, 2.969177551269531e+02, 2.927781677246094e+02, 2.895787048339844e+02, 3.005044250488281e+02, 2.920497741699219e+02, 2.935903015136719e+02, 2.937060852050781e+02, 2.910377502441406e+02, 2.925613403320312e+02, 2.892497863769531e+02, 2.925499877929688e+02, 2.856875305175781e+02, 2.925940856933594e+02, 2.873389282226562e+02, 2.881503601074219e+02, 2.88850830078125e+02, 2.794696960449219e+02, 2.850623779296875e+02, 2.799443054199219e+02, 2.792501525878906e+02, 2.823743896484375e+02, 2.778875122070312e+02, 2.807869262695312e+02, 2.935285339355469e+02, 2.864502258300781e+02, 2.748500061035156e+02, 2.840024108886719e+02, 2.7540380859375e+02, 2.703080139160156e+02, 2.659499206542969e+02, 2.618322143554688e+02, 2.719844665527344e+02, 2.773252563476562e+02, 2.656997680664062e+02, 2.725499877929688e+02, 2.664148559570312e+02, 2.676314697265625e+02, 2.699958190917969e+02, 2.683116455078125e+02, 2.675001831054688e+02]
time=[0e+00, 3.1536e+07]
senRelHum.phi=[5e-01, 9.042377471923828e-01, 6.391895413398743e-01, 8.199999928474426e-01, 5.620055794715881e-01, 7.900111079216003e-01, 8.226159811019897e-01, 5.661154985427856e-01, 7.599999904632568e-01, 7.634303569793701e-01, 5.800138711929321e-01, 8.040750026702881e-01, 6.447941660881042e-01, 5.717806816101074e-01, 7.877496480941772e-01, 7.29999303817749e-01, 7.157644033432007e-01, 8.899999856948853e-01, 7.525689601898193e-01, 9.148651361465454e-01, 6.699918508529663e-01, 3.340027630329132e-01, 6.624066829681396e-01, 8.820917010307312e-01, 5.760959982872009e-01, 9.699986577033997e-01, 6.884852051734924e-01, 7.729530334472656e-01, 9.890000224113464e-01, 5.338967442512512e-01, 5.000024437904358e-01, 7.685593962669373e-01, 9.890000224113464e-01, 6.56241238117218e-01, 4.407639801502228e-01, 3.799953758716583e-01, 5.115852952003479e-01, 8.327927589416504e-01, 6.219888925552368e-01, 4.900138974189758e-01, 5.599914789199829e-01, 5.407581925392151e-01, 6.443113088607788e-01, 5.02113938331604e-01, 7.32917845249176e-01, 8.400149345397949e-01, 6.99999988079071e-01, 3.537026047706604e-01, 6.233835220336914e-01, 6.230841875076294e-01, 6.200121641159058e-01, 7.778878808021545e-01, 5.318230390548706e-01, 5.904666781425476e-01, 9.146806597709656e-01, 4.899869561195374e-01, 6.580055356025696e-01, 9.431783556938171e-01, 6.78256094455719e-01, 9.600969552993774e-01, 7.999992370605469e-01, 6.547479033470154e-01, 9.198353886604309e-01, 8.490427732467651e-01, 7.45474636554718e-01, 8.100133538246155e-01, 6.982327103614807e-01, 5.691961050033569e-01, 8.34676206111908e-01, 6.814187169075012e-01, 7.500261068344116e-01, 9.300000071525574e-01, 9.098290205001831e-01, 5.856058597564697e-01, 8.519916534423828e-01, 6.199763417243958e-01, 5.729219317436218e-01, 7.560104131698608e-01, 7.603222131729126e-01, 8.711155652999878e-01, 7.899877429008484e-01, 5.697740316390991e-01, 7.881024479866028e-01, 7.852515578269958e-01, 7.687603831291199e-01, 9.599901437759399e-01, 6.955474019050598e-01, 4.803870320320129e-01, 6.366337537765503e-01, 5.987301468849182e-01, 7.700116038322449e-01, 8.639707565307617e-01, 7.559916377067566e-01, 6.579852700233459e-01, 7.699999809265137e-01, 8.200032711029053e-01, 6.838138103485107e-01, 8.566915988922119e-01, 5.876175165176392e-01, 9.47726309299469e-01, 7.350124716758728e-01]
senMasFra.X=[9.999999776482582e-03, 3.122321330010891e-03, 3.440444706939161e-04, 3.512017661705613e-03, 2.46376870200038e-03, 3.357808571308851e-03, 2.008476061746478e-03, 8.566561155021191e-04, 6.286165444180369e-04, 2.316789934411645e-03, 7.602094556204975e-04, 2.588257193565369e-03, 2.249995246529579e-03, 1.959104323759675e-03, 1.352632069028914e-03, 2.970959292724729e-03, 2.319993916898966e-03, 3.376320004463196e-03, 4.214722197502851e-03, 5.77204767614603e-03, 2.396860858425498e-03, 2.101059071719646e-03, 2.557936357334256e-03, 3.471717471256852e-03, 5.140862427651882e-03, 4.624427761882544e-03, 2.612404525279999e-03, 5.075268447399139e-03, 5.907027050852776e-03, 1.082433387637138e-02, 3.256256459280849e-03, 5.586483050137758e-03, 6.718111224472523e-03, 7.119865156710148e-03, 4.839680157601833e-03, 3.090061014518142e-03, 5.293359979987144e-03, 4.80494974181056e-03, 7.916499860584736e-03, 7.377531379461288e-03, 4.066736437380314e-03, 1.339245308190584e-02, 8.334294892847538e-03, 1.098267640918493e-02, 8.108844049274921e-03, 1.092412974685431e-02, 7.655843626707792e-03, 9.597385302186012e-03, 3.74193349853158e-03, 1.08664482831955e-02, 1.063931826502085e-02, 1.318632252514362e-02, 7.559601683169603e-03, 1.301906444132328e-02, 1.773533783853054e-02, 1.061237137764692e-02, 1.530789583921432e-02, 1.274931244552135e-02, 1.501024328172207e-02, 1.898548938333988e-02, 7.296144030988216e-03, 1.192077249288559e-02, 1.301258616149426e-02, 9.803458116948605e-03, 1.684053801000118e-02, 1.093714032322168e-02, 1.037032529711723e-02, 8.504832163453102e-03, 1.057513430714607e-02, 9.490578435361385e-03, 8.473604917526245e-03, 1.297081541270018e-02, 8.1603629514575e-03, 8.166201412677765e-03, 8.512614294886589e-03, 6.519937422126532e-03, 6.301436573266983e-03, 4.451035521924496e-03, 6.538150832056999e-03, 5.301995202898979e-03, 4.581390414386988e-03, 4.089154303073883e-03, 4.15601022541523e-03, 5.062860436737537e-03, 1.138132344931364e-02, 9.055983275175095e-03, 2.955558244138956e-03, 3.844365011900663e-03, 2.814380684867501e-03, 1.774934818968177e-03, 1.572471694089472e-03, 1.22638838365674e-03, 2.57948855869472e-03, 3.334036795422435e-03, 1.538564218208194e-03, 2.934465417638421e-03, 1.453860779292881e-03, 2.023447072133422e-03, 1.696701976470649e-03, 2.373150549829006e-03, 1.716235186904669e-03]
sin_with_T.medium.T=[2.609500122070312e+02, 2.721241760253906e+02, 2.514559326171875e+02, 2.749552612304688e+02, 2.752900085449219e+02, 2.748500061035156e+02, 2.6801806640625e+02, 2.625499877929688e+02, 2.559499969482422e+02, 2.705828857421875e+02, 2.609500122070312e+02, 2.712843933105469e+02, 2.722561645507812e+02, 2.720389404296875e+02, 2.639713134765625e+02, 2.7425e+02, 2.713699951171875e+02, 2.732699890136719e+02, 2.7875e+02, 2.804643859863281e+02, 2.725499877929688e+02, 2.804530639648438e+02, 2.735158996582031e+02, 2.737742919921875e+02, 2.856371154785156e+02, 2.764500122070312e+02, 2.732782287597656e+02, 2.810541381835938e+02, 2.796654968261719e+02, 2.987295837402344e+02, 2.809500122070312e+02, 2.825499877929688e+02, 2.8153857421875e+02, 2.886300048828125e+02, 2.888379821777344e+02, 2.8425e+02, 2.879100036621094e+02, 2.791740112304688e+02, 2.911358032226562e+02, 2.938409118652344e+02, 2.825499877929688e+02, 3.0212158203125e+02, 2.913900146484375e+02, 3.000140075683594e+02, 2.889259948730469e+02, 2.914500122070312e+02, 2.8875e+02, 3.0375e+02, 2.79756103515625e+02, 2.962140502929688e+02, 2.959500122070312e+02, 2.957225341796875e+02, 2.929080505371094e+02, 3.001300048828125e+02, 2.979100036621094e+02, 2.998500061035156e+02, 3.010237731933594e+02, 2.920499877929688e+02, 3.001717224121094e+02, 2.98227783203125e+02, 2.859500122070312e+02, 2.96918212890625e+02, 2.927784729003906e+02, 2.895780944824219e+02, 3.005049743652344e+02, 2.920499877929688e+02, 2.935899963378906e+02, 2.937058410644531e+02, 2.910376281738281e+02, 2.925608520507812e+02, 2.8925e+02, 2.925499877929688e+02, 2.856871643066406e+02, 2.925940246582031e+02, 2.873388061523438e+02, 2.881499938964844e+02, 2.888507995605469e+02, 2.794700012207031e+02, 2.850619201660156e+02, 2.799443969726562e+02, 2.7925e+02, 2.823743286132812e+02, 2.778880310058594e+02, 2.807859802246094e+02, 2.935283203125e+02, 2.864500122070312e+02, 2.748500061035156e+02, 2.840026550292969e+02, 2.754036865234375e+02, 2.703080749511719e+02, 2.659500122070312e+02, 2.6183251953125e+02, 2.719844055175781e+02, 2.773255615234375e+02, 2.656995239257812e+02, 2.725499877929688e+02, 2.66414794921875e+02, 2.67631591796875e+02, 2.699956970214844e+02, 2.683118286132812e+02, 2.675e+02]
sin_with_h.medium.h=[-9.8992646484375e+03, 6.79543212890625e+03, -2.0977365234375e+04, 1.0642408203125e+04, 8.3398876953125e+03, 1.014687890625e+04, -1.486845092773438e+02, -8.5362314453125e+03, -1.5750166015625e+04, 3.214344482421875e+03, -1.038765625e+04, 4.60419384765625e+03, 4.73687890625e+03, 3.787302001953125e+03, -5.86934619140625e+03, 8.5652392578125e+03, 4.01730322265625e+03, 8.5947890625e+03, 1.62635087890625e+04, 2.195751171875e+04, 5.40276220703125e+03, 1.26412724609375e+04, 6.7838388671875e+03, 9.3453076171875e+03, 2.560680859375e+04, 1.49676083984375e+04, 6.6803046875e+03, 2.078435546875e+04, 2.1488337890625e+04, 5.3622421875e+04, 1.6064708984375e+04, 2.3605001953125e+04, 2.5460369140625e+04, 3.3713765625e+04, 2.8086984375e+04, 1.8982849609375e+04, 2.830312109375e+04, 1.8189490234375e+04, 3.83180234375e+04, 3.968955078125e+04, 1.9740365234375e+04, 6.38268671875e+04, 3.965452734375e+04, 5.53531640625e+04, 3.655645703125e+04, 4.640871875e+04, 3.521255078125e+04, 5.55713984375e+04, 1.6085478515625e+04, 5.114909765625e+04, 5.028801171875e+04, 5.66896484375e+04, 3.9206796875e+04, 6.0794140625e+04, 7.0896796875e+04, 5.42194140625e+04, 6.77280078125e+04, 5.176596875e+04, 6.606296875e+04, 7.4533484375e+04, 3.1433521484375e+04, 5.46171953125e+04, 5.32013828125e+04, 4.1590578125e+04, 7.1230890625e+04, 4.7058515625e+04, 4.71689296875e+04, 4.246011328125e+04, 4.5081546875e+04, 4.383734375e+04, 3.7825796875e+04, 5.285708984375e+04, 3.33811328125e+04, 4.045051171875e+04, 3.597351171875e+04, 3.168680859375e+04, 3.1839658203125e+04, 1.759243359375e+04, 2.8588568359375e+04, 2.0233341796875e+04, 1.769974609375e+04, 1.961874609375e+04, 1.5241181640625e+04, 2.04804453125e+04, 4.972941796875e+04, 3.64619296875e+04, 9.1335146484375e+03, 2.06478125e+04, 9.3376962890625e+03, 1.578593627929688e+03, -3.32536083984375e+03, -8.340353515625e+03, 5.289853515625e+03, 1.25929794921875e+04, -3.6627021484375e+03, 6.7538330078125e+03, -3.152428466796875e+03, -5.012733764648438e+02, 1.067575927734375e+03, 1.060802734375e+03, -1.402302734375e+03]
