last-generated=2023-11-15
statistics-simulation=
{
  "linear": " ",
  "nonlinear": "2, 2",
  "number of continuous time states": "4",
  "numerical Jacobians": "0"
}
time=[0e+00, 1.634400024414062e+03]
chi.refCyc.sigBus.TConInMea=[3.031499938964844e+02, 3.031499938964844e+02, 3.031499938964844e+02, 3.031499938964844e+02, 3.040460104370163e+02, 3.067700001398651e+02, 3.094940075937909e+02, 3.122180054982582e+02, 3.131499938964844e+02, 3.131499938964844e+02, 3.131499938964844e+02, 3.131499938964844e+02, 3.131499938964844e+02, 3.131499938964844e+02, 3.131499938964844e+02, 3.131499938964844e+02, 3.131499938964844e+02, 3.131499938964844e+02, 3.131499938964844e+02, 3.131499938964844e+02, 3.131499938964844e+02, 3.131499938964844e+02, 3.131499938964844e+02, 3.131499938964844e+02, 3.131499938964844e+02, 3.131499938964844e+02, 3.131499938964844e+02, 3.131499938964844e+02, 3.131499938964844e+02, 3.131499938964844e+02, 3.131499938964844e+02, 3.131499938964844e+02, 3.131499938964844e+02, 3.131499938964844e+02, 3.131499938964844e+02, 3.131499938964844e+02, 3.131499938964844e+02, 3.131499938964844e+02, 3.131499938964844e+02, 3.131499938964844e+02, 3.131499938964844e+02, 3.131499938964844e+02, 3.131499938964844e+02, 3.131499938964844e+02, 3.131499938964844e+02, 3.131499938964844e+02, 3.131499938964844e+02, 3.131499938964844e+02, 3.131499938964844e+02, 3.131499938964844e+02, 3.131499938964844e+02, 3.131499938964844e+02, 3.131499938964844e+02, 3.131499938964844e+02, 3.131499938964844e+02, 3.131499938964844e+02, 3.131499938964844e+02, 3.131499938964844e+02, 3.131499938964844e+02, 3.131499938964844e+02, 3.131499938964844e+02, 3.131499938964844e+02, 3.131499938964844e+02, 3.131499938964844e+02, 3.131499938964844e+02, 3.131499938964844e+02, 3.131499938964844e+02, 3.131499938964844e+02, 3.131499938964844e+02, 3.131499938964844e+02, 3.131499938964844e+02, 3.131499938964844e+02, 3.131499938964844e+02, 3.131499938964844e+02, 3.131499938964844e+02, 3.131499938964844e+02, 3.131499938964844e+02, 3.131499938964844e+02, 3.131499938964844e+02, 3.131499938964844e+02, 3.131499938964844e+02, 3.131499938964844e+02, 3.131499938964844e+02, 3.131499938964844e+02, 3.131499938964844e+02, 3.131499938964844e+02, 3.131499938964844e+02, 3.131499938964844e+02, 3.131499938964844e+02, 3.131499938964844e+02, 3.131499938964844e+02, 3.131499938964844e+02, 3.131499938964844e+02, 3.131499938964844e+02, 3.131499938964844e+02, 3.131499938964844e+02, 3.131499938964844e+02, 3.131499938964844e+02, 3.131499938964844e+02, 3.131499938964844e+02, 3.131499938964844e+02]
chi.refCyc.sigBus.TConOutMea=[2.931499938964844e+02, 2.98139755360095e+02, 3.019419197194096e+02, 3.043080663391489e+02, 3.052701256287656e+02, 3.063489824550254e+02, 3.078351410065681e+02, 3.096390831557733e+02, 3.113928854703498e+02, 3.123707612537301e+02, 3.128728912353516e+02, 3.131153848560052e+02, 3.13216693135025e+02, 3.132508084120603e+02, 3.132528631561412e+02, 3.132411422722216e+02, 3.132251623559371e+02, 3.132094592204131e+02, 3.131957104540306e+02, 3.131845111078629e+02, 3.131757202148438e+02, 3.13168936461277e+02, 3.131638189679933e+02, 3.131600509626093e+02, 3.131572778302721e+02, 3.131552581778702e+02, 3.131537676988759e+02, 3.131527169799973e+02, 3.131519458003622e+02, 3.131513729859304e+02, 3.131509857177087e+02, 3.131507116698701e+02, 3.131505041502664e+02, 3.131503656005083e+02, 3.131502630615545e+02, 3.131501937865564e+02, 3.131501245117705e+02, 3.13150085754304e+02, 3.131500549316406e+02, 3.131500549316406e+02, 3.131500244140625e+02, 3.131500244140625e+02, 3.131500244140625e+02, 3.131500244140625e+02, 3.13149997558542e+02, 3.131499938964844e+02, 3.131499938964844e+02, 3.131499938964844e+02, 3.131499938964844e+02, 3.131499938964844e+02, 3.131499938964844e+02, 3.131499938964844e+02, 3.131499938964844e+02, 3.131499938964844e+02, 3.131499938964844e+02, 3.131499938964844e+02, 3.132315832054695e+02, 3.133961641622652e+02, 3.135526074405453e+02, 3.136640502790377e+02, 3.137161010742187e+02, 3.13708717849389e+02, 3.14057173094896e+02, 3.149220264974006e+02, 3.158392678582273e+02, 3.165920524260855e+02, 3.171312337267351e+02, 3.174712868757139e+02, 3.176521690886834e+02, 3.177219705556992e+02, 3.177148346368426e+02, 3.176554010345607e+02, 3.175632738634454e+02, 3.174508986665138e+02, 3.173256850988292e+02, 3.171918866450933e+02, 3.170524937272722e+02, 3.169089452367312e+02, 3.167618585428286e+02, 3.166114194975999e+02, 3.1645781226831e+02, 3.163009236508257e+02, 3.161404632830679e+02, 3.159761711155141e+02, 3.158078583275903e+02, 3.156351527429776e+02, 3.15457364150304e+02, 3.152741199418772e+02, 3.150848558424157e+02, 3.148887533719953e+02, 3.146844606055785e+02, 3.144710710811406e+02, 3.143056247740876e+02, 3.147718306774385e+02, 3.155737137502829e+02, 3.163432824097735e+02, 3.169471974961185e+02, 3.173551962176844e+02, 3.175971889496238e+02, 3.177135535163436e+02, 3.177395935058594e+02]
chi.refCyc.sigBus.TEvaOutMea=[2.931499938964844e+02, 2.889846547225294e+02, 2.84430705354522e+02, 2.815082617912826e+02, 2.810113573706367e+02, 2.816912095711278e+02, 2.827512896832791e+02, 2.83846502059853e+02, 2.848209629403209e+02, 2.856260694895695e+02, 2.862661804199219e+02, 2.86761070018217e+02, 2.871315772641541e+02, 2.87408380456538e+02, 2.87613346655635e+02, 2.877633972223589e+02, 2.878715026721462e+02, 2.879501184446645e+02, 2.880070825006979e+02, 2.880478506487926e+02, 2.880769653320312e+02, 2.880979064975037e+02, 2.881129278614382e+02, 2.881235668993431e+02, 2.881311694383538e+02, 2.881366195701024e+02, 2.881404986605638e+02, 2.881432275390211e+02, 2.881451855479926e+02, 2.881465740964468e+02, 2.881475860597126e+02, 2.881482644654484e+02, 2.881487683109194e+02, 2.88149128418124e+02, 2.881493695067428e+02, 2.881495635987621e+02, 2.881496801757295e+02, 2.881497799683523e+02, 2.881498492431382e+02, 2.881498880006047e+02, 2.881499267578125e+02, 2.881499349977009e+02, 2.881499633789062e+02, 2.881499633789062e+02, 2.881499902344268e+02, 2.881499938964844e+02, 2.881499938964844e+02, 2.881499938964844e+02, 2.881499938964844e+02, 2.881499938964844e+02, 2.881499938964844e+02, 2.881499938964844e+02, 2.881499938964844e+02, 2.881499938964844e+02, 2.881499938964844e+02, 2.881499938964844e+02, 2.885243784011924e+02, 2.89615633252099e+02, 2.91243381223812e+02, 2.932238407844611e+02, 2.946654479980469e+02, 2.955960379110658e+02, 2.953131282582783e+02, 2.936427736771579e+02, 2.917547930408804e+02, 2.902085480175346e+02, 2.891338088009293e+02, 2.88497797328166e+02, 2.882042725953593e+02, 2.881405270578628e+02, 2.882272825260976e+02, 2.884084397473154e+02, 2.886422315956057e+02, 2.889038762924869e+02, 2.891799152593777e+02, 2.894635091405657e+02, 2.897512381388436e+02, 2.90042394256954e+02, 2.903374456341417e+02, 2.90637585199933e+02, 2.909438053937789e+02, 2.912573366581439e+02, 2.915796264223138e+02, 2.9191196899189e+02, 2.922553331761429e+02, 2.926110315193848e+02, 2.929811762740389e+02, 2.933670378541773e+02, 2.937704335951076e+02, 2.941937981849389e+02, 2.946411342984973e+02, 2.951150808304956e+02, 2.95484639396192e+02, 2.944157705105578e+02, 2.926042580584909e+02, 2.90902189015655e+02, 2.896088616836981e+02, 2.887789862664151e+02, 2.88327956150693e+02, 2.881521694374919e+02, 2.8816455078125e+02]
chi.refCyc.sigBus.TEvaInMea=[2.881499938964844e+02, 2.881499938964844e+02, 2.881499938964844e+02, 2.881499938964844e+02, 2.881499938964844e+02, 2.881499938964844e+02, 2.881499938964844e+02, 2.881499938964844e+02, 2.881499938964844e+02, 2.881499938964844e+02, 2.881499938964844e+02, 2.881499938964844e+02, 2.881499938964844e+02, 2.881499938964844e+02, 2.881499938964844e+02, 2.881499938964844e+02, 2.881499938964844e+02, 2.881499938964844e+02, 2.881499938964844e+02, 2.881499938964844e+02, 2.881499938964844e+02, 2.881499938964844e+02, 2.881499938964844e+02, 2.881499938964844e+02, 2.881499938964844e+02, 2.881499938964844e+02, 2.881499938964844e+02, 2.881499938964844e+02, 2.881499938964844e+02, 2.881499938964844e+02, 2.881499938964844e+02, 2.881499938964844e+02, 2.881499938964844e+02, 2.881499938964844e+02, 2.881499938964844e+02, 2.881499938964844e+02, 2.881499938964844e+02, 2.881499938964844e+02, 2.881499938964844e+02, 2.881499938964844e+02, 2.881499938964844e+02, 2.881499938964844e+02, 2.881499938964844e+02, 2.881499938964844e+02, 2.881499938964844e+02, 2.881499938964844e+02, 2.881499938964844e+02, 2.881499938964844e+02, 2.881499938964844e+02, 2.881499938964844e+02, 2.881499938964844e+02, 2.881499938964844e+02, 2.881499938964844e+02, 2.881499938964844e+02, 2.881499938964844e+02, 2.881499938964844e+02, 2.906939884439967e+02, 2.934180086262417e+02, 2.961420064290364e+02, 2.981499938964844e+02, 2.981499938964844e+02, 2.981499938964844e+02, 2.981499938964844e+02, 2.981499938964844e+02, 2.981499938964844e+02, 2.981499938964844e+02, 2.981499938964844e+02, 2.981499938964844e+02, 2.981499938964844e+02, 2.981499938964844e+02, 2.981499938964844e+02, 2.981499938964844e+02, 2.981499938964844e+02, 2.981499938964844e+02, 2.981499938964844e+02, 2.981499938964844e+02, 2.981499938964844e+02, 2.981499938964844e+02, 2.981499938964844e+02, 2.981499938964844e+02, 2.981499938964844e+02, 2.981499938964844e+02, 2.981499938964844e+02, 2.981499938964844e+02, 2.981499938964844e+02, 2.981499938964844e+02, 2.981499938964844e+02, 2.981499938964844e+02, 2.981499938964844e+02, 2.981499938964844e+02, 2.981499938964844e+02, 2.981499938964844e+02, 2.981499938964844e+02, 2.981499938964844e+02, 2.981499938964844e+02, 2.981499938964844e+02, 2.981499938964844e+02, 2.981499938964844e+02, 2.981499938964844e+02, 2.981499938964844e+02, 2.981499938964844e+02]
chi.refCyc.QCon_flow=[1.1539353125e+05, 8.319222242353528e+04, 6.436178495442746e+04, 0e+00, 0e+00, 0e+00, 0e+00, 0e+00, 0e+00, 0e+00, 0e+00, 0e+00, 0e+00, 0e+00, 0e+00, 0e+00, 0e+00, 0e+00, 0e+00, 0e+00, 0e+00, 0e+00, 0e+00, 0e+00, 0e+00, 0e+00, 0e+00, 0e+00, 0e+00, 0e+00, 0e+00, 0e+00, 0e+00, 0e+00, 0e+00, 0e+00, 0e+00, 0e+00, 0e+00, 0e+00, 0e+00, 0e+00, 0e+00, 0e+00, 0e+00, 0e+00, 0e+00, 0e+00, 0e+00, 0e+00, 0e+00, 0e+00, 0e+00, 0e+00, 0e+00, 0e+00, 1.043338797683707e+04, 8.73211562428144e+03, 7.043659288023527e+03, 5.235753781486617e+03, 3.038687158203125e+03, 5.001568384511037e+02, 6.231054301251961e+04, 5.662728756740884e+04, 5.123945450656559e+04, 4.700658532446207e+04, 4.381022926163516e+04, 4.13709272601771e+04, 3.943191391040116e+04, 3.779059006852015e+04, 3.632570759192532e+04, 3.495849393830573e+04, 3.363425655844428e+04, 3.232094326061771e+04, 3.100015870508893e+04, 2.96598939551672e+04, 2.829455624278116e+04, 2.690050330801565e+04, 2.547468459153852e+04, 2.401362293570495e+04, 2.251611961189426e+04, 2.097927357269519e+04, 1.939826347938376e+04, 1.776860289000114e+04, 1.608611450860075e+04, 1.434444270840094e+04, 1.253252324728538e+04, 1.064230133463653e+04, 8.662079184095619e+03, 6.575337960388997e+03, 4.354814148830877e+03, 1.97686621300438e+03, 6.324012957576794e+04, 5.903717380682979e+04, 5.364108864868244e+04, 4.899012188835153e+04, 4.537905053998203e+04, 4.264093350604449e+04, 4.049094014488132e+04, 3.87153200168689e+04, 3.717056640625e+04]
chi.refCyc.QEva_flow=[-1.012707734375e+05, -6.906945890791074e+04, -5.023902714192746e+04, 0e+00, 0e+00, 0e+00, 0e+00, 0e+00, 0e+00, 0e+00, 0e+00, 0e+00, 0e+00, 0e+00, 0e+00, 0e+00, 0e+00, 0e+00, 0e+00, 0e+00, 0e+00, 0e+00, 0e+00, 0e+00, 0e+00, 0e+00, 0e+00, 0e+00, 0e+00, 0e+00, 0e+00, 0e+00, 0e+00, 0e+00, 0e+00, 0e+00, 0e+00, 0e+00, 0e+00, 0e+00, 0e+00, 0e+00, 0e+00, 0e+00, 0e+00, 0e+00, 0e+00, 0e+00, 0e+00, 0e+00, 0e+00, 0e+00, 0e+00, 0e+00, 0e+00, 0e+00, -8.039975182667944e+03, -6.800348864386918e+03, -5.573536940528768e+03, -4.227276555041958e+03, -2.491853881835938e+03, -4.149688574333118e+02, -4.856423904428751e+04, -4.334263093636023e+04, -3.84164411153244e+04, -3.464521728697752e+04, -3.191050618726236e+04, -2.993284756689376e+04, -2.845547990289277e+04, -2.727580106940739e+04, -2.627256158984633e+04, -2.536699594367532e+04, -2.450440027178117e+04, -2.365273388386267e+04, -2.279359253364308e+04, -2.191497440699102e+04, -2.10112803882037e+04, -2.007887261187239e+04, -1.911469721789129e+04, -1.811527929470769e+04, -1.707942264521663e+04, -1.600422005228201e+04, -1.488485763437333e+04, -1.371683971976615e+04, -1.249599751007525e+04, -1.121596989174713e+04, -9.865695589065765e+03, -8.437118097547822e+03, -6.918540143526967e+03, -5.293443350714065e+03, -3.534563852862834e+03, -1.618261957493344e+03, -4.922041110720475e+04, -4.547910067786016e+04, -4.054465779409563e+04, -3.635533945555556e+04, -3.320591131249526e+04, -3.092943748386691e+04, -2.924108928113794e+04, -2.79271123584347e+04, -2.6844005859375e+04]
chi.refCyc.PEle=[1.4122759765625e+04, 1.4122759765625e+04, 1.4122759765625e+04, 0e+00, 0e+00, 0e+00, 0e+00, 0e+00, 0e+00, 0e+00, 0e+00, 0e+00, 0e+00, 0e+00, 0e+00, 0e+00, 0e+00, 0e+00, 0e+00, 0e+00, 0e+00, 0e+00, 0e+00, 0e+00, 0e+00, 0e+00, 0e+00, 0e+00, 0e+00, 0e+00, 0e+00, 0e+00, 0e+00, 0e+00, 0e+00, 0e+00, 0e+00, 0e+00, 0e+00, 0e+00, 0e+00, 0e+00, 0e+00, 0e+00, 0e+00, 0e+00, 0e+00, 0e+00, 0e+00, 0e+00, 0e+00, 0e+00, 0e+00, 0e+00, 0e+00, 0e+00, 2.393412423074715e+03, 1.931766935674322e+03, 1.470122421023794e+03, 1.008477281071446e+03, 5.468332336425781e+02, 8.518797496143917e+01, 1.374630303072879e+04, 1.328465759784019e+04, 1.282301311779971e+04, 1.236136823280699e+04, 1.189972405093529e+04, 1.143807978117348e+04, 1.097643471062941e+04, 1.051478925302431e+04, 1.005314600207899e+04, 9.591499137215818e+03, 9.129855075730906e+03, 8.668209376755036e+03, 8.206565194883346e+03, 7.744920402658017e+03, 7.283276088951128e+03, 6.821631286962996e+03, 6.359986973256107e+03, 5.898342659549218e+03, 5.436696966669356e+03, 4.975053095609826e+03, 4.51340626492833e+03, 4.051762782051896e+03, 3.590116910631239e+03, 3.128472364989307e+03, 2.666828039076836e+03, 2.205183481229328e+03, 1.743539074748836e+03, 1.281894609674932e+03, 8.202502166224433e+02, 3.586042817559053e+02, 1.401971944512569e+04, 1.355807312896963e+04, 1.309642950692791e+04, 1.263478375114789e+04, 1.217313930560582e+04, 1.171149486006374e+04, 1.124985041452166e+04, 1.078820596897958e+04, 1.03265615234375e+04]
chi.safCtr.ySet=[1e+00, 1e+00, 1e+00, 1e+00, 1e+00, 1e+00, 1e+00, 1e+00, 1e+00, 1e+00, 1e+00, 1e+00, 1e+00, 1e+00, 1e+00, 1e+00, 1e+00, 1e+00, 1e+00, 1e+00, 1e+00, 1e+00, 1e+00, 1e+00, 1e+00, 1e+00, 1e+00, 1e+00, 1e+00, 1e+00, 1e+00, 9.866719757080159e-01, 9.53983978538425e-01, 9.212959988594297e-01, 8.886080196953867e-01, 8.559199624061988e-01, 8.232320052146589e-01, 7.905439849617433e-01, 7.578560283660726e-01, 7.251679491043818e-01, 6.924799919128418e-01, 6.59791912651151e-01, 6.271040150642557e-01, 5.944159834096545e-01, 5.617279786110247e-01, 5.290400031090656e-01, 4.963519546748451e-01, 4.636640147685763e-01, 4.309759641172161e-01, 3.982880081176676e-01, 3.655999288559769e-01, 3.329120014667593e-01, 3.002239683087656e-01, 2.675359948158506e-01, 2.348479668233334e-01, 2.021599710286381e-01, 1.694720163250666e-01, 1.367839575232084e-01, 1.040959802965193e-01, 7.140794881152905e-02, 3.872000016272068e-02, 6.031963614980583e-03, 9.733440110206767e-01, 9.406559329803494e-01, 9.079679403873069e-01, 8.752799502370122e-01, 8.425919600867176e-01, 8.099040295410681e-01, 7.772160393907734e-01, 7.445279589084641e-01, 7.118400346751196e-01, 6.791518764367777e-01, 6.464640016748436e-01, 6.137759041015745e-01, 5.810879139512802e-01, 5.483999238009856e-01, 5.157119646452678e-01, 4.830239733027191e-01, 4.503360129547467e-01, 4.176480228044521e-01, 3.849599528795317e-01, 3.52272040567015e-01, 3.195838763680066e-01, 2.868959777644167e-01, 2.542078875152536e-01, 2.215199122661201e-01, 1.888319370169866e-01, 1.561439617678536e-01, 1.234559772800102e-01, 9.07680040425226e-02, 5.808002335445391e-02, 2.539194141150361e-02, 9.927040152378709e-01, 9.600158780873344e-01, 9.273279538539903e-01, 8.946398709289322e-01, 8.619519356152749e-01, 8.29263950232988e-01, 7.965759600826934e-01, 7.638879699323992e-01, 7.311999797821045e-01]
chi.safCtr.yOut=[1e+00, 1e+00, 1e+00, 0e+00, 0e+00, 0e+00, 0e+00, 0e+00, 0e+00, 0e+00, 0e+00, 0e+00, 0e+00, 0e+00, 0e+00, 0e+00, 0e+00, 0e+00, 0e+00, 0e+00, 0e+00, 0e+00, 0e+00, 0e+00, 0e+00, 0e+00, 0e+00, 0e+00, 0e+00, 0e+00, 0e+00, 0e+00, 0e+00, 0e+00, 0e+00, 0e+00, 0e+00, 0e+00, 0e+00, 0e+00, 0e+00, 0e+00, 0e+00, 0e+00, 0e+00, 0e+00, 0e+00, 0e+00, 0e+00, 0e+00, 0e+00, 0e+00, 0e+00, 0e+00, 0e+00, 0e+00, 1.694720163250666e-01, 1.367839575232084e-01, 1.040959802965193e-01, 7.140794881152905e-02, 3.872000016272068e-02, 6.031963614980583e-03, 9.733440110206767e-01, 9.406559329803494e-01, 9.079679403873069e-01, 8.752799502370122e-01, 8.425919600867176e-01, 8.099040295410681e-01, 7.772160393907734e-01, 7.445279589084641e-01, 7.118400346751196e-01, 6.791518764367777e-01, 6.464640016748436e-01, 6.137759041015745e-01, 5.810879139512802e-01, 5.483999238009856e-01, 5.157119646452678e-01, 4.830239733027191e-01, 4.503360129547467e-01, 4.176480228044521e-01, 3.849599528795317e-01, 3.52272040567015e-01, 3.195838763680066e-01, 2.868959777644167e-01, 2.542078875152536e-01, 2.215199122661201e-01, 1.888319370169866e-01, 1.561439617678536e-01, 1.234559772800102e-01, 9.07680040425226e-02, 5.808002335445391e-02, 2.539194141150361e-02, 9.927040152378709e-01, 9.600158780873344e-01, 9.273279538539903e-01, 8.946398709289322e-01, 8.619519356152749e-01, 8.29263950232988e-01, 7.965759600826934e-01, 7.638879699323992e-01, 7.311999797821045e-01]
