last-generated=2018-07-20
statistics-initialization=
{
  "linear": "30, 100",
  "nonlinear": "1, 1, 1, 1",
  "numerical Jacobians": "0"
}
statistics-simulation=
{
  "linear": "0, 0, 0, 0, 0, 0, 0, 0, 0, 0, 0, 0, 0, 0, 0, 0, 0, 0, 0, 0, 0, 0, 0, 0, 0, 0, 0,   0, 0, 0, 0, 0, 0, 0, 0, 0, 0, 0, 0, 0, 0, 0, 0, 0, 0, 0, 0, 0, 0, 0, 0, 0, 0,   0, 0, 0, 0, 0, 0, 0",
  "nonlinear": " ",
  "number of continuous time states": "128",
  "numerical Jacobians": "0"
}
time=[0e+00, 1.5e+04]
TBor1UTubDyn.T=[2.931499938964844e+02, 2.932186889648438e+02, 2.933404846191406e+02, 2.935218200683594e+02, 2.938633728027344e+02, 2.942920227050781e+02, 2.947309875488281e+02, 2.951624755859375e+02, 2.955756225585938e+02, 2.959606018066406e+02, 2.9631103515625e+02, 2.966237182617188e+02, 2.9689794921875e+02, 2.971348266601562e+02, 2.973367919921875e+02, 2.975068664550781e+02, 2.976485290527344e+02, 2.977653503417969e+02, 2.978607788085938e+02, 2.979380187988281e+02, 2.98e+02, 2.980493774414062e+02, 2.9808837890625e+02, 2.981189575195312e+02, 2.981427612304688e+02, 2.981611022949219e+02, 2.981751708984375e+02, 2.981858825683594e+02, 2.981939392089844e+02, 2.98199951171875e+02, 2.982044067382812e+02, 2.982076721191406e+02, 2.982100524902344e+02, 2.982117309570312e+02, 2.982129211425781e+02, 2.982137451171875e+02, 2.982143249511719e+02, 2.982146911621094e+02, 2.982149047851562e+02, 2.982150573730469e+02, 2.982151184082031e+02, 2.982151489257812e+02, 2.982151489257812e+02, 2.982151489257812e+02, 2.982151184082031e+02, 2.982151184082031e+02, 2.98215087890625e+02, 2.982150573730469e+02, 2.982150268554688e+02, 2.982149963378906e+02, 2.982149963378906e+02, 2.982149658203125e+02, 2.982149658203125e+02, 2.982149353027344e+02, 2.982149353027344e+02, 2.982149353027344e+02, 2.982149353027344e+02, 2.982149353027344e+02, 2.982149047851562e+02, 2.982149047851562e+02, 2.982149047851562e+02, 2.982149047851562e+02, 2.982149047851562e+02, 2.982149047851562e+02, 2.982149047851562e+02, 2.982149047851562e+02, 2.982149047851562e+02, 2.982149047851562e+02, 2.982149047851562e+02, 2.982149047851562e+02, 2.982149047851562e+02, 2.982149047851562e+02, 2.982149047851562e+02, 2.982149047851562e+02, 2.982149047851562e+02, 2.982149047851562e+02, 2.982149047851562e+02, 2.982149047851562e+02, 2.982149047851562e+02, 2.982149047851562e+02, 2.982149047851562e+02, 2.982149047851562e+02, 2.982149047851562e+02, 2.982149047851562e+02, 2.982149047851562e+02, 2.982149047851562e+02, 2.982149047851562e+02, 2.982149047851562e+02, 2.982149047851562e+02, 2.982149047851562e+02, 2.982149047851562e+02, 2.982149047851562e+02, 2.982149047851562e+02, 2.982149047851562e+02, 2.982149047851562e+02, 2.982149047851562e+02, 2.982149047851562e+02, 2.982149047851562e+02, 2.982149047851562e+02, 2.982149047851562e+02, 2.982149047851562e+02]
TBor1UTubSteSta.T=[2.931499938964844e+02, 2.982149047851562e+02, 2.982149047851562e+02, 2.982149047851562e+02, 2.982149047851562e+02, 2.982149047851562e+02, 2.982149047851562e+02, 2.982149047851562e+02, 2.982149047851562e+02, 2.982149047851562e+02, 2.982149047851562e+02, 2.982149047851562e+02, 2.982149047851562e+02, 2.982149047851562e+02, 2.982149047851562e+02, 2.982149047851562e+02, 2.982149047851562e+02, 2.982149047851562e+02, 2.982149047851562e+02, 2.982149047851562e+02, 2.982149047851562e+02, 2.982149047851562e+02, 2.982149047851562e+02, 2.982149047851562e+02, 2.982149047851562e+02, 2.982149047851562e+02, 2.982149047851562e+02, 2.982149047851562e+02, 2.982149047851562e+02, 2.982149047851562e+02, 2.982149047851562e+02, 2.982149047851562e+02, 2.982149047851562e+02, 2.982149047851562e+02, 2.982149047851562e+02, 2.982149047851562e+02, 2.982149047851562e+02, 2.982149047851562e+02, 2.982149047851562e+02, 2.982149047851562e+02, 2.982149047851562e+02, 2.982149047851562e+02, 2.982149047851562e+02, 2.982149047851562e+02, 2.982149047851562e+02, 2.982149047851562e+02, 2.982149047851562e+02, 2.982149047851562e+02, 2.982149047851562e+02, 2.982149047851562e+02, 2.982149047851562e+02, 2.982149047851562e+02, 2.982149047851562e+02, 2.982149047851562e+02, 2.982149047851562e+02, 2.982149047851562e+02, 2.982149047851562e+02, 2.982149047851562e+02, 2.982149047851562e+02, 2.982149047851562e+02, 2.982149047851562e+02, 2.982149047851562e+02, 2.982149047851562e+02, 2.982149047851562e+02, 2.982149047851562e+02, 2.982149047851562e+02, 2.982149047851562e+02, 2.982149047851562e+02, 2.982149047851562e+02, 2.982149047851562e+02, 2.982149047851562e+02, 2.982149047851562e+02, 2.982149047851562e+02, 2.982149047851562e+02, 2.982149047851562e+02, 2.982149047851562e+02, 2.982149047851562e+02, 2.982149047851562e+02, 2.982149047851562e+02, 2.982149047851562e+02, 2.982149047851562e+02, 2.982149047851562e+02, 2.982149047851562e+02, 2.982149047851562e+02, 2.982149047851562e+02, 2.982149047851562e+02, 2.982149047851562e+02, 2.982149047851562e+02, 2.982149047851562e+02, 2.982149047851562e+02, 2.982149047851562e+02, 2.982149047851562e+02, 2.982149047851562e+02, 2.982149047851562e+02, 2.982149047851562e+02, 2.982149047851562e+02, 2.982149047851562e+02, 2.982149047851562e+02, 2.982149047851562e+02, 2.982149047851562e+02, 2.982149047851562e+02]
TBor2UTubDyn.T=[2.931499938964844e+02, 2.932618713378906e+02, 2.934010009765625e+02, 2.934984436035156e+02, 2.935660705566406e+02, 2.936214599609375e+02, 2.936843566894531e+02, 2.937750549316406e+02, 2.939076843261719e+02, 2.940860290527344e+02, 2.943037109375e+02, 2.945476379394531e+02, 2.948019104003906e+02, 2.950514221191406e+02, 2.95283935546875e+02, 2.954911499023438e+02, 2.956686096191406e+02, 2.958152160644531e+02, 2.959322814941406e+02, 2.960227355957031e+02, 2.9609033203125e+02, 2.961390686035156e+02, 2.961728210449219e+02, 2.961950073242188e+02, 2.962086181640625e+02, 2.962160339355469e+02, 2.962192077636719e+02, 2.962195739746094e+02, 2.962182312011719e+02, 2.962159729003906e+02, 2.962133178710938e+02, 2.962106018066406e+02, 2.962080383300781e+02, 2.962057800292969e+02, 2.96203857421875e+02, 2.962022399902344e+02, 2.962009582519531e+02, 2.961999816894531e+02, 2.9619921875e+02, 2.961986694335938e+02, 2.961982727050781e+02, 2.96197998046875e+02, 2.961978149414062e+02, 2.961977233886719e+02, 2.961976623535156e+02, 2.961976318359375e+02, 2.961976318359375e+02, 2.961976623535156e+02, 2.961976623535156e+02, 2.961976928710938e+02, 2.961977233886719e+02, 2.9619775390625e+02, 2.9619775390625e+02, 2.961977844238281e+02, 2.961977844238281e+02, 2.961978149414062e+02, 2.961978149414062e+02, 2.961978454589844e+02, 2.961978454589844e+02, 2.961978454589844e+02, 2.961978454589844e+02, 2.961978454589844e+02, 2.961978454589844e+02, 2.961978454589844e+02, 2.961978454589844e+02, 2.961978454589844e+02, 2.961978454589844e+02, 2.961978454589844e+02, 2.961978454589844e+02, 2.961978149414062e+02, 2.961978149414062e+02, 2.961978149414062e+02, 2.961978149414062e+02, 2.961978149414062e+02, 2.961978149414062e+02, 2.961978149414062e+02, 2.961978149414062e+02, 2.961978149414062e+02, 2.961978454589844e+02, 2.961978454589844e+02, 2.961978454589844e+02, 2.961978454589844e+02, 2.961978454589844e+02, 2.961978454589844e+02, 2.961978454589844e+02, 2.961978454589844e+02, 2.961978454589844e+02, 2.961978454589844e+02, 2.961978454589844e+02, 2.961978454589844e+02, 2.961978454589844e+02, 2.961978454589844e+02, 2.961978454589844e+02, 2.961978454589844e+02, 2.961978454589844e+02, 2.961978454589844e+02, 2.961978454589844e+02, 2.961978454589844e+02, 2.961978454589844e+02, 2.961978454589844e+02, 2.961978454589844e+02]
TBor2UTubSteSta.T=[2.931499938964844e+02, 2.961978454589844e+02, 2.961978454589844e+02, 2.961978454589844e+02, 2.961978454589844e+02, 2.961978454589844e+02, 2.961978454589844e+02, 2.961978454589844e+02, 2.961978454589844e+02, 2.961978454589844e+02, 2.961978454589844e+02, 2.961978454589844e+02, 2.961978454589844e+02, 2.961978454589844e+02, 2.961978454589844e+02, 2.961978454589844e+02, 2.961978454589844e+02, 2.961978454589844e+02, 2.961978454589844e+02, 2.961978454589844e+02, 2.961978454589844e+02, 2.961978454589844e+02, 2.961978454589844e+02, 2.961978454589844e+02, 2.961978454589844e+02, 2.961978454589844e+02, 2.961978454589844e+02, 2.961978454589844e+02, 2.961978454589844e+02, 2.961978454589844e+02, 2.961978454589844e+02, 2.961978454589844e+02, 2.961978454589844e+02, 2.961978454589844e+02, 2.961978454589844e+02, 2.961978454589844e+02, 2.961978454589844e+02, 2.961978454589844e+02, 2.961978454589844e+02, 2.961978454589844e+02, 2.961978454589844e+02, 2.961978454589844e+02, 2.961978454589844e+02, 2.961978454589844e+02, 2.961978454589844e+02, 2.961978454589844e+02, 2.961978454589844e+02, 2.961978454589844e+02, 2.961978454589844e+02, 2.961978454589844e+02, 2.961978454589844e+02, 2.961978454589844e+02, 2.961978454589844e+02, 2.961978454589844e+02, 2.961978454589844e+02, 2.961978454589844e+02, 2.961978454589844e+02, 2.961978454589844e+02, 2.961978454589844e+02, 2.961978454589844e+02, 2.961978454589844e+02, 2.961978454589844e+02, 2.961978454589844e+02, 2.961978454589844e+02, 2.961978454589844e+02, 2.961978454589844e+02, 2.961978454589844e+02, 2.961978454589844e+02, 2.961978454589844e+02, 2.961978454589844e+02, 2.961978454589844e+02, 2.961978454589844e+02, 2.961978454589844e+02, 2.961978454589844e+02, 2.961978454589844e+02, 2.961978454589844e+02, 2.961978454589844e+02, 2.961978454589844e+02, 2.961978454589844e+02, 2.961978454589844e+02, 2.961978454589844e+02, 2.961978454589844e+02, 2.961978454589844e+02, 2.961978454589844e+02, 2.961978454589844e+02, 2.961978454589844e+02, 2.961978454589844e+02, 2.961978454589844e+02, 2.961978454589844e+02, 2.961978454589844e+02, 2.961978454589844e+02, 2.961978454589844e+02, 2.961978454589844e+02, 2.961978454589844e+02, 2.961978454589844e+02, 2.961978454589844e+02, 2.961978454589844e+02, 2.961978454589844e+02, 2.961978454589844e+02, 2.961978454589844e+02, 2.961978454589844e+02]
