last-generated=2023-01-16
statistics-simulation=
{
  "linear": "0",
  "nonlinear": "1",
  "number of continuous time states": "9",
  "numerical Jacobians": "0"
}
time=[0e+00, 3.1536e+07]
TRooAir.T=[2.931499938964844e+02, 2.931499328613281e+02, 2.9315009765625e+02, 2.931499633789062e+02, 2.931499267578125e+02, 2.931499938964844e+02, 2.931499328613281e+02, 2.931500915527344e+02, 2.931499877929688e+02, 2.931499755859375e+02, 2.931501770019531e+02, 2.931499633789062e+02, 2.9314990234375e+02, 2.931502136230469e+02, 2.931499145507813e+02, 2.931499633789062e+02, 2.931502502441406e+02, 2.931500244140625e+02, 2.931499328613281e+02, 2.931500610351562e+02, 2.931499328613281e+02, 2.931498901367187e+02, 2.931502014160156e+02, 2.931499572753906e+02, 2.93149951171875e+02, 2.931500549316406e+02, 2.93149951171875e+02, 2.9315029296875e+02, 2.931500122070312e+02, 3.000942687988281e+02, 2.931498413085938e+02, 2.931500244140625e+02, 2.9315e+02, 2.931501159667969e+02, 2.931499328613281e+02, 2.9314990234375e+02, 2.931501220703125e+02, 2.931499633789062e+02, 2.977018859863281e+02, 2.94058544921875e+02, 2.9314990234375e+02, 3.001493774414063e+02, 2.933348083496094e+02, 3.0001259765625e+02, 2.947601928710938e+02, 2.931500854492188e+02, 2.931502197265625e+02, 3.001526184082031e+02, 2.931500610351562e+02, 2.995629943847656e+02, 2.979735107421875e+02, 2.982750671386719e+02, 2.9829345703125e+02, 3.001606689453125e+02, 2.990541015625e+02, 3.001415710449219e+02, 3.001583129882812e+02, 2.9759453125e+02, 3.001413696289063e+02, 2.981109497070312e+02, 2.931499328613281e+02, 3.001510192871094e+02, 2.932429077148437e+02, 2.9378818359375e+02, 3.001585021972656e+02, 2.931500549316406e+02, 2.97071826171875e+02, 2.986228210449219e+02, 2.931499633789062e+02, 2.962572814941406e+02, 2.931500549316406e+02, 2.931499938964844e+02, 2.931499084472656e+02, 2.976554504394531e+02, 2.931499145507813e+02, 2.955342407226562e+02, 2.94884912109375e+02, 2.931500305175781e+02, 2.931499084472656e+02, 2.931501098632813e+02, 2.931499328613281e+02, 2.931498596191406e+02, 2.931501708984375e+02, 2.931498840332031e+02, 2.958087036132812e+02, 2.931499938964844e+02, 2.931499938964844e+02, 2.937169616699219e+02, 2.931499938964844e+02, 2.931499450683594e+02, 2.931499938964844e+02, 2.931499694824219e+02, 2.931499633789062e+02, 2.931500610351562e+02, 2.931499938964844e+02, 2.931499328613281e+02, 2.931500732421875e+02, 2.931500244140625e+02, 2.931497863769531e+02, 2.931500366210938e+02, 2.931499633789062e+02]
