last-generated=2017-05-03
statistics-simulation=
{
  "numerical Jacobians": "0", 
  "nonlinear": " ", 
  "number of continuous time states": "3", 
  "linear": " "
}
heaHigPow.sta_b.T=[2.931499938964844e+02, 2.896846923828125e+02, 2.886424560546875e+02, 2.883300170898438e+02, 2.882354736328125e+02, 2.882063598632812e+02, 2.881982116699219e+02, 2.8819580078125e+02, 2.881947631835938e+02, 2.881943664550781e+02, 2.881942749023438e+02, 2.881943054199219e+02, 2.881943359375e+02, 2.881943359375e+02, 2.881943359375e+02, 2.881943359375e+02, 2.881943359375e+02, 2.881943359375e+02, 2.881943359375e+02, 2.881943359375e+02, 2.881943359375e+02, 2.881943359375e+02, 2.881943359375e+02, 2.881943359375e+02, 2.881943359375e+02, 2.881943359375e+02, 2.881943359375e+02, 2.881943359375e+02, 2.881943359375e+02, 2.881943359375e+02, 2.881943359375e+02, 2.881943359375e+02, 2.881943359375e+02, 2.881943359375e+02, 2.881943359375e+02, 2.881943359375e+02, 2.881943359375e+02, 2.881943359375e+02, 2.881943359375e+02, 2.881943359375e+02, 2.881943359375e+02, 2.881943359375e+02, 2.816828002929688e+02, 2.724832153320312e+02, 2.6953076171875e+02, 2.687554321289062e+02, 2.685947570800781e+02, 2.685541076660156e+02, 2.685426330566406e+02, 2.685386352539062e+02, 2.685375671386719e+02, 2.685374145507812e+02, 2.685373229980469e+02, 2.685372314453125e+02, 2.685371704101562e+02, 2.685371398925781e+02, 2.685371398925781e+02, 2.685371398925781e+02, 2.685371398925781e+02, 2.685371398925781e+02, 2.685371398925781e+02, 2.685371398925781e+02, 2.68537109375e+02, 2.68537109375e+02, 2.68537109375e+02, 2.68537109375e+02, 2.68537109375e+02, 2.806610107421875e+02, 2.980539855957032e+02, 3.033321533203124e+02, 3.049241333007812e+02, 3.054043884277344e+02, 3.055494995117188e+02, 3.055933532714844e+02, 3.056058654785156e+02, 3.056103210449219e+02, 3.05612060546875e+02, 3.056123352050781e+02, 3.056123352050781e+02, 3.056123657226562e+02, 3.056123962402344e+02, 3.056124267578125e+02, 3.056124572753906e+02, 3.056124572753906e+02, 3.056124877929688e+02, 3.056124877929688e+02, 3.056124877929688e+02, 3.056124877929688e+02, 2.931499938964844e+02, 2.931499938964844e+02, 2.931499938964844e+02, 2.931499938964844e+02, 2.931499938964844e+02, 2.931499938964844e+02, 2.931499938964844e+02, 2.931499938964844e+02, 2.931499938964844e+02, 2.931499938964844e+02, 2.931499938964844e+02, 2.931499938964844e+02, 2.931499938964844e+02]
heaHigPow.sta_a.T=[2.931499938964844e+02, 2.931499938964844e+02, 2.931499938964844e+02, 2.931499938964844e+02, 2.931499938964844e+02, 2.931499938964844e+02, 2.931499938964844e+02, 2.931499938964844e+02, 2.931499938964844e+02, 2.931499938964844e+02, 2.931499938964844e+02, 2.931499938964844e+02, 2.931499938964844e+02, 2.931499938964844e+02, 2.931499938964844e+02, 2.931499938964844e+02, 2.931499938964844e+02, 2.931499938964844e+02, 2.931499938964844e+02, 2.931499938964844e+02, 2.931499938964844e+02, 2.931499938964844e+02, 2.931499938964844e+02, 2.931499938964844e+02, 2.931499938964844e+02, 2.931499938964844e+02, 2.931499938964844e+02, 2.931499938964844e+02, 2.931499938964844e+02, 2.931499938964844e+02, 2.931499938964844e+02, 2.931499938964844e+02, 2.931499938964844e+02, 2.931499938964844e+02, 2.931499938964844e+02, 2.931499938964844e+02, 2.931499938964844e+02, 2.931499938964844e+02, 2.931499938964844e+02, 2.931499938964844e+02, 2.931499938964844e+02, 2.931499938964844e+02, 2.931499938964844e+02, 2.931499938964844e+02, 2.931499938964844e+02, 2.931499938964844e+02, 2.931499938964844e+02, 2.931499938964844e+02, 2.931499938964844e+02, 2.931499938964844e+02, 2.931499938964844e+02, 2.931499938964844e+02, 2.931499938964844e+02, 2.931499938964844e+02, 2.931499938964844e+02, 2.931499938964844e+02, 2.931499938964844e+02, 2.931499938964844e+02, 2.931499938964844e+02, 2.931499938964844e+02, 2.931499938964844e+02, 2.931499938964844e+02, 2.931499938964844e+02, 2.931499938964844e+02, 2.931499938964844e+02, 2.931499938964844e+02, 2.931499938964844e+02, 2.931499938964844e+02, 2.931499938964844e+02, 2.931499938964844e+02, 2.931499938964844e+02, 2.931499938964844e+02, 2.931499938964844e+02, 2.931499938964844e+02, 2.931499938964844e+02, 2.931499938964844e+02, 2.931499938964844e+02, 2.931499938964844e+02, 2.931499938964844e+02, 2.931499938964844e+02, 2.931499938964844e+02, 2.931499938964844e+02, 2.931499938964844e+02, 2.931499938964844e+02, 2.931499938964844e+02, 2.931499938964844e+02, 2.931499938964844e+02, 2.931499938964844e+02, 2.931499938964844e+02, 2.931499938964844e+02, 2.931499938964844e+02, 2.931499938964844e+02, 2.931499938964844e+02, 2.931499938964844e+02, 2.931499938964844e+02, 2.931499938964844e+02, 2.931499938964844e+02, 2.931499938964844e+02, 2.931499938964844e+02, 2.931499938964844e+02, 2.931499938964844e+02]
time=[0e+00, 1.2e+03]
cooLimPow.sta_b.T=[2.931499938964844e+02, 2.966234741210938e+02, 2.976713562011719e+02, 2.979857788085938e+02, 2.980809631347656e+02, 2.981102905273438e+02, 2.981184692382812e+02, 2.981209106445312e+02, 2.981219482421875e+02, 2.981223449707031e+02, 2.981224365234375e+02, 2.981224060058594e+02, 2.981223754882812e+02, 2.981223754882812e+02, 2.981223754882812e+02, 2.981223754882812e+02, 2.981223754882812e+02, 2.981223754882812e+02, 2.981223754882812e+02, 2.981223754882812e+02, 2.981223754882812e+02, 2.981223754882812e+02, 2.981223754882812e+02, 2.981223754882812e+02, 2.981223754882812e+02, 2.981223754882812e+02, 2.981223754882812e+02, 2.981223754882812e+02, 2.981223754882812e+02, 2.981223754882812e+02, 2.981223754882812e+02, 2.981223754882812e+02, 2.981223754882812e+02, 2.981223754882812e+02, 2.981223754882812e+02, 2.981223754882812e+02, 2.981223754882812e+02, 2.981223754882812e+02, 2.981223754882812e+02, 2.981223754882812e+02, 2.981223754882812e+02, 2.981223754882812e+02, 3.014110717773438e+02, 3.060949401855469e+02, 3.075076293945312e+02, 3.079336242675781e+02, 3.080621032714844e+02, 3.081005249023438e+02, 3.081120300292969e+02, 3.081160888671875e+02, 3.081171569824219e+02, 3.081173400878906e+02, 3.081174011230469e+02, 3.081175231933594e+02, 3.081175537109375e+02, 3.081175842285156e+02, 3.081176147460938e+02, 3.081176147460938e+02, 3.081176147460938e+02, 3.081176147460938e+02, 3.081176147460938e+02, 3.081176147460938e+02, 3.081176147460938e+02, 3.081176147460938e+02, 3.081176147460938e+02, 3.081176452636719e+02, 3.081176452636719e+02, 2.990499877929688e+02, 2.862664794921874e+02, 2.824385070800781e+02, 2.812885437011719e+02, 2.809420471191406e+02, 2.8083740234375e+02, 2.808057556152344e+02, 2.807967529296875e+02, 2.807935485839844e+02, 2.807922973632812e+02, 2.807920837402344e+02, 2.807920837402344e+02, 2.807920837402344e+02, 2.807920227050781e+02, 2.807920227050781e+02, 2.807919921875e+02, 2.807919921875e+02, 2.807919921875e+02, 2.807919921875e+02, 2.807919921875e+02, 2.807919921875e+02, 2.931499938964844e+02, 2.931499938964844e+02, 2.931499938964844e+02, 2.931499938964844e+02, 2.931499938964844e+02, 2.931499938964844e+02, 2.931499938964844e+02, 2.931499938964844e+02, 2.931499938964844e+02, 2.931499938964844e+02, 2.931499938964844e+02, 2.931499938964844e+02, 2.931499938964844e+02]
cooLimPow.sta_a.T=[2.931499938964844e+02, 2.931499938964844e+02, 2.931499938964844e+02, 2.931499938964844e+02, 2.931499938964844e+02, 2.931499938964844e+02, 2.931499938964844e+02, 2.931499938964844e+02, 2.931499938964844e+02, 2.931499938964844e+02, 2.931499938964844e+02, 2.931499938964844e+02, 2.931499938964844e+02, 2.931499938964844e+02, 2.931499938964844e+02, 2.931499938964844e+02, 2.931499938964844e+02, 2.931499938964844e+02, 2.931499938964844e+02, 2.931499938964844e+02, 2.931499938964844e+02, 2.931499938964844e+02, 2.931499938964844e+02, 2.931499938964844e+02, 2.931499938964844e+02, 2.931499938964844e+02, 2.931499938964844e+02, 2.931499938964844e+02, 2.931499938964844e+02, 2.931499938964844e+02, 2.931499938964844e+02, 2.931499938964844e+02, 2.931499938964844e+02, 2.931499938964844e+02, 2.931499938964844e+02, 2.931499938964844e+02, 2.931499938964844e+02, 2.931499938964844e+02, 2.931499938964844e+02, 2.931499938964844e+02, 2.931499938964844e+02, 2.931499938964844e+02, 2.931499938964844e+02, 2.931499938964844e+02, 2.931499938964844e+02, 2.931499938964844e+02, 2.931499938964844e+02, 2.931499938964844e+02, 2.931499938964844e+02, 2.931499938964844e+02, 2.931499938964844e+02, 2.931499938964844e+02, 2.931499938964844e+02, 2.931499938964844e+02, 2.931499938964844e+02, 2.931499938964844e+02, 2.931499938964844e+02, 2.931499938964844e+02, 2.931499938964844e+02, 2.931499938964844e+02, 2.931499938964844e+02, 2.931499938964844e+02, 2.931499938964844e+02, 2.931499938964844e+02, 2.931499938964844e+02, 2.931499938964844e+02, 2.931499938964844e+02, 2.931499938964844e+02, 2.931499938964844e+02, 2.931499938964844e+02, 2.931499938964844e+02, 2.931499938964844e+02, 2.931499938964844e+02, 2.931499938964844e+02, 2.931499938964844e+02, 2.931499938964844e+02, 2.931499938964844e+02, 2.931499938964844e+02, 2.931499938964844e+02, 2.931499938964844e+02, 2.931499938964844e+02, 2.931499938964844e+02, 2.931499938964844e+02, 2.931499938964844e+02, 2.931499938964844e+02, 2.931499938964844e+02, 2.931499938964844e+02, 2.931499938964844e+02, 2.931499938964844e+02, 2.931499938964844e+02, 2.931499938964844e+02, 2.931499938964844e+02, 2.931499938964844e+02, 2.931499938964844e+02, 2.931499938964844e+02, 2.931499938964844e+02, 2.931499938964844e+02, 2.931499938964844e+02, 2.931499938964844e+02, 2.931499938964844e+02, 2.931499938964844e+02]
heaCooUnl.sta_a.T=[2.931499938964844e+02, 2.931499938964844e+02, 2.931499938964844e+02, 2.931499938964844e+02, 2.931499938964844e+02, 2.931499938964844e+02, 2.931499938964844e+02, 2.931499938964844e+02, 2.931499938964844e+02, 2.931499938964844e+02, 2.931499938964844e+02, 2.931499938964844e+02, 2.931499938964844e+02, 2.931499938964844e+02, 2.931499938964844e+02, 2.931499938964844e+02, 2.931499938964844e+02, 2.931499938964844e+02, 2.931499938964844e+02, 2.931499938964844e+02, 2.931499938964844e+02, 2.931499938964844e+02, 2.931499938964844e+02, 2.931499938964844e+02, 2.931499938964844e+02, 2.931499938964844e+02, 2.931499938964844e+02, 2.931499938964844e+02, 2.931499938964844e+02, 2.931499938964844e+02, 2.931499938964844e+02, 2.931499938964844e+02, 2.931499938964844e+02, 2.931499938964844e+02, 2.931499938964844e+02, 2.931499938964844e+02, 2.931499938964844e+02, 2.931499938964844e+02, 2.931499938964844e+02, 2.931499938964844e+02, 2.931499938964844e+02, 2.931499938964844e+02, 2.931499938964844e+02, 2.931499938964844e+02, 2.931499938964844e+02, 2.931499938964844e+02, 2.931499938964844e+02, 2.931499938964844e+02, 2.931499938964844e+02, 2.931499938964844e+02, 2.931499938964844e+02, 2.931499938964844e+02, 2.931499938964844e+02, 2.931499938964844e+02, 2.931499938964844e+02, 2.931499938964844e+02, 2.931499938964844e+02, 2.931499938964844e+02, 2.931499938964844e+02, 2.931499938964844e+02, 2.931499938964844e+02, 2.931499938964844e+02, 2.931499938964844e+02, 2.931499938964844e+02, 2.931499938964844e+02, 2.931499938964844e+02, 2.931499938964844e+02, 2.931499938964844e+02, 2.931499938964844e+02, 2.931499938964844e+02, 2.931499938964844e+02, 2.931499938964844e+02, 2.931499938964844e+02, 2.931499938964844e+02, 2.931499938964844e+02, 2.931499938964844e+02, 2.931499938964844e+02, 2.931499938964844e+02, 2.931499938964844e+02, 2.931499938964844e+02, 2.931499938964844e+02, 2.931499938964844e+02, 2.931499938964844e+02, 2.931499938964844e+02, 2.931499938964844e+02, 2.931499938964844e+02, 2.931499938964844e+02, 2.931499938964844e+02, 2.931499938964844e+02, 2.931499938964844e+02, 2.931499938964844e+02, 2.931499938964844e+02, 2.931499938964844e+02, 2.931499938964844e+02, 2.931499938964844e+02, 2.931499938964844e+02, 2.931499938964844e+02, 2.931499938964844e+02, 2.931499938964844e+02, 2.931499938964844e+02, 2.931499938964844e+02]
heaCooUnl.sta_b.T=[2.931499938964844e+02, 2.896846923828125e+02, 2.886424560546875e+02, 2.883300170898438e+02, 2.882354736328125e+02, 2.882063598632812e+02, 2.881982116699219e+02, 2.8819580078125e+02, 2.881947631835938e+02, 2.881943664550781e+02, 2.881942749023438e+02, 2.881943054199219e+02, 2.881943359375e+02, 2.881943359375e+02, 2.881943359375e+02, 2.881943359375e+02, 2.881943359375e+02, 2.881943359375e+02, 2.881943359375e+02, 2.881943359375e+02, 2.881943359375e+02, 2.881943359375e+02, 2.881943359375e+02, 2.881943359375e+02, 2.881943359375e+02, 2.881943359375e+02, 2.881943359375e+02, 2.881943359375e+02, 2.881943359375e+02, 2.881943359375e+02, 2.881943359375e+02, 2.881943359375e+02, 2.881943359375e+02, 2.881943359375e+02, 2.881943359375e+02, 2.881943359375e+02, 2.881943359375e+02, 2.881943359375e+02, 2.881943359375e+02, 2.881943359375e+02, 2.881943359375e+02, 2.881943359375e+02, 2.914609375e+02, 2.9611328125e+02, 2.975164794921875e+02, 2.979396057128906e+02, 2.980672302246094e+02, 2.981054077148438e+02, 2.981168212890625e+02, 2.98120849609375e+02, 2.981219177246094e+02, 2.981220703125e+02, 2.981221618652344e+02, 2.981222839355469e+02, 2.98122314453125e+02, 2.981223449707031e+02, 2.981223449707031e+02, 2.981223754882812e+02, 2.981223754882812e+02, 2.981223754882812e+02, 2.981223754882812e+02, 2.981223754882812e+02, 2.981223754882812e+02, 2.981223754882812e+02, 2.981223754882812e+02, 2.981223754882812e+02, 2.981223754882812e+02, 3.005883178710938e+02, 3.040976867675781e+02, 3.051561279296875e+02, 3.054747924804688e+02, 3.055708618164062e+02, 3.055998840332031e+02, 3.056086730957031e+02, 3.056111450195312e+02, 3.05612060546875e+02, 3.056123962402344e+02, 3.056124572753906e+02, 3.056124572753906e+02, 3.056124572753906e+02, 3.056124572753906e+02, 3.056124877929688e+02, 3.056124877929688e+02, 3.056124877929688e+02, 3.056124877929688e+02, 3.056124877929688e+02, 3.056124877929688e+02, 3.056124877929688e+02, 2.931499938964844e+02, 2.931499938964844e+02, 2.931499938964844e+02, 2.931499938964844e+02, 2.931499938964844e+02, 2.931499938964844e+02, 2.931499938964844e+02, 2.931499938964844e+02, 2.931499938964844e+02, 2.931499938964844e+02, 2.931499938964844e+02, 2.931499938964844e+02, 2.931499938964844e+02]
steSta.sta_b.T=[2.881943359375e+02, 2.881943359375e+02, 2.881943359375e+02, 2.881943359375e+02, 2.881943359375e+02, 2.881943359375e+02, 2.881943359375e+02, 2.881943359375e+02, 2.881943359375e+02, 2.881943359375e+02, 2.881943359375e+02, 2.881943359375e+02, 2.881943359375e+02, 2.881943359375e+02, 2.881943359375e+02, 2.881943359375e+02, 2.881943359375e+02, 2.881943359375e+02, 2.881943359375e+02, 2.881943359375e+02, 2.881943359375e+02, 2.881943359375e+02, 2.881943359375e+02, 2.881943359375e+02, 2.881943359375e+02, 2.881943359375e+02, 2.881943359375e+02, 2.881943359375e+02, 2.881943359375e+02, 2.881943359375e+02, 2.881943359375e+02, 2.881943359375e+02, 2.881943359375e+02, 2.881943359375e+02, 2.881943359375e+02, 2.881943359375e+02, 2.881943359375e+02, 2.881943359375e+02, 2.881943359375e+02, 2.881943359375e+02, 2.881943359375e+02, 2.881943359375e+02, 2.981223754882812e+02, 2.981223754882812e+02, 2.981223754882812e+02, 2.981223754882812e+02, 2.981223754882812e+02, 2.981223754882812e+02, 2.981223754882812e+02, 2.981223754882812e+02, 2.981223754882812e+02, 2.981223754882812e+02, 2.981223754882812e+02, 2.981223754882812e+02, 2.981223754882812e+02, 2.981223754882812e+02, 2.981223754882812e+02, 2.981223754882812e+02, 2.981223754882812e+02, 2.981223754882812e+02, 2.981223754882812e+02, 2.981223754882812e+02, 2.981223754882812e+02, 2.981223754882812e+02, 2.981223754882812e+02, 2.981223754882812e+02, 2.981223754882812e+02, 3.056124877929688e+02, 3.056124877929688e+02, 3.056124877929688e+02, 3.056124877929688e+02, 3.056124877929688e+02, 3.056124877929688e+02, 3.056124877929688e+02, 3.056124877929688e+02, 3.056124877929688e+02, 3.056124877929688e+02, 3.056124877929688e+02, 3.056124877929688e+02, 3.056124877929688e+02, 3.056124877929688e+02, 3.056124877929688e+02, 3.056124877929688e+02, 3.056124877929688e+02, 3.056124877929688e+02, 3.056124877929688e+02, 3.056124877929688e+02, 3.056124877929688e+02, 2.931499938964844e+02, 2.931499938964844e+02, 2.931499938964844e+02, 2.931499938964844e+02, 2.931499938964844e+02, 2.931499938964844e+02, 2.931499938964844e+02, 2.931499938964844e+02, 2.931499938964844e+02, 2.931499938964844e+02, 2.931499938964844e+02, 2.931499938964844e+02, 2.931499938964844e+02]
heaHigPow.Q_flow=[0e+00, 0e+00]
cooLimPow.Q_flow=[0e+00, 0e+00]
heaCooUnl.Q_flow=[0e+00, 0e+00]
steSta.Q_flow=[0e+00, 0e+00]
setHeaHigPow.y[2]=[1.200000010430813e-02, 1.200000010430813e-02, 1.200000010430813e-02, 1.200000010430813e-02, 1.200000010430813e-02, 1.200000010430813e-02, 1.200000010430813e-02, 1.200000010430813e-02, 1.200000010430813e-02, 1.200000010430813e-02, 1.200000010430813e-02, 1.200000010430813e-02, 1.200000010430813e-02, 1.200000010430813e-02, 1.200000010430813e-02, 1.200000010430813e-02, 1.200000010430813e-02, 1.200000010430813e-02, 1.200000010430813e-02, 1.200000010430813e-02, 1.200000010430813e-02, 1.200000010430813e-02, 1.200000010430813e-02, 1.200000010430813e-02, 1.200000010430813e-02, 1.200000010430813e-02, 1.200000010430813e-02, 1.200000010430813e-02, 1.200000010430813e-02, 1.200000010430813e-02, 1.200000010430813e-02, 1.200000010430813e-02, 1.200000010430813e-02, 1.200000010430813e-02, 1.200000010430813e-02, 1.200000010430813e-02, 1.200000010430813e-02, 1.200000010430813e-02, 1.200000010430813e-02, 1.200000010430813e-02, 1.200000010430813e-02, 1.200000010430813e-02, 1.999999955296516e-02, 1.999999955296516e-02, 1.999999955296516e-02, 1.999999955296516e-02, 1.999999955296516e-02, 1.999999955296516e-02, 1.999999955296516e-02, 1.999999955296516e-02, 1.999999955296516e-02, 1.999999955296516e-02, 1.999999955296516e-02, 1.999999955296516e-02, 1.999999955296516e-02, 1.999999955296516e-02, 1.999999955296516e-02, 1.999999955296516e-02, 1.999999955296516e-02, 1.999999955296516e-02, 1.999999955296516e-02, 1.999999955296516e-02, 1.999999955296516e-02, 1.999999955296516e-02, 1.999999955296516e-02, 1.999999955296516e-02, 1.999999955296516e-02, 4.999999888241291e-03, 4.999999888241291e-03, 4.999999888241291e-03, 4.999999888241291e-03, 4.999999888241291e-03, 4.999999888241291e-03, 4.999999888241291e-03, 4.999999888241291e-03, 4.999999888241291e-03, 4.999999888241291e-03, 4.999999888241291e-03, 4.999999888241291e-03, 4.999999888241291e-03, 4.999999888241291e-03, 4.999999888241291e-03, 4.999999888241291e-03, 4.999999888241291e-03, 4.999999888241291e-03, 4.999999888241291e-03, 4.999999888241291e-03, 4.999999888241291e-03, 4.999999888241291e-03, 4.999999888241291e-03, 4.999999888241291e-03, 4.999999888241291e-03, 4.999999888241291e-03, 4.999999888241291e-03, 4.999999888241291e-03, 4.999999888241291e-03, 4.999999888241291e-03, 4.999999888241291e-03, 4.999999888241291e-03, 4.999999888241291e-03, 4.999999888241291e-03]
heaHigPow.port_b.Xi_outflow[1]=[9.999999776482582e-03, 1.139781530946493e-02, 1.181886997073889e-02, 1.1945147998631e-02, 1.198336761444807e-02, 1.199514139443636e-02, 1.19984271004796e-02, 1.19994031265378e-02, 1.199982222169638e-02, 1.199998613446951e-02, 1.200001686811447e-02, 1.2000004760921e-02, 1.200000010430813e-02, 1.199999824166298e-02, 1.199999917298555e-02, 1.199999917298555e-02, 1.199999917298555e-02, 1.200000010430813e-02, 1.200000010430813e-02, 1.200000010430813e-02, 1.200000010430813e-02, 1.200000010430813e-02, 1.200000010430813e-02, 1.200000010430813e-02, 1.200000010430813e-02, 1.200000010430813e-02, 1.200000010430813e-02, 1.200000010430813e-02, 1.200000010430813e-02, 1.200000010430813e-02, 1.200000010430813e-02, 1.200000010430813e-02, 1.200000010430813e-02, 1.200000010430813e-02, 1.200000010430813e-02, 1.200000010430813e-02, 1.200000010430813e-02, 1.200000010430813e-02, 1.200000010430813e-02, 1.200000010430813e-02, 1.200000010430813e-02, 1.200000010430813e-02, 1.463817618787289e-02, 1.838542520999908e-02, 1.959303393959999e-02, 1.991055719554424e-02, 1.997638121247292e-02, 1.999304071068764e-02, 1.999774575233459e-02, 1.999938301742077e-02, 1.999981328845024e-02, 1.999987848103046e-02, 1.99999138712883e-02, 1.999995484948158e-02, 1.999997347593307e-02, 1.999998651444912e-02, 1.999998837709427e-02, 1.999999210238457e-02, 1.999999582767487e-02, 1.999999769032001e-02, 1.999999769032001e-02, 1.999999769032001e-02, 1.999999769032001e-02, 1.999999955296516e-02, 1.999999955296516e-02, 1.999999955296516e-02, 1.999999955296516e-02, 1.50532191619277e-02, 8.02746322005984e-03, 5.911733955144894e-03, 5.275071132928133e-03, 5.083143711090088e-03, 5.025161895900965e-03, 5.007638595998287e-03, 5.002642516046762e-03, 5.000864155590534e-03, 5.000174511224031e-03, 5.000055767595768e-03, 5.000059958547354e-03, 5.00005204230547e-03, 5.000029690563679e-03, 5.000018980354071e-03, 5.00000873580575e-03, 5.000004544854164e-03, 5.000001285225153e-03, 5.000000353902578e-03, 4.999999888241291e-03, 4.999999422580004e-03, 4.999999888241291e-03, 4.999999888241291e-03, 4.999999888241291e-03, 4.999999888241291e-03, 4.999999888241291e-03, 4.999999888241291e-03, 4.999999888241291e-03, 4.999999888241291e-03, 4.999999888241291e-03, 4.999999888241291e-03, 4.999999888241291e-03, 4.999999888241291e-03, 4.999999888241291e-03]
cooLimPow.port_b.Xi_outflow[1]=[9.999999776482582e-03, 8.602185174822807e-03, 8.181129582226276e-03, 8.054851554334164e-03, 8.016631938517094e-03, 8.004859089851379e-03, 8.001572452485561e-03, 8.000596426427364e-03, 8.000177331268787e-03, 8.000013418495655e-03, 7.999982684850693e-03, 7.999994792044163e-03, 7.999999448657036e-03, 8.000001311302185e-03, 8.000001311302185e-03, 8.00000037997961e-03, 8.00000037997961e-03, 8.00000037997961e-03, 8.00000037997961e-03, 8.00000037997961e-03, 8.00000037997961e-03, 8.00000037997961e-03, 8.00000037997961e-03, 8.00000037997961e-03, 8.00000037997961e-03, 8.00000037997961e-03, 8.00000037997961e-03, 8.00000037997961e-03, 8.00000037997961e-03, 8.00000037997961e-03, 8.00000037997961e-03, 8.00000037997961e-03, 8.00000037997961e-03, 8.00000037997961e-03, 8.00000037997961e-03, 8.00000037997961e-03, 8.00000037997961e-03, 8.00000037997961e-03, 8.00000037997961e-03, 8.00000037997961e-03, 8.00000037997961e-03, 8.00000037997961e-03, 6.680911872535944e-03, 4.807287827134132e-03, 4.243343137204647e-03, 4.073397256433964e-03, 4.022148903459311e-03, 4.006820265203714e-03, 4.002239089459181e-03, 4.000615794211626e-03, 4.000186454504728e-03, 4.000121261924505e-03, 4.00008587166667e-03, 4.000044893473387e-03, 4.000026732683182e-03, 4.000014159828424e-03, 4.000010900199413e-03, 4.000007640570402e-03, 4.000004380941391e-03, 4.000002518296242e-03, 4.000002052634954e-03, 4.000002052634954e-03, 4.000001586973667e-03, 4.00000112131238e-03, 4.00000112131238e-03, 4.000000655651093e-03, 4.000000189989805e-03, 7.62763898819685e-03, 1.277985982596876e-02, 1.433139480650424e-02, 1.479828171432018e-02, 1.493902783840895e-02, 1.498154830187559e-02, 1.499439869076014e-02, 1.499806251376867e-02, 1.499936636537313e-02, 1.499987207353115e-02, 1.499995868653059e-02, 1.499995589256287e-02, 1.499996148049831e-02, 1.499997824430466e-02, 1.499998662620783e-02, 1.499999407678843e-02, 1.499999687075615e-02, 1.49999987334013e-02, 1.499999966472387e-02, 1.500000059604645e-02, 1.500000059604645e-02, 1.500000059604645e-02, 1.500000059604645e-02, 1.499999966472387e-02, 1.499999966472387e-02, 1.499999966472387e-02, 1.499999966472387e-02, 1.499999966472387e-02, 1.499999966472387e-02, 1.499999966472387e-02, 1.499999966472387e-02, 1.499999966472387e-02, 1.499999966472387e-02, 1.499999966472387e-02]
setCooLimPow.y[2]=[8.00000037997961e-03, 8.00000037997961e-03, 8.00000037997961e-03, 8.00000037997961e-03, 8.00000037997961e-03, 8.00000037997961e-03, 8.00000037997961e-03, 8.00000037997961e-03, 8.00000037997961e-03, 8.00000037997961e-03, 8.00000037997961e-03, 8.00000037997961e-03, 8.00000037997961e-03, 8.00000037997961e-03, 8.00000037997961e-03, 8.00000037997961e-03, 8.00000037997961e-03, 8.00000037997961e-03, 8.00000037997961e-03, 8.00000037997961e-03, 8.00000037997961e-03, 8.00000037997961e-03, 8.00000037997961e-03, 8.00000037997961e-03, 8.00000037997961e-03, 8.00000037997961e-03, 8.00000037997961e-03, 8.00000037997961e-03, 8.00000037997961e-03, 8.00000037997961e-03, 8.00000037997961e-03, 8.00000037997961e-03, 8.00000037997961e-03, 8.00000037997961e-03, 8.00000037997961e-03, 8.00000037997961e-03, 8.00000037997961e-03, 8.00000037997961e-03, 8.00000037997961e-03, 8.00000037997961e-03, 8.00000037997961e-03, 8.00000037997961e-03, 4.000000189989805e-03, 4.000000189989805e-03, 4.000000189989805e-03, 4.000000189989805e-03, 4.000000189989805e-03, 4.000000189989805e-03, 4.000000189989805e-03, 4.000000189989805e-03, 4.000000189989805e-03, 4.000000189989805e-03, 4.000000189989805e-03, 4.000000189989805e-03, 4.000000189989805e-03, 4.000000189989805e-03, 4.000000189989805e-03, 4.000000189989805e-03, 4.000000189989805e-03, 4.000000189989805e-03, 4.000000189989805e-03, 4.000000189989805e-03, 4.000000189989805e-03, 4.000000189989805e-03, 4.000000189989805e-03, 4.000000189989805e-03, 4.000000189989805e-03, 1.499999966472387e-02, 1.499999966472387e-02, 1.499999966472387e-02, 1.499999966472387e-02, 1.499999966472387e-02, 1.499999966472387e-02, 1.499999966472387e-02, 1.499999966472387e-02, 1.499999966472387e-02, 1.499999966472387e-02, 1.499999966472387e-02, 1.499999966472387e-02, 1.499999966472387e-02, 1.499999966472387e-02, 1.499999966472387e-02, 1.499999966472387e-02, 1.499999966472387e-02, 1.499999966472387e-02, 1.499999966472387e-02, 1.499999966472387e-02, 1.499999966472387e-02, 1.499999966472387e-02, 1.499999966472387e-02, 1.499999966472387e-02, 1.499999966472387e-02, 1.499999966472387e-02, 1.499999966472387e-02, 1.499999966472387e-02, 1.499999966472387e-02, 1.499999966472387e-02, 1.499999966472387e-02, 1.499999966472387e-02, 1.499999966472387e-02, 1.499999966472387e-02]
setHeaCooUnl.y[2]=[1.200000010430813e-02, 1.200000010430813e-02, 1.200000010430813e-02, 1.200000010430813e-02, 1.200000010430813e-02, 1.200000010430813e-02, 1.200000010430813e-02, 1.200000010430813e-02, 1.200000010430813e-02, 1.200000010430813e-02, 1.200000010430813e-02, 1.200000010430813e-02, 1.200000010430813e-02, 1.200000010430813e-02, 1.200000010430813e-02, 1.200000010430813e-02, 1.200000010430813e-02, 1.200000010430813e-02, 1.200000010430813e-02, 1.200000010430813e-02, 1.200000010430813e-02, 1.200000010430813e-02, 1.200000010430813e-02, 1.200000010430813e-02, 1.200000010430813e-02, 1.200000010430813e-02, 1.200000010430813e-02, 1.200000010430813e-02, 1.200000010430813e-02, 1.200000010430813e-02, 1.200000010430813e-02, 1.200000010430813e-02, 1.200000010430813e-02, 1.200000010430813e-02, 1.200000010430813e-02, 1.200000010430813e-02, 1.200000010430813e-02, 1.200000010430813e-02, 1.200000010430813e-02, 1.200000010430813e-02, 1.200000010430813e-02, 1.200000010430813e-02, 8.00000037997961e-03, 8.00000037997961e-03, 8.00000037997961e-03, 8.00000037997961e-03, 8.00000037997961e-03, 8.00000037997961e-03, 8.00000037997961e-03, 8.00000037997961e-03, 8.00000037997961e-03, 8.00000037997961e-03, 8.00000037997961e-03, 8.00000037997961e-03, 8.00000037997961e-03, 8.00000037997961e-03, 8.00000037997961e-03, 8.00000037997961e-03, 8.00000037997961e-03, 8.00000037997961e-03, 8.00000037997961e-03, 8.00000037997961e-03, 8.00000037997961e-03, 8.00000037997961e-03, 8.00000037997961e-03, 8.00000037997961e-03, 8.00000037997961e-03, 4.999999888241291e-03, 4.999999888241291e-03, 4.999999888241291e-03, 4.999999888241291e-03, 4.999999888241291e-03, 4.999999888241291e-03, 4.999999888241291e-03, 4.999999888241291e-03, 4.999999888241291e-03, 4.999999888241291e-03, 4.999999888241291e-03, 4.999999888241291e-03, 4.999999888241291e-03, 4.999999888241291e-03, 4.999999888241291e-03, 4.999999888241291e-03, 4.999999888241291e-03, 4.999999888241291e-03, 4.999999888241291e-03, 4.999999888241291e-03, 4.999999888241291e-03, 4.999999888241291e-03, 4.999999888241291e-03, 4.999999888241291e-03, 4.999999888241291e-03, 4.999999888241291e-03, 4.999999888241291e-03, 4.999999888241291e-03, 4.999999888241291e-03, 4.999999888241291e-03, 4.999999888241291e-03, 4.999999888241291e-03, 4.999999888241291e-03, 4.999999888241291e-03]
heaCooUnl.port_b.Xi_outflow[1]=[9.999999776482582e-03, 1.139781530946493e-02, 1.181886997073889e-02, 1.1945147998631e-02, 1.198336761444807e-02, 1.199514139443636e-02, 1.19984271004796e-02, 1.19994031265378e-02, 1.199982222169638e-02, 1.199998613446951e-02, 1.200001686811447e-02, 1.2000004760921e-02, 1.200000010430813e-02, 1.199999824166298e-02, 1.199999917298555e-02, 1.199999917298555e-02, 1.199999917298555e-02, 1.200000010430813e-02, 1.200000010430813e-02, 1.200000010430813e-02, 1.200000010430813e-02, 1.200000010430813e-02, 1.200000010430813e-02, 1.200000010430813e-02, 1.200000010430813e-02, 1.200000010430813e-02, 1.200000010430813e-02, 1.200000010430813e-02, 1.200000010430813e-02, 1.200000010430813e-02, 1.200000010430813e-02, 1.200000010430813e-02, 1.200000010430813e-02, 1.200000010430813e-02, 1.200000010430813e-02, 1.200000010430813e-02, 1.200000010430813e-02, 1.200000010430813e-02, 1.200000010430813e-02, 1.200000010430813e-02, 1.200000010430813e-02, 1.200000010430813e-02, 1.068091206252575e-02, 8.80728755146265e-03, 8.24334379285574e-03, 8.073396980762482e-03, 8.022149093449116e-03, 8.00682045519352e-03, 8.002239279448986e-03, 8.000615984201431e-03, 8.000186644494534e-03, 8.00012145191431e-03, 8.000086061656475e-03, 8.000045083463192e-03, 8.0000264570117e-03, 8.00001434981823e-03, 8.000010624527931e-03, 8.000007830560207e-03, 8.000004105269909e-03, 8.00000224262476e-03, 8.00000224262476e-03, 8.00000224262476e-03, 8.000001311302185e-03, 8.000001311302185e-03, 8.000001311302185e-03, 8.00000037997961e-03, 8.00000037997961e-03, 7.010644301772118e-03, 5.605492740869516e-03, 5.182346794754269e-03, 5.055014044046402e-03, 5.01662865281105e-03, 5.005032289773226e-03, 5.001527722924948e-03, 5.000528413802385e-03, 5.000172648578882e-03, 5.000034812837839e-03, 5.000011064112186e-03, 5.000011995434761e-03, 5.000010598450899e-03, 5.000005941838026e-03, 5.00000361353159e-03, 5.00000175088644e-03, 5.000000819563866e-03, 5.000000353902578e-03, 4.999999888241291e-03, 4.999999888241291e-03, 4.999999888241291e-03, 4.999999888241291e-03, 4.999999888241291e-03, 4.999999888241291e-03, 4.999999888241291e-03, 4.999999888241291e-03, 4.999999888241291e-03, 4.999999888241291e-03, 4.999999888241291e-03, 4.999999888241291e-03, 4.999999888241291e-03, 4.999999888241291e-03, 4.999999888241291e-03, 4.999999888241291e-03]
steSta.port_b.Xi_outflow[1]=[1.200000010430813e-02, 1.200000010430813e-02, 1.200000010430813e-02, 1.200000010430813e-02, 1.200000010430813e-02, 1.200000010430813e-02, 1.200000010430813e-02, 1.200000010430813e-02, 1.200000010430813e-02, 1.200000010430813e-02, 1.200000010430813e-02, 1.200000010430813e-02, 1.200000010430813e-02, 1.200000010430813e-02, 1.200000010430813e-02, 1.200000010430813e-02, 1.200000010430813e-02, 1.200000010430813e-02, 1.200000010430813e-02, 1.200000010430813e-02, 1.200000010430813e-02, 1.200000010430813e-02, 1.200000010430813e-02, 1.200000010430813e-02, 1.200000010430813e-02, 1.200000010430813e-02, 1.200000010430813e-02, 1.200000010430813e-02, 1.200000010430813e-02, 1.200000010430813e-02, 1.200000010430813e-02, 1.200000010430813e-02, 1.200000010430813e-02, 1.200000010430813e-02, 1.200000010430813e-02, 1.200000010430813e-02, 1.200000010430813e-02, 1.200000010430813e-02, 1.200000010430813e-02, 1.200000010430813e-02, 1.200000010430813e-02, 1.200000010430813e-02, 8.00000037997961e-03, 8.00000037997961e-03, 8.00000037997961e-03, 8.00000037997961e-03, 8.00000037997961e-03, 8.00000037997961e-03, 8.00000037997961e-03, 8.00000037997961e-03, 8.00000037997961e-03, 8.00000037997961e-03, 8.00000037997961e-03, 8.00000037997961e-03, 8.00000037997961e-03, 8.00000037997961e-03, 8.00000037997961e-03, 8.00000037997961e-03, 8.00000037997961e-03, 8.00000037997961e-03, 8.00000037997961e-03, 8.00000037997961e-03, 8.00000037997961e-03, 8.00000037997961e-03, 8.00000037997961e-03, 8.00000037997961e-03, 8.00000037997961e-03, 4.999999888241291e-03, 4.999999888241291e-03, 4.999999888241291e-03, 4.999999888241291e-03, 4.999999888241291e-03, 4.999999888241291e-03, 4.999999888241291e-03, 4.999999888241291e-03, 4.999999888241291e-03, 4.999999888241291e-03, 4.999999888241291e-03, 4.999999888241291e-03, 4.999999888241291e-03, 4.999999888241291e-03, 4.999999888241291e-03, 4.999999888241291e-03, 4.999999888241291e-03, 4.999999888241291e-03, 4.999999888241291e-03, 4.999999888241291e-03, 4.999999888241291e-03, 4.999999888241291e-03, 4.999999888241291e-03, 4.999999888241291e-03, 4.999999888241291e-03, 4.999999888241291e-03, 4.999999888241291e-03, 4.999999888241291e-03, 4.999999888241291e-03, 4.999999888241291e-03, 4.999999888241291e-03, 4.999999888241291e-03, 4.999999888241291e-03, 4.999999888241291e-03]
heaHigPow.mWat_flow=[0e+00, 1.397815212840214e-04, 1.818870077840984e-04, 1.945148105733097e-04, 1.983367983484641e-04, 1.995141210500151e-04, 1.998427323997021e-04, 1.99940346647054e-04, 1.999822561629117e-04, 1.99998656171374e-04, 2.000017266254872e-04, 2.000004751607776e-04, 2.000000240514055e-04, 1.999998494284227e-04, 1.999998785322532e-04, 1.999999221879989e-04, 1.999999512918293e-04, 1.999999803956598e-04, 1.999999803956598e-04, 1.999999803956598e-04, 1.999999803956598e-04, 1.99999994947575e-04, 1.99999994947575e-04, 1.99999994947575e-04, 1.99999994947575e-04, 1.99999994947575e-04, 1.99999994947575e-04, 1.99999994947575e-04, 1.99999994947575e-04, 1.99999994947575e-04, 1.99999994947575e-04, 1.99999994947575e-04, 1.99999994947575e-04, 1.99999994947575e-04, 1.99999994947575e-04, 1.99999994947575e-04, 1.99999994947575e-04, 1.99999994947575e-04, 1.99999994947575e-04, 1.99999994947575e-04, 1.99999994947575e-04, 1.99999994947575e-04, 4.638175887521356e-04, 8.385424152947962e-04, 9.593034628778696e-04, 9.910557419061661e-04, 9.976379806175828e-04, 9.993040002882481e-04, 9.997745510190725e-04, 9.99938347376883e-04, 9.999813046306372e-04, 9.999878238886595e-04, 9.999914327636361e-04, 9.999955072999001e-04, 9.999973699450493e-04, 9.999985340982676e-04, 9.99998883344233e-04, 9.999992325901985e-04, 9.99999581836164e-04, 9.999996982514858e-04, 9.999998146668077e-04, 9.999998146668077e-04, 9.999998146668077e-04, 9.999998146668077e-04, 9.999999310821295e-04, 9.999999310821295e-04, 9.999999310821295e-04, 5.05321950186044e-04, -1.972536265384436e-04, -4.088265995960671e-04, -4.724928876385093e-04, -4.91685641463846e-04, -4.974838229827583e-04, -4.992361064068973e-04, -4.997357609681785e-04, -4.999135853722692e-04, -4.999825614504516e-04, -4.99994435813278e-04, -4.999940283596516e-04, -4.999947850592434e-04, -4.999970551580191e-04, -4.999981028959155e-04, -4.99999150633812e-04, -4.999995580874383e-04, -4.199998802505434e-04, -2.999999851454049e-04, -1.800000027287751e-04, -6.000000576023012e-05, 0e+00, 0e+00, 0e+00, 0e+00, 0e+00, 0e+00, 0e+00, 0e+00, 0e+00, 0e+00, 0e+00, 0e+00, -0e+00]
cooLimPow.mWat_flow=[0e+00, -1.397815212840214e-04, -1.818870077840984e-04, -1.945148105733097e-04, -1.983367983484641e-04, -1.995141210500151e-04, -1.998427323997021e-04, -1.99940346647054e-04, -1.999822561629117e-04, -1.99998656171374e-04, -2.000017266254872e-04, -2.000004751607776e-04, -2.000000240514055e-04, -1.999998494284227e-04, -1.999998785322532e-04, -1.999999221879989e-04, -1.999999512918293e-04, -1.999999803956598e-04, -1.999999803956598e-04, -1.999999803956598e-04, -1.999999803956598e-04, -1.99999994947575e-04, -1.99999994947575e-04, -1.99999994947575e-04, -1.99999994947575e-04, -1.99999994947575e-04, -1.99999994947575e-04, -1.99999994947575e-04, -1.99999994947575e-04, -1.99999994947575e-04, -1.99999994947575e-04, -1.99999994947575e-04, -1.99999994947575e-04, -1.99999994947575e-04, -1.99999994947575e-04, -1.99999994947575e-04, -1.99999994947575e-04, -1.99999994947575e-04, -1.99999994947575e-04, -1.99999994947575e-04, -1.99999994947575e-04, -1.99999994947575e-04, -3.319087845738977e-04, -5.192712415009737e-04, -5.756656755693257e-04, -5.926602752879262e-04, -5.977851105853915e-04, -5.993179511278868e-04, -5.997761036269367e-04, -5.999384447932243e-04, -5.999813438393176e-04, -5.999878630973399e-04, -5.999914137646556e-04, -5.999954883009195e-04, -5.999973509460688e-04, -5.999985733069479e-04, -5.999989225529134e-04, -5.99999213591218e-04, -5.999995628371835e-04, -5.999997374601662e-04, -5.999997956678271e-04, -5.999997956678271e-04, -5.99999853875488e-04, -5.99999853875488e-04, -5.99999912083149e-04, -5.99999912083149e-04, -5.999999702908099e-04, -2.372361195739359e-04, 2.779859933070861e-04, 4.331395030021659e-04, 4.798281297553331e-04, 4.939027712680399e-04, 4.981547826901078e-04, 4.994398332200944e-04, 4.998061922378838e-04, 4.999366356059909e-04, 4.999872180633247e-04, 4.999958910048008e-04, 4.999955999664962e-04, 4.999961820431054e-04, 4.999978118576109e-04, 4.999986267648637e-04, 4.999993834644556e-04, 4.999996745027602e-04, 4.199999093543738e-04, 2.999999851454049e-04, 1.800000027287751e-04, 6.000000212225132e-05, 0e+00, 0e+00, 0e+00, 0e+00, 0e+00, 0e+00, 0e+00, 0e+00, 0e+00, 0e+00, 0e+00, 0e+00, 0e+00]
heaCooUnl.mWat_flow=[0e+00, 1.397815212840214e-04, 1.818870077840984e-04, 1.945148105733097e-04, 1.983367983484641e-04, 1.995141210500151e-04, 1.998427323997021e-04, 1.99940346647054e-04, 1.999822561629117e-04, 1.99998656171374e-04, 2.000017266254872e-04, 2.000004751607776e-04, 2.000000240514055e-04, 1.999998494284227e-04, 1.999998785322532e-04, 1.999999221879989e-04, 1.999999512918293e-04, 1.999999803956598e-04, 1.999999803956598e-04, 1.999999803956598e-04, 1.999999803956598e-04, 1.99999994947575e-04, 1.99999994947575e-04, 1.99999994947575e-04, 1.99999994947575e-04, 1.99999994947575e-04, 1.99999994947575e-04, 1.99999994947575e-04, 1.99999994947575e-04, 1.99999994947575e-04, 1.99999994947575e-04, 1.99999994947575e-04, 1.99999994947575e-04, 1.99999994947575e-04, 1.99999994947575e-04, 1.99999994947575e-04, 1.99999994947575e-04, 1.99999994947575e-04, 1.99999994947575e-04, 1.99999994947575e-04, 1.99999994947575e-04, 1.99999994947575e-04, 6.809120532125235e-05, -1.192712225019932e-04, -1.756656711222604e-04, -1.926602708408609e-04, -1.977851061383262e-04, -1.993179757846519e-04, -1.997760991798714e-04, -1.999384257942438e-04, -1.999813393922523e-04, -1.999878732021898e-04, -1.999913947656751e-04, -1.999954838538542e-04, -1.99997317395173e-04, -1.999985834117979e-04, -1.999989035539329e-04, -1.999992236960679e-04, -1.99999543838203e-04, -1.999997475650162e-04, -1.999997766688466e-04, -1.999998057726771e-04, -1.999998348765075e-04, -1.99999863980338e-04, -1.999998930841684e-04, -1.999999221879989e-04, -1.999999658437446e-04, -2.989355998579413e-04, -4.39450726844371e-04, -4.817653098143635e-04, -4.944985848851502e-04, -4.983371472917497e-04, -4.994967603124678e-04, -4.998472286388278e-04, -4.999471711926162e-04, -4.999827360734344e-04, -4.999965312890708e-04, -4.999988595955074e-04, -4.999988013878465e-04, -4.999989760108292e-04, -4.999993834644556e-04, -4.999996162950993e-04, -4.999998491257429e-04, -4.999999073334038e-04, -4.199999675620347e-04, -2.999999851454049e-04, -1.800000027287751e-04, -6.000000212225132e-05, 0e+00, 0e+00, 0e+00, 0e+00, 0e+00, 0e+00, 0e+00, 0e+00, 0e+00, 0e+00, 0e+00, 0e+00, -0e+00]
steSta.mWat_flow=[1.99999994947575e-04, 1.99999994947575e-04, 1.99999994947575e-04, 1.99999994947575e-04, 1.99999994947575e-04, 1.99999994947575e-04, 1.99999994947575e-04, 1.99999994947575e-04, 1.99999994947575e-04, 1.99999994947575e-04, 1.99999994947575e-04, 1.99999994947575e-04, 1.99999994947575e-04, 1.99999994947575e-04, 1.99999994947575e-04, 1.99999994947575e-04, 1.99999994947575e-04, 1.99999994947575e-04, 1.99999994947575e-04, 1.99999994947575e-04, 1.99999994947575e-04, 1.99999994947575e-04, 1.99999994947575e-04, 1.99999994947575e-04, 1.99999994947575e-04, 1.99999994947575e-04, 1.99999994947575e-04, 1.99999994947575e-04, 1.99999994947575e-04, 1.99999994947575e-04, 1.99999994947575e-04, 1.99999994947575e-04, 1.99999994947575e-04, 1.99999994947575e-04, 1.99999994947575e-04, 1.99999994947575e-04, 1.99999994947575e-04, 1.99999994947575e-04, 1.99999994947575e-04, 1.99999994947575e-04, 1.99999994947575e-04, 1.99999994947575e-04, -1.99999994947575e-04, -1.99999994947575e-04, -1.99999994947575e-04, -1.99999994947575e-04, -1.99999994947575e-04, -1.99999994947575e-04, -1.99999994947575e-04, -1.99999994947575e-04, -1.99999994947575e-04, -1.99999994947575e-04, -1.99999994947575e-04, -1.99999994947575e-04, -1.99999994947575e-04, -1.99999994947575e-04, -1.99999994947575e-04, -1.99999994947575e-04, -1.99999994947575e-04, -1.99999994947575e-04, -1.99999994947575e-04, -1.99999994947575e-04, -1.99999994947575e-04, -1.99999994947575e-04, -1.99999994947575e-04, -1.99999994947575e-04, -1.99999994947575e-04, -5.000000237487257e-04, -5.000000237487257e-04, -5.000000237487257e-04, -5.000000237487257e-04, -5.000000237487257e-04, -5.000000237487257e-04, -5.000000237487257e-04, -5.000000237487257e-04, -5.000000237487257e-04, -5.000000237487257e-04, -5.000000237487257e-04, -5.000000237487257e-04, -5.000000237487257e-04, -5.000000237487257e-04, -5.000000237487257e-04, -5.000000237487257e-04, -5.000000237487257e-04, -4.199999966658652e-04, -3.000000142492354e-04, -1.800000027287751e-04, -5.999999848427251e-05, 0e+00, 0e+00, 0e+00, 0e+00, 0e+00, 0e+00, 0e+00, 0e+00, 0e+00, 0e+00, 0e+00, 0e+00, -0e+00]
