last-generated=2023-01-16
statistics-simulation=
{
  "linear": "2",
  "nonlinear": "1",
  "number of continuous time states": "1",
  "numerical Jacobians": "0"
}
time=[0e+00, 3.1536e+07]
zon5R1C.TAir.T=[2.909764404296875e+02, 2.732415222167969e+02, 2.520077789306641e+02, 2.76025048828125e+02, 2.790271789550781e+02, 2.742825927734375e+02, 2.723617004394531e+02, 2.659434265136719e+02, 2.571886901855469e+02, 2.708003112792969e+02, 2.655660400390625e+02, 2.731009094238281e+02, 2.759867919921875e+02, 2.695766662597656e+02, 2.667454223632812e+02, 2.760878601074219e+02, 2.733586486816406e+02, 2.722347473144531e+02, 2.798101501464844e+02, 2.806675170898437e+02, 2.760120849609375e+02, 2.877839111328125e+02, 2.726111633300781e+02, 2.76047900390625e+02, 2.881203063964844e+02, 2.749512329101562e+02, 2.751825439453125e+02, 2.841313903808594e+02, 2.798068542480469e+02, 3.035454223632813e+02, 2.883733825683594e+02, 2.82268359375e+02, 2.8107685546875e+02, 2.884938659667969e+02, 2.916359436035156e+02, 2.875314636230469e+02, 2.8788056640625e+02, 2.818305786132813e+02, 2.969121032714844e+02, 2.923965087890625e+02, 2.870751647949219e+02, 3.046929870605469e+02, 2.9162421875e+02, 3.017426391601563e+02, 2.947225219726562e+02, 2.91616455078125e+02, 2.923034729003906e+02, 3.094773803710938e+02, 2.821847473144531e+02, 3.020515258789063e+02, 2.977261352539062e+02, 2.990075439453125e+02, 2.987977355957031e+02, 3.029395385742188e+02, 3.003826721191406e+02, 3.066978149414062e+02, 3.0258671875e+02, 2.985835754394531e+02, 3.077309204101563e+02, 2.984153076171875e+02, 2.891337585449219e+02, 3.023964904785156e+02, 2.915618103027344e+02, 2.943242370605469e+02, 3.029867126464844e+02, 2.913494567871094e+02, 2.980376953125e+02, 2.982875061035156e+02, 2.921154418945313e+02, 2.969723815917969e+02, 2.9083544921875e+02, 2.92578857421875e+02, 2.8878525390625e+02, 2.961719970703125e+02, 2.909577941894531e+02, 2.9518212890625e+02, 2.928463073730469e+02, 2.800294250488281e+02, 2.883945922851562e+02, 2.798619873046875e+02, 2.828131713867188e+02, 2.892816040039062e+02, 2.801213317871094e+02, 2.861554504394531e+02, 2.951558959960938e+02, 2.860324096679688e+02, 2.747611083984375e+02, 2.897903198242187e+02, 2.7580087890625e+02, 2.735168579101563e+02, 2.730507202148438e+02, 2.630060974121094e+02, 2.728467468261719e+02, 2.776421325683594e+02, 2.661517517089844e+02, 2.741959838867188e+02, 2.6608935546875e+02, 2.653890014648438e+02, 2.760793395996094e+02, 2.676428588867187e+02, 2.696054992675781e+02]
