last-generated=2023-02-27
statistics-simulation=
{
  "linear": "0",
  "nonlinear": " ",
  "number of continuous time states": "4",
  "numerical Jacobians": "0"
}
time=[0e+00, 1.728e+05]
vol.T=[2.931499938964844e+02, 2.904808959960938e+02, 2.891119689941406e+02, 2.891559753417969e+02, 2.891512756347656e+02, 2.891516723632812e+02, 2.891519775390625e+02, 2.891522216796875e+02, 2.891524658203125e+02, 2.891526489257812e+02, 2.891527709960938e+02, 2.891528625488281e+02, 2.891529235839844e+02, 2.891785583496094e+02, 2.893615417480469e+02, 2.917102355957031e+02, 2.931064147949219e+02, 2.931513671875e+02, 2.931524963378906e+02, 2.931520080566406e+02, 2.931526489257812e+02, 2.932197875976562e+02, 2.93356201171875e+02, 2.9352001953125e+02, 2.93680908203125e+02, 2.93816650390625e+02, 2.93911376953125e+02, 2.939539489746094e+02, 2.939368896484375e+02, 2.938556213378906e+02, 2.937080993652344e+02, 2.934942932128906e+02, 2.932159118652344e+02, 2.931468505859375e+02, 2.931471557617188e+02, 2.93147216796875e+02, 2.931471252441406e+02, 2.931470947265625e+02, 2.931470642089844e+02, 2.931471252441406e+02, 2.924068908691406e+02, 2.908880615234375e+02, 2.896520690917969e+02, 2.891730651855469e+02, 2.891479187011719e+02, 2.891481628417969e+02, 2.891485595703125e+02, 2.891488952636719e+02, 2.891492309570312e+02, 2.891495971679688e+02, 2.891499633789062e+02, 2.891503295898438e+02, 2.891506958007812e+02, 2.891510620117188e+02, 2.891513977050781e+02, 2.891517028808594e+02, 2.891519775390625e+02, 2.891522521972656e+02, 2.891524658203125e+02, 2.891526489257812e+02, 2.891527709960938e+02, 2.891528625488281e+02, 2.891529235839844e+02, 2.891785583496094e+02, 2.893615417480469e+02, 2.917102661132812e+02, 2.931064147949219e+02, 2.931513671875e+02, 2.931524963378906e+02, 2.931520080566406e+02, 2.931526489257812e+02, 2.932198181152344e+02, 2.933562316894531e+02, 2.935201110839844e+02, 2.936809997558594e+02, 2.938167724609375e+02, 2.939114685058594e+02, 2.939540100097656e+02, 2.939369201660156e+02, 2.938556213378906e+02, 2.937080993652344e+02, 2.934942932128906e+02, 2.932159118652344e+02, 2.931468505859375e+02, 2.931471557617188e+02, 2.931472473144531e+02, 2.931471252441406e+02, 2.931470947265625e+02, 2.931470947265625e+02, 2.931471252441406e+02, 2.924068908691406e+02, 2.908880615234375e+02, 2.896520690917969e+02, 2.891730651855469e+02, 2.891479187011719e+02, 2.891481628417969e+02, 2.891485595703125e+02, 2.891488952636719e+02, 2.891492614746094e+02, 2.891495971679688e+02, 2.891499633789062e+02]
TSet.y=[2.891499938964844e+02, 2.891499938964844e+02, 2.891499938964844e+02, 2.891499938964844e+02, 2.891499938964844e+02, 2.891499938964844e+02, 2.891499938964844e+02, 2.891499938964844e+02, 2.891499938964844e+02, 2.891499938964844e+02, 2.891499938964844e+02, 2.891499938964844e+02, 2.891499938964844e+02, 2.891499938964844e+02, 2.891499938964844e+02, 2.931499938964844e+02, 2.931499938964844e+02, 2.931499938964844e+02, 2.931499938964844e+02, 2.931499938964844e+02, 2.931499938964844e+02, 2.931499938964844e+02, 2.931499938964844e+02, 2.931499938964844e+02, 2.931499938964844e+02, 2.931499938964844e+02, 2.931499938964844e+02, 2.931499938964844e+02, 2.931499938964844e+02, 2.931499938964844e+02, 2.931499938964844e+02, 2.931499938964844e+02, 2.931499938964844e+02, 2.931499938964844e+02, 2.931499938964844e+02, 2.931499938964844e+02, 2.931499938964844e+02, 2.931499938964844e+02, 2.931499938964844e+02, 2.931499938964844e+02, 2.891499938964844e+02, 2.891499938964844e+02, 2.891499938964844e+02, 2.891499938964844e+02, 2.891499938964844e+02, 2.891499938964844e+02, 2.891499938964844e+02, 2.891499938964844e+02, 2.891499938964844e+02, 2.891499938964844e+02, 2.891499938964844e+02, 2.891499938964844e+02, 2.891499938964844e+02, 2.891499938964844e+02, 2.891499938964844e+02, 2.891499938964844e+02, 2.891499938964844e+02, 2.891499938964844e+02, 2.891499938964844e+02, 2.891499938964844e+02, 2.891499938964844e+02, 2.891499938964844e+02, 2.891499938964844e+02, 2.891499938964844e+02, 2.891499938964844e+02, 2.931499938964844e+02, 2.931499938964844e+02, 2.931499938964844e+02, 2.931499938964844e+02, 2.931499938964844e+02, 2.931499938964844e+02, 2.931499938964844e+02, 2.931499938964844e+02, 2.931499938964844e+02, 2.931499938964844e+02, 2.931499938964844e+02, 2.931499938964844e+02, 2.931499938964844e+02, 2.931499938964844e+02, 2.931499938964844e+02, 2.931499938964844e+02, 2.931499938964844e+02, 2.931499938964844e+02, 2.931499938964844e+02, 2.931499938964844e+02, 2.931499938964844e+02, 2.931499938964844e+02, 2.931499938964844e+02, 2.931499938964844e+02, 2.931499938964844e+02, 2.891499938964844e+02, 2.891499938964844e+02, 2.891499938964844e+02, 2.891499938964844e+02, 2.891499938964844e+02, 2.891499938964844e+02, 2.891499938964844e+02, 2.891499938964844e+02, 2.891499938964844e+02, 2.891499938964844e+02, 2.891499938964844e+02]
conPI.y=[0e+00, 0e+00, 4.56132709980011e-01, 3.103623390197754e-01, 2.935432195663452e-01, 2.714204490184784e-01, 2.445428669452667e-01, 2.138745486736297e-01, 1.798243820667267e-01, 1.429360508918762e-01, 1.037972420454025e-01, 6.302069872617722e-02, 2.124933712184429e-02, 0e+00, 0e+00, 1e+00, 8.683519065380096e-02, 9.462312608957277e-02, 5.449272692203522e-02, 2.387822605669498e-02, 0e+00, 0e+00, 0e+00, 0e+00, 0e+00, 0e+00, 0e+00, 0e+00, 0e+00, 0e+00, 0e+00, 0e+00, 0e+00, 8.246781677007675e-02, 1.255289912223818e-01, 1.643903702497481e-01, 2.051489800214767e-01, 2.469208687543869e-01, 2.890341281890869e-01, 3.30815464258194e-01, 0e+00, 0e+00, 0e+00, 2.160232961177826e-01, 2.417721450328827e-01, 2.712349593639374e-01, 2.937254905700684e-01, 3.116694092750549e-01, 3.247050046920776e-01, 3.326223492622375e-01, 3.352927565574646e-01, 3.326748907566071e-01, 3.248039186000824e-01, 3.118161857128143e-01, 2.939113974571228e-01, 2.713709473609922e-01, 2.445504814386365e-01, 2.138734459877017e-01, 1.798235177993774e-01, 1.429374217987061e-01, 1.03797510266304e-01, 6.302035599946976e-02, 2.124945260584354e-02, 0e+00, 0e+00, 1e+00, 8.684069663286209e-02, 9.462688118219376e-02, 5.448527261614772e-02, 2.388079091906572e-02, 8.760353553682876e-17, 0e+00, 0e+00, 0e+00, 0e+00, 0e+00, 0e+00, 0e+00, 0e+00, 0e+00, 0e+00, 0e+00, 0e+00, 8.246099948883057e-02, 1.255277246236801e-01, 1.643904745578766e-01, 2.051606178283691e-01, 2.469233125448227e-01, 2.890364527702332e-01, 3.308106064796448e-01, 0e+00, 0e+00, 0e+00, 2.16000035405159e-01, 2.417765557765961e-01, 2.712417244911194e-01, 2.937184572219849e-01, 3.116709291934967e-01, 3.24709564447403e-01, 3.326215147972107e-01, 3.352902829647064e-01]
hea.Q_flow=[0e+00, 0e+00, 4.926233215332031e+02, 3.351913146972656e+02, 3.170266723632812e+02, 2.931340637207031e+02, 2.641062927246094e+02, 2.309845123291015e+02, 1.942103271484375e+02, 1.543709259033203e+02, 1.121010208129883e+02, 6.806235504150391e+01, 2.294928359985352e+01, 0e+00, 0e+00, 1.08e+03, 9.378200531005859e+01, 1.021929779052733e+02, 5.885214614868164e+01, 2.578848457336426e+01, 0e+00, 0e+00, 0e+00, 0e+00, 0e+00, 0e+00, 0e+00, 0e+00, 0e+00, 0e+00, 0e+00, 0e+00, 0e+00, 8.906524658203125e+01, 1.355713043212892e+02, 1.775415954589842e+02, 2.215608978271484e+02, 2.666745300292969e+02, 3.121568603515625e+02, 3.572807006835938e+02, 0e+00, 0e+00, 0e+00, 2.333051605224609e+02, 2.611139221191406e+02, 2.929337463378906e+02, 3.172235107421875e+02, 3.366029663085938e+02, 3.506814270019531e+02, 3.592321166992188e+02, 3.621161499023438e+02, 3.592888793945312e+02, 3.507882385253906e+02, 3.36761474609375e+02, 3.1742431640625e+02, 2.93080627441406e+02, 2.641145019531247e+02, 2.30983322143555e+02, 1.942094116210938e+02, 1.543724060058594e+02, 1.121013107299805e+02, 6.806198883056641e+01, 2.294940948486328e+01, 0e+00, 0e+00, 1.08e+03, 9.378795623779297e+01, 1.021970367431641e+02, 5.884409713745087e+01, 2.579125404357937e+01, 9.459100169806334e-14, 0e+00, 0e+00, 0e+00, 0e+00, 0e+00, 0e+00, 0e+00, 0e+00, 0e+00, 0e+00, 0e+00, 0e+00, 8.905787658691406e+01, 1.355699310302734e+02, 1.775417175292969e+02, 2.215734710693359e+02, 2.666771850585938e+02, 3.121593627929688e+02, 3.572754516601562e+02, 0e+00, 0e+00, 0e+00, 2.332800445556641e+02, 2.611186828613281e+02, 2.929410705566406e+02, 3.172159423828125e+02, 3.366045837402344e+02, 3.506863098144531e+02, 3.592312316894531e+02, 3.621134948730469e+02]
hex.Q1_flow=[4.260093994140625e+02, 2.978024291992188e+02, 2.274369354248047e+02, 2.203341217041016e+02, 2.074576721191406e+02, 1.915511169433594e+02, 1.726204528808594e+02, 1.509660949707031e+02, 1.269312896728516e+02, 1.008947525024414e+02, 7.326696014404297e+01, 4.448367309570312e+01, 1.49988899230957e+01, -1.350830459594727e+01, -3.433538818359379e+01, 4.805123519897461e+01, 8.650494384765625e+01, 6.258703613281245e+01, 3.859490203857422e+01, 1.690669441223145e+01, -2.008664131164551e+00, -1.475579643249512e+01, -2.095455169677734e+01, -2.238361740112305e+01, -2.033842277526855e+01, -1.577857971191406e+01, -9.428452491760254e+00, -1.844363689422607e+00, 6.532137393951452e+00, 1.534071445465088e+01, 2.42835865020752e+01, 3.310865020751953e+01, 4.15972900390625e+01, 6.237370681762695e+01, 8.843293762207043e+01, 1.160708465576171e+02, 1.448540649414062e+02, 1.743385772705078e+02, 2.040597991943359e+02, 2.335490264892578e+02, 2.272985687255859e+02, 1.830399932861328e+02, 1.505802307128906e+02, 1.519514923095703e+02, 1.724278411865234e+02, 1.913849792480469e+02, 2.073293304443359e+02, 2.199998779296875e+02, 2.292006530761719e+02, 2.347869110107422e+02, 2.366705780029297e+02, 2.348216705322266e+02, 2.292695617675781e+02, 2.201017608642578e+02, 2.074627532958984e+02, 1.915519561767577e+02, 1.726202545166014e+02, 1.509662322998049e+02, 1.269313888549805e+02, 1.008947601318359e+02, 7.326695251464844e+01, 4.448368835449219e+01, 1.499888706207275e+01, -1.350829315185547e+01, -3.433485794067383e+01, 4.805278015136719e+01, 8.650499725341797e+01, 6.258673095703125e+01, 3.859496307373028e+01, 1.690669059753435e+01, -2.008561611175389e+00, -1.47554931640625e+01, -2.095197677612305e+01, -2.237944984436035e+01, -2.033367919921875e+01, -1.577331447601318e+01, -9.424074172973633e+00, -1.841788768768311e+00, 6.533357620239258e+00, 1.534116363525391e+01, 2.428375053405762e+01, 3.310818862915039e+01, 4.159671401977539e+01, 6.237347412109375e+01, 8.843297576904297e+01, 1.160709457397461e+02, 1.448537139892578e+02, 1.743386688232422e+02, 2.040600280761719e+02, 2.335490417480469e+02, 2.272985382080078e+02, 1.830399627685547e+02, 1.505802307128906e+02, 1.519516754150391e+02, 1.724279022216797e+02, 1.913852233886719e+02, 2.073296508789062e+02, 2.199996337890625e+02, 2.292007293701172e+02, 2.347871551513672e+02, 2.366707000732422e+02]
