last-generated=2023-02-27
statistics-simulation=
{
  "linear": "0",
  "nonlinear": " ",
  "number of continuous time states": "6",
  "numerical Jacobians": "0"
}
time=[0e+00, 1.728e+05]
TSet.y=[2.891499938964844e+02, 2.891499938964844e+02, 2.891499938964844e+02, 2.891499938964844e+02, 2.891499938964844e+02, 2.891499938964844e+02, 2.891499938964844e+02, 2.891499938964844e+02, 2.891499938964844e+02, 2.891499938964844e+02, 2.891499938964844e+02, 2.891499938964844e+02, 2.891499938964844e+02, 2.891499938964844e+02, 2.891499938964844e+02, 2.931499938964844e+02, 2.931499938964844e+02, 2.931499938964844e+02, 2.931499938964844e+02, 2.931499938964844e+02, 2.931499938964844e+02, 2.931499938964844e+02, 2.931499938964844e+02, 2.931499938964844e+02, 2.931499938964844e+02, 2.931499938964844e+02, 2.931499938964844e+02, 2.931499938964844e+02, 2.931499938964844e+02, 2.931499938964844e+02, 2.931499938964844e+02, 2.931499938964844e+02, 2.931499938964844e+02, 2.931499938964844e+02, 2.931499938964844e+02, 2.931499938964844e+02, 2.931499938964844e+02, 2.931499938964844e+02, 2.931499938964844e+02, 2.931499938964844e+02, 2.891499938964844e+02, 2.891499938964844e+02, 2.891499938964844e+02, 2.891499938964844e+02, 2.891499938964844e+02, 2.891499938964844e+02, 2.891499938964844e+02, 2.891499938964844e+02, 2.891499938964844e+02, 2.891499938964844e+02, 2.891499938964844e+02, 2.891499938964844e+02, 2.891499938964844e+02, 2.891499938964844e+02, 2.891499938964844e+02, 2.891499938964844e+02, 2.891499938964844e+02, 2.891499938964844e+02, 2.891499938964844e+02, 2.891499938964844e+02, 2.891499938964844e+02, 2.891499938964844e+02, 2.891499938964844e+02, 2.891499938964844e+02, 2.891499938964844e+02, 2.931499938964844e+02, 2.931499938964844e+02, 2.931499938964844e+02, 2.931499938964844e+02, 2.931499938964844e+02, 2.931499938964844e+02, 2.931499938964844e+02, 2.931499938964844e+02, 2.931499938964844e+02, 2.931499938964844e+02, 2.931499938964844e+02, 2.931499938964844e+02, 2.931499938964844e+02, 2.931499938964844e+02, 2.931499938964844e+02, 2.931499938964844e+02, 2.931499938964844e+02, 2.931499938964844e+02, 2.931499938964844e+02, 2.931499938964844e+02, 2.931499938964844e+02, 2.931499938964844e+02, 2.931499938964844e+02, 2.931499938964844e+02, 2.931499938964844e+02, 2.891499938964844e+02, 2.891499938964844e+02, 2.891499938964844e+02, 2.891499938964844e+02, 2.891499938964844e+02, 2.891499938964844e+02, 2.891499938964844e+02, 2.891499938964844e+02, 2.891499938964844e+02, 2.891499938964844e+02, 2.891499938964844e+02]
TOut.y=[2.901499938964844e+02, 2.901894226074219e+02, 2.903070983886719e+02, 2.905011291503906e+02, 2.907684631347656e+02, 2.911049194335938e+02, 2.915051574707031e+02, 2.91962890625e+02, 2.924708557128906e+02, 2.930211181640625e+02, 2.936049194335938e+02, 2.942131042480469e+02, 2.948360595703125e+02, 2.954639587402344e+02, 2.960869140625e+02, 2.966950988769531e+02, 2.972789001464844e+02, 2.978291320800781e+02, 2.983371276855469e+02, 2.987948303222656e+02, 2.991950988769531e+02, 2.995315246582031e+02, 2.997988891601562e+02, 2.99992919921875e+02, 3.001105651855469e+02, 3.001499938964844e+02, 3.001105651855469e+02, 2.99992919921875e+02, 2.997988891601562e+02, 2.995315246582031e+02, 2.991950988769531e+02, 2.987948303222656e+02, 2.983371276855469e+02, 2.978291320800781e+02, 2.972789001464844e+02, 2.966950988769531e+02, 2.960869140625e+02, 2.954639587402344e+02, 2.948360595703125e+02, 2.942131042480469e+02, 2.936049194335938e+02, 2.930211181640625e+02, 2.924708557128906e+02, 2.91962890625e+02, 2.915051574707031e+02, 2.911049194335938e+02, 2.907684631347656e+02, 2.905011291503906e+02, 2.903070983886719e+02, 2.901894226074219e+02, 2.901499938964844e+02, 2.901894226074219e+02, 2.903070983886719e+02, 2.905011291503906e+02, 2.907684631347656e+02, 2.911049194335938e+02, 2.915051574707031e+02, 2.91962890625e+02, 2.924708557128906e+02, 2.930211181640625e+02, 2.936049194335938e+02, 2.942131042480469e+02, 2.948360595703125e+02, 2.954639587402344e+02, 2.960869140625e+02, 2.966950988769531e+02, 2.972789001464844e+02, 2.978291320800781e+02, 2.983371276855469e+02, 2.987948303222656e+02, 2.991950988769531e+02, 2.995315246582031e+02, 2.997988891601562e+02, 2.99992919921875e+02, 3.001105651855469e+02, 3.001499938964844e+02, 3.001105651855469e+02, 2.99992919921875e+02, 2.997988891601562e+02, 2.995315246582031e+02, 2.991950988769531e+02, 2.987948303222656e+02, 2.983371276855469e+02, 2.978291320800781e+02, 2.972789001464844e+02, 2.966950988769531e+02, 2.960869140625e+02, 2.954639587402344e+02, 2.948360595703125e+02, 2.942131042480469e+02, 2.936049194335938e+02, 2.930211181640625e+02, 2.924708557128906e+02, 2.91962890625e+02, 2.915051574707031e+02, 2.911049194335938e+02, 2.907684631347656e+02, 2.905011291503906e+02, 2.903070983886719e+02, 2.901894226074219e+02, 2.901499938964844e+02]
TVol.T=[2.891499938964844e+02, 2.890717468261719e+02, 2.891900329589844e+02, 2.891500854492188e+02, 2.891499938964844e+02, 2.891499938964844e+02, 2.891499938964844e+02, 2.891499938964844e+02, 2.891499938964844e+02, 2.891499938964844e+02, 2.891499938964844e+02, 2.891499938964844e+02, 2.891499938964844e+02, 2.891499938964844e+02, 2.891499938964844e+02, 2.894725952148438e+02, 2.902336120605469e+02, 2.909750366210938e+02, 2.916950073242188e+02, 2.923909912109375e+02, 2.930599670410156e+02, 2.931500244140625e+02, 2.931499938964844e+02, 2.931499938964844e+02, 2.931499938964844e+02, 2.931499938964844e+02, 2.931499938964844e+02, 2.931499938964844e+02, 2.931499938964844e+02, 2.931499938964844e+02, 2.931499938964844e+02, 2.931499938964844e+02, 2.931499938964844e+02, 2.931499938964844e+02, 2.931499938964844e+02, 2.931499938964844e+02, 2.931499938964844e+02, 2.931499938964844e+02, 2.931499938964844e+02, 2.931499938964844e+02, 2.923056030273438e+02, 2.903829956054688e+02, 2.890553283691406e+02, 2.891507568359375e+02, 2.891499938964844e+02, 2.891499938964844e+02, 2.891499938964844e+02, 2.891499938964844e+02, 2.891499938964844e+02, 2.891499938964844e+02, 2.891499938964844e+02, 2.891499938964844e+02, 2.891499938964844e+02, 2.891499938964844e+02, 2.891499938964844e+02, 2.891499938964844e+02, 2.891499938964844e+02, 2.891499938964844e+02, 2.891499938964844e+02, 2.891499938964844e+02, 2.891499938964844e+02, 2.891499938964844e+02, 2.891499938964844e+02, 2.891499938964844e+02, 2.891499938964844e+02, 2.894725952148438e+02, 2.902336120605469e+02, 2.909750366210938e+02, 2.916950073242188e+02, 2.923909912109375e+02, 2.930599670410156e+02, 2.931500244140625e+02, 2.931499938964844e+02, 2.931499938964844e+02, 2.931499938964844e+02, 2.931499938964844e+02, 2.931499938964844e+02, 2.931499938964844e+02, 2.931499938964844e+02, 2.931499938964844e+02, 2.931499938964844e+02, 2.931499938964844e+02, 2.931499938964844e+02, 2.931499938964844e+02, 2.931499938964844e+02, 2.931499938964844e+02, 2.931499938964844e+02, 2.931499938964844e+02, 2.931499938964844e+02, 2.931499938964844e+02, 2.923056030273438e+02, 2.903829956054688e+02, 2.890553283691406e+02, 2.891507568359375e+02, 2.891499938964844e+02, 2.891499938964844e+02, 2.891499938964844e+02, 2.891499938964844e+02, 2.891499938964844e+02, 2.891499938964844e+02, 2.891499938964844e+02]
THeaOut.T=[2.891499938964844e+02, 2.890716552734375e+02, 2.8918994140625e+02, 2.891495056152344e+02, 2.891492919921875e+02, 2.891491394042969e+02, 2.891489562988281e+02, 2.891487426757812e+02, 2.891485290527344e+02, 2.891482849121094e+02, 2.891480407714844e+02, 2.891477661132812e+02, 2.891474914550781e+02, 2.89147216796875e+02, 2.891469421386719e+02, 2.8947216796875e+02, 2.902331848144531e+02, 2.90974609375e+02, 2.91694580078125e+02, 2.923905944824219e+02, 2.930595703125e+02, 2.931471862792969e+02, 2.931470642089844e+02, 2.9314697265625e+02, 2.931469116210938e+02, 2.931469116210938e+02, 2.931469116210938e+02, 2.9314697265625e+02, 2.931470642089844e+02, 2.931471862792969e+02, 2.931473388671875e+02, 2.931474914550781e+02, 2.93147705078125e+02, 2.931479187011719e+02, 2.931481628417969e+02, 2.931484375e+02, 2.931487121582031e+02, 2.931489868164062e+02, 2.931492614746094e+02, 2.931495361328125e+02, 2.922979125976562e+02, 2.903752136230469e+02, 2.890551147460938e+02, 2.891494750976562e+02, 2.891489562988281e+02, 2.891491394042969e+02, 2.891492919921875e+02, 2.891494140625e+02, 2.891494750976562e+02, 2.891495361328125e+02, 2.891495666503906e+02, 2.891495361328125e+02, 2.891494750976562e+02, 2.891494140625e+02, 2.891492919921875e+02, 2.891491394042969e+02, 2.891489562988281e+02, 2.891487426757812e+02, 2.891485290527344e+02, 2.891482849121094e+02, 2.891480407714844e+02, 2.891477661132812e+02, 2.891474914550781e+02, 2.89147216796875e+02, 2.891469421386719e+02, 2.8947216796875e+02, 2.902331848144531e+02, 2.90974609375e+02, 2.91694580078125e+02, 2.923905944824219e+02, 2.930595703125e+02, 2.93147216796875e+02, 2.931470642089844e+02, 2.9314697265625e+02, 2.931469116210938e+02, 2.931469116210938e+02, 2.931469116210938e+02, 2.9314697265625e+02, 2.931470642089844e+02, 2.931471862792969e+02, 2.931473388671875e+02, 2.931474914550781e+02, 2.93147705078125e+02, 2.931479187011719e+02, 2.931481628417969e+02, 2.931484375e+02, 2.931487121582031e+02, 2.931489868164062e+02, 2.931492614746094e+02, 2.931495361328125e+02, 2.922979125976562e+02, 2.903752136230469e+02, 2.890551147460938e+02, 2.891494750976562e+02, 2.891489562988281e+02, 2.891491394042969e+02, 2.891492919921875e+02, 2.891494140625e+02, 2.891494750976562e+02, 2.891495361328125e+02, 2.891495666503906e+02]
coo.TSet=[2.831499938964844e+02, 3.031499938964844e+02, 3.003886108398438e+02, 2.891494750976562e+02, 2.891492919921875e+02, 2.891491394042969e+02, 2.891489562988281e+02, 2.891487426757812e+02, 2.891485290527344e+02, 2.891482849121094e+02, 2.891480407714844e+02, 2.891477661132812e+02, 2.891474914550781e+02, 2.89147216796875e+02, 2.891469421386719e+02, 3.031499938964844e+02, 3.031499938964844e+02, 3.031499938964844e+02, 3.031499938964844e+02, 3.031499938964844e+02, 3.031499938964844e+02, 2.931471862792969e+02, 2.931470642089844e+02, 2.9314697265625e+02, 2.931469116210938e+02, 2.931469116210938e+02, 2.931469116210938e+02, 2.9314697265625e+02, 2.931470642089844e+02, 2.931471862792969e+02, 2.931473388671875e+02, 2.931474914550781e+02, 2.93147705078125e+02, 2.931479187011719e+02, 2.931481628417969e+02, 2.931484375e+02, 2.931487121582031e+02, 2.931489868164062e+02, 2.931492614746094e+02, 2.931495361328125e+02, 2.831499938964844e+02, 2.831499938964844e+02, 2.962586669921875e+02, 2.891494140625e+02, 2.891489562988281e+02, 2.891491394042969e+02, 2.891492919921875e+02, 2.891494140625e+02, 2.891494750976562e+02, 2.891495361328125e+02, 2.891495666503906e+02, 2.891495361328125e+02, 2.891494750976562e+02, 2.891494140625e+02, 2.891492919921875e+02, 2.891491394042969e+02, 2.891489562988281e+02, 2.891487426757812e+02, 2.891485290527344e+02, 2.891482849121094e+02, 2.891480407714844e+02, 2.891477661132812e+02, 2.891474914550781e+02, 2.89147216796875e+02, 2.891469421386719e+02, 3.031499938964844e+02, 3.031499938964844e+02, 3.031499938964844e+02, 3.031499938964844e+02, 3.031499938964844e+02, 3.031499938964844e+02, 2.931471252441406e+02, 2.931470642089844e+02, 2.9314697265625e+02, 2.931469116210938e+02, 2.931469116210938e+02, 2.931469116210938e+02, 2.9314697265625e+02, 2.931470642089844e+02, 2.931471862792969e+02, 2.931473388671875e+02, 2.931474914550781e+02, 2.93147705078125e+02, 2.931479187011719e+02, 2.931481628417969e+02, 2.931484375e+02, 2.931487121582031e+02, 2.931489868164062e+02, 2.931492614746094e+02, 2.931495361328125e+02, 2.831499938964844e+02, 2.831499938964844e+02, 2.962585144042969e+02, 2.891494140625e+02, 2.891489562988281e+02, 2.891491394042969e+02, 2.891492919921875e+02, 2.891494140625e+02, 2.891494750976562e+02, 2.891495361328125e+02, 2.891495666503906e+02]
coo.Q_flow=[-0e+00, -1.129679977893829e-01, -1.129679977893829e-01, -6.791188049316406e+01, -8.092327117919922e+01, -9.774568176269531e+01, -1.177575836181641e+02, -1.406439208984375e+02, -1.660405731201172e+02, -1.935530853271484e+02, -2.227458801269531e+02, -2.531548461914062e+02, -2.843024291992188e+02, -3.156982421875e+02, -3.468460083007813e+02, -1.129679977893829e-01, -1.129679977893829e-01, -1.129679977893829e-01, -1.129679977893829e-01, -1.129679977893829e-01, -1.129679977893829e-01, -3.190015258789062e+02, -3.324440307617188e+02, -3.421423034667969e+02, -3.480284118652344e+02, -3.49999755859375e+02, -3.480298156738281e+02, -3.421578674316406e+02, -3.324618530273437e+02, -3.19077880859375e+02, -3.02259521484375e+02, -2.822452392578125e+02, -2.593638000488281e+02, -2.339661865234375e+02, -2.064577331542968e+02, -1.772765350341798e+02, -1.468378601074219e+02, -1.156976470947266e+02, -8.431159973144531e+01, -5.315410232543945e+01, -9.998870239257812e+02, -9.998870239257812e+02, -1.129679977893829e-01, -1.455795135498047e+02, -1.177578811645508e+02, -9.774564361572266e+01, -8.092330169677734e+01, -6.755548858642578e+01, -5.78541145324707e+01, -5.197024536132812e+01, -4.999811172485352e+01, -5.196900939941406e+01, -5.785150909423828e+01, -6.754282379150391e+01, -8.091548919677734e+01, -9.773613739013688e+01, -1.177556228637697e+02, -1.406453552246092e+02, -1.660432739257812e+02, -1.93559326171875e+02, -2.227461090087891e+02, -2.531598510742188e+02, -2.8430322265625e+02, -3.157034912109375e+02, -3.468467102050781e+02, -1.129679977893829e-01, -1.129679977893829e-01, -1.129679977893829e-01, -1.129679977893829e-01, -1.129679977893829e-01, -1.129679977893829e-01, -3.190805969238281e+02, -3.324441223144531e+02, -3.421419982910156e+02, -3.4800341796875e+02, -3.499998168945312e+02, -3.480316162109375e+02, -3.42177490234375e+02, -3.325424499511719e+02, -3.191349182128906e+02, -3.022656555175781e+02, -2.822351989746094e+02, -2.593632202148438e+02, -2.339707183837891e+02, -2.06483154296875e+02, -1.772493896484375e+02, -1.468455505371094e+02, -1.156997909545898e+02, -8.430290222167969e+01, -5.315432739257812e+01, -9.998870239257812e+02, -9.998870239257812e+02, -1.129679977893829e-01, -1.458340759277344e+02, -1.177578659057617e+02, -9.77457275390625e+01, -8.09229736328125e+01, -6.755580139160156e+01, -5.785376358032227e+01, -5.196660614013672e+01, -4.999460983276367e+01]
