last-generated=2017-03-31
statistics-initialization=
{
  "numerical Jacobians": "0", 
  "nonlinear": "1, 1"
}
statistics-simulation=
{
  "numerical Jacobians": "0", 
  "nonlinear": " ", 
  "number of continuous time states": "6", 
  "linear": " "
}
con2.u_m=[2.931499938964844e+02, 3.031390075683594e+02, 3.031287231445312e+02, 3.031324157714844e+02, 3.031382141113281e+02, 3.0314208984375e+02, 3.031447143554688e+02, 3.031464538574219e+02, 3.031476135253906e+02, 3.031484069824219e+02, 3.0314892578125e+02, 3.007578430175781e+02, 2.986669311523438e+02, 2.975892944335938e+02, 2.973487548828125e+02, 2.975530700683594e+02, 2.978672790527344e+02, 2.981076354980469e+02, 2.982252197265625e+02, 2.982461547851562e+02, 2.9821826171875e+02, 2.981804504394531e+02, 2.9815283203125e+02, 2.981401672363281e+02, 2.981384887695312e+02, 2.981422119140625e+02, 2.981467590332031e+02, 2.9814990234375e+02, 2.981512451171875e+02, 2.981513977050781e+02, 2.981509094238281e+02, 2.981503601074219e+02, 2.981499938964844e+02, 2.981498413085938e+02, 2.981498107910156e+02, 2.981498718261719e+02, 2.981499328613281e+02, 2.981499938964844e+02, 2.981500244140625e+02, 2.981500244140625e+02, 2.981500244140625e+02, 2.981500244140625e+02, 2.981500244140625e+02, 2.981499938964844e+02, 2.981499938964844e+02, 2.981499938964844e+02, 2.981499938964844e+02, 2.981499938964844e+02, 2.981499938964844e+02, 2.981499938964844e+02, 2.981499938964844e+02, 2.981499938964844e+02, 2.981499938964844e+02, 2.981499938964844e+02, 2.981499938964844e+02, 2.981499938964844e+02, 2.981499938964844e+02, 2.981499938964844e+02, 2.981499938964844e+02, 2.981499938964844e+02, 2.981499938964844e+02, 2.981499938964844e+02, 2.981499938964844e+02, 2.981499938964844e+02, 2.981499938964844e+02, 2.981499938964844e+02, 2.981499938964844e+02, 2.981499938964844e+02, 2.981499938964844e+02, 2.981499938964844e+02, 2.981499938964844e+02, 2.981499938964844e+02, 2.981499938964844e+02, 2.981499938964844e+02, 2.981499938964844e+02, 2.981499938964844e+02, 2.981499938964844e+02, 2.981499938964844e+02, 2.981499938964844e+02, 2.981499938964844e+02, 2.981499938964844e+02, 2.981499938964844e+02, 2.981499938964844e+02, 2.981499938964844e+02, 2.981499938964844e+02, 2.981499938964844e+02, 2.981499938964844e+02, 2.981499938964844e+02, 2.981499938964844e+02, 2.981499938964844e+02, 2.981499938964844e+02, 2.981499938964844e+02, 2.981499938964844e+02, 2.981499938964844e+02, 2.981499938964844e+02, 2.981499938964844e+02, 2.981499938964844e+02, 2.981499938964844e+02, 2.981499938964844e+02, 2.981499938964844e+02, 2.981499938964844e+02]
con1.u_m=[2.931499938964844e+02, 3.031156311035156e+02, 3.031387329101562e+02, 3.031463012695312e+02, 3.031488037109375e+02, 3.031495971679688e+02, 3.031498718261719e+02, 3.031499633789062e+02, 3.031499938964844e+02, 3.031499938964844e+02, 3.031499938964844e+02, 2.982700500488281e+02, 2.981893920898438e+02, 2.981629028320312e+02, 2.981542358398438e+02, 2.981513977050781e+02, 2.981504516601562e+02, 2.98150146484375e+02, 2.981500549316406e+02, 2.981500244140625e+02, 2.981499938964844e+02, 2.981499938964844e+02, 2.981499938964844e+02, 2.981499938964844e+02, 2.981499938964844e+02, 2.981499938964844e+02, 2.981499938964844e+02, 2.981499938964844e+02, 2.981499938964844e+02, 2.981499938964844e+02, 2.981499938964844e+02, 2.981499938964844e+02, 2.981499938964844e+02, 2.981499938964844e+02, 2.981499938964844e+02, 2.981499938964844e+02, 2.981499938964844e+02, 2.981499938964844e+02, 2.981499938964844e+02, 2.981499938964844e+02, 2.981499938964844e+02, 2.981499938964844e+02, 2.981499938964844e+02, 2.981499938964844e+02, 2.981499938964844e+02, 2.981499938964844e+02, 2.981499938964844e+02, 2.981499938964844e+02, 2.981499938964844e+02, 2.981499938964844e+02, 2.981499938964844e+02, 2.981499938964844e+02, 2.981499938964844e+02, 2.981499938964844e+02, 2.981499938964844e+02, 2.981499938964844e+02, 2.981499938964844e+02, 2.981499938964844e+02, 2.981499938964844e+02, 2.981499938964844e+02, 2.981499938964844e+02, 2.981499938964844e+02, 2.981499938964844e+02, 2.981499938964844e+02, 2.981499938964844e+02, 2.981499938964844e+02, 2.981499938964844e+02, 2.981499938964844e+02, 2.981499938964844e+02, 2.981499938964844e+02, 2.981499938964844e+02, 2.981499938964844e+02, 2.981499938964844e+02, 2.981499938964844e+02, 2.981499938964844e+02, 2.981499938964844e+02, 2.981499938964844e+02, 2.981499938964844e+02, 2.981499938964844e+02, 2.981499938964844e+02, 2.981499938964844e+02, 2.981499938964844e+02, 2.981499938964844e+02, 2.981499938964844e+02, 2.981499938964844e+02, 2.981499938964844e+02, 2.981499938964844e+02, 2.981499938964844e+02, 2.981499938964844e+02, 2.981499938964844e+02, 2.981499938964844e+02, 2.981499938964844e+02, 2.981499938964844e+02, 2.981499938964844e+02, 2.981499938964844e+02, 2.981499938964844e+02, 2.981499938964844e+02, 2.981499938964844e+02, 2.981499938964844e+02, 2.981499938964844e+02, 2.981499938964844e+02]
con1.u_s=[3.031499938964844e+02, 3.031499938964844e+02, 3.031499938964844e+02, 3.031499938964844e+02, 3.031499938964844e+02, 3.031499938964844e+02, 3.031499938964844e+02, 3.031499938964844e+02, 3.031499938964844e+02, 3.031499938964844e+02, 3.031499938964844e+02, 2.981499938964844e+02, 2.981499938964844e+02, 2.981499938964844e+02, 2.981499938964844e+02, 2.981499938964844e+02, 2.981499938964844e+02, 2.981499938964844e+02, 2.981499938964844e+02, 2.981499938964844e+02, 2.981499938964844e+02, 2.981499938964844e+02, 2.981499938964844e+02, 2.981499938964844e+02, 2.981499938964844e+02, 2.981499938964844e+02, 2.981499938964844e+02, 2.981499938964844e+02, 2.981499938964844e+02, 2.981499938964844e+02, 2.981499938964844e+02, 2.981499938964844e+02, 2.981499938964844e+02, 2.981499938964844e+02, 2.981499938964844e+02, 2.981499938964844e+02, 2.981499938964844e+02, 2.981499938964844e+02, 2.981499938964844e+02, 2.981499938964844e+02, 2.981499938964844e+02, 2.981499938964844e+02, 2.981499938964844e+02, 2.981499938964844e+02, 2.981499938964844e+02, 2.981499938964844e+02, 2.981499938964844e+02, 2.981499938964844e+02, 2.981499938964844e+02, 2.981499938964844e+02, 2.981499938964844e+02, 2.981499938964844e+02, 2.981499938964844e+02, 2.981499938964844e+02, 2.981499938964844e+02, 2.981499938964844e+02, 2.981499938964844e+02, 2.981499938964844e+02, 2.981499938964844e+02, 2.981499938964844e+02, 2.981499938964844e+02, 2.981499938964844e+02, 2.981499938964844e+02, 2.981499938964844e+02, 2.981499938964844e+02, 2.981499938964844e+02, 2.981499938964844e+02, 2.981499938964844e+02, 2.981499938964844e+02, 2.981499938964844e+02, 2.981499938964844e+02, 2.981499938964844e+02, 2.981499938964844e+02, 2.981499938964844e+02, 2.981499938964844e+02, 2.981499938964844e+02, 2.981499938964844e+02, 2.981499938964844e+02, 2.981499938964844e+02, 2.981499938964844e+02, 2.981499938964844e+02, 2.981499938964844e+02, 2.981499938964844e+02, 2.981499938964844e+02, 2.981499938964844e+02, 2.981499938964844e+02, 2.981499938964844e+02, 2.981499938964844e+02, 2.981499938964844e+02, 2.981499938964844e+02, 2.981499938964844e+02, 2.981499938964844e+02, 2.981499938964844e+02, 2.981499938964844e+02, 2.981499938964844e+02, 2.981499938964844e+02, 2.981499938964844e+02, 2.981499938964844e+02, 2.981499938964844e+02, 2.981499938964844e+02, 2.981499938964844e+02]
time=[0e+00, 1.2e+03]
con2.y=[0e+00, 5.000311881303787e-03, 1.8406294984743e-03, 0e+00, 0e+00, 0e+00, 0e+00, 0e+00, 0e+00, 0e+00, 0e+00, 7.283348441123962e-01, 6.973827481269836e-01, 5.770283937454224e-01, 4.648090600967405e-01, 3.988260924816132e-01, 3.775607645511627e-01, 3.832683861255646e-01, 3.981714248657227e-01, 4.112870693206787e-01, 4.186171293258667e-01, 4.207192659378052e-01, 4.197986125946045e-01, 4.179958701133728e-01, 4.164608418941498e-01, 4.156475365161896e-01, 4.154461026191711e-01, 4.155893325805664e-01, 4.157896637916565e-01, 4.159737229347229e-01, 4.160716831684113e-01, 4.160873889923096e-01, 4.160765707492828e-01, 4.160515964031219e-01, 4.160248637199402e-01, 4.160087704658508e-01, 4.160102307796478e-01, 4.160123467445374e-01, 4.160144627094269e-01, 4.160164594650269e-01, 4.160182774066925e-01, 4.160197973251343e-01, 4.160209000110626e-01, 4.160214960575104e-01, 4.16021466255188e-01, 4.160207211971283e-01, 4.160197675228119e-01, 4.16019469499588e-01, 4.160192310810089e-01, 4.160190522670746e-01, 4.16018933057785e-01, 4.160188734531403e-01, 4.160188734531403e-01, 4.160188734531403e-01, 4.16018933057785e-01, 4.160189926624298e-01, 4.16019082069397e-01, 4.160192012786865e-01, 4.160192906856537e-01, 4.160194098949432e-01, 4.160194993019104e-01, 4.160195887088776e-01, 4.160196185112e-01, 4.160196483135223e-01, 4.160196483135223e-01, 4.160195887088776e-01, 4.160194993019104e-01, 4.160194098949432e-01, 4.160193800926208e-01, 4.160193800926208e-01, 4.160193502902985e-01, 4.160193502902985e-01, 4.160193502902985e-01, 4.160193502902985e-01, 4.160193502902985e-01, 4.160193502902985e-01, 4.160193502902985e-01, 4.160193502902985e-01, 4.160193502902985e-01, 4.160193502902985e-01, 4.160193502902985e-01, 4.160193502902985e-01, 4.160193502902985e-01, 4.160193502902985e-01, 4.160193502902985e-01, 4.160193800926208e-01, 4.160193800926208e-01, 4.160193800926208e-01, 4.160193800926208e-01, 4.160193800926208e-01, 4.160193800926208e-01, 4.160193800926208e-01, 4.160193800926208e-01, 4.160193800926208e-01, 4.160193800926208e-01, 4.160193800926208e-01, 4.160193800926208e-01, 4.160193800926208e-01, 4.160193800926208e-01, 4.160193800926208e-01, 4.160193800926208e-01]
con1.y=[0e+00, 2.589304698631167e-03, 8.496023365296423e-04, 2.782971423584968e-04, 9.120459435507655e-05, 2.996353032358456e-05, 7.184562946349615e-06, 3.299442141724281e-06, 1.080754941540363e-06, 3.716869798608968e-07, 0e+00, 4.069436490535736e-01, 4.130421578884125e-01, 4.150440990924835e-01, 4.156999886035919e-01, 4.159147143363953e-01, 4.159850180149078e-01, 4.160081148147583e-01, 4.160156846046448e-01, 4.16018158197403e-01, 4.160189926624298e-01, 4.160192310810089e-01, 4.160193204879761e-01, 4.160193502902985e-01, 4.160193800926208e-01, 4.160193800926208e-01, 4.160193800926208e-01, 4.160193800926208e-01, 4.160193800926208e-01, 4.160193800926208e-01, 4.160193800926208e-01, 4.160193800926208e-01, 4.160193800926208e-01, 4.160193800926208e-01, 4.160193800926208e-01, 4.160193800926208e-01, 4.160193800926208e-01, 4.160193800926208e-01, 4.160193800926208e-01, 4.160193800926208e-01, 4.160193800926208e-01, 4.160193800926208e-01, 4.160193800926208e-01, 4.160193800926208e-01, 4.160193800926208e-01, 4.160193800926208e-01, 4.160193800926208e-01, 4.160193800926208e-01, 4.160193800926208e-01, 4.160193800926208e-01, 4.160193800926208e-01, 4.160193800926208e-01, 4.160193800926208e-01, 4.160193800926208e-01, 4.160193800926208e-01, 4.160193800926208e-01, 4.160193800926208e-01, 4.160193800926208e-01, 4.160193800926208e-01, 4.160193800926208e-01, 4.160193800926208e-01, 4.160193800926208e-01, 4.160193800926208e-01, 4.160193800926208e-01, 4.160193800926208e-01, 4.160193800926208e-01, 4.160193800926208e-01, 4.160193800926208e-01, 4.160193800926208e-01, 4.160193800926208e-01, 4.160193800926208e-01, 4.160193800926208e-01, 4.160193800926208e-01, 4.160193800926208e-01, 4.160193800926208e-01, 4.160193800926208e-01, 4.160193800926208e-01, 4.160193800926208e-01, 4.160193800926208e-01, 4.160193800926208e-01, 4.160193800926208e-01, 4.160193800926208e-01, 4.160193800926208e-01, 4.160193800926208e-01, 4.160193800926208e-01, 4.160193800926208e-01, 4.160193800926208e-01, 4.160193800926208e-01, 4.160193800926208e-01, 4.160193800926208e-01, 4.160193800926208e-01, 4.160193800926208e-01, 4.160193800926208e-01, 4.160193800926208e-01, 4.160193800926208e-01, 4.160193800926208e-01, 4.160193800926208e-01, 4.160193800926208e-01, 4.160193800926208e-01, 4.160193800926208e-01, 4.160193800926208e-01]
