last-generated=2023-12-18
statistics-initialization=
{
  "nonlinear": "5",
  "numerical Jacobians": "0"
}
statistics-simulation=
{
  "linear": "0, 0, 0, 0, 0, 0",
  "nonlinear": "1",
  "number of continuous time states": "15",
  "numerical Jacobians": "0"
}
time=[0e+00, 8.64e+04]
vol.T_start=[2.931499938964844e+02, 2.931499938964844e+02]
vol.T=[2.931499938964844e+02, 2.913908386230469e+02, 2.887259826660156e+02, 2.891022033691406e+02, 2.910601501464844e+02, 2.927249145507812e+02, 2.937206115722656e+02, 2.94081298828125e+02, 2.93947265625e+02, 2.93584228515625e+02, 2.932385864257812e+02, 2.930452880859375e+02, 2.930159301757812e+02, 2.930845031738281e+02, 2.931556701660156e+02, 2.931810913085938e+02, 2.931719055175781e+02, 2.931648254394531e+02, 2.931870727539062e+02, 2.932271423339844e+02, 2.932545166015625e+02, 2.932420654296875e+02, 2.931936645507812e+02, 2.931473999023438e+02, 2.931223449707031e+02, 2.931197509765625e+02, 2.93130859375e+02, 2.931450805664062e+02, 2.931551208496094e+02, 2.931586608886719e+02, 2.931620788574219e+02, 2.931877136230469e+02, 2.93231201171875e+02, 2.932721557617188e+02, 2.941260070800781e+02, 2.901059875488281e+02, 2.926953735351562e+02, 2.936699523925781e+02, 2.902348022460938e+02, 2.940418090820312e+02, 2.9276171875e+02, 2.917568359375e+02, 2.945220947265625e+02, 2.912280578613281e+02, 2.944028625488281e+02, 2.929134826660156e+02, 2.928683776855469e+02, 2.941216125488281e+02, 2.919186096191406e+02, 2.947418823242188e+02, 2.92012939453125e+02, 2.978994140625e+02, 2.985494384765625e+02, 2.978917541503906e+02, 2.976548461914062e+02, 2.9775732421875e+02, 2.979635925292969e+02, 2.982006225585938e+02, 2.984155578613281e+02, 2.985613098144531e+02, 2.98654296875e+02, 2.911688537597656e+02, 2.923811340332031e+02, 2.943163452148438e+02, 2.922562866210938e+02, 2.923737487792969e+02, 2.943587341308594e+02, 2.921602783203125e+02, 2.928285827636719e+02, 2.941678466796875e+02, 2.917269897460938e+02, 2.935312194824219e+02, 2.936417846679688e+02, 2.917314147949219e+02, 2.942151489257812e+02, 2.928800354003906e+02, 2.89645263671875e+02, 2.927626953125e+02, 2.936961975097656e+02, 2.895198974609375e+02, 2.923517150878906e+02, 2.938767700195312e+02, 2.9003662109375e+02, 2.933796691894531e+02, 2.930715942382812e+02, 2.904490661621094e+02, 2.943261108398438e+02, 2.919146118164062e+02, 2.9105126953125e+02, 2.945506286621094e+02, 2.911392517089844e+02, 2.921203918457031e+02, 2.940879821777344e+02, 2.901791381835938e+02, 2.931925048828125e+02, 2.931683044433594e+02, 2.901343383789062e+02, 2.9397216796875e+02, 2.923491821289062e+02, 2.907055969238281e+02, 2.945234375e+02]
temSup.T=[3.231499938964844e+02, 3.108707275390625e+02, 3.100846862792969e+02, 3.135960083007812e+02, 3.171090393066406e+02, 3.189240417480469e+02, 3.197377624511719e+02, 3.195621032714844e+02, 3.1885693359375e+02, 3.180918884277344e+02, 3.175686340332031e+02, 3.17361572265625e+02, 3.173788757324219e+02, 3.174762878417969e+02, 3.175482482910156e+02, 3.175646057128906e+02, 3.175479431152344e+02, 3.175267333984375e+02, 3.1750537109375e+02, 3.174659729003906e+02, 3.17393310546875e+02, 3.172950439453125e+02, 3.172024841308594e+02, 3.171465454101562e+02, 3.171340942382812e+02, 3.171512756347656e+02, 3.17177978515625e+02, 3.171989440917969e+02, 3.172079467773438e+02, 3.172065124511719e+02, 3.171991882324219e+02, 3.171838073730469e+02, 3.171447448730469e+02, 3.170662536621094e+02, 3.087225646972656e+02, 3.062068786621091e+02, 3.154044494628906e+02, 3.06808837890625e+02, 3.083831787109375e+02, 3.166870727539062e+02, 3.038936157226562e+02, 3.125294799804688e+02, 3.080644226074219e+02, 3.067742309570312e+02, 3.119318237304688e+02, 3.029769592285156e+02, 3.134057006835938e+02, 3.052442626953125e+02, 3.09654541015625e+02, 3.0724609375e+02, 3.054677124023438e+02, 3.00287109375e+02, 2.990324096679688e+02, 2.956443786621094e+02, 2.959472351074219e+02, 2.9610595703125e+02, 2.962554016113281e+02, 2.964214172363281e+02, 2.965980224609375e+02, 2.9676318359375e+02, 2.968981018066406e+02, 3.00540283203125e+02, 3.070857543945312e+02, 3.058463134765625e+02, 2.996621398925781e+02, 3.072666931152344e+02, 3.054744873046875e+02, 2.994791259765625e+02, 3.082104797363282e+02, 3.040856323242188e+02, 3.028867187499997e+02, 3.09305419921875e+02, 3.024453430175781e+02, 3.05358154296875e+02, 3.085457763671875e+02, 3.010671081542969e+02, 3.087442016601562e+02, 3.144140319824219e+02, 3.0771240234375e+02, 3.060220031738281e+02, 3.154514465332031e+02, 3.078326416015625e+02, 3.072894592285156e+02, 3.162982482910156e+02, 3.052901611328125e+02, 3.106720275878906e+02, 3.135108947753906e+02, 3.033025207519531e+02, 3.128860473632812e+02, 3.112850036621094e+02, 3.018232116699219e+02, 3.145195617675781e+02, 3.08047119140625e+02, 3.069464416503906e+02, 3.161176452636719e+02, 3.057631225585938e+02, 3.100101013183594e+02, 3.171014099121094e+02, 3.041423950195312e+02, 3.120402526855469e+02, 3.124812927246094e+02]
temRet.T=[3.231499938964844e+02, 3.089936828613281e+02, 3.065104064941406e+02, 3.089589233398438e+02, 3.123778381347656e+02, 3.143915710449219e+02, 3.15430908203125e+02, 3.155153198242188e+02, 3.149879455566406e+02, 3.142893676757812e+02, 3.137475280761719e+02, 3.134888000488281e+02, 3.134649963378906e+02, 3.135503540039062e+02, 3.136309814453125e+02, 3.136589660644531e+02, 3.136476745605469e+02, 3.136284484863281e+02, 3.136156311035156e+02, 3.135958251953125e+02, 3.135489501953125e+02, 3.1347119140625e+02, 3.133843383789062e+02, 3.133226928710938e+02, 3.133004455566406e+02, 3.133096313476562e+02, 3.133326721191406e+02, 3.133539428710938e+02, 3.133653564453125e+02, 3.133664855957031e+02, 3.133618469238281e+02, 3.133558349609375e+02, 3.133376159667969e+02, 3.132896118164062e+02, 3.087368774414062e+02, 3.003667907714844e+02, 3.1067626953125e+02, 3.068237915039062e+02, 3.027154541015625e+02, 3.121705017089844e+02, 3.039064331054688e+02, 3.073711242675781e+02, 3.080957336425781e+02, 3.004984436035156e+02, 3.115990600585938e+02, 3.0299951171875e+02, 3.084185180664062e+02, 3.052828979492188e+02, 3.0429541015625e+02, 3.072908020019531e+02, 3.003416748046875e+02, 3.004298706054688e+02, 2.991801147460938e+02, 2.957709045410156e+02, 2.960623779296875e+02, 2.962232055664062e+02, 2.963764343261719e+02, 2.96546875e+02, 2.967275390625e+02, 2.968956298828125e+02, 2.97032470703125e+02, 2.974528198242188e+02, 3.041420593261719e+02, 3.059028625488281e+02, 2.996857604980469e+02, 3.040762939453125e+02, 3.0549462890625e+02, 2.995012512207031e+02, 3.050132751464844e+02, 3.041332702636719e+02, 2.9889404296875e+02, 3.062507019042969e+02, 3.0248876953125e+02, 3.016809997558594e+02, 3.074113159179688e+02, 3.010991821289062e+02, 3.041983337402344e+02, 3.10302978515625e+02, 3.077233276367188e+02, 2.996974182128906e+02, 3.106076049804688e+02, 3.07844482421875e+02, 3.012267456054688e+02, 3.116090087890625e+02, 3.053013000488281e+02, 3.052554931640625e+02, 3.129223327636719e+02, 3.032975769042969e+02, 3.077463989257812e+02, 3.112497863769531e+02, 3.018080444335938e+02, 3.095790100097656e+02, 3.080639038085938e+02, 3.006238708496094e+02, 3.113799133300781e+02, 3.057733764648438e+02, 3.045097351074219e+02, 3.125975952148438e+02, 3.041428833007812e+02, 3.067982177734375e+02, 3.126896362304688e+02]
heaPum.refCyc.sigBus.hea=[1e+00, 1e+00, 1e+00, 1e+00, 1e+00, 1e+00, 1e+00, 1e+00, 1e+00, 1e+00, 1e+00, 1e+00, 1e+00, 1e+00, 1e+00, 1e+00, 1e+00, 1e+00, 1e+00, 1e+00, 1e+00, 1e+00, 1e+00, 1e+00, 1e+00, 1e+00, 1e+00, 1e+00, 1e+00, 1e+00, 1e+00, 1e+00, 1e+00, 1e+00, 0e+00, 1e+00, 1e+00, 0e+00, 1e+00, 1e+00, 0e+00, 1e+00, 0e+00, 1e+00, 0e+00, 0e+00, 1e+00, 0e+00, 1e+00, 0e+00, 1e+00, 0e+00, 0e+00, 0e+00, 0e+00, 0e+00, 0e+00, 0e+00, 0e+00, 0e+00, 0e+00, 1e+00, 1e+00, 0e+00, 0e+00, 1e+00, 0e+00, 0e+00, 1e+00, 0e+00, 1e+00, 1e+00, 0e+00, 1e+00, 0e+00, 0e+00, 1e+00, 1e+00, 0e+00, 1e+00, 1e+00, 0e+00, 1e+00, 1e+00, 0e+00, 1e+00, 0e+00, 1e+00, 1e+00, 0e+00, 1e+00, 1e+00, 0e+00, 1e+00, 1e+00, 0e+00, 1e+00, 1e+00, 0e+00, 1e+00, 0e+00]
heaPum.refCyc.sigBus.onOffMea=[1e+00, 1e+00, 1e+00, 1e+00, 1e+00, 1e+00, 1e+00, 1e+00, 1e+00, 1e+00, 1e+00, 1e+00, 1e+00, 1e+00, 1e+00, 1e+00, 1e+00, 1e+00, 1e+00, 1e+00, 1e+00, 1e+00, 1e+00, 1e+00, 1e+00, 1e+00, 1e+00, 1e+00, 1e+00, 1e+00, 1e+00, 1e+00, 1e+00, 1e+00, 0e+00, 9.999999999999503e-01, 1e+00, 0e+00, 1e+00, 1e+00, 0e+00, 1e+00, 0e+00, 1e+00, 0e+00, 0e+00, 1e+00, 0e+00, 1e+00, 0e+00, 1e+00, 0e+00, 0e+00, 0e+00, 0e+00, 0e+00, 0e+00, 0e+00, 0e+00, 0e+00, 0e+00, 1e+00, 1e+00, 0e+00, 0e+00, 1e+00, 0e+00, 0e+00, 1e+00, 0e+00, 9.999999999999243e-01, 1e+00, 0e+00, 1e+00, 0e+00, 0e+00, 1e+00, 1e+00, 0e+00, 1e+00, 1e+00, 0e+00, 1e+00, 1e+00, 0e+00, 1e+00, 0e+00, 0e+00, 1e+00, 0e+00, 0e+00, 1e+00, 0e+00, 1e+00, 1e+00, 0e+00, 1e+00, 1e+00, 0e+00, 1e+00, 0e+00]
