last-generated=2017-03-31
statistics-simulation=
{
  "numerical Jacobians": "0", 
  "nonlinear": " ", 
  "linear": " "
}
cheDifRad.HOut=[9.999999747378752e-05, 9.999999747378752e-05, 9.999999747378752e-05, 9.999999747378752e-05, 9.999999747378752e-05, 9.999999747378752e-05, 9.999999747378752e-05, 9.999999747378752e-05, 9.999999747378752e-05, 9.999999747378752e-05, 9.999999747378752e-05, 9.999999747378752e-05, 9.999999747378752e-05, 9.999999747378752e-05, 9.999999747378752e-05, 9.999999747378752e-05, 9.999999747378752e-05, 9.999999747378752e-05, 9.999999747378752e-05, 9.999999747378752e-05, 9.999999747378752e-05, 9.999999747378752e-05, 9.999999747378752e-05, 9.999999747378752e-05, 9.999999747378752e-05, 9.999999747378752e-05, 9.999999747378752e-05, 9.999999747378752e-05, 9.999999747378752e-05, 9.999999747378752e-05, 9.999999747378752e-05, 9.999999747378752e-05, 9.999999747378752e-05, 9.999999747378752e-05, 9.999999747378752e-05, 9.999999747378752e-05, 9.999999747378752e-05, 9.999999747378752e-05, 9.999999747378752e-05, 9.999999747378752e-05, 9.999999747378752e-05, 9.999999747378752e-05, 9.999999747378752e-05, 9.999999747378752e-05, 9.999999747378752e-05, 9.999999747378752e-05, 9.999999747378752e-05, 9.999999747378752e-05, 9.999999747378752e-05, 9.999999747378752e-05, 9.999999747378752e-05, 9.999999747378752e-05, 9.999999747378752e-05, 9.999999747378752e-05, 9.999999747378752e-05, 9.999999747378752e-05, 9.999999747378752e-05, 9.999999747378752e-05, 9.999999747378752e-05, 9.999999747378752e-05, 9.999999747378752e-05, 9.999999747378752e-05, 9.999999747378752e-05, 9.999999747378752e-05, 9.999999747378752e-05, 9.999999747378752e-05, 9.999999747378752e-05, 9.999999747378752e-05, 9.999999747378752e-05, 9.999999747378752e-05, 9.999999747378752e-05, 9.999999747378752e-05, 9.999999747378752e-05, 9.999999747378752e-05, 9.999999747378752e-05, 9.999999747378752e-05, 9.999999747378752e-05, 9.999999747378752e-05, 9.999999747378752e-05, 9.999999747378752e-05, 9.999999747378752e-05, 9.999999747378752e-05, 9.999999747378752e-05, 9.999999747378752e-05, 9.999999747378752e-05, 9.999999747378752e-05, 9.999999747378752e-05, 9.999999747378752e-05, 9.999999747378752e-05, 9.999999747378752e-05, 9.999999747378752e-05, 9.999999747378752e-05, 9.999999747378752e-05, 9.999999747378752e-05, 9.999999747378752e-05, 9.999999747378752e-05, 9.999999747378752e-05, 9.999999747378752e-05, 9.999999747378752e-05, 9.999999747378752e-05, 9.999999747378752e-05]
cheGloRad.HOut=[9.999999747378752e-05, 9.999999747378752e-05, 9.999999747378752e-05, 9.999999747378752e-05, 9.999999747378752e-05, 9.999999747378752e-05, 9.999999747378752e-05, 9.999999747378752e-05, 9.999999747378752e-05, 9.999999747378752e-05, 9.999999747378752e-05, 9.999999747378752e-05, 9.999999747378752e-05, 9.999999747378752e-05, 9.999999747378752e-05, 9.999999747378752e-05, 9.999999747378752e-05, 9.999999747378752e-05, 9.999999747378752e-05, 9.999999747378752e-05, 9.999999747378752e-05, 9.999999747378752e-05, 9.999999747378752e-05, 9.999999747378752e-05, 9.999999747378752e-05, 9.999999747378752e-05, 9.999999747378752e-05, 9.999999747378752e-05, 9.999999747378752e-05, 9.999999747378752e-05, 9.999999747378752e-05, 9.999999747378752e-05, 9.999999747378752e-05, 9.999999747378752e-05, 9.999999747378752e-05, 9.999999747378752e-05, 9.999999747378752e-05, 9.999999747378752e-05, 9.999999747378752e-05, 9.999999747378752e-05, 9.999999747378752e-05, 9.999999747378752e-05, 9.999999747378752e-05, 9.999999747378752e-05, 9.999999747378752e-05, 9.999999747378752e-05, 9.999999747378752e-05, 9.999999747378752e-05, 9.999999747378752e-05, 9.999999747378752e-05, 9.999999747378752e-05, 9.999999747378752e-05, 9.999999747378752e-05, 9.999999747378752e-05, 9.999999747378752e-05, 9.999999747378752e-05, 9.999999747378752e-05, 9.999999747378752e-05, 9.999999747378752e-05, 9.999999747378752e-05, 9.999999747378752e-05, 9.999999747378752e-05, 9.999999747378752e-05, 9.999999747378752e-05, 9.999999747378752e-05, 9.999999747378752e-05, 9.999999747378752e-05, 9.999999747378752e-05, 9.999999747378752e-05, 9.999999747378752e-05, 9.999999747378752e-05, 9.999999747378752e-05, 9.999999747378752e-05, 9.999999747378752e-05, 9.999999747378752e-05, 9.999999747378752e-05, 9.999999747378752e-05, 9.999999747378752e-05, 9.999999747378752e-05, 9.999999747378752e-05, 9.999999747378752e-05, 9.999999747378752e-05, 9.999999747378752e-05, 9.999999747378752e-05, 9.999999747378752e-05, 9.999999747378752e-05, 9.999999747378752e-05, 9.999999747378752e-05, 9.999999747378752e-05, 9.999999747378752e-05, 9.999999747378752e-05, 9.999999747378752e-05, 9.999999747378752e-05, 9.999999747378752e-05, 9.999999747378752e-05, 9.999999747378752e-05, 9.999999747378752e-05, 9.999999747378752e-05, 9.999999747378752e-05, 9.999999747378752e-05, 9.999999747378752e-05]
time=[0e+00, 8.64e+06]
