last-generated=2024-02-02
statistics-initialization=
{
  "nonlinear": "5",
  "numerical Jacobians": "0"
}
statistics-simulation=
{
  "linear": "0, 0, 0, 0, 0, 0",
  "nonlinear": "1",
  "number of continuous time states": "15",
  "numerical Jacobians": "0"
}
time=[0e+00, 8.64e+04]
vol.T_start=[2.931499938964844e+02, 2.931499938964844e+02]
vol.T=[2.931499938964844e+02, 2.9367138671875e+02, 2.89834716796875e+02, 2.868168334960938e+02, 2.852491760253906e+02, 2.8498193359375e+02, 2.8568212890625e+02, 2.869941711425781e+02, 2.8859619140625e+02, 2.902298889160156e+02, 2.917154846191406e+02, 2.929427185058594e+02, 2.93869384765625e+02, 2.944880981445312e+02, 2.947967529296875e+02, 2.948336791992188e+02, 2.946744384765625e+02, 2.944084777832031e+02, 2.941169738769531e+02, 2.938448181152344e+02, 2.936098022460938e+02, 2.934071044921875e+02, 2.932314453125e+02, 2.930977478027344e+02, 2.930085144042969e+02, 2.929598999023438e+02, 2.929450378417969e+02, 2.929555053710938e+02, 2.929828186035156e+02, 2.930192565917969e+02, 2.930634460449219e+02, 2.931323547363281e+02, 2.932255249023438e+02, 2.933296813964844e+02, 2.953470764160156e+02, 2.919136657714844e+02, 2.891723937988281e+02, 2.886530151367188e+02, 2.889422607421875e+02, 2.897252807617188e+02, 2.907855834960938e+02, 2.919208068847656e+02, 2.929605102539062e+02, 2.938069458007812e+02, 2.944335327148438e+02, 2.948388671875e+02, 2.950438232421875e+02, 2.950838317871094e+02, 2.950009460449219e+02, 2.948378601074219e+02, 2.946334533691406e+02, 2.990562133789062e+02, 2.974319763183594e+02, 2.958119201660156e+02, 2.955121459960938e+02, 2.957172241210938e+02, 2.959505920410156e+02, 2.966820373535156e+02, 2.962057189941406e+02, 2.963165588378906e+02, 2.962555847167969e+02, 2.8910302734375e+02, 2.884837646484375e+02, 2.905777587890625e+02, 2.926364440917969e+02, 2.942109375e+02, 2.952017822265625e+02, 2.931549682617188e+02, 2.906862182617188e+02, 2.908188781738281e+02, 2.917088317871094e+02, 2.925710754394531e+02, 2.932515869140625e+02, 2.93696044921875e+02, 2.939158935546875e+02, 2.939569091796875e+02, 2.911880798339844e+02, 2.902784423828125e+02, 2.899860534667969e+02, 2.900938415527344e+02, 2.904920959472656e+02, 2.9113818359375e+02, 2.919163818359375e+02, 2.926736450195312e+02, 2.932627563476562e+02, 2.936199645996094e+02, 2.937676391601562e+02, 2.937691650390625e+02, 2.937100524902344e+02, 2.936570434570312e+02, 2.936230773925781e+02, 2.935891418457031e+02, 2.935182800292969e+02, 2.933925170898438e+02, 2.932333679199219e+02, 2.930694885253906e+02, 2.929326171875e+02, 2.92853515625e+02, 2.928406372070312e+02, 2.928747863769531e+02, 2.929233703613281e+02]
temSup.T=[3.231499938964844e+02, 3.138942260742188e+02, 3.079668579101562e+02, 3.04834228515625e+02, 3.04070068359375e+02, 3.05045166015625e+02, 3.0713525390625e+02, 3.097712097167969e+02, 3.124954223632812e+02, 3.149830627441406e+02, 3.170373229980469e+02, 3.185752563476562e+02, 3.196112670898438e+02, 3.201626586914062e+02, 3.202906494140625e+02, 3.200836791992188e+02, 3.196507568359375e+02, 3.191036071777344e+02, 3.185396118164062e+02, 3.180275268554688e+02, 3.17609375e+02, 3.172861633300781e+02, 3.170468444824219e+02, 3.168848266601562e+02, 3.1679345703125e+02, 3.167612915039062e+02, 3.167743225097656e+02, 3.168179321289062e+02, 3.16878662109375e+02, 3.169452819824219e+02, 3.170094909667969e+02, 3.170698852539062e+02, 3.171255187988281e+02, 3.171685485839844e+02, 3.115139465332031e+02, 3.026515197753907e+02, 3.027849731445312e+02, 3.030668334960938e+02, 3.040726623535156e+02, 3.055233764648438e+02, 3.071197814941406e+02, 3.086167297363281e+02, 3.098403930664062e+02, 3.106941223144531e+02, 3.11158935546875e+02, 3.11266357421875e+02, 3.110755310058594e+02, 3.106587524414062e+02, 3.100906677246094e+02, 3.094403381347656e+02, 3.087659912109375e+02, 2.975258483886719e+02, 2.91808349609375e+02, 2.923558654785156e+02, 2.9233349609375e+02, 2.9146044921875e+02, 2.9316162109375e+02, 2.925142211914066e+02, 2.902173461914062e+02, 2.90717529296875e+02, 2.931193542480469e+02, 2.926181945800781e+02, 2.99578125e+02, 3.036856384277344e+02, 3.066311950683594e+02, 3.085636291503906e+02, 3.061575927734375e+02, 3.007419128417969e+02, 2.997983703613281e+02, 3.021035766601562e+02, 3.037615661621094e+02, 3.050536804199219e+02, 3.05974365234375e+02, 3.065284729003906e+02, 3.067601318359375e+02, 3.067434692382812e+02, 3.061934204101562e+02, 3.057825927734375e+02, 3.060005187988281e+02, 3.067008666992188e+02, 3.076853637695312e+02, 3.087899169921875e+02, 3.098786010742188e+02, 3.108261413574219e+02, 3.115354614257812e+02, 3.119609985351562e+02, 3.121244201660156e+02, 3.120909118652344e+02, 3.119415283203125e+02, 3.11749267578125e+02, 3.115566101074219e+02, 3.11375244140625e+02, 3.11199951171875e+02, 3.1102392578125e+02, 3.108563232421875e+02, 3.107164916992188e+02, 3.106236572265625e+02, 3.105910339355469e+02, 3.1062060546875e+02, 3.106980895996094e+02, 3.107993469238281e+02]
temRet.T=[3.231499938964844e+02, 3.109295043945312e+02, 3.050082702636719e+02, 3.011723022460938e+02, 2.996023864746094e+02, 2.998007202148438e+02, 3.012275390625e+02, 3.033569946289062e+02, 3.0574169921875e+02, 3.080441284179688e+02, 3.100421142578125e+02, 3.116160888671875e+02, 3.127468566894531e+02, 3.134405822753906e+02, 3.137296447753906e+02, 3.136785583496094e+02, 3.133809204101562e+02, 3.129417724609375e+02, 3.12458984375e+02, 3.120027770996094e+02, 3.116160583496094e+02, 3.113073425292969e+02, 3.110674438476562e+02, 3.108945922851562e+02, 3.107863464355469e+02, 3.107347717285156e+02, 3.107285766601562e+02, 3.107550659179688e+02, 3.108019409179688e+02, 3.108584289550781e+02, 3.109167785644531e+02, 3.109789123535156e+02, 3.11046142578125e+02, 3.111109313964844e+02, 3.113492126464843e+02, 3.023979187011719e+02, 2.998112182617188e+02, 2.996393737792969e+02, 3.00260498046875e+02, 3.0142333984375e+02, 3.028450927734375e+02, 3.042776184082031e+02, 3.055294494628906e+02, 3.064808959960938e+02, 3.070918579101562e+02, 3.073737487792969e+02, 3.073683471679688e+02, 3.07134521484375e+02, 3.067373352050781e+02, 3.062402038574219e+02, 3.056989135742188e+02, 3.002161254882812e+02, 2.941618347167969e+02, 2.924060363769531e+02, 2.9239111328125e+02, 2.922236328125e+02, 2.932084655761719e+02, 2.944121398925781e+02, 2.924810791015625e+02, 2.930881042480469e+02, 2.931740112304688e+02, 2.925550231933594e+02, 2.958170471191406e+02, 2.997426452636719e+02, 3.027206726074219e+02, 3.048146057128906e+02, 3.060297241210938e+02, 3.005765380859375e+02, 2.970332946777344e+02, 2.991270446777344e+02, 3.006763000488281e+02, 3.019456787109375e+02, 3.029014282226562e+02, 3.035228271484375e+02, 3.038334350585938e+02, 3.038927612304688e+02, 3.029754943847656e+02, 3.022507934570312e+02, 3.021589660644531e+02, 3.025770568847656e+02, 3.033292236328125e+02, 3.042740783691406e+02, 3.052828674316406e+02, 3.062202758789062e+02, 3.069660034179688e+02, 3.074496459960938e+02, 3.076751098632812e+02, 3.07697509765625e+02, 3.07596435546875e+02, 3.07448974609375e+02, 3.072994995117188e+02, 3.071584167480469e+02, 3.070150451660156e+02, 3.06856201171875e+02, 3.066891174316406e+02, 3.065342712402344e+02, 3.064148559570312e+02, 3.063510131835938e+02, 3.063513793945312e+02, 3.06405029296875e+02, 3.064874877929688e+02]
heaPum.refCyc.sigBus.hea=[1e+00, 1e+00, 1e+00, 1e+00, 1e+00, 1e+00, 1e+00, 1e+00, 1e+00, 1e+00, 1e+00, 1e+00, 1e+00, 1e+00, 1e+00, 1e+00, 1e+00, 1e+00, 1e+00, 1e+00, 1e+00, 1e+00, 1e+00, 1e+00, 1e+00, 1e+00, 1e+00, 1e+00, 1e+00, 1e+00, 1e+00, 1e+00, 1e+00, 1e+00, 0e+00, 0e+00, 1e+00, 1e+00, 1e+00, 1e+00, 1e+00, 1e+00, 1e+00, 1e+00, 1e+00, 1e+00, 1e+00, 1e+00, 1e+00, 1e+00, 1e+00, 0e+00, 0e+00, 0e+00, 0e+00, 0e+00, 0e+00, 0e+00, 0e+00, 0e+00, 0e+00, 1e+00, 1e+00, 1e+00, 1e+00, 1e+00, 0e+00, 0e+00, 1e+00, 1e+00, 1e+00, 1e+00, 1e+00, 1e+00, 1e+00, 1e+00, 1e+00, 1e+00, 1e+00, 1e+00, 1e+00, 1e+00, 1e+00, 1e+00, 1e+00, 1e+00, 1e+00, 1e+00, 1e+00, 1e+00, 1e+00, 1e+00, 1e+00, 1e+00, 1e+00, 1e+00, 1e+00, 1e+00, 1e+00, 1e+00, 1e+00]
heaPum.refCyc.sigBus.onOffMea=[1e+00, 1e+00, 1e+00, 1e+00, 1e+00, 1e+00, 1e+00, 1e+00, 1e+00, 1e+00, 1e+00, 1e+00, 1e+00, 1e+00, 1e+00, 1e+00, 1e+00, 1e+00, 1e+00, 1e+00, 1e+00, 1e+00, 1e+00, 1e+00, 1e+00, 1e+00, 1e+00, 1e+00, 1e+00, 1e+00, 1e+00, 1e+00, 1e+00, 1e+00, 0e+00, 0e+00, 1e+00, 1e+00, 1e+00, 1e+00, 1e+00, 1e+00, 1e+00, 1e+00, 1e+00, 1e+00, 1e+00, 1e+00, 1e+00, 1e+00, 1e+00, 1e+00, 1e+00, 0e+00, 0e+00, 0e+00, 0e+00, 9.999999999998038e-01, 1e+00, 1e+00, 0e+00, 0e+00, 1e+00, 1e+00, 1e+00, 1e+00, 0e+00, 0e+00, 1e+00, 1e+00, 1e+00, 1e+00, 1e+00, 1e+00, 1e+00, 1e+00, 1e+00, 1e+00, 1e+00, 1e+00, 1e+00, 1e+00, 1e+00, 1e+00, 1e+00, 1e+00, 1e+00, 1e+00, 1e+00, 1e+00, 1e+00, 1e+00, 1e+00, 1e+00, 1e+00, 1e+00, 1e+00, 1e+00, 1e+00, 1e+00, 1e+00]
