last-generated=2023-02-27
statistics-simulation=
{
  "linear": "0, 0",
  "nonlinear": " ",
  "number of continuous time states": "9",
  "numerical Jacobians": "0"
}
time=[0e+00, 1.728e+05]
TSet.y=[2.891499938964844e+02, 2.891499938964844e+02, 2.891499938964844e+02, 2.891499938964844e+02, 2.891499938964844e+02, 2.891499938964844e+02, 2.891499938964844e+02, 2.891499938964844e+02, 2.891499938964844e+02, 2.891499938964844e+02, 2.891499938964844e+02, 2.891499938964844e+02, 2.891499938964844e+02, 2.891499938964844e+02, 2.891499938964844e+02, 2.931499938964844e+02, 2.931499938964844e+02, 2.931499938964844e+02, 2.931499938964844e+02, 2.931499938964844e+02, 2.931499938964844e+02, 2.931499938964844e+02, 2.931499938964844e+02, 2.931499938964844e+02, 2.931499938964844e+02, 2.931499938964844e+02, 2.931499938964844e+02, 2.931499938964844e+02, 2.931499938964844e+02, 2.931499938964844e+02, 2.931499938964844e+02, 2.931499938964844e+02, 2.931499938964844e+02, 2.931499938964844e+02, 2.931499938964844e+02, 2.931499938964844e+02, 2.931499938964844e+02, 2.931499938964844e+02, 2.931499938964844e+02, 2.931499938964844e+02, 2.891499938964844e+02, 2.891499938964844e+02, 2.891499938964844e+02, 2.891499938964844e+02, 2.891499938964844e+02, 2.891499938964844e+02, 2.891499938964844e+02, 2.891499938964844e+02, 2.891499938964844e+02, 2.891499938964844e+02, 2.891499938964844e+02, 2.891499938964844e+02, 2.891499938964844e+02, 2.891499938964844e+02, 2.891499938964844e+02, 2.891499938964844e+02, 2.891499938964844e+02, 2.891499938964844e+02, 2.891499938964844e+02, 2.891499938964844e+02, 2.891499938964844e+02, 2.891499938964844e+02, 2.891499938964844e+02, 2.891499938964844e+02, 2.891499938964844e+02, 2.931499938964844e+02, 2.931499938964844e+02, 2.931499938964844e+02, 2.931499938964844e+02, 2.931499938964844e+02, 2.931499938964844e+02, 2.931499938964844e+02, 2.931499938964844e+02, 2.931499938964844e+02, 2.931499938964844e+02, 2.931499938964844e+02, 2.931499938964844e+02, 2.931499938964844e+02, 2.931499938964844e+02, 2.931499938964844e+02, 2.931499938964844e+02, 2.931499938964844e+02, 2.931499938964844e+02, 2.931499938964844e+02, 2.931499938964844e+02, 2.931499938964844e+02, 2.931499938964844e+02, 2.931499938964844e+02, 2.931499938964844e+02, 2.931499938964844e+02, 2.891499938964844e+02, 2.891499938964844e+02, 2.891499938964844e+02, 2.891499938964844e+02, 2.891499938964844e+02, 2.891499938964844e+02, 2.891499938964844e+02, 2.891499938964844e+02, 2.891499938964844e+02, 2.891499938964844e+02, 2.891499938964844e+02]
TOut.y=[2.841499938964844e+02, 2.841894226074219e+02, 2.843070983886719e+02, 2.845011291503906e+02, 2.847684631347656e+02, 2.851049194335938e+02, 2.855051574707031e+02, 2.85962890625e+02, 2.864708557128906e+02, 2.870211181640625e+02, 2.876049194335938e+02, 2.882131042480469e+02, 2.888360595703125e+02, 2.894639587402344e+02, 2.900869140625e+02, 2.906950988769531e+02, 2.912789001464844e+02, 2.918291320800781e+02, 2.923371276855469e+02, 2.927948303222656e+02, 2.931950988769531e+02, 2.935315246582031e+02, 2.937988891601562e+02, 2.93992919921875e+02, 2.941105651855469e+02, 2.941499938964844e+02, 2.941105651855469e+02, 2.93992919921875e+02, 2.937988891601562e+02, 2.935315246582031e+02, 2.931950988769531e+02, 2.927948303222656e+02, 2.923371276855469e+02, 2.918291320800781e+02, 2.912789001464844e+02, 2.906950988769531e+02, 2.900869140625e+02, 2.894639587402344e+02, 2.888360595703125e+02, 2.882131042480469e+02, 2.876049194335938e+02, 2.870211181640625e+02, 2.864708557128906e+02, 2.85962890625e+02, 2.855051574707031e+02, 2.851049194335938e+02, 2.847684631347656e+02, 2.845011291503906e+02, 2.843070983886719e+02, 2.841894226074219e+02, 2.841499938964844e+02, 2.841894226074219e+02, 2.843070983886719e+02, 2.845011291503906e+02, 2.847684631347656e+02, 2.851049194335938e+02, 2.855051574707031e+02, 2.85962890625e+02, 2.864708557128906e+02, 2.870211181640625e+02, 2.876049194335938e+02, 2.882131042480469e+02, 2.888360595703125e+02, 2.894639587402344e+02, 2.900869140625e+02, 2.906950988769531e+02, 2.912789001464844e+02, 2.918291320800781e+02, 2.923371276855469e+02, 2.927948303222656e+02, 2.931950988769531e+02, 2.935315246582031e+02, 2.937988891601562e+02, 2.93992919921875e+02, 2.941105651855469e+02, 2.941499938964844e+02, 2.941105651855469e+02, 2.93992919921875e+02, 2.937988891601562e+02, 2.935315246582031e+02, 2.931950988769531e+02, 2.927948303222656e+02, 2.923371276855469e+02, 2.918291320800781e+02, 2.912789001464844e+02, 2.906950988769531e+02, 2.900869140625e+02, 2.894639587402344e+02, 2.888360595703125e+02, 2.882131042480469e+02, 2.876049194335938e+02, 2.870211181640625e+02, 2.864708557128906e+02, 2.85962890625e+02, 2.855051574707031e+02, 2.851049194335938e+02, 2.847684631347656e+02, 2.845011291503906e+02, 2.843070983886719e+02, 2.841894226074219e+02, 2.841499938964844e+02]
TVol.T=[2.891499938964844e+02, 2.891552124023438e+02, 2.891502380371094e+02, 2.891507873535156e+02, 2.891510314941406e+02, 2.891512756347656e+02, 2.891514892578125e+02, 2.891516723632812e+02, 2.8915185546875e+02, 2.891519470214844e+02, 2.891520690917969e+02, 2.891521301269531e+02, 2.891521606445312e+02, 2.891802368164062e+02, 2.893769836425781e+02, 2.925571594238281e+02, 2.931549377441406e+02, 2.9315087890625e+02, 2.931517028808594e+02, 2.931514892578125e+02, 2.9315234375e+02, 2.932249450683594e+02, 2.933702087402344e+02, 2.935420532226562e+02, 2.937080078125e+02, 2.938452453613281e+02, 2.939378967285156e+02, 2.939750671386719e+02, 2.939497680664062e+02, 2.938580322265625e+02, 2.936983642578125e+02, 2.934712524414062e+02, 2.931789245605469e+02, 2.931484375e+02, 2.931479797363281e+02, 2.931479187011719e+02, 2.931478576660156e+02, 2.931478271484375e+02, 2.931478271484375e+02, 2.931478576660156e+02, 2.923747253417969e+02, 2.907518615722656e+02, 2.894662170410156e+02, 2.891388549804688e+02, 2.89148681640625e+02, 2.891487121582031e+02, 2.891489562988281e+02, 2.89149169921875e+02, 2.891494445800781e+02, 2.891497192382812e+02, 2.891499938964844e+02, 2.891502685546875e+02, 2.891505432128906e+02, 2.891507873535156e+02, 2.891510314941406e+02, 2.891512756347656e+02, 2.891514892578125e+02, 2.891516723632812e+02, 2.891518249511719e+02, 2.891519775390625e+02, 2.891520690917969e+02, 2.891521301269531e+02, 2.891521911621094e+02, 2.891802368164062e+02, 2.893770141601562e+02, 2.925571899414062e+02, 2.931549377441406e+02, 2.9315087890625e+02, 2.931517028808594e+02, 2.931514892578125e+02, 2.931523132324219e+02, 2.932249450683594e+02, 2.933701477050781e+02, 2.935419616699219e+02, 2.937079772949219e+02, 2.938452758789062e+02, 2.939379577636719e+02, 2.939750671386719e+02, 2.939497375488281e+02, 2.938580017089844e+02, 2.936983642578125e+02, 2.934712829589844e+02, 2.93178955078125e+02, 2.931484069824219e+02, 2.931479797363281e+02, 2.931479187011719e+02, 2.931478576660156e+02, 2.931477966308594e+02, 2.931478271484375e+02, 2.931478576660156e+02, 2.923747253417969e+02, 2.907518615722656e+02, 2.894662170410156e+02, 2.891388244628906e+02, 2.89148681640625e+02, 2.891487121582031e+02, 2.8914892578125e+02, 2.89149169921875e+02, 2.891494445800781e+02, 2.891497192382812e+02, 2.891499938964844e+02]
THeaOut.T=[2.891499938964844e+02, 2.905536193847656e+02, 2.904776306152344e+02, 2.904240417480469e+02, 2.903511962890625e+02, 2.902594299316406e+02, 2.901501770019531e+02, 2.900249328613281e+02, 2.898860778808594e+02, 2.89735595703125e+02, 2.895758056640625e+02, 2.89409423828125e+02, 2.8923876953125e+02, 2.891783447265625e+02, 2.893721313476562e+02, 2.979072875976562e+02, 2.938720092773438e+02, 2.935129699707031e+02, 2.9337451171875e+02, 2.932491149902344e+02, 2.931520690917969e+02, 2.932228393554688e+02, 2.933672485351562e+02, 2.935389404296875e+02, 2.937052307128906e+02, 2.938431396484375e+02, 2.939367065429688e+02, 2.939749145507812e+02, 2.939507751464844e+02, 2.938602600097656e+02, 2.937018127441406e+02, 2.934758911132812e+02, 2.931847229003906e+02, 2.935199890136719e+02, 2.936596374511719e+02, 2.938193359375e+02, 2.939857788085938e+02, 2.941563720703125e+02, 2.943282470703125e+02, 2.944989318847656e+02, 2.924078063964844e+02, 2.907777099609375e+02, 2.894869384765625e+02, 2.900108642578125e+02, 2.901439514160156e+02, 2.902560119628906e+02, 2.90348388671875e+02, 2.904219360351562e+02, 2.904754333496094e+02, 2.905079956054688e+02, 2.905191955566406e+02, 2.905087280273438e+02, 2.904768676757812e+02, 2.90424072265625e+02, 2.903511962890625e+02, 2.902593688964844e+02, 2.901500549316406e+02, 2.900249633789062e+02, 2.898860473632812e+02, 2.897355651855469e+02, 2.895758361816406e+02, 2.894093933105469e+02, 2.892388305664062e+02, 2.891783142089844e+02, 2.893721618652344e+02, 2.979072875976562e+02, 2.938720397949219e+02, 2.935128784179688e+02, 2.9337451171875e+02, 2.932491149902344e+02, 2.931520690917969e+02, 2.932228393554688e+02, 2.933672180175781e+02, 2.935388488769531e+02, 2.937052001953125e+02, 2.938431701660156e+02, 2.939367370605469e+02, 2.939749450683594e+02, 2.939507446289062e+02, 2.938602294921875e+02, 2.937018127441406e+02, 2.934759216308594e+02, 2.931847229003906e+02, 2.9352001953125e+02, 2.936595764160156e+02, 2.938193359375e+02, 2.939858093261719e+02, 2.941564636230469e+02, 2.943283386230469e+02, 2.944989318847656e+02, 2.924078063964844e+02, 2.907777099609375e+02, 2.894869384765625e+02, 2.900110168457031e+02, 2.901439819335938e+02, 2.902560424804688e+02, 2.903484497070312e+02, 2.904219360351562e+02, 2.904754333496094e+02, 2.905079956054688e+02, 2.905191650390625e+02]
hea.Q_flow=[0e+00, 2.735563354492188e+02, 2.617100830078125e+02, 2.508957061767578e+02, 2.36406982421875e+02, 2.181965179443359e+02, 1.965498809814453e+02, 1.717610321044922e+02, 1.442928619384766e+02, 1.145586013793945e+02, 8.299335479736328e+01, 5.014192581176758e+01, 1.647311782836914e+01, 0e+00, 0e+00, 1.08e+03, 1.364898071289062e+02, 7.118441009521479e+01, 4.347402954101562e+01, 1.883702087402344e+01, 0e+00, 0e+00, 0e+00, 0e+00, 0e+00, 0e+00, 0e+00, 0e+00, 0e+00, 0e+00, 0e+00, 0e+00, 0e+00, 7.353060913085938e+01, 1.014713516235353e+02, 1.329998474121092e+02, 1.658550720214844e+02, 1.995207214355469e+02, 2.334205017089844e+02, 2.67066162109375e+02, 0e+00, 0e+00, 0e+00, 1.752830810546875e+02, 1.966876373291016e+02, 2.187492218017578e+02, 2.368554840087891e+02, 2.512498016357422e+02, 2.616707458496094e+02, 2.679674987792969e+02, 2.700445861816406e+02, 2.678482971191406e+02, 2.614377136230469e+02, 2.509025726318359e+02, 2.364088745117188e+02, 2.18189254760742e+02, 1.965264434814451e+02, 1.717660064697268e+02, 1.442958679199219e+02, 1.145504531860352e+02, 8.299819946289062e+01, 5.013735198974609e+01, 1.648563766479492e+01, 0e+00, 0e+00, 1.08e+03, 1.364987030029297e+02, 7.116739654541016e+01, 4.346847534179666e+01, 1.88327522277834e+01, 5.46229728115577e-14, 0e+00, 0e+00, 0e+00, 0e+00, 0e+00, 0e+00, 0e+00, 0e+00, 0e+00, 0e+00, 0e+00, 0e+00, 7.354119110107422e+01, 1.014632568359375e+02, 1.329965057373047e+02, 1.658611907958984e+02, 1.995395202636719e+02, 2.334390411376953e+02, 2.670666198730469e+02, 0e+00, 0e+00, 0e+00, 1.753241271972656e+02, 1.966929626464844e+02, 2.187476654052734e+02, 2.368679809570312e+02, 2.512475128173828e+02, 2.616717834472656e+02, 2.679673461914062e+02, 2.700379943847656e+02]
