last-generated=2022-07-05
statistics-simulation=
{
  "linear": "0",
  "nonlinear": "1",
  "number of continuous time states": "4",
  "numerical Jacobians": "0"
}
time=[0e+00, 3.1536e+07]
zonHVAC.TAir.T=[2.931499938964844e+02, 2.733062316894531e+02, 2.521328704833984e+02, 2.762554809570312e+02, 2.791097839355469e+02, 2.74275146484375e+02, 2.731246520996094e+02, 2.66122216796875e+02, 2.575268920898437e+02, 2.708283020019531e+02, 2.656195068359375e+02, 2.734335083007812e+02, 2.764021423339844e+02, 2.692811157226562e+02, 2.670457885742188e+02, 2.7654345703125e+02, 2.733429321289062e+02, 2.722672424316406e+02, 2.79870947265625e+02, 2.808046997070313e+02, 2.766396179199219e+02, 2.88267138671875e+02, 2.72713037109375e+02, 2.764165100097656e+02, 2.881753234863281e+02, 2.748221435546875e+02, 2.754879272460938e+02, 2.840980712890625e+02, 2.799603698730469e+02, 3.042604248046875e+02, 2.888853759765625e+02, 2.825215881347656e+02, 2.811078674316406e+02, 2.882944274902344e+02, 2.923019714355469e+02, 2.879307250976562e+02, 2.878302307128906e+02, 2.824853637695313e+02, 2.973830810546875e+02, 2.923557434082031e+02, 2.879059753417969e+02, 3.049200378417969e+02, 2.917432922363281e+02, 3.021837219238281e+02, 2.952962890625e+02, 2.917179260253906e+02, 2.930596008300781e+02, 3.096829406738281e+02, 2.826837158203125e+02, 3.02847265625e+02, 2.97680908203125e+02, 2.994802185058594e+02, 2.995406494140625e+02, 3.029669738769531e+02, 3.008981994628906e+02, 3.075206909179688e+02, 3.025980285644531e+02, 2.992794799804688e+02, 3.084071044921875e+02, 2.985229309082031e+02, 2.897923583984375e+02, 3.028344543457031e+02, 2.914914428710937e+02, 2.95105322265625e+02, 3.030541381835938e+02, 2.91487548828125e+02, 2.986612548828125e+02, 2.985343444824219e+02, 2.925003479003906e+02, 2.977101379394531e+02, 2.9083837890625e+02, 2.92662255859375e+02, 2.891007751464844e+02, 2.961549560546875e+02, 2.91646728515625e+02, 2.960342407226562e+02, 2.927822021484375e+02, 2.80491845703125e+02, 2.887982971191406e+02, 2.797771240234375e+02, 2.833179321289062e+02, 2.899057983398437e+02, 2.801611083984375e+02, 2.869141357421875e+02, 2.951844543457031e+02, 2.859741516113281e+02, 2.748645629882812e+02, 2.900138549804688e+02, 2.758972351074219e+02, 2.741570007324219e+02, 2.734683227539062e+02, 2.632452331542969e+02, 2.730272521972656e+02, 2.774965087890625e+02, 2.663000793457031e+02, 2.743062133789062e+02, 2.659822998046875e+02, 2.652670532226563e+02, 2.768161682128906e+02, 2.675660278320312e+02, 2.698678283691406e+02]
