last-generated=2023-02-27
statistics-initialization=
{
  "nonlinear": "0, 6, 1, 1, 0, 1, 1",
  "numerical Jacobians": "0"
}
statistics-simulation=
{
  "linear": "27",
  "nonlinear": "0, 7, 1, 1, 0, 1, 1",
  "number of continuous time states": "3",
  "numerical Jacobians": "0"
}
time=[0e+00, 1e+03]
pmpNorth.m_flow=[0e+00, 5.476596832275391e+00, 5.134872913360596e+00, 5.241343975067139e+00, 5.336724281311035e+00, 5.42204475402832e+00, 5.49827766418457e+00, 5.566323757171631e+00, 5.627006530761719e+00, 5.681071281433105e+00, 5.729185581207275e+00, 5.771944522857666e+00, 5.809875011444092e+00, 5.843441009521484e+00, 5.873049736022949e+00, 5.899054527282715e+00, 5.921764373779297e+00, 5.941442966461182e+00, 5.95831823348999e+00, 5.972582340240479e+00, 5.984394550323486e+00, 5.993887424468994e+00, 6.001165390014648e+00, 6.006308555603027e+00, 6.009371757507324e+00, 6.01038932800293e+00, 6.009371757507324e+00, 6.842513561248779e+00, 6.83491849899292e+00, 6.824180126190186e+00, 6.810193061828613e+00, 6.792816638946533e+00, 6.771877288818359e+00, 6.747164249420166e+00, 6.718426704406738e+00, 6.685370445251465e+00, 6.647656440734863e+00, 6.60489559173584e+00, 6.556644916534424e+00, 6.502403736114502e+00, 6.441612243652344e+00, 6.373644828796387e+00, 6.297811508178711e+00, 6.213356971740723e+00, 6.119462966918945e+00, 6.01525354385376e+00, 5.899808406829834e+00, 5.772178649902344e+00, 5.63141393661499e+00, 5.476596832275391e+00, 5.306889057159424e+00, 8.773651123921821e-15, 7.528202485986156e-23, 4.344636289375342e-23, 1.473850128468857e-23, -1.036889265672537e-23, -3.14263125760581e-23, -4.805330742480051e-23, -5.999468306669634e-23, -6.718029714549694e-23, -6.977717675838657e-23, -6.821894927863437e-23, -6.319857536893544e-23, -5.561648611005799e-23, -4.648799597411942e-23, -3.682663029670406e-23, -2.752821636633726e-23, 1.711811440478405e-23, 9.355518782434841e-24, 4.636948461146717e-24, 2.13403993143927e-24, -1.265218507143246e-24, -3.115464150207446e-25, -4.410316093995803e-26, -1.784543382716886e-27, -3.237155712672983e-30, 1.020219017580362e-27, 9.452629197416569e-19, 3.789742452072416e-18, 9.157743858534784e-18, 1.572586480621308e-17, 1.91681703079076e-17, 1.11593819745702e-17, -2.14101391334754e-17, -9.692948740010681e-17, -2.392060747715547e-16, -4.772162978402639e-16, -8.444890426158997e-16, -1.378198520510644e-15, -2.118079576475789e-15, -3.105276571226416e-15, -4.381201686707616e-15, -5.986425259994028e-15, -7.959591475238236e-15, -1.033632950281707e-14, -1.254986630431663e-14, -9.856818222145781e-15, -5.961518256180015e-15, -7.473041350775263e-16, 5.884127820404705e-15, 1.400996137000286e-14]
pmpSouth.m_flow=[0e+00, 5.018579483032227e+00, 4.728241920471191e+00, 4.816676616668701e+00, 4.896131038665771e+00, 4.967477321624756e+00, 5.03151273727417e+00, 5.0889573097229e+00, 5.140457153320312e+00, 5.186590671539307e+00, 5.227871894836426e+00, 5.26475715637207e+00, 5.297648906707764e+00, 5.326901435852051e+00, 5.352827072143555e+00, 5.375698089599609e+00, 5.395751476287842e+00, 5.413193225860596e+00, 5.42819881439209e+00, 5.440918922424316e+00, 5.451479434967041e+00, 5.459983825683594e+00, 5.466514587402344e+00, 5.471135139465332e+00, 5.47389030456543e+00, 5.474805355072021e+00, 5.47389030456543e+00, 6.153408050537109e+00, 6.146831035614014e+00, 6.137541770935059e+00, 6.125458240509033e+00, 6.110471248626709e+00, 6.092447757720947e+00, 6.071224689483643e+00, 6.046609878540039e+00, 6.018378257751465e+00, 5.986271858215332e+00, 5.949994087219238e+00, 5.90920877456665e+00, 5.863537311553955e+00, 5.812554359436035e+00, 5.75578498840332e+00, 5.692702770233154e+00, 5.622726440429688e+00, 5.545217514038086e+00, 5.459481716156006e+00, 5.36476993560791e+00, 5.260281085968018e+00, 5.145174026489258e+00, 5.018579483032227e+00, 4.879621982574463e+00, -1.991823047643726e-14, -2.852413243325089e-22, -2.675998196497725e-22, -2.488740035647044e-22, -2.291116368719504e-22, -2.084170006722934e-22, -1.86964452158449e-22, -1.650099861604924e-22, -1.428976596290701e-22, -1.210563225958094e-22, -9.998192244549183e-23, -8.020209352773984e-23, -6.222369475137607e-23, -4.647055899267042e-23, -3.32249911706089e-23, -2.258901308834195e-23, -1.157795688919137e-23, -6.888000525087872e-24, -3.747795724740431e-24, -1.803513128608455e-24, -9.040199048489198e-25, -2.768979677340142e-25, -5.362808937672612e-26, -3.670879481528425e-27, -2.936254436692997e-29, -3.261888613352363e-27, -2.678568608148548e-18, -1.199070428045028e-17, -3.373198862854904e-17, -7.267291224535681e-17, -1.309642373677401e-16, -2.064491534141933e-16, -2.912738782535462e-16, -3.710306858554683e-16, -4.24646574397465e-16, -4.251001340709401e-16, -3.40829540832659e-16, -1.37480620649645e-16, 2.204368966864732e-16, 7.683100227738409e-16, 1.540689721221883e-15, 2.570929224582829e-15, 3.89094875771572e-15, 5.530910846234926e-15, 6.961266161626583e-15, 3.852921213548738e-15, -2.425396258750332e-16, -5.3958984531238e-15, -1.166550800320862e-14, -1.909531425125718e-14]
