last-generated=2020-01-10
statistics-simulation=
{
  "linear": " ",
  "nonlinear": " ",
  "number of continuous time states": "2",
  "numerical Jacobians": "0"
}
time=[0e+00, 2.4e+02]
mixBox.damOA.m_flow=[4.966588020324707e-01, 5.474640708857171e-01, 5.828828194013246e-01, 5.923233618607024e-01, 5.660337868817115e-01, 5.118293166160583e-01, 4.468329446463469e-01, 3.854183972983915e-01, 3.338313252904869e-01, 2.85058804108225e-01, 2.375428080558777e-01, 1.946427463646846e-01, 1.532395742922522e-01, 9.16321396115084e-02, 4.390656335132351e-02, 1.886094734072685e-02, 7.856723040595169e-03, 3.327631974401442e-03, 1.473150967586801e-03, 6.921847791051345e-04, 3.475807025097311e-04, 1.868661805178715e-04, 1.073922300018629e-04, 6.574337315777371e-05, 4.267417221157203e-05, 2.921931445598602e-05, 6.961526446700829e-05, 8.656780549695505e-04, 1.525106267860149e-02, 1.157353967801473e-01, 2.121203243732452e-01, 2.872603680724079e-01, 3.60942503043448e-01, 4.434030839206589e-01, 5.28020791910624e-01, 6.06845498085022e-01, 6.737111417752497e-01, 7.261234524732627e-01, 7.649069831074398e-01, 7.92297555843806e-01, 8.109610676765442e-01, 8.237747480046396e-01, 8.327123424385952e-01, 8.390666908618331e-01, 8.436759138558254e-01, 8.470855951309204e-01, 8.496552691156114e-01, 8.516252614357963e-01, 8.531591909094492e-01, 8.543703562768268e-01, 8.553386926651001e-01, 8.561215992166386e-01, 8.567607395302025e-01, 8.572871094950145e-01, 8.577239503082267e-01, 8.580888509750366e-01, 8.583954579710877e-01, 8.58654498745861e-01, 8.58874202028121e-01, 8.590613599127918e-01, 8.59221339225769e-01, 8.593584302263104e-01, 8.594762085458557e-01, 8.595775963058269e-01, 8.596650955969428e-01, 8.597407341003418e-01, 8.598061801526421e-01, 8.598628639492739e-01, 8.599119783020044e-01, 8.599545954634801e-01, 8.599916696548462e-01, 8.600237966334118e-01, 8.600517511034314e-01, 8.600760698602701e-01, 8.600972294299645e-01, 8.60115647315979e-01, 8.601316213979157e-01, 8.601455092263373e-01, 8.601576686045671e-01, 8.601681589830156e-01, 8.601773381233215e-01, 8.601853251646688e-01, 8.601922392761783e-01, 8.601983189651038e-01, 8.602035641541385e-01, 8.602080941200256e-01, 8.602120876403203e-01, 8.60215544696454e-01, 8.602185249362719e-01, 8.602211475311683e-01, 8.602234125137329e-01, 8.602253794715579e-01, 8.602270483951694e-01, 8.602285385150784e-01, 8.602298498123371e-01, 8.602309226989746e-01, 8.602319359802095e-01, 8.602327704418258e-01, 8.602334856994579e-01, 8.602341413482767e-01, 8.602346777915955e-01]
mixBox.damExh.m_flow=[4.966588020324707e-01, 4.916372898056545e-01, 4.791267527835951e-01, 4.51642301478998e-01, 4.04309847579612e-01, 3.45075249671936e-01, 2.858613934337675e-01, 2.24553356739622e-01, 1.666751970303924e-01, 1.405454748547256e-01, 1.263915300369263e-01, 1.142150221015406e-01, 9.948860663580902e-02, 6.538879531750134e-02, 3.459733742322032e-02, 1.634941250085831e-02, 7.437804568605416e-03, 3.327631974401442e-03, 1.473150967586801e-03, 6.921847791051345e-04, 3.475807025097311e-04, 1.868661805178715e-04, 1.073922300018629e-04, 6.574337315777371e-05, 4.267417221157203e-05, 2.921931445598602e-05, 6.961526446700829e-05, 8.656780549695505e-04, 1.525106267860149e-02, 1.157353967801473e-01, 2.121203243732452e-01, 2.872603680724079e-01, 3.60942503043448e-01, 4.434030839206589e-01, 5.28020791910624e-01, 6.06845498085022e-01, 6.737111417752497e-01, 7.261234524732627e-01, 7.649069831074398e-01, 7.92297555843806e-01, 8.109610676765442e-01, 8.237747480046396e-01, 8.327123424385952e-01, 8.390666908618331e-01, 8.436759138558254e-01, 8.470855951309204e-01, 8.496552691156114e-01, 8.516252614357963e-01, 8.531591909094492e-01, 8.543703562768268e-01, 8.553386926651001e-01, 8.561215992166386e-01, 8.567607395302025e-01, 8.572871094950145e-01, 8.577239503082267e-01, 8.580888509750366e-01, 8.583954579710877e-01, 8.58654498745861e-01, 8.58874202028121e-01, 8.590613599127918e-01, 8.59221339225769e-01, 8.593584302263104e-01, 8.594762085458557e-01, 8.595775963058269e-01, 8.596650955969428e-01, 8.597407341003418e-01, 8.598061801526421e-01, 8.598628639492739e-01, 8.599119783020044e-01, 8.599545954634801e-01, 8.599916696548462e-01, 8.600237966334118e-01, 8.600517511034314e-01, 8.600760698602701e-01, 8.600972294299645e-01, 8.60115647315979e-01, 8.601316213979157e-01, 8.601455092263373e-01, 8.601576686045671e-01, 8.601681589830156e-01, 8.601773381233215e-01, 8.601853251646688e-01, 8.601922392761783e-01, 8.601983189651038e-01, 8.602035641541385e-01, 8.602080941200256e-01, 8.602120876403203e-01, 8.60215544696454e-01, 8.602185249362719e-01, 8.602211475311683e-01, 8.602234125137329e-01, 8.602253794715579e-01, 8.602270483951694e-01, 8.602285385150784e-01, 8.602298498123371e-01, 8.602309226989746e-01, 8.602319359802095e-01, 8.602327704418258e-01, 8.602334856994579e-01, 8.602341413482767e-01, 8.602346777915955e-01]
mixBox.damRec.m_flow=[1.736109879857395e-06, 9.614777909250379e-02, 2.830937969977261e-01, 4.422394167878796e-01, 6.001705886544507e-01, 7.284407019615173e-01, 8.223883035781385e-01, 8.901461542276771e-01, 9.4152234495206e-01, 9.836948451103482e-01, 1.020431160926819e+00, 1.053729181570991e+00, 1.084692249257206e+00, 1.113962641175542e+00, 1.141934769829837e+00, 1.168863654136658e+00, 1.194922550046879e+00, 1.212180257117363e+00, 1.212965488207032e+00, 1.213590264667874e+00, 1.214092969894409e+00, 1.214501142262711e+00, 1.214835167025512e+00, 1.215110421099628e+00, 1.215338349471948e+00, 1.215528130531311e+00, 1.215079188935378e+00, 1.213414075777999e+00, 1.210235470936104e+00, 1.204792137252482e+00, 1.195724487304688e+00, 1.180788647658418e+00, 1.156566656711872e+00, 1.118454275202848e+00, 1.061884002537376e+00, 9.874242544174194e-01, 8.991026273374766e-01, 8.03876045322244e-01, 7.094529901281842e-01, 6.21830530575327e-01, 5.443134903907776e-01, 4.778761960208053e-01, 4.220224384545125e-01, 3.755544791038394e-01, 3.370706220948526e-01, 3.052213788032532e-01, 2.768926527445583e-01, 2.232905878693276e-01, 1.483638405980346e-01, 8.411252307177057e-02, 4.359732568264008e-02, 2.175993768716048e-02, 1.080057586774701e-02, 5.440466886503658e-03, 2.817946758442865e-03, 1.513443537987769e-03, 8.470110815696721e-04, 4.951851394064913e-04, 3.026021619899927e-04, 1.931592010570395e-04, 1.285924954572693e-04, 8.90897328151879e-05, 6.406915523484811e-05, 4.769661074505494e-05, 3.665453042487308e-05, 2.899729406635743e-05, 2.355113384332295e-05, 1.958746805746948e-05, 1.664233471835648e-05, 1.441299317248879e-05, 1.269709991902346e-05, 1.135675916528374e-05, 1.02958686984475e-05, 9.446336623577968e-06, 8.759044036785413e-06, 8.197917850338854e-06, 7.736165434196187e-06, 7.353510678820254e-06, 7.034460940802626e-06, 6.767027750182424e-06, 6.541794391523581e-06, 6.351345762762297e-06, 6.189729184852718e-06, 6.052162757761897e-06, 5.934761073130078e-06, 5.834331659571035e-06, 5.748258700461321e-06, 5.674358905842826e-06, 5.610820534353569e-06, 5.556123272942407e-06, 5.508984941116069e-06, 5.468341802130801e-06, 5.433283646347814e-06, 5.403036958637116e-06, 5.376934103658954e-06, 5.354384938982548e-06, 5.334854858876061e-06, 5.317942870745833e-06, 5.303352264770926e-06, 5.290713518987799e-06, 5.27972542840871e-06]
