last-generated=2017-03-31
statistics-initialization=
{
  "numerical Jacobians": "0", 
  "nonlinear": "1"
}
statistics-simulation=
{
  "numerical Jacobians": "0", 
  "nonlinear": "0", 
  "number of continuous time states": "4", 
  "linear": " "
}
masFloRat.ports[1].m_flow=[-1e+01, -9.80000019868214e+00, -9.600000397364283e+00, -9.399999602635717e+00, -9.199999841054218e+00, -9e+00, -8.800000158945783e+00, -8.600000317891691e+00, -8.399999682108309e+00, -8.19999984105428e+00, -8e+00, -7.80000015894572e+00, -7.599999841054533e+00, -7.400000158945467e+00, -7.199999682109572e+00, -7e+00, -6.800000317890428e+00, -6.59999984105428e+00, -6.40000015894572e+00, -6.199999682109572e+00, -6e+00, -5.800000317890428e+00, -5.599999841054281e+00, -5.400000158945719e+00, -5.199999682109572e+00, -5e+00, -4.800000317890428e+00, -4.600000158943697e+00, -4.399999841056301e+00, -4.199999682109572e+00, -4e+00, -3.800000079471848e+00, -3.600000158945214e+00, -3.399999841054786e+00, -3.19999992052815e+00, -3e+00, -2.80000007947185e+00, -2.600000158945214e+00, -2.399999841054786e+00, -2.19999992052815e+00, -2e+00, -1.800000079472229e+00, -1.600000278152988e+00, -1.399999721847012e+00, -1.199999920527772e+00, -1e+00, -8.000001390764935e-01, -6.000002781529881e-01, -3.99999751649146e-01, -1.999998758245256e-01, 0e+00, 1.999998758245256e-01, 3.99999751649146e-01, 6.000002781529881e-01, 7.999995033059972e-01, 1e+00, 1.200000556297892e+00, 1.399999721842969e+00, 1.600000278157029e+00, 1.799999443702108e+00, 2e+00, 2.200000556297892e+00, 2.399999841050744e+00, 2.600000158949256e+00, 2.799999443702108e+00, 3e+00, 3.200000556297892e+00, 3.399999841050744e+00, 3.600000158949258e+00, 3.799999443702108e+00, 4e+00, 4.200000317879311e+00, 4.399999841052258e+00, 4.60000015894774e+00, 4.799999682120687e+00, 5e+00, 5.200000317879313e+00, 5.39999984105226e+00, 5.600000158947742e+00, 5.799999682120689e+00, 6e+00, 6.200000317879313e+00, 6.399999841052258e+00, 6.60000015894774e+00, 6.799999682120687e+00, 7e+00, 7.200000317879313e+00, 7.39999984105226e+00, 7.60000015894774e+00, 7.799999682120687e+00, 8e+00, 8.200000317879313e+00, 8.399999364215102e+00, 8.6000006357849e+00, 8.799999682120687e+00, 9e+00, 9.20000031787931e+00, 9.3999993642151e+00, 9.600000635784898e+00, 9.799999682120687e+00, 1e+01]
time=[0e+00, 6e+01]
senDenVol.d=[1.200000047683716e+00, 1.202274918559908e+00, 1.202183008201217e+00, 1.202093005173301e+00, 1.202004909529307e+00, 1.201918840408325e+00, 1.201834559427349e+00, 1.201752185795575e+00, 1.201671361948608e+00, 1.201592683804525e+00, 1.201515913009644e+00, 1.201441168773348e+00, 1.201368212676963e+00, 1.201297044776387e+00, 1.201227903322888e+00, 1.201160669326782e+00, 1.201095223468125e+00, 1.201031804064883e+00, 1.200970172901407e+00, 1.200910568199788e+00, 1.200852751731873e+00, 1.200796842609937e+00, 1.200742840750043e+00, 1.200690746323668e+00, 1.200640439956108e+00, 1.200592160224915e+00, 1.20054578784008e+00, 1.200501203593072e+00, 1.200458526559033e+00, 1.200417876218201e+00, 1.200379014015198e+00, 1.200342059158553e+00, 1.20030701164751e+00, 1.20027470584743e+00, 1.200244784337353e+00, 1.200217127799988e+00, 1.20019149781865e+00, 1.200168490436378e+00, 1.200149059272917e+00, 1.200132369985643e+00, 1.20011842250824e+00, 1.200107336050754e+00, 1.200094938294872e+00, 1.200082063659011e+00, 1.200069665900855e+00, 1.200057625770569e+00, 1.200045943267393e+00, 1.200034260764217e+00, 1.20002281664362e+00, 1.200011372559023e+00, 1.200000047683716e+00, 1.199988603599119e+00, 1.19997715951528e+00, 1.199965715393925e+00, 1.199954152136039e+00, 1.199942350387573e+00, 1.199930310217497e+00, 1.199918031708421e+00, 1.199905276282607e+00, 1.19989216331002e+00, 1.199878334999084e+00, 1.199863791427864e+00, 1.199848175069292e+00, 1.199830889678348e+00, 1.19981122022212e+00, 1.199786901473999e+00, 1.199756741449469e+00, 1.19972765449423e+00, 1.199691533996125e+00, 1.199658632360295e+00, 1.199621438980103e+00, 1.199580311679713e+00, 1.199542760898264e+00, 1.199498772561279e+00, 1.199454069249742e+00, 1.199407577514648e+00, 1.19935929762657e+00, 1.19930911070666e+00, 1.19925725453307e+00, 1.199203252931811e+00, 1.199147343635559e+00, 1.199089526980064e+00, 1.19902980335337e+00, 1.198968291203072e+00, 1.198904752895029e+00, 1.198839426040649e+00, 1.198772191827027e+00, 1.198702931493548e+00, 1.198631882575833e+00, 1.198558926770294e+00, 1.198484182357788e+00, 1.198407411376749e+00, 1.198328733545017e+00, 1.198248267069932e+00, 1.198165774557608e+00, 1.198081493377686e+00, 1.197995304838519e+00, 1.197907209509292e+00, 1.19781720626679e+00, 1.197725296255455e+00, 1.197631478309631e+00]
senDenFlo.d=[1.200000047683716e+00, 1.200000047683716e+00, 1.200000047683716e+00, 1.200000047683716e+00, 1.200000047683716e+00, 1.200000047683716e+00, 1.200000047683716e+00, 1.200000047683716e+00, 1.200000047683716e+00, 1.200000047683716e+00, 1.200000047683716e+00, 1.200000047683716e+00, 1.200000047683716e+00, 1.200000047683716e+00, 1.200000047683716e+00, 1.200000047683716e+00, 1.200000047683716e+00, 1.200000047683716e+00, 1.200000047683716e+00, 1.200000047683716e+00, 1.200000047683716e+00, 1.200000047683716e+00, 1.200000047683716e+00, 1.200000047683716e+00, 1.200000047683716e+00, 1.200000047683716e+00, 1.200000047683716e+00, 1.200000047683716e+00, 1.200000047683716e+00, 1.200000047683716e+00, 1.200000047683716e+00, 1.200000047683716e+00, 1.200000047683716e+00, 1.200000047683716e+00, 1.200000047683716e+00, 1.200000047683716e+00, 1.200000047683716e+00, 1.200000047683716e+00, 1.200000047683716e+00, 1.200000047683716e+00, 1.200000047683716e+00, 1.200000047683716e+00, 1.200000047683716e+00, 1.200000047683716e+00, 1.200000047683716e+00, 1.200000047683716e+00, 1.200000047683716e+00, 1.200000047683716e+00, 1.200000047683716e+00, 1.200000047683716e+00, 1.200000047683716e+00, 1.200000047683716e+00, 1.200000047683716e+00, 1.200000047683716e+00, 1.200000047683716e+00, 1.200000047683716e+00, 1.200000047683716e+00, 1.200000047683716e+00, 1.200000047683716e+00, 1.200000047683716e+00, 1.200000047683716e+00, 1.200000047683716e+00, 1.200000047683716e+00, 1.200000047683716e+00, 1.200000047683716e+00, 1.200000047683716e+00, 1.200000047683716e+00, 1.200000047683716e+00, 1.200000047683716e+00, 1.200000047683716e+00, 1.200000047683716e+00, 1.200000047683716e+00, 1.200000047683716e+00, 1.200000047683716e+00, 1.200000047683716e+00, 1.200000047683716e+00, 1.200000047683716e+00, 1.200000047683716e+00, 1.200000047683716e+00, 1.200000047683716e+00, 1.200000047683716e+00, 1.200000047683716e+00, 1.200000047683716e+00, 1.200000047683716e+00, 1.200000047683716e+00, 1.200000047683716e+00, 1.200000047683716e+00, 1.200000047683716e+00, 1.200000047683716e+00, 1.200000047683716e+00, 1.200000047683716e+00, 1.200000047683716e+00, 1.200000047683716e+00, 1.200000047683716e+00, 1.200000047683716e+00, 1.200000047683716e+00, 1.200000047683716e+00, 1.200000047683716e+00, 1.200000047683716e+00, 1.200000047683716e+00, 1.200000047683716e+00]
