last-generated=2023-02-27
statistics-simulation=
{
  "linear": " ",
  "nonlinear": " ",
  "number of continuous time states": "9",
  "numerical Jacobians": "0"
}
time=[0e+00, 3.6e+03]
roo.T=[2.931499938964844e+02, 2.93150390625e+02, 2.931499633789062e+02, 2.931499938964844e+02, 2.931499938964844e+02, 2.931499938964844e+02, 2.931499938964844e+02, 2.931499938964844e+02, 2.931499938964844e+02, 2.931499938964844e+02, 2.931499938964844e+02, 2.931499938964844e+02, 2.931499938964844e+02, 2.931499938964844e+02, 2.931499938964844e+02, 2.931499938964844e+02, 2.931499938964844e+02, 2.931416320800781e+02, 2.931410217285156e+02, 2.931410827636719e+02, 2.931410827636719e+02, 2.931410827636719e+02, 2.931410827636719e+02, 2.931410827636719e+02, 2.931410827636719e+02, 2.931410827636719e+02, 2.931410827636719e+02, 2.931410827636719e+02, 2.931410827636719e+02, 2.931410827636719e+02, 2.931410827636719e+02, 2.931410827636719e+02, 2.931410827636719e+02, 2.931410827636719e+02, 2.931410827636719e+02, 2.931410827636719e+02, 2.931410827636719e+02, 2.931410827636719e+02, 2.931410827636719e+02, 2.931410827636719e+02, 2.931410827636719e+02, 2.931410827636719e+02, 2.931410827636719e+02, 2.931410827636719e+02, 2.931410827636719e+02, 2.931410827636719e+02, 2.931410827636719e+02, 2.931410827636719e+02, 2.931410827636719e+02, 2.931410827636719e+02, 2.931410827636719e+02, 2.931054382324219e+02, 2.931015319824219e+02, 2.930982055664062e+02, 2.930954284667969e+02, 2.930930786132812e+02, 2.930911560058594e+02, 2.930895690917969e+02, 2.930882568359375e+02, 2.930871887207031e+02, 2.930863037109375e+02, 2.930856018066406e+02, 2.930850219726562e+02, 2.930845642089844e+02, 2.930841674804688e+02, 2.930838623046875e+02, 2.930836181640625e+02, 2.931362915039062e+02, 2.931416015625e+02, 2.931415710449219e+02, 2.931415405273438e+02, 2.931415100097656e+02, 2.931414794921875e+02, 2.931414489746094e+02, 2.931414184570312e+02, 2.931413879394531e+02, 2.931413879394531e+02, 2.93141357421875e+02, 2.93141357421875e+02, 2.931413269042969e+02, 2.931413269042969e+02, 2.931412963867188e+02, 2.931412963867188e+02, 2.931412658691406e+02, 2.931412658691406e+02, 2.931412353515625e+02, 2.931412353515625e+02, 2.931412353515625e+02, 2.931412048339844e+02, 2.931412048339844e+02, 2.931412048339844e+02, 2.931412048339844e+02, 2.931411743164062e+02, 2.931411743164062e+02, 2.931411743164062e+02, 2.931411743164062e+02, 2.931411743164062e+02, 2.931411437988281e+02, 2.931411437988281e+02, 2.931411437988281e+02, 2.931411437988281e+02]
bou0.T=[2.731499938964844e+02, 2.731499938964844e+02]
sha.vol.T=[2.931499938964844e+02, 2.931328430175781e+02, 2.931361999511719e+02, 2.931388854980469e+02, 2.931410827636719e+02, 2.931428527832031e+02, 2.93144287109375e+02, 2.931454162597656e+02, 2.931463317871094e+02, 2.931470947265625e+02, 2.931476745605469e+02, 2.931481323242188e+02, 2.931484985351562e+02, 2.931488037109375e+02, 2.931490173339844e+02, 2.931492004394531e+02, 2.931493225097656e+02, 2.931469116210938e+02, 2.931465454101562e+02, 2.931461791992188e+02, 2.931458740234375e+02, 2.931455688476562e+02, 2.931452941894531e+02, 2.931450500488281e+02, 2.931448059082031e+02, 2.931445617675781e+02, 2.931443481445312e+02, 2.931441345214844e+02, 2.931439514160156e+02, 2.931437377929688e+02, 2.931435852050781e+02, 2.931434020996094e+02, 2.931432495117188e+02, 2.931430969238281e+02, 2.931429748535156e+02, 2.931428527832031e+02, 2.931427307128906e+02, 2.931426086425781e+02, 2.931425170898438e+02, 2.931424255371094e+02, 2.93142333984375e+02, 2.931422424316406e+02, 2.931421508789062e+02, 2.9314208984375e+02, 2.931420288085938e+02, 2.931419677734375e+02, 2.931419067382812e+02, 2.93141845703125e+02, 2.931417846679688e+02, 2.931417236328125e+02, 2.931416931152344e+02, 2.895906372070312e+02, 2.865791625976562e+02, 2.84093017578125e+02, 2.820493774414062e+02, 2.803750610351562e+02, 2.790075073242188e+02, 2.778934020996094e+02, 2.769875183105469e+02, 2.762518615722656e+02, 2.756556091308594e+02, 2.751731567382812e+02, 2.747832946777344e+02, 2.744681396484375e+02, 2.742132568359375e+02, 2.740072326660156e+02, 2.738408813476562e+02, 2.737366333007812e+02, 2.737002868652344e+02, 2.736661071777344e+02, 2.736340026855469e+02, 2.736038513183594e+02, 2.735755310058594e+02, 2.735489196777344e+02, 2.735239562988281e+02, 2.735005187988281e+02, 2.734785461425781e+02, 2.734579162597656e+02, 2.734385681152344e+02, 2.734204406738281e+02, 2.734034118652344e+02, 2.733874816894531e+02, 2.733724975585938e+02, 2.733584899902344e+02, 2.733453369140625e+02, 2.733330078125e+02, 2.733214416503906e+02, 2.733106079101562e+02, 2.733004455566406e+02, 2.732909240722656e+02, 2.732820129394531e+02, 2.732736511230469e+02, 2.732658081054688e+02, 2.732584533691406e+02, 2.732515869140625e+02, 2.732451477050781e+02, 2.732391052246094e+02, 2.732334594726562e+02, 2.732281494140625e+02, 2.732231750488281e+02, 2.732185363769531e+02]
oriChiTop.m_flow=[-4.225156083703041e-02, 2.16275192797184e-02, 2.162782847881317e-02, 2.162806130945683e-02, 2.162824757397175e-02, 2.162840031087399e-02, 2.162852510809898e-02, 2.162862196564674e-02, 2.162870205938816e-02, 2.162876538932323e-02, 2.162881568074226e-02, 2.16288547962904e-02, 2.162888646125793e-02, 2.162891067564487e-02, 2.162892930209637e-02, 2.162894420325756e-02, 2.162895537912846e-02, 6.601232104003429e-03, 6.601219065487385e-03, 6.601089611649513e-03, 6.600991822779179e-03, 6.600900553166866e-03, 6.600814405828714e-03, 6.600733380764723e-03, 6.600655149668455e-03, 6.600580643862486e-03, 6.60051079466939e-03, 6.600445602089167e-03, 6.600384134799242e-03, 6.600324995815754e-03, 6.600269116461277e-03, 6.600216962397099e-03, 6.600168067961931e-03, 6.600122898817062e-03, 6.600080989301205e-03, 6.600040476769209e-03, 6.60000229254365e-03, 6.599967367947102e-03, 6.59993477165699e-03, 6.599904969334602e-03, 6.599877960979939e-03, 6.599850486963987e-03, 6.599824875593185e-03, 6.599801126867533e-03, 6.599778775125742e-03, 6.599758751690388e-03, 6.599740125238895e-03, 6.599721498787403e-03, 6.599704269319773e-03, 6.599687971174717e-03, 6.599672604352236e-03, -2.009361982345581e-02, -2.03635785728693e-02, -2.058999985456467e-02, -2.077852003276348e-02, -2.093463949859142e-02, -2.106328308582306e-02, -2.116884663701057e-02, -2.125519141554832e-02, -2.132565155625343e-02, -2.138298377394676e-02, -2.142952010035515e-02, -2.146722376346588e-02, -2.149776555597782e-02, -2.152250148355961e-02, -2.154253609478474e-02, -2.15587243437767e-02, -6.388031877577305e-03, -6.401886697858572e-03, -6.414447911083698e-03, -6.426075473427773e-03, -6.437008269131184e-03, -6.447242107242346e-03, -6.456856150180101e-03, -6.465867161750793e-03, -6.474311463534832e-03, -6.482222117483616e-03, -6.489624734967947e-03, -6.496567744761705e-03, -6.503080017864704e-03, -6.509185768663883e-03, -6.514901295304298e-03, -6.520257331430912e-03, -6.525272969156504e-03, -6.529970560222864e-03, -6.534373387694359e-03, -6.538495887070894e-03, -6.54236227273941e-03, -6.545987445861101e-03, -6.549383513629436e-03, -6.552571430802345e-03, -6.555554457008839e-03, -6.558345165103674e-03, -6.560957990586758e-03, -6.563403178006411e-03, -6.565692834556103e-03, -6.56783813610673e-03, -6.569846998900175e-03, -6.57173153012991e-03, -6.573496852070093e-03, -6.575151812285185e-03]
oriBot.m_flow=[6.083666905760765e-02, -2.837248332798481e-02, -2.837217599153519e-02, -2.837194129824638e-02, -2.837175503373146e-02, -2.837160043418407e-02, -2.837147749960423e-02, -2.837137877941132e-02, -2.83712986856699e-02, -2.837123535573483e-02, -2.83711850643158e-02, -2.837114408612251e-02, -2.837111428380013e-02, -2.837108820676804e-02, -2.837106958031654e-02, -2.837105467915535e-02, -2.837104350328445e-02, 6.601233966648579e-03, 6.6011818125844e-03, 6.601093802601099e-03, 6.600992754101753e-03, 6.60089822486043e-03, 6.600810680538416e-03, 6.600729189813137e-03, 6.600651890039444e-03, 6.600578781217337e-03, 6.600509863346815e-03, 6.600444670766592e-03, 6.600383669137955e-03, 6.600324995815754e-03, 6.600270047783852e-03, 6.600218825042248e-03, 6.600171327590942e-03, 6.600127555429935e-03, 6.60008704289794e-03, 6.600046530365944e-03, 6.600007880479097e-03, 6.599972490221262e-03, 6.599938962608576e-03, 6.599908228963614e-03, 6.599879823625088e-03, 6.599852815270424e-03, 6.599827669560909e-03, 6.599804386496544e-03, 6.599783431738615e-03, 6.599764339625835e-03, 6.599747110158205e-03, 6.599728949368e-03, 6.599712185561657e-03, 6.599696353077888e-03, 6.599681451916695e-03, 2.990996651351452e-02, 2.963942289352417e-02, 2.94125284999609e-02, 2.922356314957142e-02, 2.906707115471363e-02, 2.893811464309692e-02, 2.883229218423367e-02, 2.87457350641489e-02, 2.867510542273521e-02, 2.861763164401054e-02, 2.857097797095776e-02, 2.853317931294441e-02, 2.85025592893362e-02, 2.84777469933033e-02, 2.845767885446548e-02, 2.844145148992538e-02, -6.387803703546524e-03, -6.401997059583664e-03, -6.414401344954967e-03, -6.426056381314993e-03, -6.436961703002453e-03, -6.447222083806992e-03, -6.456830073148012e-03, -6.465827580541372e-03, -6.474263966083527e-03, -6.482187192887068e-03, -6.489619612693787e-03, -6.496572867035866e-03, -6.503080017864704e-03, -6.509172264486551e-03, -6.514883134514093e-03, -6.520241964608431e-03, -6.525264121592045e-03, -6.529973819851875e-03, -6.534396205097437e-03, -6.538529880344868e-03, -6.542399991303682e-03, -6.546021904796362e-03, -6.549409125000238e-03, -6.55257934704423e-03, -6.555549800395966e-03, -6.558336317539215e-03, -6.560953333973885e-03, -6.563403643667698e-03, -6.565704010426998e-03, -6.567859556525946e-03, -6.569872610270977e-03, -6.571754347532988e-03, -6.573514081537724e-03, -6.575159728527069e-03]
oriChiBot.m_flow=[-4.225156083703041e-02, 2.16275192797184e-02, 2.162782661616802e-02, 2.162806130945683e-02, 2.162824757397175e-02, 2.162840031087399e-02, 2.162852324545383e-02, 2.162862196564674e-02, 2.162870205938816e-02, 2.162876538932323e-02, 2.162881568074226e-02, 2.16288547962904e-02, 2.162888646125793e-02, 2.162891067564487e-02, 2.162892930209637e-02, 2.162894420325756e-02, 2.162895537912846e-02, 6.601216271519661e-03, 6.601219531148672e-03, 6.601089611649513e-03, 6.600991822779179e-03, 6.600900553166866e-03, 6.600814405828714e-03, 6.600732915103436e-03, 6.600655149668455e-03, 6.600580643862486e-03, 6.60051079466939e-03, 6.600445136427879e-03, 6.600383669137955e-03, 6.600324530154467e-03, 6.600269116461277e-03, 6.600216962397099e-03, 6.600168067961931e-03, 6.600122898817062e-03, 6.600081454962492e-03, 6.600040476769209e-03, 6.600002758204937e-03, 6.599967367947102e-03, 6.59993477165699e-03, 6.59990543499589e-03, 6.599877960979939e-03, 6.599850486963987e-03, 6.599824875593185e-03, 6.599801126867533e-03, 6.599779240787029e-03, 6.599758751690388e-03, 6.599740590900183e-03, 6.59972196444869e-03, 6.599704269319773e-03, 6.599688436836004e-03, 6.599673070013523e-03, -2.009356766939163e-02, -2.036358788609505e-02, -2.058994583785534e-02, -2.077847346663475e-02, -2.093459479510784e-02, -2.106325142085552e-02, -2.116881869733334e-02, -2.125517092645168e-02, -2.132563479244709e-02, -2.138296887278557e-02, -2.142950892448425e-02, -2.146721445024014e-02, -2.149775810539722e-02, -2.152249403297901e-02, -2.154253050684929e-02, -2.15587206184864e-02, -6.387988105416298e-03, -6.402156315743923e-03, -6.414431147277355e-03, -6.426072679460049e-03, -6.437003146857023e-03, -6.447250954806805e-03, -6.456855684518814e-03, -6.465870887041092e-03, -6.474314723163843e-03, -6.482216529548168e-03, -6.489628460258245e-03, -6.496569141745567e-03, -6.50307908654213e-03, -6.509184837341309e-03, -6.514898501336575e-03, -6.520256400108337e-03, -6.525272503495216e-03, -6.529969163239002e-03, -6.534370128065348e-03, -6.538493558764458e-03, -6.542361341416836e-03, -6.545988842844963e-03, -6.549384910613298e-03, -6.552570965141058e-03, -6.555553060024977e-03, -6.558344699442387e-03, -6.560959853231907e-03, -6.563404574990273e-03, -6.56569330021739e-03, -6.567836739122868e-03, -6.5698460675776e-03, -6.571732461452484e-03, -6.573498249053955e-03, -6.575152743607759e-03]
con.u_s=[2.931499938964844e+02, 2.931499938964844e+02]
con.u_m=[2.931499938964844e+02, 2.93150390625e+02, 2.931499633789062e+02, 2.931499938964844e+02, 2.931499938964844e+02, 2.931499938964844e+02, 2.931499938964844e+02, 2.931499938964844e+02, 2.931499938964844e+02, 2.931499938964844e+02, 2.931499938964844e+02, 2.931499938964844e+02, 2.931499938964844e+02, 2.931499938964844e+02, 2.931499938964844e+02, 2.931499938964844e+02, 2.931499938964844e+02, 2.931416320800781e+02, 2.931410217285156e+02, 2.931410827636719e+02, 2.931410827636719e+02, 2.931410827636719e+02, 2.931410827636719e+02, 2.931410827636719e+02, 2.931410827636719e+02, 2.931410827636719e+02, 2.931410827636719e+02, 2.931410827636719e+02, 2.931410827636719e+02, 2.931410827636719e+02, 2.931410827636719e+02, 2.931410827636719e+02, 2.931410827636719e+02, 2.931410827636719e+02, 2.931410827636719e+02, 2.931410827636719e+02, 2.931410827636719e+02, 2.931410827636719e+02, 2.931410827636719e+02, 2.931410827636719e+02, 2.931410827636719e+02, 2.931410827636719e+02, 2.931410827636719e+02, 2.931410827636719e+02, 2.931410827636719e+02, 2.931410827636719e+02, 2.931410827636719e+02, 2.931410827636719e+02, 2.931410827636719e+02, 2.931410827636719e+02, 2.931410827636719e+02, 2.931054382324219e+02, 2.931015319824219e+02, 2.930982055664062e+02, 2.930954284667969e+02, 2.930930786132812e+02, 2.930911560058594e+02, 2.930895690917969e+02, 2.930882568359375e+02, 2.930871887207031e+02, 2.930863037109375e+02, 2.930856018066406e+02, 2.930850219726562e+02, 2.930845642089844e+02, 2.930841674804688e+02, 2.930838623046875e+02, 2.930836181640625e+02, 2.931362915039062e+02, 2.931416015625e+02, 2.931415710449219e+02, 2.931415405273438e+02, 2.931415100097656e+02, 2.931414794921875e+02, 2.931414489746094e+02, 2.931414184570312e+02, 2.931413879394531e+02, 2.931413879394531e+02, 2.93141357421875e+02, 2.93141357421875e+02, 2.931413269042969e+02, 2.931413269042969e+02, 2.931412963867188e+02, 2.931412963867188e+02, 2.931412658691406e+02, 2.931412658691406e+02, 2.931412353515625e+02, 2.931412353515625e+02, 2.931412353515625e+02, 2.931412048339844e+02, 2.931412048339844e+02, 2.931412048339844e+02, 2.931412048339844e+02, 2.931411743164062e+02, 2.931411743164062e+02, 2.931411743164062e+02, 2.931411743164062e+02, 2.931411743164062e+02, 2.931411437988281e+02, 2.931411437988281e+02, 2.931411437988281e+02, 2.931411437988281e+02]
con.y=[0e+00, -1.955283805727959e-03, 1.600845571374521e-04, 8.566604083171114e-05, -3.121908775938209e-07, -1.288330895476975e-05, -3.854021997540258e-06, -2.345490202060311e-07, 1.227888901667029e-07, 1.845594965743658e-07, 5.233431465967442e-08, -1.392075432704587e-07, -2.38179893585766e-07, -5.661377144861035e-08, -5.497554411704184e-08, -2.351157490920741e-08, 4.132516551180743e-10, 4.185224696993828e-02, 4.491745308041573e-02, 4.464266449213028e-02, 4.463014751672745e-02, 4.462666064500809e-02, 4.462526738643646e-02, 4.46244478225708e-02, 4.462399333715439e-02, 4.462375864386559e-02, 4.462327435612679e-02, 4.462284594774246e-02, 4.462246969342232e-02, 4.462207108736038e-02, 4.462168738245964e-02, 4.462133347988129e-02, 4.462100565433502e-02, 4.462070763111115e-02, 4.462043568491936e-02, 4.462016001343727e-02, 4.461989924311638e-02, 4.461965709924698e-02, 4.461943358182907e-02, 4.461922869086266e-02, 4.461904242634773e-02, 4.461885616183281e-02, 4.461868107318878e-02, 4.461852088570595e-02, 4.461837559938431e-02, 4.461824148893356e-02, 4.461812227964401e-02, 4.461799561977386e-02, 4.461788013577461e-02, 4.461776837706566e-02, 4.46176677942276e-02, 2.228254377841949e-01, 2.422872632741928e-01, 2.589519023895264e-01, 2.729061245918274e-01, 2.845490574836732e-01, 2.942090928554535e-01, 3.02171379327774e-01, 3.087080717086792e-01, 3.140575885772705e-01, 3.184224963188171e-01, 3.219726383686066e-01, 3.248534202575684e-01, 3.271902799606323e-01, 3.290867507457733e-01, 3.306203484535217e-01, 3.318611085414886e-01, 6.847590953111649e-02, 4.198870807886124e-02, 4.210095480084419e-02, 4.237039014697075e-02, 4.251402243971825e-02, 4.264139756560326e-02, 4.276419803500175e-02, 4.287971928715706e-02, 4.298829659819603e-02, 4.30898554623127e-02, 4.318514093756676e-02, 4.327460750937462e-02, 4.335861280560493e-02, 4.343747347593307e-02, 4.351140931248665e-02, 4.35808077454567e-02, 4.364587366580963e-02, 4.370688647031784e-02, 4.37641330063343e-02, 4.381777718663216e-02, 4.386810585856438e-02, 4.391532391309738e-02, 4.395958781242371e-02, 4.400114342570305e-02, 4.404006898403168e-02, 4.407652840018272e-02, 4.411070048809052e-02, 4.414268583059311e-02, 4.417265579104424e-02, 4.420073702931404e-02, 4.422704875469208e-02, 4.425173997879028e-02, 4.427487030625343e-02, 4.429655522108078e-02]
