last-generated=2023-02-27
statistics-initialization=
{
  "nonlinear": "0, 6, 1, 1, 1, 0, 1",
  "numerical Jacobians": "0"
}
statistics-simulation=
{
  "linear": "24",
  "nonlinear": "0, 7, 1, 1, 1, 0, 1",
  "number of continuous time states": "8",
  "numerical Jacobians": "0"
}
time=[0e+00, 1e+03]
pmpNorth.m_flow=[0e+00, 5.476596832275391e+00, 5.134872913360596e+00, 5.241343975067139e+00, 5.336724281311035e+00, 5.42204475402832e+00, 5.49827766418457e+00, 5.566323757171631e+00, 5.627006530761719e+00, 5.681071281433105e+00, 5.729185581207275e+00, 5.771944522857666e+00, 5.809875011444092e+00, 5.843441009521484e+00, 5.873049736022949e+00, 5.899054527282715e+00, 5.921764373779297e+00, 5.941442966461182e+00, 5.95831823348999e+00, 5.972582340240479e+00, 5.984394550323486e+00, 5.993887424468994e+00, 6.001165390014648e+00, 6.006308555603027e+00, 6.009371757507324e+00, 6.01038932800293e+00, 6.009371757507324e+00, 6.842513561248779e+00, 6.83491849899292e+00, 6.824180126190186e+00, 6.810193061828613e+00, 6.792816638946533e+00, 6.771877288818359e+00, 6.747164249420166e+00, 6.718426704406738e+00, 6.685370445251465e+00, 6.647656440734863e+00, 6.60489559173584e+00, 6.556644916534424e+00, 6.502403736114502e+00, 6.441612243652344e+00, 6.373644828796387e+00, 6.297811508178711e+00, 6.213356971740723e+00, 6.119462966918945e+00, 6.01525354385376e+00, 5.899808406829834e+00, 5.772178649902344e+00, 5.63141393661499e+00, 5.476596832275391e+00, 5.306889057159424e+00, 2.150053545575334e-14, -2.253496160129365e-22, -9.023134922147045e-23, 3.04508986885268e-23, 1.310456493059614e-22, 1.865674342420694e-22, -3.650789262567132e-23, -6.234955908652589e-23, 9.752325757408416e-23, 1.150358623849075e-22, 4.676456429660267e-23, -1.158001561893877e-24, -2.391030146204559e-23, -2.233654131106958e-23, -1.919831379058108e-23, -1.527802534587457e-23, -1.124549698271231e-23, -7.6000177006704e-24, -4.64637416567275e-24, -1.835608526183051e-24, -5.278354105457233e-25, -9.434676586234984e-26, -3.874463372973778e-27, 8.298411314671751e-28, 1.643007525364659e-29, 3.049465473834251e-27, 2.482538383502056e-18, 1.039679093296776e-17, 2.681455675281511e-17, 5.130387240779671e-17, 7.767167056613316e-17, 9.175137647019426e-17, 6.958271106064651e-17, -2.385866322980382e-17, -2.35237143078517e-16, -6.226487314498342e-16, -1.254632083615766e-15, -2.208508813924658e-15, -3.495159484100466e-15, -4.439444095677295e-15, -5.520043413521653e-15, -6.734582780765913e-15, -8.077683961711483e-15, -9.541203581603461e-15, -1.111449443629486e-14, -1.278470195377815e-14, -1.4537089454837e-14, -1.635540153018065e-14, -1.822227231032449e-14, -2.011965660536023e-14]
pmpSouth.m_flow=[0e+00, 5.018579483032227e+00, 4.728241920471191e+00, 4.816676616668701e+00, 4.896131038665771e+00, 4.967477321624756e+00, 5.03151273727417e+00, 5.0889573097229e+00, 5.140457153320312e+00, 5.186590671539307e+00, 5.227871894836426e+00, 5.26475715637207e+00, 5.297648906707764e+00, 5.326901435852051e+00, 5.352827072143555e+00, 5.375698089599609e+00, 5.395751476287842e+00, 5.413193225860596e+00, 5.42819881439209e+00, 5.440918922424316e+00, 5.451479434967041e+00, 5.459983825683594e+00, 5.466514587402344e+00, 5.471135139465332e+00, 5.47389030456543e+00, 5.474805355072021e+00, 5.47389030456543e+00, 6.153408050537109e+00, 6.146831035614014e+00, 6.137541770935059e+00, 6.125458240509033e+00, 6.110471248626709e+00, 6.092447757720947e+00, 6.071224689483643e+00, 6.046609878540039e+00, 6.018378257751465e+00, 5.986271858215332e+00, 5.949994087219238e+00, 5.90920877456665e+00, 5.863537311553955e+00, 5.812554359436035e+00, 5.75578498840332e+00, 5.692702770233154e+00, 5.622726440429688e+00, 5.545217514038086e+00, 5.459481716156006e+00, 5.36476993560791e+00, 5.260281085968018e+00, 5.145174026489258e+00, 5.018579483032227e+00, 4.879621982574463e+00, 1.0851352639802e-14, 1.814527251898805e-22, 2.139441009621828e-22, 2.405073826692538e-22, 2.18939395405983e-22, -1.19864940680534e-22, -1.604510895694605e-22, -1.232448751823822e-22, -7.777923031965472e-23, -4.774147070896664e-23, -2.96504509943299e-23, -1.580569598309871e-23, -5.432652340290068e-24, 2.124630990207473e-24, 6.031755515773334e-24, 7.234510044288917e-24, 6.688384795048031e-24, 5.243292196448553e-24, 3.560366317964445e-24, 1.40790914679382e-24, 3.926761492168108e-25, 6.437680608545235e-26, 5.004658960761479e-28, -8.761948948511732e-28, -1.515023161102497e-29, -2.700915294730915e-27, -2.025744433831898e-18, -7.281725526224731e-18, -1.439170685058753e-17, -1.476130769188847e-17, 1.05588554673016e-17, 9.345024001225567e-17, 2.801110163301389e-16, 6.308369989509416e-16, 1.21803496633846e-15, 2.122752445487554e-15, 3.430492965500573e-15, 5.227333390906037e-15, 7.440871039438544e-15, 8.566205131842718e-15, 9.592505826119813e-15, 1.046487861102417e-14, 1.112951825968031e-14, 1.153391974078677e-14, 1.162707727135875e-14, 1.135994171451958e-14, 1.068620577904288e-14, 9.563363657569528e-15, 7.953887555371426e-15, 5.826378384610328e-15]
