last-generated=2023-02-27
statistics-initialization=
{
  "nonlinear": "0, 5, 1, 1, 1, 0, 1",
  "numerical Jacobians": "0"
}
statistics-simulation=
{
  "linear": "24",
  "nonlinear": "0, 7, 1, 1, 1, 0, 1",
  "number of continuous time states": "74",
  "numerical Jacobians": "0"
}
time=[0e+00, 1e+03]
pmpNorth.m_flow=[0e+00, 3.935694694519043e+00, 5.780088901519775e+00, 5.809628009796143e+00, 5.690308094024658e+00, 5.605491638183594e+00, 5.558385372161865e+00, 5.541784286499023e+00, 5.548910140991211e+00, 5.573415756225586e+00, 5.608281135559082e+00, 5.646454334259033e+00, 5.681900978088379e+00, 5.722446441650391e+00, 5.763363361358643e+00, 5.80137825012207e+00, 5.835394382476807e+00, 5.86548376083374e+00, 5.891913414001465e+00, 5.914973735809326e+00, 5.934949398040771e+00, 5.952085494995117e+00, 5.966587543487549e+00, 5.978624820709229e+00, 5.988332748413086e+00, 5.995812892913818e+00, 6.001138687133789e+00, 6.390843391418457e+00, 6.807214260101318e+00, 6.981059551239014e+00, 7.00062370300293e+00, 6.958029747009277e+00, 6.904763221740723e+00, 6.857846260070801e+00, 6.819075584411621e+00, 6.785080909729004e+00, 6.752754211425781e+00, 6.716750144958496e+00, 6.678942680358887e+00, 6.64121150970459e+00, 6.599546909332275e+00, 6.552430152893066e+00, 6.499234676361084e+00, 6.439406871795654e+00, 6.372365474700928e+00, 6.297487258911133e+00, 6.214086532592773e+00, 6.121401786804199e+00, 6.018585205078125e+00, 5.904732704162598e+00, 5.778931617736816e+00, 4.472186088562012e+00, 1.75549304485321e+00, 5.358253121376038e-01, 1.00391112267971e-01, 8.467714302241802e-03, 1.299493247643113e-03, 4.689012712333351e-05, 3.115637809969485e-05, 1.370509153275634e-06, 7.031709969851363e-07, 4.899915850842262e-08, -3.874980336604494e-08, 1.826002637983493e-08, 7.572450222426141e-09, -4.256536789704057e-10, -1.653650660848882e-09, -6.088691772987431e-10, 3.088922728711196e-10, 2.946381749691085e-10, 5.147022738571927e-11, -7.36194612216412e-12, -1.125870143642294e-11, -4.23298809199002e-12, -1.176399061816175e-15, 7.093139552279137e-13, 1.806260355044845e-13, 7.53879482440472e-15, 4.626388608180174e-16, 5.883708565565594e-17, 1.794755281752231e-17, 2.74308906815896e-17, -3.381872513322013e-18, -1.216111275105907e-16, -1.563398224551518e-16, -1.457466431283323e-16, -3.381916023022233e-17, 2.590327073168341e-16, 8.371421435292119e-16, 1.528947726990571e-15, 1.414929786630972e-15, 9.822426990421362e-16, 1.08950168705956e-16, -1.337515739812257e-15, -3.496714213075151e-15, -3.00369974491697e-15, -1.859441877679951e-15, -1.32844094645273e-16, 2.262290747394096e-15, 5.406071318820324e-15, 9.37029181460533e-15]
pmpSouth.m_flow=[0e+00, 3.5414719581604e+00, 5.228466987609863e+00, 5.277988433837891e+00, 5.183835983276367e+00, 5.115225791931152e+00, 5.077226161956787e+00, 5.06441068649292e+00, 5.071340560913086e+00, 5.092803955078125e+00, 5.122973918914795e+00, 5.155311584472656e+00, 5.186252117156982e+00, 5.221734523773193e+00, 5.25726842880249e+00, 5.290267944335938e+00, 5.319891452789307e+00, 5.346207141876221e+00, 5.369419574737549e+00, 5.389754295349121e+00, 5.407434463500977e+00, 5.422652244567871e+00, 5.435569286346436e+00, 5.446318626403809e+00, 5.45500659942627e+00, 5.461711406707764e+00, 5.466491222381592e+00, 5.778141498565674e+00, 6.105733871459961e+00, 6.243762016296387e+00, 6.263370037078857e+00, 6.234063148498535e+00, 6.194870948791504e+00, 6.159194946289062e+00, 6.128785610198975e+00, 6.101338863372803e+00, 6.074633121490479e+00, 6.043806076049805e+00, 6.012736320495605e+00, 5.980950355529785e+00, 5.945620536804199e+00, 5.905761241912842e+00, 5.860937118530273e+00, 5.810739517211914e+00, 5.754732131958008e+00, 5.692440032958984e+00, 5.623334407806396e+00, 5.546818733215332e+00, 5.462220668792725e+00, 5.368805885314941e+00, 5.265806198120117e+00, 4.085364818572998e+00, 1.60465133190155e+00, 4.9323970079422e-01, 8.851920813322067e-02, 7.482011802494526e-03, 1.150930533185601e-03, 4.166276630712673e-05, 2.779954593279399e-05, 1.229342501574138e-06, 6.348298029479338e-07, 4.457613300701269e-08, -3.556190364406575e-08, 1.692120932261787e-08, 7.090418918664909e-09, -4.028263556055123e-10, -1.5814479725762e-09, -5.88042559090951e-10, 3.009637539186372e-10, 2.892288075706517e-10, 5.082979523396425e-11, -7.303490277832392e-12, -1.12054809875417e-11, -4.222007726067956e-12, -1.17487683773084e-15, 7.089022294529124e-13, 1.805828707054924e-13, 7.537730103990021e-15, 4.606472746007857e-16, 5.257643022320544e-17, -1.798134728144816e-18, -1.137309814789369e-17, 1.392734585267373e-17, 8.817020057854189e-17, -1.094530018741597e-17, -3.22238438189848e-16, -6.284179257931425e-16, -5.94634599027056e-16, -3.377643138850029e-16, -4.241571415551847e-17, -6.253062973218446e-16, -1.556650151288759e-15, -2.918388915810121e-15, -4.791117775817177e-15, -7.253032166022483e-15, -7.03198451887637e-15, -6.131873099015327e-15, -4.625111176616596e-15, -2.43373000416013e-15, 5.149101110260275e-16, 4.286702879463663e-15]
