last-generated=2017-12-20
statistics-simulation=
{
  "numerical Jacobians": "0", 
  "nonlinear": " ", 
  "number of continuous time states": "6", 
  "linear": " "
}
TSet.y=[3.131499938964844e+02, 3.131499938964844e+02, 3.131499938964844e+02, 3.131499938964844e+02, 3.131499938964844e+02, 3.131499938964844e+02, 3.131499938964844e+02, 3.131499938964844e+02, 3.131499938964844e+02, 3.131499938964844e+02, 3.131499938964844e+02, 3.131499938964844e+02, 3.131499938964844e+02, 3.131499938964844e+02, 3.131499938964844e+02, 3.131499938964844e+02, 2.931499938964844e+02, 2.931499938964844e+02, 2.931499938964844e+02, 2.931499938964844e+02, 2.931499938964844e+02, 2.931499938964844e+02, 2.931499938964844e+02, 2.931499938964844e+02, 2.931499938964844e+02, 2.931499938964844e+02, 2.931499938964844e+02, 2.931499938964844e+02, 2.931499938964844e+02, 2.931499938964844e+02, 2.931499938964844e+02, 3.131499938964844e+02, 3.131499938964844e+02, 3.131499938964844e+02, 3.131499938964844e+02, 3.131499938964844e+02, 3.131499938964844e+02, 3.131499938964844e+02, 3.131499938964844e+02, 3.131499938964844e+02, 3.131499938964844e+02, 3.131499938964844e+02, 3.131499938964844e+02, 3.131499938964844e+02, 3.131499938964844e+02, 3.131499938964844e+02, 2.931499938964844e+02, 2.931499938964844e+02, 2.931499938964844e+02, 2.931499938964844e+02, 2.931499938964844e+02, 2.931499938964844e+02, 2.931499938964844e+02, 2.931499938964844e+02, 2.931499938964844e+02, 2.931499938964844e+02, 2.931499938964844e+02, 2.931499938964844e+02, 2.931499938964844e+02, 2.931499938964844e+02, 2.931499938964844e+02, 3.131499938964844e+02, 3.131499938964844e+02, 3.131499938964844e+02, 3.131499938964844e+02, 3.131499938964844e+02, 3.131499938964844e+02, 3.131499938964844e+02, 3.131499938964844e+02, 3.131499938964844e+02, 3.131499938964844e+02, 3.131499938964844e+02, 3.131499938964844e+02, 3.131499938964844e+02, 3.131499938964844e+02, 3.131499938964844e+02, 2.931499938964844e+02, 2.931499938964844e+02, 2.931499938964844e+02, 2.931499938964844e+02, 2.931499938964844e+02, 2.931499938964844e+02, 2.931499938964844e+02, 2.931499938964844e+02, 2.931499938964844e+02, 2.931499938964844e+02, 2.931499938964844e+02, 2.931499938964844e+02, 2.931499938964844e+02, 2.931499938964844e+02, 2.931499938964844e+02, 3.131499938964844e+02, 3.131499938964844e+02, 3.131499938964844e+02, 3.131499938964844e+02, 3.131499938964844e+02, 3.131499938964844e+02, 3.131499938964844e+02, 3.131499938964844e+02, 3.131499938964844e+02, 3.131499938964844e+02]
plaWitRes.temSen.T=[2.931499938964844e+02, 3.484119262695312e+02, 3.289948425292969e+02, 3.152755737304688e+02, 3.1324658203125e+02, 3.131661071777344e+02, 3.131565246582031e+02, 3.131491088867188e+02, 3.13151611328125e+02, 3.131541442871094e+02, 3.131526489257812e+02, 3.131500244140625e+02, 3.131480407714844e+02, 3.131465454101562e+02, 3.131508483886719e+02, 3.13150634765625e+02, 3.071614685058594e+02, 3.018227233886719e+02, 2.984936828613281e+02, 2.9644189453125e+02, 2.951779174804688e+02, 2.943992614746094e+02, 2.939195861816406e+02, 2.936241149902344e+02, 2.934420776367188e+02, 2.933299255371094e+02, 2.932608337402344e+02, 2.932182922363281e+02, 2.931920776367188e+02, 2.931759033203125e+02, 2.931659545898438e+02, 3.307987670898438e+02, 3.174598999023438e+02, 3.132898559570312e+02, 3.131556701660156e+02, 3.131573181152344e+02, 3.131554870605469e+02, 3.131506958007812e+02, 3.131487426757812e+02, 3.131498107910156e+02, 3.131466369628906e+02, 3.131553649902344e+02, 3.131549987792969e+02, 3.131548156738281e+02, 3.131477966308594e+02, 3.131487426757812e+02, 3.07336181640625e+02, 3.019346313476562e+02, 2.98562744140625e+02, 2.964844360351562e+02, 2.952041015625e+02, 2.944154052734375e+02, 2.939295349121094e+02, 2.936302185058594e+02, 2.934458312988281e+02, 2.933322448730469e+02, 2.932622680664062e+02, 2.932191772460938e+02, 2.931925964355469e+02, 2.931762390136719e+02, 2.931661682128906e+02, 3.307985229492188e+02, 3.17459716796875e+02, 3.132897338867188e+02, 3.131548461914062e+02, 3.1315771484375e+02, 3.131468811035156e+02, 3.131479797363281e+02, 3.1314990234375e+02, 3.131544494628906e+02, 3.13146728515625e+02, 3.131521911621094e+02, 3.131552734375e+02, 3.131539001464844e+02, 3.131476440429688e+02, 3.131505432128906e+02, 3.0734814453125e+02, 3.019422607421875e+02, 2.985674438476562e+02, 2.964873352050781e+02, 2.952059020996094e+02, 2.9441650390625e+02, 2.939302062988281e+02, 2.936306457519531e+02, 2.934461059570312e+02, 2.933323974609375e+02, 2.932623596191406e+02, 2.9321923828125e+02, 2.931926574707031e+02, 2.9317626953125e+02, 2.931661987304688e+02, 3.307984924316406e+02, 3.17459716796875e+02, 3.132894592285156e+02, 3.131565246582031e+02, 3.131574096679688e+02, 3.131500854492188e+02, 3.131461791992188e+02, 3.131539001464844e+02, 3.131545104980469e+02, 3.131510009765625e+02]
plaNoRes.temSen.T=[2.931499938964844e+02, 3.484119262695312e+02, 3.289948425292969e+02, 3.152755737304688e+02, 3.1324658203125e+02, 3.131661071777344e+02, 3.131565246582031e+02, 3.131491088867188e+02, 3.13151611328125e+02, 3.131541442871094e+02, 3.131526489257812e+02, 3.131500244140625e+02, 3.131480407714844e+02, 3.131465454101562e+02, 3.131508483886719e+02, 3.13150634765625e+02, 3.071614685058594e+02, 3.018227233886719e+02, 2.984936828613281e+02, 2.9644189453125e+02, 2.951779174804688e+02, 2.943992614746094e+02, 2.939195861816406e+02, 2.936241149902344e+02, 2.934420776367188e+02, 2.933299255371094e+02, 2.932608337402344e+02, 2.932182922363281e+02, 2.931920776367188e+02, 2.931759033203125e+02, 2.931659545898438e+02, 3.48400634765625e+02, 3.289869995117188e+02, 3.152706909179688e+02, 3.132466125488281e+02, 3.131649780273438e+02, 3.131571655273438e+02, 3.131465148925781e+02, 3.13150390625e+02, 3.131521606445312e+02, 3.131536254882812e+02, 3.131471252441406e+02, 3.13146240234375e+02, 3.131499633789062e+02, 3.131531982421875e+02, 3.131538696289062e+02, 3.071864929199219e+02, 3.018386840820312e+02, 2.985035705566406e+02, 2.964479675292969e+02, 2.95181640625e+02, 2.944015808105469e+02, 2.939210205078125e+02, 2.936249694824219e+02, 2.934425964355469e+02, 2.933302612304688e+02, 2.932610473632812e+02, 2.932184143066406e+02, 2.93192138671875e+02, 2.931759643554688e+02, 2.931659851074219e+02, 3.484000549316406e+02, 3.289866027832031e+02, 3.152704772949219e+02, 3.132475891113281e+02, 3.131650085449219e+02, 3.131573486328125e+02, 3.131481323242188e+02, 3.131541442871094e+02, 3.131474609375e+02, 3.131551208496094e+02, 3.131533203125e+02, 3.131466979980469e+02, 3.131510620117188e+02, 3.131545715332031e+02, 3.131524047851562e+02, 3.0716552734375e+02, 3.018252868652344e+02, 2.984952697753906e+02, 2.9644287109375e+02, 2.951784973144531e+02, 2.943996276855469e+02, 2.939198303222656e+02, 2.936242370605469e+02, 2.93442138671875e+02, 2.933299865722656e+02, 2.932608642578125e+02, 2.932182922363281e+02, 2.931920776367188e+02, 2.931759338378906e+02, 2.931659851074219e+02, 3.484002990722656e+02, 3.289867858886719e+02, 3.152705688476562e+02, 3.132461853027344e+02, 3.13165283203125e+02, 3.131551208496094e+02, 3.131540832519531e+02, 3.131526184082031e+02, 3.131544799804688e+02, 3.131531372070312e+02]
time=[0e+00, 6e+02]
conWitRes.conPID.trigger=[1e+00, 1e+00, 1e+00, 1e+00, 1e+00, 1e+00, 1e+00, 1e+00, 1e+00, 1e+00, 1e+00, 1e+00, 1e+00, 1e+00, 1e+00, 1e+00, 0e+00, 0e+00, 0e+00, 0e+00, 0e+00, 0e+00, 0e+00, 0e+00, 0e+00, 0e+00, 0e+00, 0e+00, 0e+00, 0e+00, 0e+00, 1e+00, 1e+00, 1e+00, 1e+00, 1e+00, 1e+00, 1e+00, 1e+00, 1e+00, 1e+00, 1e+00, 1e+00, 1e+00, 1e+00, 1e+00, 0e+00, 0e+00, 0e+00, 0e+00, 0e+00, 0e+00, 0e+00, 0e+00, 0e+00, 0e+00, 0e+00, 0e+00, 0e+00, 0e+00, 0e+00, 1e+00, 1e+00, 1e+00, 1e+00, 1e+00, 1e+00, 1e+00, 1e+00, 1e+00, 1e+00, 1e+00, 1e+00, 1e+00, 1e+00, 1e+00, 0e+00, 0e+00, 0e+00, 0e+00, 0e+00, 0e+00, 0e+00, 0e+00, 0e+00, 0e+00, 0e+00, 0e+00, 0e+00, 0e+00, 0e+00, 1e+00, 1e+00, 1e+00, 1e+00, 1e+00, 1e+00, 1e+00, 1e+00, 1e+00, 1e+00]
conWitRes.conPID.controlError=[2e+01, -3.526193237304688e+01, -1.584483337402344e+01, -2.125560283660889e+00, -9.658388793468475e-02, -1.609850116074085e-02, -6.536549422889948e-03, 8.833190659060913e-04, -1.602646778337657e-03, -4.13109827786684e-03, -2.645181026309729e-03, -1.449801311537158e-05, 1.967960735782981e-03, 3.458639606833458e-03, -8.438975783068686e-04, -6.372140487655997e-04, -1.401147365570068e+01, -8.672712326049794e+00, -5.343696594238281e+00, -3.291891098022461e+00, -2.027913570404053e+00, -1.249270439147949e+00, -7.69601047039032e-01, -4.74105566740036e-01, -2.920680940151215e-01, -1.799258589744568e-01, -1.108416542410851e-01, -6.828296184539795e-02, -4.206508025526991e-02, -2.591483294963837e-02, -1.596858911216259e-02, -1.764875411987305e+01, -4.309891223907471e+00, -1.398469507694244e-01, -5.659324582669785e-03, -7.32693774625659e-03, -5.479014944285154e-03, -6.985532818362117e-04, 1.250847126357257e-03, 1.929314312292263e-04, 3.374573541805148e-03, -5.361696239558829e-03, -5.001690238714218e-03, -4.806727170944214e-03, 2.1882732398808e-03, 1.255363575182855e-03, -1.418618583679199e+01, -8.784623146057129e+00, -5.412744045257568e+00, -3.33442234992981e+00, -2.054100513458252e+00, -1.265407919883728e+00, -7.795407176017761e-01, -4.802280068397522e-01, -2.958397269248962e-01, -1.822490096092224e-01, -1.122725978493685e-01, -6.916440278291734e-02, -4.260816425085068e-02, -2.625205367803574e-02, -1.6174690797925e-02, -1.764850997924805e+01, -4.309729099273682e+00, -1.397361606359482e-01, -4.840534180402756e-03, -7.721696514636278e-03, 3.119856351986527e-03, 2.022710861638188e-03, 1.09069726023093e-04, -4.441044293341951e-03, 3.280510893091559e-03, -2.195640932768583e-03, -5.274197086691856e-03, -3.900400130078197e-03, 2.360761864110827e-03, -5.427151336334646e-04, -1.419814682006836e+01, -8.792255401611328e+00, -5.417452335357666e+00, -3.337322950363159e+00, -2.055887222290039e+00, -1.266508698463434e+00, -7.802188396453893e-01, -4.806457459926605e-01, -2.96097069978714e-01, -1.82407557964325e-01, -1.123702600598335e-01, -6.922456622123718e-02, -4.264522716403008e-02, -2.627489529550076e-02, -1.618876121938229e-02, -1.764849281311035e+01, -4.309717178344727e+00, -1.394569724798203e-01, -6.516608875244856e-03, -7.421079557389021e-03, -9.430032514501363e-05, 3.823810024186969e-03, -3.9068553596735e-03, -4.507916979491711e-03, -9.863596642389894e-04]
conNoRes.conPID.controlError=[2e+01, -3.526193237304688e+01, -1.584483337402344e+01, -2.125560283660889e+00, -9.658388793468475e-02, -1.609850116074085e-02, -6.536549422889948e-03, 8.833190659060913e-04, -1.602646778337657e-03, -4.13109827786684e-03, -2.645181026309729e-03, -1.449801311537158e-05, 1.967960735782981e-03, 3.458639606833458e-03, -8.438975783068686e-04, -6.372140487655997e-04, -1.401147365570068e+01, -8.672712326049794e+00, -5.343696594238281e+00, -3.291891098022461e+00, -2.027913570404053e+00, -1.249270439147949e+00, -7.69601047039032e-01, -4.74105566740036e-01, -2.920680940151215e-01, -1.799258589744568e-01, -1.108416542410851e-01, -6.828296184539795e-02, -4.206508025526991e-02, -2.591483294963837e-02, -1.596858911216259e-02, -3.52506217956543e+01, -1.583699512481689e+01, -2.120701789855957e+00, -9.660120308398203e-02, -1.49712897837162e-02, -7.160636130720377e-03, 3.481349674984813e-03, -3.86065716156736e-04, -2.16946448199451e-03, -3.628521226346493e-03, 2.871840260921042e-03, 3.748683026060462e-03, 4.732158049591817e-05, -3.196737496182323e-03, -3.866115119308233e-03, -1.403650760650635e+01, -8.688695907592773e+00, -5.353559017181396e+00, -3.29796028137207e+00, -2.031638860702515e+00, -1.251570701599121e+00, -7.710164785385132e-01, -4.749766886234283e-01, -2.926047146320343e-01, -1.80256113409996e-01, -1.110448911786074e-01, -6.840808689594301e-02, -4.214224219322205e-02, -2.596498653292656e-02, -1.599781960248947e-02, -3.525004196166992e+01, -1.583661365509033e+01, -2.120465040206909e+00, -9.758841246366501e-02, -1.500785350799561e-02, -7.338407449424267e-03, 1.86141231097281e-03, -4.143339116122478e-03, 2.538251923395481e-03, -5.133880767971277e-03, -3.3200744073838e-03, 3.293202258646488e-03, -1.054580206982791e-03, -4.579757805913687e-03, -2.393558621406555e-03, -1.401551532745361e+01, -8.675274848937988e+00, -5.345278739929199e+00, -3.292859315872192e+00, -2.028496503829956e+00, -1.2496348619461e+00, -7.698239088058507e-01, -4.742420613765717e-01, -2.921521365642548e-01, -1.799773126840591e-01, -1.108731403946877e-01, -6.830228120088577e-02, -4.207706078886986e-02, -2.592483162879944e-02, -1.597307622432709e-02, -3.525028610229492e+01, -1.583677577972412e+01, -2.120564222335815e+00, -9.618521481752396e-02, -1.528322510421276e-02, -5.112651735544205e-03, -4.085924942046404e-03, -2.620579907670617e-03, -4.4927136041224e-03, -3.145310329273343e-03]
