last-generated=2018-09-18
statistics-initialization=
{
  "nonlinear": "7, 7, 7, 7",
  "numerical Jacobians": "0"
}
statistics-simulation=
{
  "linear": "0, 0, 0, 0, 0, 5, 0, 0, 0, 0, 0, 0, 0, 0, 0, 0, 0, 0, 5, 0, 0, 0, 0, 0, 0, 0, 0,   0, 0, 0, 0, 5, 0, 0, 0, 0, 0, 0, 0, 0, 0, 0, 0, 0, 5, 0, 0, 0, 0, 0, 0, 0",
  "nonlinear": "1",
  "number of continuous time states": "124",
  "numerical Jacobians": "0"
}
zoneBlock.intGaiLig.ctrl=[1e+00, 1.309016942977905e+00, 1.587785243988037e+00, 1.809016942977905e+00, 1.951056480407715e+00, 2e+00, 1.951056480407715e+00, 1.809016942977905e+00, 1.587785243988037e+00, 1.309016942977905e+00, 1e+00, 6.9098299741745e-01, 4.122147560119629e-01, 1.909830123186111e-01, 4.894348233938197e-02, 0e+00, 4.894348233938217e-02, 1.909830123186116e-01, 4.122147560119629e-01, 6.9098299741745e-01, 1e+00, 1.309016942977905e+00, 1.587785243988037e+00, 1.809016942977905e+00, 1.951056480407715e+00, 2e+00, 1.951056480407715e+00, 1.809016942977905e+00, 1.587785243988036e+00, 1.309016942977905e+00, 1e+00, 6.9098299741745e-01, 4.122147560119629e-01, 1.909830123186111e-01, 4.894348233938178e-02, 0e+00, 4.894348233938217e-02, 1.909830123186111e-01, 4.122147560119629e-01, 6.9098299741745e-01, 1e+00, 1.309016942977905e+00, 1.587785243988037e+00, 1.809016942977905e+00, 1.951056480407715e+00, 2e+00, 1.951056480407715e+00, 1.809016942977905e+00, 1.587785243988037e+00, 1.309016942977905e+00, 1e+00, 6.9098299741745e-01, 4.122147560119629e-01, 1.909830123186111e-01, 4.894348233938217e-02, 0e+00, 4.894348233938314e-02, 1.909830123186095e-01, 4.122147560119629e-01, 6.9098299741745e-01, 1e+00, 1.309016942977905e+00, 1.587785243988037e+00, 1.809016942977905e+00, 1.951056480407715e+00, 2e+00, 1.951056480407715e+00, 1.809016942977905e+00, 1.587785243988035e+00, 1.309016942977908e+00, 1e+00, 6.9098299741745e-01, 4.122147560119629e-01, 1.909830123186111e-01, 4.894348233938217e-02, 0e+00, 4.894348233938217e-02, 1.909830123186111e-01, 4.122147560119629e-01, 6.9098299741745e-01, 1e+00, 1.309016942977908e+00, 1.587785243988037e+00, 1.809016942977905e+00, 1.951056480407715e+00, 2e+00, 1.951056480407715e+00, 1.809016942977905e+00, 1.587785243988037e+00, 1.309016942977905e+00, 1e+00, 6.9098299741745e-01, 4.122147560119629e-01, 1.909830123186111e-01, 4.894348233938217e-02, 0e+00, 4.894348233938217e-02, 1.909830123186111e-01, 4.122147560119629e-01, 6.9098299741745e-01, 1e+00]
zoneFixed.intGaiLig.ctrl=[1e+00, 1e+00]
zoneOcc.intGaiLig.ctrl=[0e+00, 0e+00, 0e+00, 0e+00, 0e+00, 0e+00, 0e+00, 0e+00, 0e+00, 0e+00, 0e+00, 0e+00, 0e+00, 0e+00, 0e+00, 0e+00, 0e+00, 0e+00, 0e+00, 0e+00, 0e+00, 1e+00, 1e+00, 1e+00, 1e+00, 1e+00, 1e+00, 1e+00, 1e+00, 1e+00, 1e+00, 1e+00, 1e+00, 1e+00, 1e+00, 1e+00, 1e+00, 1e+00, 1e+00, 1e+00, 1e+00, 1e+00, 1e+00, 1e+00, 1e+00, 1e+00, 1e+00, 1e+00, 1e+00, 1e+00, 1e+00, 1e+00, 1e+00, 1e+00, 1e+00, 1e+00, 1e+00, 1e+00, 1e+00, 1e+00, 1e+00, 1e+00, 1e+00, 1e+00, 1e+00, 1e+00, 1e+00, 1e+00, 1e+00, 1e+00, 1e+00, 1e+00, 1e+00, 1e+00, 1e+00, 1e+00, 1e+00, 1e+00, 1e+00, 1e+00, 1e+00, 1e+00, 1e+00, 1e+00, 1e+00, 1e+00, 1e+00, 1e+00, 1e+00, 1e+00, 1e+00, 1e+00, 1e+00, 1e+00, 1e+00, 1e+00, 1e+00, 1e+00, 1e+00, 1e+00, 1e+00]
zoneInput.intGaiLig.ctrl=[0e+00, 5.000000074505806e-02, 1.000000014901161e-01, 1.500000059604645e-01, 2.000000029802322e-01, 2.5e-01, 3.00000011920929e-01, 3.499999940395356e-01, 4.000000059604645e-01, 4.49999988079071e-01, 5e-01, 5.50000011920929e-01, 6.000000238418579e-01, 6.499999761581421e-01, 6.999999880790712e-01, 7.5e-01, 8.00000011920929e-01, 8.50000023841858e-01, 8.999999761581421e-01, 9.49999988079071e-01, 1e+00, 1e+00, 1e+00, 1e+00, 1e+00, 1e+00, 1e+00, 1e+00, 1e+00, 1e+00, 1e+00, 1e+00, 1e+00, 1e+00, 1e+00, 1e+00, 1e+00, 1e+00, 1e+00, 1e+00, 1e+00, 1e+00, 1e+00, 1e+00, 1e+00, 1e+00, 1e+00, 1e+00, 1e+00, 1e+00, 1e+00, 1e+00, 1e+00, 1e+00, 1e+00, 1e+00, 1e+00, 1e+00, 1e+00, 1e+00, 1e+00, 1e+00, 1e+00, 1e+00, 1e+00, 1e+00, 1e+00, 1e+00, 1e+00, 1e+00, 1e+00, 1e+00, 1e+00, 1e+00, 1e+00, 1e+00, 1e+00, 1e+00, 1e+00, 1e+00, 1e+00, 1e+00, 1e+00, 1e+00, 1e+00, 1e+00, 1e+00, 1e+00, 1e+00, 1e+00, 1e+00, 1e+00, 1e+00, 1e+00, 1e+00, 1e+00, 1e+00, 1e+00, 1e+00, 1e+00, 1e+00]
time=[0e+00, 5e+03]
zoneOcc.TSensor=[2.931499938964844e+02, 2.931158142089844e+02, 2.930825500488281e+02, 2.930502624511719e+02, 2.9301904296875e+02, 2.929888916015625e+02, 2.929598083496094e+02, 2.929317626953125e+02, 2.929047546386719e+02, 2.928787536621094e+02, 2.928537292480469e+02, 2.928296203613281e+02, 2.92806396484375e+02, 2.927840576171875e+02, 2.927625427246094e+02, 2.927418518066406e+02, 2.927218933105469e+02, 2.927026672363281e+02, 2.926841125488281e+02, 2.92666259765625e+02, 2.926490173339844e+02, 2.926710815429688e+02, 2.926904907226562e+02, 2.927075805664062e+02, 2.9272265625e+02, 2.927359619140625e+02, 2.927476806640625e+02, 2.927579650878906e+02, 2.927669982910156e+02, 2.9277490234375e+02, 2.927817687988281e+02, 2.927877197265625e+02, 2.927928466796875e+02, 2.927972412109375e+02, 2.928009338378906e+02, 2.928040161132812e+02, 2.928065795898438e+02, 2.9280859375e+02, 2.928101806640625e+02, 2.928113098144531e+02, 2.928119812011719e+02, 2.92812255859375e+02, 2.928121643066406e+02, 2.928116760253906e+02, 2.928109130859375e+02, 2.928098449707031e+02, 2.928085021972656e+02, 2.928069458007812e+02, 2.9280517578125e+02, 2.928031921386719e+02, 2.928010864257812e+02, 2.927987976074219e+02, 2.9279638671875e+02, 2.927938537597656e+02, 2.927911987304688e+02, 2.927884826660156e+02, 2.927856750488281e+02, 2.927828063964844e+02, 2.927798767089844e+02, 2.927768859863281e+02, 2.927738647460938e+02, 2.927708129882812e+02, 2.927677307128906e+02, 2.927646179199219e+02, 2.927615051269531e+02, 2.927583618164062e+02, 2.927552185058594e+02, 2.927520751953125e+02, 2.927489318847656e+02, 2.927457885742188e+02, 2.927426452636719e+02, 2.927395324707031e+02, 2.927364196777344e+02, 2.927333068847656e+02, 2.92730224609375e+02, 2.927271423339844e+02, 2.927240600585938e+02, 2.927210388183594e+02, 2.927179870605469e+02, 2.927149963378906e+02, 2.927120056152344e+02, 2.927090454101562e+02, 2.927060852050781e+02, 2.927031555175781e+02, 2.927002563476562e+02, 2.926973571777344e+02, 2.926944885253906e+02, 2.92691650390625e+02, 2.926888122558594e+02, 2.9268603515625e+02, 2.926832275390625e+02, 2.926804809570312e+02, 2.92677734375e+02, 2.926750183105469e+02, 2.926723022460938e+02, 2.926696472167969e+02, 2.926669616699219e+02, 2.926643371582031e+02, 2.926617126464844e+02, 2.926590881347656e+02, 2.92656494140625e+02]
zoneInput.TSensor=[2.931499938964844e+02, 2.931165466308594e+02, 2.930854187011719e+02, 2.930565795898438e+02, 2.930300598144531e+02, 2.930057067871094e+02, 2.929834594726562e+02, 2.929631958007812e+02, 2.929448547363281e+02, 2.929283142089844e+02, 2.929134521484375e+02, 2.929002075195312e+02, 2.928884887695312e+02, 2.928782043457031e+02, 2.928692321777344e+02, 2.92861572265625e+02, 2.928551025390625e+02, 2.928497924804688e+02, 2.928455505371094e+02, 2.928423461914062e+02, 2.928401184082031e+02, 2.928380737304688e+02, 2.928355712890625e+02, 2.928325805664062e+02, 2.928292541503906e+02, 2.928255615234375e+02, 2.928215942382812e+02, 2.928173522949219e+02, 2.928128662109375e+02, 2.928081970214844e+02, 2.928033752441406e+02, 2.927983703613281e+02, 2.927932739257812e+02, 2.927880859375e+02, 2.927827758789062e+02, 2.927774353027344e+02, 2.927720336914062e+02, 2.927665710449219e+02, 2.927611389160156e+02, 2.927556762695312e+02, 2.927501831054688e+02, 2.927447509765625e+02, 2.927392883300781e+02, 2.927338562011719e+02, 2.927284240722656e+02, 2.927230529785156e+02, 2.927176818847656e+02, 2.927123718261719e+02, 2.927070617675781e+02, 2.927018127441406e+02, 2.926965942382812e+02, 2.926913757324219e+02, 2.926862182617188e+02, 2.926810913085938e+02, 2.926759948730469e+02, 2.926709289550781e+02, 2.926658935546875e+02, 2.92660888671875e+02, 2.926559143066406e+02, 2.926510009765625e+02, 2.926461181640625e+02, 2.926412658691406e+02, 2.92636474609375e+02, 2.926317443847656e+02, 2.926270446777344e+02, 2.926223754882812e+02, 2.926177673339844e+02, 2.926132202148438e+02, 2.926087036132812e+02, 2.926042175292969e+02, 2.925997924804688e+02, 2.925953979492188e+02, 2.92591064453125e+02, 2.925867919921875e+02, 2.9258251953125e+02, 2.925783081054688e+02, 2.925741577148438e+02, 2.925700073242188e+02, 2.9256591796875e+02, 2.925618896484375e+02, 2.925578918457031e+02, 2.925538940429688e+02, 2.925499877929688e+02, 2.925460815429688e+02, 2.92542236328125e+02, 2.925383911132812e+02, 2.925346069335938e+02, 2.925308532714844e+02, 2.925271606445312e+02, 2.925234680175781e+02, 2.925198059082031e+02, 2.925161743164062e+02, 2.925126037597656e+02, 2.92509033203125e+02, 2.925054931640625e+02, 2.925019836425781e+02, 2.924985046386719e+02, 2.924950561523438e+02, 2.924916381835938e+02, 2.924882507324219e+02, 2.924848937988281e+02]
zoneBlock.TSensor=[2.931499938964844e+02, 2.931495666503906e+02, 2.931571960449219e+02, 2.931711730957031e+02, 2.931891174316406e+02, 2.932081298828125e+02, 2.93225341796875e+02, 2.93238037109375e+02, 2.932439270019531e+02, 2.93241455078125e+02, 2.932298583984375e+02, 2.932092895507812e+02, 2.931806640625e+02, 2.931456909179688e+02, 2.931065979003906e+02, 2.930659484863281e+02, 2.930264282226562e+02, 2.929911499023438e+02, 2.929624938964844e+02, 2.92942138671875e+02, 2.929309387207031e+02, 2.929286499023438e+02, 2.929343872070312e+02, 2.929464111328125e+02, 2.929624328613281e+02, 2.929797058105469e+02, 2.929953918457031e+02, 2.930068359375e+02, 2.93011962890625e+02, 2.930091247558594e+02, 2.929973754882812e+02, 2.929768371582031e+02, 2.929485473632812e+02, 2.929143981933594e+02, 2.928769226074219e+02, 2.928388366699219e+02, 2.928029174804688e+02, 2.927717895507812e+02, 2.927476501464844e+02, 2.927320251464844e+02, 2.927254943847656e+02, 2.927278747558594e+02, 2.927380676269531e+02, 2.927542724609375e+02, 2.927741088867188e+02, 2.927948303222656e+02, 2.928134765625e+02, 2.928275451660156e+02, 2.928349609375e+02, 2.92834228515625e+02, 2.928247375488281e+02, 2.928067321777344e+02, 2.927813415527344e+02, 2.927504272460938e+02, 2.927164001464844e+02, 2.926820373535156e+02, 2.926500549316406e+02, 2.926229248046875e+02, 2.926027221679688e+02, 2.925908813476562e+02, 2.925880432128906e+02, 2.925938720703125e+02, 2.926072998046875e+02, 2.926264953613281e+02, 2.9264892578125e+02, 2.926717529296875e+02, 2.926923217773438e+02, 2.927081298828125e+02, 2.927170715332031e+02, 2.927178344726562e+02, 2.927098388671875e+02, 2.926933898925781e+02, 2.926695861816406e+02, 2.92640380859375e+02, 2.92608154296875e+02, 2.9257568359375e+02, 2.925457153320312e+02, 2.925206909179688e+02, 2.925026550292969e+02, 2.924928894042969e+02, 2.924919738769531e+02, 2.924996337890625e+02, 2.925147094726562e+02, 2.925351867675781e+02, 2.925587158203125e+02, 2.925825500488281e+02, 2.9260400390625e+02, 2.9262060546875e+02, 2.926303100585938e+02, 2.926318054199219e+02, 2.926245422363281e+02, 2.926088256835938e+02, 2.925858154296875e+02, 2.925574645996094e+02, 2.925261535644531e+02, 2.9249462890625e+02, 2.924656372070312e+02, 2.924416198730469e+02, 2.924246215820312e+02, 2.924159545898438e+02, 2.924160766601562e+02]
zoneFixed.TSensor=[2.931499938964844e+02, 2.931449890136719e+02, 2.931395568847656e+02, 2.931336669921875e+02, 2.931273193359375e+02, 2.931205444335938e+02, 2.931133422851562e+02, 2.93105712890625e+02, 2.930976867675781e+02, 2.930893249511719e+02, 2.930805969238281e+02, 2.930715942382812e+02, 2.930623168945312e+02, 2.930527954101562e+02, 2.930431213378906e+02, 2.930332946777344e+02, 2.930233154296875e+02, 2.930132751464844e+02, 2.93003173828125e+02, 2.929930114746094e+02, 2.929828491210938e+02, 2.929726867675781e+02, 2.929625549316406e+02, 2.929524841308594e+02, 2.929424743652344e+02, 2.929325256347656e+02, 2.929226989746094e+02, 2.929129333496094e+02, 2.929033203125e+02, 2.928938293457031e+02, 2.928844604492188e+02, 2.92875244140625e+02, 2.928661499023438e+02, 2.928572082519531e+02, 2.928484191894531e+02, 2.928397827148438e+02, 2.92831298828125e+02, 2.92822998046875e+02, 2.928148193359375e+02, 2.928068237304688e+02, 2.927989501953125e+02, 2.927912292480469e+02, 2.9278369140625e+02, 2.927762451171875e+02, 2.927689819335938e+02, 2.927618408203125e+02, 2.927548217773438e+02, 2.927479248046875e+02, 2.927411499023438e+02, 2.927345275878906e+02, 2.927279968261719e+02, 2.927215881347656e+02, 2.927152709960938e+02, 2.927090759277344e+02, 2.927029724121094e+02, 2.926969909667969e+02, 2.926910705566406e+02, 2.926852722167969e+02, 2.926795654296875e+02, 2.926739501953125e+02, 2.926684265136719e+02, 2.926629638671875e+02, 2.926576232910156e+02, 2.9265234375e+02, 2.926471557617188e+02, 2.926420288085938e+02, 2.926369934082031e+02, 2.926320190429688e+02, 2.926271057128906e+02, 2.926222839355469e+02, 2.926174926757812e+02, 2.9261279296875e+02, 2.92608154296875e+02, 2.926035766601562e+02, 2.925990295410156e+02, 2.925945739746094e+02, 2.925901489257812e+02, 2.925857849121094e+02, 2.925814819335938e+02, 2.925772094726562e+02, 2.92572998046875e+02, 2.9256884765625e+02, 2.925647277832031e+02, 2.925606689453125e+02, 2.92556640625e+02, 2.925526428222656e+02, 2.925487060546875e+02, 2.925447998046875e+02, 2.925409240722656e+02, 2.92537109375e+02, 2.925333251953125e+02, 2.925295715332031e+02, 2.925258483886719e+02, 2.925221557617188e+02, 2.925184936523438e+02, 2.92514892578125e+02, 2.925112915039062e+02, 2.925077514648438e+02, 2.925042114257812e+02, 2.925007019042969e+02, 2.924972534179688e+02]
