last-generated=2018-05-18
statistics-simulation=
{
  "linear": " ",
  "nonlinear": " ",
  "numerical Jacobians": "0"
}
strobe.tabQRad.y[1]=[1.294440002441406e+02, 2.800680236816406e+02, 0e+00, 2.7031201171875e+02, 2.421218414306641e+02, 0e+00, 2.958778381347656e+02, 0e+00, 0e+00, 1.761000061035156e+02, 2.100440063476562e+02, 0e+00, 2.949898681640625e+02, 0e+00, 0e+00, 8.8e+01, 2.469440002441406e+02, 0e+00, 2.95e+01, 9.55e+01, 0e+00, 4.341898498535156e+02, 0e+00, 3.592618408203125e+02, 3.373218383789062e+02, 0e+00, 4.253218383789062e+02, 2.100440063476562e+02, 0e+00, 3.26745849609375e+02, 0e+00, 0e+00, 2.276218414306641e+02, 7.5e+00, 0e+00, 3.461898498535156e+02, 0e+00, 0e+00, 0e+00, 2.95e+01, 2.347218475341797e+02, 2.395440063476562e+02, 0e+00, 1.1e+02, 1.686999969482422e+02, 0e+00, 4.315120239257812e+02, 1.849898681640625e+02, 0e+00, 2.241458587646484e+02, 3.217784118652344e+01, 0e+00, 4.121898498535156e+02, 0e+00, 0e+00, 8.809999847412109e+01, 1.294440002441406e+02, 0e+00, 7.5e+00, 0e+00, 3.086802101135254e+01, 0e+00, 0e+00, 3.755898742675781e+02, 1.294440002441406e+02, 0e+00, 3.522218322753906e+02, 0e+00, 0e+00, 3.020680236816406e+02, 1.603120269775391e+02, 0e+00, 2.461458587646484e+02, 1.933778381347656e+02, 0e+00, 1.906000061035156e+02, 4.4e+01, 1.294440002441406e+02, 0e+00, 9.55e+01, 0e+00, 3.086802101135254e+01, 0e+00, 3.26745849609375e+02, 0e+00, 0e+00, 3.509120178222656e+02, 8.059999847412109e+01, 0e+00, 4.253218383789062e+02, 8.8e+01, 0e+00, 1.655458679199219e+02, 1.541000061035156e+02, 0e+00, 1.408680267333984e+02, 1.1e+02, 0e+00, 1.408680267333984e+02, 1.1e+02, 1.294440002441406e+02]
strobe.tabQCon.y[1]=[1.125599956512451e+01, 1.614841766357422e+02, 0e+00, 1.039401779174805e+02, 8.540190124511719e+01, 0e+00, 1.789458923339844e+02, 0e+00, 0e+00, 1.229000015258789e+02, 5.465599822998047e+01, 0e+00, 1.060860748291016e+02, 0e+00, 0e+00, 7.2e+01, 2.101418762207031e+02, 0e+00, 2.55e+01, 7.95e+01, 0e+00, 1.748860778808594e+02, 0e+00, 2.027619018554688e+02, 1.182018966674805e+02, 0e+00, 2.915877685546875e+02, 5.465599822998047e+01, 0e+00, 1.816300811767578e+02, 0e+00, 0e+00, 7.490190124511719e+01, 7.5e+00, 0e+00, 1.028860778808594e+02, 0e+00, 0e+00, 0e+00, 2.55e+01, 5.680189895629883e+01, 8.015599822998047e+01, 0e+00, 9e+01, 9.430000305175781e+01, 0e+00, 1.907401733398438e+02, 1.608607482910156e+01, 0e+00, 1.202300720214844e+02, 9.645899772644043e+00, 0e+00, 1.568860778808594e+02, 0e+00, 0e+00, 5.090000152587891e+01, 1.125599956512451e+01, 0e+00, 1.08885871887207e+02, 0e+00, 2.684175729751587e+00, 0e+00, 0e+00, 1.494860687255859e+02, 1.125599956512451e+01, 0e+00, 1.543018951416016e+02, 0e+00, 0e+00, 1.794841766357422e+02, 1.394017601013184e+01, 0e+00, 1.382300720214844e+02, 9.644589996337891e+01, 0e+00, 1.333999938964844e+02, 3.6e+01, 1.125599956512451e+01, 0e+00, 7.95e+01, 0e+00, 2.684175729751587e+00, 0e+00, 1.816300811767578e+02, 0e+00, 0e+00, 1.473401794433594e+02, 4.340000152587891e+01, 0e+00, 1.90201904296875e+02, 7.2e+01, 0e+00, 9.4830078125e+01, 1.049000015258789e+02, 0e+00, 9.268417358398438e+01, 9e+01, 0e+00, 9.268417358398438e+01, 9e+01, 1.125599956512451e+01]
time=[0e+00, 3.1536e+07]
strobe.tabTSet2.y[1]=[1.2e+01, 1.2e+01, 1.2e+01, 1.2e+01, 1.2e+01, 1.2e+01, 1.2e+01, 1.2e+01, 1.2e+01, 1.2e+01, 1.2e+01, 1.2e+01, 1.2e+01, 1.2e+01, 1.2e+01, 1.2e+01, 1.2e+01, 1.2e+01, 1.2e+01, 1.2e+01, 1.2e+01, 1.2e+01, 1.2e+01, 1.2e+01, 1.2e+01, 1.2e+01, 1.2e+01, 1.2e+01, 1.2e+01, 1.2e+01, 1.2e+01, 1.2e+01, 1.2e+01, 1.2e+01, 1.2e+01, 1.2e+01, 1.2e+01, 1.2e+01, 1.2e+01, 1.2e+01, 1.2e+01, 1.2e+01, 1.2e+01, 1.2e+01, 1.2e+01, 1.2e+01, 1.2e+01, 1.2e+01, 1.2e+01, 1.2e+01, 1.2e+01, 1.2e+01, 1.2e+01, 1.2e+01, 1.2e+01, 1.2e+01, 1.2e+01, 1.2e+01, 1.2e+01, 1.2e+01, 1.2e+01, 1.2e+01, 1.2e+01, 1.2e+01, 1.2e+01, 1.2e+01, 1.2e+01, 1.2e+01, 1.2e+01, 1.2e+01, 1.2e+01, 1.2e+01, 1.2e+01, 1.2e+01, 1.2e+01, 1.2e+01, 1.2e+01, 1.2e+01, 1.2e+01, 1.2e+01, 1.2e+01, 1.2e+01, 1.2e+01, 1.2e+01, 1.2e+01, 1.2e+01, 1.2e+01, 1.2e+01, 1.2e+01, 1.2e+01, 1.2e+01, 1.2e+01, 1.2e+01, 1.2e+01, 1.2e+01, 1.2e+01, 1.2e+01, 1.2e+01, 1.2e+01, 1.2e+01, 1.2e+01]
strobe.tabTSet.y[1]=[1.55e+01, 2.15e+01, 1.55e+01, 1.670000076293945e+01, 2.15e+01, 1.55e+01, 2.15e+01, 2.15e+01, 1.55e+01, 2.15e+01, 2.15e+01, 1.789999961853027e+01, 2.15e+01, 2.15e+01, 1.55e+01, 2.15e+01, 2.15e+01, 1.55e+01, 2.15e+01, 2.15e+01, 1.55e+01, 2.15e+01, 1.55e+01, 1.670000076293945e+01, 2.15e+01, 1.55e+01, 2.15e+01, 2.15e+01, 1.55e+01, 2.15e+01, 2.15e+01, 1.55e+01, 2.15e+01, 2.15e+01, 2.15e+01, 2.15e+01, 2.15e+01, 1.55e+01, 2.15e+01, 2.15e+01, 1.55e+01, 2.15e+01, 1.55e+01, 1.670000076293945e+01, 2.15e+01, 1.55e+01, 2.15e+01, 2.15e+01, 1.55e+01, 2.15e+01, 2.15e+01, 1.55e+01, 2.15e+01, 2.15e+01, 1.55e+01, 2.15e+01, 2.15e+01, 2.15e+01, 2.15e+01, 2.15e+01, 1.55e+01, 2.15e+01, 1.55e+01, 2.15e+01, 2.15e+01, 1.55e+01, 2.15e+01, 2.15e+01, 1.55e+01, 2.15e+01, 2.15e+01, 1.55e+01, 2.15e+01, 2.15e+01, 1.55e+01, 2.15e+01, 2.15e+01, 1.55e+01, 2.15e+01, 2.15e+01, 2.15e+01, 2.15e+01, 2.15e+01, 1.670000076293945e+01, 2.15e+01, 1.55e+01, 2.15e+01, 2.15e+01, 1.55e+01, 2.15e+01, 2.15e+01, 1.55e+01, 2.15e+01, 2.15e+01, 1.55e+01, 2.15e+01, 2.15e+01, 1.55e+01, 2.15e+01, 2.15e+01, 1.55e+01]
strobe.tabDHW.y[1]=[0e+00, 0e+00, 0e+00, 0e+00, 0e+00, 0e+00, 0e+00, 0e+00, 0e+00, 0e+00, 0e+00, 0e+00, 0e+00, 0e+00, 0e+00, 0e+00, 0e+00, 0e+00, 0e+00, 0e+00, 0e+00, 0e+00, 0e+00, 0e+00, 0e+00, 0e+00, 0e+00, 0e+00, 0e+00, 0e+00, 0e+00, 0e+00, 0e+00, 0e+00, 0e+00, 0e+00, 0e+00, 0e+00, 0e+00, 0e+00, 0e+00, 0e+00, 0e+00, 0e+00, 0e+00, 0e+00, 0e+00, 0e+00, 0e+00, 0e+00, 0e+00, 0e+00, 0e+00, 0e+00, 0e+00, 6e+00, 0e+00, 0e+00, 0e+00, 0e+00, 0e+00, 0e+00, 0e+00, 0e+00, 0e+00, 0e+00, 0e+00, 0e+00, 0e+00, 0e+00, 0e+00, 0e+00, 0e+00, 0e+00, 0e+00, 0e+00, 0e+00, 0e+00, 0e+00, 0e+00, 0e+00, 0e+00, 0e+00, 0e+00, 0e+00, 0e+00, 0e+00, 0e+00, 0e+00, 0e+00, 0e+00, 0e+00, 0e+00, 0e+00, 0e+00, 1e+00, 0e+00, 0e+00, 0e+00, 0e+00, 0e+00]
