last-generated=2017-04-25
statistics-initialization=
{
  "numerical Jacobians": "0", 
  "nonlinear": "4, 8, 7, 10, 8, 9, 7, 7, 7, 10, 5, 5, 5, 5, 5, 5, 4, 8", 
  "linear": "0, 0, 0, 0, 0, 0, 0, 0, 0, 0, 0, 0, 0, 0, 0, 0, 0, 0, 0, 0, 0, 0, 0, 0, 0, 0, 0,   0, 0, 0"
}
statistics-simulation=
{
  "numerical Jacobians": "0", 
  "nonlinear": "8, 1", 
  "number of continuous time states": "357", 
  "linear": "0, 0, 0, 0, 0, 0, 0, 0, 0, 0, 0, 0, 0, 0, 0, 0, 0, 0, 0, 0, 0, 0, 0, 0, 0, 0, 0,   0, 0, 8, 0, 8, 0, 0, 0, 0, 8, 0, 0, 0, 0, 0, 0, 0, 0, 0, 0, 8, 0, 0, 0, 0, 0,   0, 0, 0, 0, 0, 0, 5, 0, 0, 0, 0, 0, 8, 0, 0, 0, 0, 0, 0, 8, 0, 0, 0, 0, 0, 0,   0, 0, 0, 0, 0, 0, 0, 0, 0, 0, 0, 0, 0, 5, 5, 0, 0, 0, 0, 0, 0, 0, 0, 0, 0, 0,   0, 0, 0, 0, 0, 0, 0, 0, 0, 0, 0, 0, 0"
}
bathRoom.TSensor=[2.931499938964844e+02, 2.928914501953125e+02, 2.928381896972656e+02, 2.927952331542969e+02, 2.927449731445312e+02, 2.953692352294922e+02, 2.942006408691406e+02, 2.93995726928711e+02, 2.934029089355469e+02, 2.93350556640625e+02, 2.933324096679688e+02, 2.932861383056641e+02, 2.932046789550781e+02, 2.948956866455078e+02, 2.9466193359375e+02, 2.944940399169922e+02, 2.937181701660156e+02, 2.95489658203125e+02, 2.943655979567308e+02, 2.938906982421875e+02, 2.936382873535156e+02, 2.934452368164062e+02, 2.952253820800781e+02, 2.939110650634765e+02, 2.938759973144531e+02, 2.940433349609375e+02, 2.935189038085937e+02, 2.933252880859375e+02, 2.931771691894531e+02, 2.930138629150391e+02, 2.953880187988281e+02, 2.94055171508789e+02, 2.941021423339844e+02, 2.942648724365234e+02, 2.936150463867187e+02, 2.930052734375e+02, 2.928109576416016e+02, 2.926657336425781e+02, 2.925264489746094e+02, 2.938173675537109e+02, 2.941240783691406e+02, 2.941049090576172e+02, 2.941318139648437e+02, 2.941110064697266e+02, 2.941473010253906e+02, 2.942174743652344e+02, 2.958982763671875e+02, 2.945758447265625e+02, 2.958156066894531e+02, 2.9426111328125e+02, 2.9588037109375e+02, 2.942153533935547e+02, 2.934620581054688e+02, 2.932508740234375e+02, 2.930715245472301e+02, 2.928922576904297e+02, 2.927079724121094e+02, 2.951877600097657e+02, 2.946310656738281e+02, 2.9455671875e+02, 2.946125366210937e+02, 2.945189807128906e+02, 2.944792224121094e+02, 2.937195935058594e+02, 2.962199829101563e+02, 2.942347259521484e+02, 2.950860107421875e+02, 2.936366906738281e+02, 2.953824633789062e+02, 2.938449700927735e+02, 2.934003356933594e+02, 2.931396081542969e+02, 2.929008413085937e+02, 2.926626086425781e+02, 2.945437463378906e+02, 2.943876495361328e+02, 2.948729724121094e+02, 2.946880670166016e+02, 2.949311645507813e+02, 2.947710772705078e+02, 2.944259826660156e+02, 2.941056378173828e+02, 2.944517626953125e+02, 2.946263214111328e+02, 2.946508532714844e+02, 2.946987762451172e+02, 2.935695654296875e+02, 2.930547833251953e+02, 2.928563159179687e+02, 2.926626275634766e+02, 2.950223714192708e+02, 2.941053350830078e+02, 2.940232775878906e+02, 2.939991644287109e+02, 2.939649145507813e+02, 2.930146789550781e+02, 2.928552648925781e+02, 2.926473010253906e+02, 2.952328149414063e+02, 2.9361126953125e+02, 2.9366162109375e+02]
bedRoom1.TSensor=[2.931499938964844e+02, 2.926684912109375e+02, 2.924594287109375e+02, 2.922734350585937e+02, 2.920853308105468e+02, 2.944229431152344e+02, 2.939657788085938e+02, 2.943465924072266e+02, 2.936890844726562e+02, 2.930665222167969e+02, 2.927223449707031e+02, 2.924333190917969e+02, 2.921589086914062e+02, 2.943154809570312e+02, 2.939660949707031e+02, 2.938741943359375e+02, 2.937270922851562e+02, 2.942550250244141e+02, 2.931522341684195e+02, 2.925386572265625e+02, 2.9212822265625e+02, 2.917851116943359e+02, 2.940434729003906e+02, 2.937892462158203e+02, 2.93864560546875e+02, 2.935436553955078e+02, 2.92598271484375e+02, 2.920751330566407e+02, 2.916846594238281e+02, 2.913315606689453e+02, 2.938482055664062e+02, 2.937068756103516e+02, 2.934949255371094e+02, 2.936407629394531e+02, 2.938340307617187e+02, 2.926395202636719e+02, 2.919147052001953e+02, 2.914414056396485e+02, 2.910695007324219e+02, 2.915576654052734e+02, 2.936938049316406e+02, 2.93467568359375e+02, 2.934180334472656e+02, 2.938095861816406e+02, 2.936657092285157e+02, 2.935597625732422e+02, 2.940439050292969e+02, 2.939118841552734e+02, 2.943612548828125e+02, 2.937570489501953e+02, 2.94570556640625e+02, 2.933850524902344e+02, 2.925685009765625e+02, 2.920229553222656e+02, 2.915890775923295e+02, 2.912107269287109e+02, 2.908618676757812e+02, 2.930033221435547e+02, 2.93359052734375e+02, 2.934751690673828e+02, 2.937593444824219e+02, 2.935467517089844e+02, 2.93761591796875e+02, 2.941682580566406e+02, 2.939709069824219e+02, 2.940984771728516e+02, 2.937498901367188e+02, 2.93929691772461e+02, 2.933966479492187e+02, 2.93720228881836e+02, 2.924857727050781e+02, 2.917955963134766e+02, 2.912734755859375e+02, 2.908168719482422e+02, 2.932286755371094e+02, 2.934921569824219e+02, 2.936059692382813e+02, 2.930224859619141e+02, 2.921007531738281e+02, 2.916387707519531e+02, 2.912618041992188e+02, 2.908572186279297e+02, 2.93530078125e+02, 2.932279675292969e+02, 2.936387841796875e+02, 2.935707824707031e+02, 2.93196591796875e+02, 2.919842901611328e+02, 2.913048010253906e+02, 2.908047631835938e+02, 2.92063584391276e+02, 2.934393688964844e+02, 2.934693603515625e+02, 2.932392785644531e+02, 2.927351745605469e+02, 2.916065490722656e+02, 2.91098935546875e+02, 2.907037811279297e+02, 2.925922436523438e+02, 2.935450518798828e+02, 2.9342578125e+02]
bedRoom2.TSensor=[2.931499938964844e+02, 2.9266439453125e+02, 2.92438271484375e+02, 2.922120397949218e+02, 2.919791186523437e+02, 2.942506500244141e+02, 2.9387833984375e+02, 2.944529315185547e+02, 2.935327014160156e+02, 2.928063653564453e+02, 2.924493957519531e+02, 2.921792779541016e+02, 2.919246887207031e+02, 2.940943408203125e+02, 2.938035070800781e+02, 2.936417388916016e+02, 2.934551208496094e+02, 2.942362359619141e+02, 2.929892782827524e+02, 2.923463958740234e+02, 2.91922998046875e+02, 2.915579583740234e+02, 2.938532092285156e+02, 2.937379534912109e+02, 2.935971911621094e+02, 2.933116912841797e+02, 2.922555773925781e+02, 2.917265216064453e+02, 2.913467150878906e+02, 2.910030688476563e+02, 2.936081420898437e+02, 2.934416076660156e+02, 2.932023779296875e+02, 2.936978790283203e+02, 2.934526318359375e+02, 2.921944458007812e+02, 2.915408062744141e+02, 2.910975134277344e+02, 2.907321118164062e+02, 2.912383746337891e+02, 2.934879089355469e+02, 2.931338781738281e+02, 2.935458605957031e+02, 2.935167364501953e+02, 2.933545532226562e+02, 2.937991546630859e+02, 2.9421939453125e+02, 2.935460504150391e+02, 2.945064819335938e+02, 2.934709259033203e+02, 2.945296630859375e+02, 2.933626452636719e+02, 2.924412878417968e+02, 2.918538690185547e+02, 2.913967908824574e+02, 2.909898040771484e+02, 2.906047131347656e+02, 2.928766406249999e+02, 2.932890307617188e+02, 2.932391278076172e+02, 2.935765075683594e+02, 2.932944659423828e+02, 2.937747326660156e+02, 2.942726715087891e+02, 2.937851806640625e+02, 2.941044342041016e+02, 2.936319750976563e+02, 2.938188861083984e+02, 2.933619641113281e+02, 2.934754022216797e+02, 2.922231994628906e+02, 2.91531371459961e+02, 2.909926787109375e+02, 2.905041351318359e+02, 2.929996533203125e+02, 2.934220428466797e+02, 2.931590832519531e+02, 2.926979187011719e+02, 2.916503662109375e+02, 2.91186767578125e+02, 2.908436584472656e+02, 2.904872119140625e+02, 2.932729089355469e+02, 2.92954150390625e+02, 2.934873583984375e+02, 2.931633392333985e+02, 2.929099963378906e+02, 2.916738714599609e+02, 2.909845764160156e+02, 2.904766497802734e+02, 2.91747987874349e+02, 2.931087384033203e+02, 2.930840087890625e+02, 2.934052331542969e+02, 2.931399145507813e+02, 2.915637908935547e+02, 2.908661022949219e+02, 2.904124920654297e+02, 2.922927368164063e+02, 2.93273324584961e+02, 2.931057739257812e+02]
bedRoom3.TSensor=[2.931499938964844e+02, 2.926903924560547e+02, 2.924503271484375e+02, 2.922289953613281e+02, 2.920186413574219e+02, 2.941745452880859e+02, 2.939578503417969e+02, 2.945676776123047e+02, 2.939046411132812e+02, 2.932835070800782e+02, 2.929410400390625e+02, 2.926560809326172e+02, 2.923817822265625e+02, 2.943185687255859e+02, 2.940536694335938e+02, 2.939627960205078e+02, 2.938260180664063e+02, 2.944085186767578e+02, 2.934094944411058e+02, 2.928356921386719e+02, 2.924285522460938e+02, 2.920793896484375e+02, 2.94062197265625e+02, 2.939627990722656e+02, 2.939963269042969e+02, 2.937995300292969e+02, 2.929349475097656e+02, 2.924390832519532e+02, 2.920538415527344e+02, 2.9169625e+02, 2.9390849609375e+02, 2.938459967041015e+02, 2.936406018066406e+02, 2.939057983398437e+02, 2.939303430175781e+02, 2.928632751464844e+02, 2.922183782958984e+02, 2.917601885986328e+02, 2.913848583984375e+02, 2.918057495117187e+02, 2.938343811035156e+02, 2.936638385009766e+02, 2.936412951660156e+02, 2.939587634277344e+02, 2.938095129394531e+02, 2.938614105224609e+02, 2.943378393554688e+02, 2.93770361328125e+02, 2.947587915039063e+02, 2.937220874023437e+02, 2.948030700683594e+02, 2.936778503417969e+02, 2.929669580078125e+02, 2.924473028564453e+02, 2.920157398570668e+02, 2.916298645019531e+02, 2.912679370117187e+02, 2.932093676757812e+02, 2.936598095703125e+02, 2.935967346191406e+02, 2.940208435058594e+02, 2.939285028076172e+02, 2.937939453125e+02, 2.941980853271484e+02, 2.942388391113281e+02, 2.94193896484375e+02, 2.940541845703125e+02, 2.940532598876953e+02, 2.937968786621093e+02, 2.938425103759766e+02, 2.928352600097656e+02, 2.921987127685547e+02, 2.916885205078125e+02, 2.912293157958985e+02, 2.934089111328125e+02, 2.938013458251953e+02, 2.941951879882812e+02, 2.938626446533203e+02, 2.935712072753906e+02, 2.931367010498047e+02, 2.925833068847656e+02, 2.920636950683594e+02, 2.940961901855469e+02, 2.938204461669922e+02, 2.937407080078125e+02, 2.939692291259765e+02, 2.936867053222657e+02, 2.926306311035156e+02, 2.919775646972656e+02, 2.91471431274414e+02, 2.9254404296875e+02, 2.937484594726563e+02, 2.937859924316406e+02, 2.935491094970703e+02, 2.931558117675781e+02, 2.922073699951172e+02, 2.918174084472656e+02, 2.914140270996094e+02, 2.930537097167969e+02, 2.938787591552734e+02, 2.937705078125e+02]
Porch.TSensor=[2.931499938964844e+02, 2.906164916992187e+02, 2.893714123535156e+02, 2.885923413085937e+02, 2.880032775878906e+02, 2.875244232177735e+02, 2.873194897460937e+02, 2.889459698486328e+02, 2.898262805175781e+02, 2.904297253417969e+02, 2.901626159667969e+02, 2.89101860961914e+02, 2.879957299804688e+02, 2.873708361816406e+02, 2.869605383300781e+02, 2.866085052490234e+02, 2.862755102539062e+02, 2.859503234863281e+02, 2.855949530498798e+02, 2.852041589355469e+02, 2.848578674316406e+02, 2.845199053955078e+02, 2.842102331542969e+02, 2.840054461669922e+02, 2.848744763183594e+02, 2.857596588134766e+02, 2.862077795410156e+02, 2.8606703125e+02, 2.854712805175781e+02, 2.84593189086914e+02, 2.840599060058594e+02, 2.8374939453125e+02, 2.835410559082031e+02, 2.833439916992187e+02, 2.831091284179687e+02, 2.829853912353516e+02, 2.828458081054687e+02, 2.826675476074219e+02, 2.825183349609375e+02, 2.823829174804687e+02, 2.823014831542969e+02, 2.830144140625e+02, 2.843663391113281e+02, 2.84888197631836e+02, 2.85196083984375e+02, 2.851602996826172e+02, 2.844644970703125e+02, 2.840095477294922e+02, 2.837670581054688e+02, 2.835608325195312e+02, 2.833703918457031e+02, 2.832103039550781e+02, 2.830227001953125e+02, 2.827658465576172e+02, 2.824709853293679e+02, 2.822073028564453e+02, 2.819449597167969e+02, 2.817124578857422e+02, 2.821183862304687e+02, 2.851942059326172e+02, 2.861079345703125e+02, 2.865977453613281e+02, 2.8632501953125e+02, 2.850755303955078e+02, 2.839715295410156e+02, 2.833701507568359e+02, 2.828962377929687e+02, 2.824939013671875e+02, 2.821154418945313e+02, 2.817582342529297e+02, 2.8141611328125e+02, 2.810289831542969e+02, 2.806729816894531e+02, 2.803443688964844e+02, 2.800790307617187e+02, 2.809466857910156e+02, 2.908999670410156e+02, 2.97431572265625e+02, 2.992971618652344e+02, 2.962445690917968e+02, 2.917837829589844e+02, 2.883053692626953e+02, 2.866113439941406e+02, 2.856321472167969e+02, 2.8487806640625e+02, 2.842454376220703e+02, 2.837129895019531e+02, 2.832032958984375e+02, 2.82681728515625e+02, 2.822157208251953e+02, 2.817917053222656e+02, 2.814722015380859e+02, 2.812547607421875e+02, 2.820257391357422e+02, 2.821148876953125e+02, 2.823394989013672e+02, 2.858234729003906e+02, 2.854150384521485e+02, 2.835070227050782e+02, 2.82455927734375e+02, 2.819597473144531e+02]
living.TSensor=[2.931499938964844e+02, 2.925102136230469e+02, 2.920913415527344e+02, 2.91740297241211e+02, 2.914210583496094e+02, 2.945280303955078e+02, 2.945956665039063e+02, 2.949493963623047e+02, 2.933653564453125e+02, 2.923241656494141e+02, 2.917539306640625e+02, 2.913434246826172e+02, 2.909885461425781e+02, 2.942435479736328e+02, 2.944910266113282e+02, 2.945819396972656e+02, 2.941590954589844e+02, 2.942437615966797e+02, 2.925136297137921e+02, 2.9159525390625e+02, 2.910262084960938e+02, 2.905849127197266e+02, 2.931163537597656e+02, 2.942884411621094e+02, 2.944624853515625e+02, 2.935195159912109e+02, 2.918860522460938e+02, 2.910610144042969e+02, 2.905315295410156e+02, 2.901035595703125e+02, 2.930957824707031e+02, 2.941435986328125e+02, 2.943470288085937e+02, 2.944746459960937e+02, 2.94345546875e+02, 2.922324005126953e+02, 2.911196020507812e+02, 2.904648858642578e+02, 2.899891333007812e+02, 2.902817272949218e+02, 2.934932739257812e+02, 2.941272052001953e+02, 2.943462744140625e+02, 2.944806060791016e+02, 2.94573359375e+02, 2.946387176513672e+02, 2.947334106445313e+02, 2.948595715332031e+02, 2.948395532226563e+02, 2.947653820800782e+02, 2.947160339355469e+02, 2.946038171386719e+02, 2.925392578125e+02, 2.91427435913086e+02, 2.90746972878196e+02, 2.902320770263672e+02, 2.897931677246094e+02, 2.922160888671874e+02, 2.940492248535156e+02, 2.943093560791016e+02, 2.944715026855469e+02, 2.945768963623047e+02, 2.946442553710938e+02, 2.948020123291016e+02, 2.946454577636719e+02, 2.944262969970703e+02, 2.941836730957031e+02, 2.939364172363281e+02, 2.936893762207031e+02, 2.93441351928711e+02, 2.917534973144531e+02, 2.908434808349609e+02, 2.902196911621094e+02, 2.897055499267578e+02, 2.937687231445312e+02, 2.941674194335938e+02, 2.943887255859375e+02, 2.929714410400391e+02, 2.91498271484375e+02, 2.907996032714844e+02, 2.903145202636719e+02, 2.898580889892578e+02, 2.935640502929687e+02, 2.940927545166016e+02, 2.942960095214844e+02, 2.944213684082031e+02, 2.93874453125e+02, 2.917900646972656e+02, 2.907105163574219e+02, 2.900439031982422e+02, 2.910969563802083e+02, 2.92609330444336e+02, 2.940321264648438e+02, 2.942622540283203e+02, 2.934671398925781e+02, 2.913689910888672e+02, 2.904221862792969e+02, 2.898516320800781e+02, 2.914752575683594e+02, 2.927560821533203e+02, 2.940101623535156e+02]
time=[0e+00, 5.0001e+05]
Diner.TSensor=[2.931499938964844e+02, 2.925667425537109e+02, 2.921422253417969e+02, 2.917703643798828e+02, 2.914248388671875e+02, 2.934456665039062e+02, 2.935070532226562e+02, 2.936103332519531e+02, 2.927893811035156e+02, 2.919437054443359e+02, 2.914605895996094e+02, 2.911083551025391e+02, 2.907804284667969e+02, 2.929754663085938e+02, 2.931659838867188e+02, 2.932706268310547e+02, 2.930970776367187e+02, 2.931463623046875e+02, 2.91846762507512e+02, 2.910424926757813e+02, 2.905325561523438e+02, 2.901263061523438e+02, 2.914048669433594e+02, 2.926291082763672e+02, 2.928074377441406e+02, 2.923546142578125e+02, 2.911024255371094e+02, 2.904114947509765e+02, 2.899670544433594e+02, 2.895925268554687e+02, 2.912548522949219e+02, 2.923558038330078e+02, 2.92562568359375e+02, 2.926915484619141e+02, 2.927131140136719e+02, 2.912502014160156e+02, 2.903053820800781e+02, 2.897400970458984e+02, 2.893210705566406e+02, 2.891559057617188e+02, 2.914282531738281e+02, 2.921596343994141e+02, 2.924099072265625e+02, 2.925932495117187e+02, 2.927366833496094e+02, 2.928512359619141e+02, 2.927228955078125e+02, 2.929383062744141e+02, 2.929967602539062e+02, 2.930245391845703e+02, 2.93013916015625e+02, 2.929782427978516e+02, 2.915437573242187e+02, 2.90598271484375e+02, 2.900076068670099e+02, 2.895500457763672e+02, 2.891491809082031e+02, 2.905041156005859e+02, 2.920524536132813e+02, 2.923563043212891e+02, 2.925632202148437e+02, 2.927283074951172e+02, 2.928547741699219e+02, 2.929576007080078e+02, 2.929503198242188e+02, 2.928523132324219e+02, 2.927071606445313e+02, 2.925386059570312e+02, 2.923565942382812e+02, 2.921627661132812e+02, 2.907871887207031e+02, 2.899938458251953e+02, 2.894377849121094e+02, 2.889664135742187e+02, 2.916039196777344e+02, 2.920620574951172e+02, 2.923805151367188e+02, 2.917745159912109e+02, 2.907691271972656e+02, 2.903065808105468e+02, 2.899568298339844e+02, 2.895692962646484e+02, 2.918485961914062e+02, 2.924502075195313e+02, 2.926155944824219e+02, 2.927127014160156e+02, 2.92484228515625e+02, 2.909155206298828e+02, 2.8997384765625e+02, 2.893781768798828e+02, 2.895900390625e+02, 2.906763189697266e+02, 2.919921118164062e+02, 2.922220104980469e+02, 2.919005297851563e+02, 2.903134552001953e+02, 2.895259167480469e+02, 2.890857867431641e+02, 2.902067736816406e+02, 2.907211480712891e+02, 2.919335632324219e+02]
stairWay.TSensor=[2.931499938964844e+02, 2.927969134521484e+02, 2.9264271484375e+02, 2.925021539306641e+02, 2.923585668945312e+02, 2.931718475341797e+02, 2.93111123046875e+02, 2.933189587402344e+02, 2.933368676757813e+02, 2.930355932617188e+02, 2.928563293457031e+02, 2.926827764892578e+02, 2.925022778320313e+02, 2.932728295898438e+02, 2.931491296386719e+02, 2.931623199462891e+02, 2.931391979980469e+02, 2.933640710449219e+02, 2.929609817270132e+02, 2.926751940917969e+02, 2.924609924316406e+02, 2.922525061035156e+02, 2.926786328125e+02, 2.928483148193359e+02, 2.929943725585937e+02, 2.92985595703125e+02, 2.925990539550781e+02, 2.923467114257812e+02, 2.921248010253906e+02, 2.918937109375e+02, 2.924689758300781e+02, 2.926525146484375e+02, 2.92661689453125e+02, 2.926606640625e+02, 2.927537548828125e+02, 2.923535400390625e+02, 2.920207397460937e+02, 2.917675427246094e+02, 2.915386145019531e+02, 2.913946032714844e+02, 2.923170166015625e+02, 2.924424755859375e+02, 2.924925793457031e+02, 2.926326196289062e+02, 2.926909594726562e+02, 2.926891296386719e+02, 2.927454260253906e+02, 2.927671795654297e+02, 2.929690698242188e+02, 2.928314379882813e+02, 2.9312109375e+02, 2.928326538085938e+02, 2.92491201171875e+02, 2.922271881103516e+02, 2.919796272416548e+02, 2.917372528076172e+02, 2.914952758789062e+02, 2.920822290039063e+02, 2.923949108886719e+02, 2.92607802734375e+02, 2.927332824707031e+02, 2.927904577636719e+02, 2.927674853515625e+02, 2.928529797363281e+02, 2.928746850585937e+02, 2.929285705566406e+02, 2.928877209472656e+02, 2.929389599609375e+02, 2.928062658691406e+02, 2.928831872558594e+02, 2.923755126953125e+02, 2.920375903320312e+02, 2.917376079101563e+02, 2.914415350341797e+02, 2.922464489746094e+02, 2.923895111083984e+02, 2.935688159179687e+02, 2.94018980102539e+02, 2.937865112304688e+02, 2.932614044189453e+02, 2.927979736328125e+02, 2.924316931152344e+02, 2.930948767089844e+02, 2.930175872802735e+02, 2.929301953125e+02, 2.929703674316406e+02, 2.928770642089844e+02, 2.923497436523438e+02, 2.919846728515625e+02, 2.916682940673828e+02, 2.916236185709635e+02, 2.921431988525391e+02, 2.923770568847656e+02, 2.923940344238281e+02, 2.922568701171875e+02, 2.918064331054687e+02, 2.917115649414063e+02, 2.914518951416015e+02, 2.919318872070313e+02, 2.920621099853516e+02, 2.922621459960938e+02]
hallway.TSensor=[2.931499938964844e+02, 2.929196325683594e+02, 2.928531945800781e+02, 2.927745220947265e+02, 2.926771081542969e+02, 2.925735504150391e+02, 2.9253546875e+02, 2.925383819580078e+02, 2.925519653320313e+02, 2.925366925048828e+02, 2.924741394042969e+02, 2.923781890869141e+02, 2.922588110351563e+02, 2.921416857910156e+02, 2.921005212402344e+02, 2.921013519287109e+02, 2.921146325683594e+02, 2.92118349609375e+02, 2.92101576960637e+02, 2.920313372802734e+02, 2.919200988769531e+02, 2.917803332519532e+02, 2.916290979003906e+02, 2.915425793457031e+02, 2.915338110351562e+02, 2.915555419921875e+02, 2.915515515136719e+02, 2.914884295654297e+02, 2.913817565917969e+02, 2.912466424560547e+02, 2.910998413085937e+02, 2.910288909912109e+02, 2.910350732421875e+02, 2.910662713623047e+02, 2.910993957519531e+02, 2.911262176513672e+02, 2.910854565429688e+02, 2.909876019287109e+02, 2.908611730957031e+02, 2.907182257080078e+02, 2.906012023925781e+02, 2.905765295410156e+02, 2.90625361328125e+02, 2.906989233398438e+02, 2.907721252441406e+02, 2.908416900634766e+02, 2.908960119628906e+02, 2.909350305175781e+02, 2.909640478515625e+02, 2.909880279541015e+02, 2.910047912597656e+02, 2.910217999267578e+02, 2.910264855957032e+02, 2.90974966430664e+02, 2.908751488148083e+02, 2.907465667724609e+02, 2.906008947753906e+02, 2.904541455078125e+02, 2.903872143554688e+02, 2.904180310058593e+02, 2.904830871582031e+02, 2.905562994384766e+02, 2.906276147460937e+02, 2.906819055175781e+02, 2.907165612792969e+02, 2.907403503417969e+02, 2.907568115234375e+02, 2.907684588623047e+02, 2.907747290039063e+02, 2.907769470214844e+02, 2.907496398925781e+02, 2.90659437866211e+02, 2.905281064453125e+02, 2.903701586914062e+02, 2.902223596191406e+02, 2.901789093017578e+02, 2.9023837890625e+02, 2.903312963867187e+02, 2.903770166015625e+02, 2.903442041015625e+02, 2.902576965332031e+02, 2.901357513427735e+02, 2.900221752929688e+02, 2.900007434082031e+02, 2.900446228027344e+02, 2.901081695556641e+02, 2.901735571289062e+02, 2.902039581298828e+02, 2.901594030761719e+02, 2.90060609741211e+02, 2.899288899739583e+02, 2.898180352783203e+02, 2.897789074707031e+02, 2.898178015136719e+02, 2.89883759765625e+02, 2.899162933349609e+02, 2.898919458007812e+02, 2.898152612304688e+02, 2.89703203125e+02, 2.89621586303711e+02, 2.896026611328125e+02]
valGnd.m_flow=[0e+00, 0e+00, 0e+00, 0e+00, 0e+00, 5.613378198177088e-06, 1.554922178387643e-02, -5.92772831381679e-24, -6.048037767405583e-28, 9.067331156418946e-38, 0e+00, 0e+00, 0e+00, 6.206205030903288e-03, 1.416511453688138e-02, 1.362893935292959e-02, -3.388705015488147e-21, 7.998601940135932e-21, 2.409113677885529e-27, 1.141777988731926e-43, 0e+00, 0e+00, 8.304613679647453e-02, 1.671592779457569e-02, 1.648800142109395e-02, -5.655328935835543e-22, -6.707116532134967e-37, 0e+00, 0e+00, 0e+00, 7.849669754505158e-02, 2.063024997711181e-02, 1.855192117393016e-02, 1.69396885484457e-02, 8.104173571921399e-22, 3.271939260343987e-37, 0e+00, 0e+00, 0e+00, 7.674461349844927e-02, 5.436435714364052e-02, 2.226613819599152e-02, 1.890149138867856e-02, 1.674850098788739e-02, 1.536355298012495e-02, 1.443794146180153e-02, -2.472641293488575e-21, 1.468091883729768e-22, 1.039687456277721e-23, -2.851661892755651e-23, 5.362315450942209e-23, -2.2035564130188e-22, -9.817613068571588e-40, 0e+00, 0e+00, 0e+00, 0e+00, 8.498099878430362e-02, 2.52432027459145e-02, 2.019700068980457e-02, 1.756894066929817e-02, 1.590887058526278e-02, 1.489278748631477e-02, 7.58814160484661e-24, 3.482506493197627e-22, -1.440608924628924e-22, -5.442331636586481e-21, -1.306753631719715e-22, -2.619030423211052e-22, 1.524924104837859e-22, -9.010489255455006e-41, 0e+00, 0e+00, 0e+00, 3.480931669473607e-02, 2.483195252716541e-02, 2.003072358667853e-02, 4.08801502485514e-25, 1.725132934236562e-41, 0e+00, 0e+00, 0e+00, 4.318615421652967e-02, 2.20336164906621e-02, 1.945381864905359e-02, 1.798427514731884e-02, -5.435528790946125e-22, 1.68155815718667e-46, 0e+00, 0e+00, 1.605468745331128e-21, 8.539409741759303e-02, 2.646416224539277e-02, 2.234026640653608e-02, -5.316297871265033e-25, 0e+00, 0e+00, 0e+00, 9.205466221646349e-26, 8.540234252810472e-02, 2.64081209897995e-02]
valBed1.m_flow=[0e+00, 0e+00, 0e+00, 0e+00, 0e+00, 3.02794642692561e-08, 3.840247991320282e-06, -2.412251978122432e-26, -1.972102610171151e-30, 1.246567501557359e-37, 0e+00, 0e+00, 0e+00, 2.987222572414794e-08, 7.178166157472937e-08, 3.013215952307746e-08, -7.736673345348283e-24, 1.695450217860615e-27, 2.873548008855727e-27, 2.008621218763307e-43, 0e+00, 0e+00, 3.238426917232687e-04, 4.031200229655859e-04, 4.979447965070104e-08, -3.580264782096012e-23, -1.130588694482743e-36, 0e+00, 0e+00, 0e+00, 2.290204665769124e-05, 1.331994496922524e-07, 3.953400526143533e-05, 5.44205194339119e-03, 5.765140941584042e-28, 5.160260317560256e-37, 0e+00, 0e+00, 0e+00, 8.125031083822244e-02, 2.882317176045035e-07, 3.014872639539595e-08, 1.136144824326056e-02, 5.104811674528402e-07, 2.985489615525694e-08, 1.003538984805346e-02, -1.516236050891177e-23, 4.880029535652031e-24, 1.522777327918818e-26, -4.29376967045985e-25, 7.853491645604161e-28, -2.228808247928331e-21, -1.693720699184759e-39, 0e+00, 0e+00, 0e+00, 0e+00, 1.269354423508104e-02, 3.252314101587246e-08, 7.958761425689721e-03, 5.288011521997759e-08, 1.618204131954958e-03, 3.204036243259665e-03, 2.068456653503316e-26, 2.873898131512008e-27, -6.59521528872352e-29, -9.812228805109911e-28, -1.583528195820872e-29, -1.246119214013243e-22, 7.165761799939384e-25, -1.60146834475976e-40, 0e+00, 0e+00, 0e+00, 3.750010620251678e-08, 4.49578498955816e-03, 3.243962254373431e-08, 3.455676947150148e-25, 3.09070949810892e-41, 0e+00, 0e+00, 0e+00, 4.958705233094347e-08, 2.767770637292124e-03, 3.157256031409664e-04, 3.052179948781486e-08, -3.061876043841644e-22, 1.569454280043484e-45, 0e+00, 0e+00, 2.807587957038445e-21, 4.211772182024129e-03, 5.889077314691176e-08, 1.43622296862306e-02, -6.990006412970734e-25, 0e+00, 0e+00, 0e+00, 4.723897696196537e-26, 5.259162725996048e-04, 3.809690696243706e-08]
valBed3.m_flow=[0e+00, 0e+00, 0e+00, 0e+00, 0e+00, 1.524059349833351e-08, 2.086183577887375e-08, 0e+00, 0e+00, 0e+00, 0e+00, 0e+00, 0e+00, 1.494140768443231e-08, 2.319913939174912e-08, 1.498537258726174e-08, 0e+00, 0e+00, 0e+00, 0e+00, 0e+00, 0e+00, 1.293227967107714e-04, 3.243528533857822e-05, 1.748380157096121e-08, 0e+00, 0e+00, 0e+00, 0e+00, 0e+00, 9.131421211350244e-06, 3.21072403508532e-08, 8.318110858091029e-04, 4.594396241008511e-04, 0e+00, 0e+00, 0e+00, 0e+00, 0e+00, 8.687984466552731e-02, 1.366803530800098e-07, 1.507074205875372e-08, 1.019363079220076e-02, 1.166673158081837e-07, 7.041557435057745e-06, 5.526105035096407e-03, 0e+00, 0e+00, 0e+00, 0e+00, 0e+00, 0e+00, 0e+00, 0e+00, 0e+00, 0e+00, 0e+00, 1.385664407163936e-02, 1.922266413600985e-08, 1.051391376182403e-02, 2.605804411359713e-06, 1.504832926713109e-08, 8.809919171035331e-03, 0e+00, 0e+00, 0e+00, 0e+00, 0e+00, 0e+00, 0e+00, 0e+00, 0e+00, 0e+00, 0e+00, 1.648778832205681e-05, 7.578599761473015e-04, 1.626646330521469e-08, 0e+00, 0e+00, 0e+00, 0e+00, 0e+00, 1.626835754109431e-08, 1.503545700387577e-08, 9.540964066982712e-03, 3.51841590529034e-08, 0e+00, 0e+00, 0e+00, 0e+00, 0e+00, 1.792220966889887e-03, 3.810466061793108e-08, 1.090208737179692e-02, 0e+00, 0e+00, 0e+00, 0e+00, 0e+00, 9.394980275826858e-05, 2.256150999357942e-08]
pump.m_flow=[0e+00, 0e+00, 0e+00, 0e+00, 0e+00, 5.703982333216118e-06, 1.94093635678292e-02, -5.598604263447661e-24, -4.234440094437163e-28, 3.463676862022004e-37, 0e+00, 0e+00, 0e+00, 6.206294875592062e-03, 1.416588310152286e-02, 1.369155524298549e-02, -5.542187684599423e-21, 7.998605542895239e-21, 5.340427328010261e-27, 3.238961270440566e-43, 0e+00, 0e+00, 8.395042836666118e-02, 3.582176350057115e-02, 2.197549961507301e-02, -6.136160231060158e-22, -2.35614120390291e-36, 0e+00, 0e+00, 0e+00, 7.857612818479538e-02, 2.830789782106847e-02, 3.85714606940742e-02, 2.513416510075251e-02, 2.03838044648483e-21, 1.711914192110291e-36, 0e+00, 0e+00, 0e+00, 3.767845427989969e-01, 5.436504483222961e-02, 2.324366517364948e-02, 4.072416394949001e-02, 1.67491726949811e-02, 2.78438314795494e-02, 3.000094816088677e-02, -2.475700989337969e-21, -9.687595719032529e-22, 1.043395929258489e-23, -8.716343275986917e-22, 5.362385501790593e-23, -2.689659877971195e-21, -4.223074124276189e-39, 0e+00, 0e+00, 0e+00, 0e+00, 1.322094935178786e-01, 2.524442002177242e-02, 5.185027703642964e-02, 1.759274192154408e-02, 2.750805925577806e-02, 2.726943805813765e-02, 3.216181114311636e-21, 3.482556455229743e-22, -1.440624373680892e-22, -5.44233126500144e-21, -2.823580576663157e-22, 1.802056055186056e-22, -4.376941605043048e-22, -3.816884783097223e-40, 0e+00, 0e+00, 0e+00, 3.492349416017494e-02, 3.02499420940876e-02, 2.415698885917586e-02, 1.102994612433552e-24, 4.896590855053742e-41, 0e+00, 0e+00, 0e+00, 4.319155201316054e-02, 4.027361072599843e-02, 2.931193321943337e-02, 3.123513516038656e-02, -6.09252886829542e-22, 3.475220191524302e-45, 0e+00, 0e+00, 4.482701139712248e-21, 1.0074096754193e-01, 2.646577998995779e-02, 4.805596850812482e-02, -1.274702735287913e-24, 0e+00, 0e+00, 0e+00, 1.507355309228013e-25, 8.835491985082612e-02, 4.762802273035049e-02]
valBat2.m_flow=[0e+00, 0e+00, 0e+00, 0e+00, 0e+00, 1.494454870965001e-08, 1.930203670635847e-03, -3.112852523047534e-26, -5.127169771936381e-28, 6.880833992718244e-38, 0e+00, 0e+00, 0e+00, 1.492562464733282e-08, 3.29226884332426e-07, 3.074611122428905e-05, -1.011856285642953e-21, 8.477016934740438e-28, 1.091598226073381e-34, 1.709584126476354e-45, 0e+00, 0e+00, 3.586311891012933e-08, 9.354502335190728e-03, 2.747330549172955e-03, -2.745062405825539e-29, -2.713024670762309e-37, 0e+00, 0e+00, 0e+00, 1.750797125055214e-08, 3.845674903131877e-03, 2.786810435354383e-03, 1.146917514269997e-03, 6.312954304726519e-22, 4.875869305352383e-37, 0e+00, 0e+00, 0e+00, 2.466931484639699e-02, 1.481058582442074e-08, 1.48915962938645e-08, 1.486038030407144e-08, 1.490423610306379e-08, 1.489363004480992e-08, 1.488118996917365e-08, -6.69977010894829e-25, 9.669512716221607e-28, 1.478134750208805e-27, -1.094444675415487e-27, 3.422682771072303e-28, -1.617262095905946e-28, -8.103087403190881e-40, 0e+00, 0e+00, 0e+00, 0e+00, 1.455033654451653e-08, 5.697103233616218e-07, 8.481286186000532e-06, 1.05570212326711e-05, 6.015072329321139e-05, 1.720713044050897e-04, 1.625446799637804e-21, 9.172727503380676e-28, -3.270033262753617e-29, -4.899286518678919e-28, -8.098382565472859e-23, -1.298080483913397e-29, 2.766974634310494e-23, -6.809553835447875e-41, 0e+00, 0e+00, 0e+00, 1.486350392099212e-08, 1.489080903027684e-08, 1.492189490193141e-08, 1.852734538391277e-32, 0e+00, 0e+00, 0e+00, 0e+00, 2.643434063431468e-06, 2.533558480877455e-07, 6.433702765208713e-07, 1.894684487524501e-06, -3.098471707656031e-22, 1.569454280043484e-45, 0e+00, 0e+00, 3.426862691608047e-24, 1.465704054126605e-08, 1.488337876054402e-08, 1.48415608691721e-08, -2.703866551551112e-32, 0e+00, 0e+00, 0e+00, 4.211822075791188e-33, 4.405980277808265e-04, 1.063666306436062e-02]
valBat1.m_flow=[0e+00, 0e+00, 0e+00, 0e+00, 0e+00, 1.494454870965001e-08, 1.926041711121825e-03, -3.112738935840164e-26, -4.070329196463496e-28, 5.558543056362336e-38, 0e+00, 0e+00, 0e+00, 1.492562464733282e-08, 3.292267462029182e-07, 3.0745068397664e-05, -9.652960903419966e-22, 8.477016934740438e-28, 1.091598226073381e-34, 1.709584126476354e-45, 0e+00, 0e+00, 3.586311891012933e-08, 9.312419220805123e-03, 2.740084677934545e-03, -2.745062405825539e-29, -2.407720873091532e-37, 0e+00, 0e+00, 0e+00, 1.750797125055214e-08, 3.831787272356307e-03, 2.778957281261357e-03, 1.145419003441756e-03, 5.966651324456578e-22, 3.323371364508631e-37, 0e+00, 0e+00, 0e+00, 2.430076401680761e-02, 1.481058493624232e-08, 1.48915962938645e-08, 1.486038030407144e-08, 1.490423610306379e-08, 1.489362940532146e-08, 1.488118916981307e-08, -6.69957555612754e-25, 9.669512716221607e-28, 1.478134677023467e-27, -1.094444675415487e-27, 3.422682771072303e-28, -1.617262095905946e-28, -6.437505730052717e-40, 0e+00, 0e+00, 0e+00, 0e+00, 1.455033595831878e-08, 5.697100095859497e-07, 8.481195536663606e-06, 1.055690427165246e-05, 6.014606413375315e-05, 1.720366341760199e-04, 1.583135796408415e-21, 9.172727503380676e-28, -3.270033262753617e-29, -4.899286518678919e-28, -7.070072815321473e-23, -1.298080471876334e-29, 2.617377646019053e-23, -5.505309302762195e-41, 0e+00, 0e+00, 0e+00, 1.486350392099212e-08, 1.489080858618763e-08, 1.492189333873739e-08, 1.852734429658049e-32, 0e+00, 0e+00, 0e+00, 0e+00, 2.643425114003602e-06, 2.5335578015986e-07, 6.43369853605835e-07, 1.894679780889419e-06, -2.768985606103417e-22, 1.68155815718667e-46, 0e+00, 0e+00, 3.42454361146656e-24, 1.465704002612257e-08, 1.488337876054402e-08, 1.48415608691721e-08, -2.703866551551112e-32, 0e+00, 0e+00, 0e+00, 4.211822075791188e-33, 4.402708378622188e-04, 1.05824489146471e-02]
valBed2.m_flow=[0e+00, 0e+00, 0e+00, 0e+00, 0e+00, 1.519510846037519e-08, 3.500393034983088e-08, -5.720303726616985e-31, -2.986384907908285e-33, 1.579696650779215e-39, 0e+00, 0e+00, 0e+00, 1.494912478250399e-08, 1.562599436510932e-08, 1.07984712602871e-06, 1.634426913409224e-26, -6.610499863257715e-32, 8.659103784271971e-30, 2.017869788627892e-45, 0e+00, 0e+00, 4.510540561750689e-04, 3.35956409799102e-06, 1.516255345279661e-08, -1.600678125007142e-26, -1.874131581833965e-38, 0e+00, 0e+00, 0e+00, 4.736185983347241e-05, 1.946604161417994e-08, 1.358242724090828e-02, 6.484133240291064e-07, -1.011579839925798e-28, 2.098323952671466e-38, 0e+00, 0e+00, 0e+00, 8.293970853090282e-02, 2.321506485714053e-07, 9.774521464711722e-04, 2.675659969100109e-04, 1.548607446721922e-08, 1.247317783534525e-02, 1.481130243519147e-06, -5.319492970552531e-27, 2.372277926242758e-26, 3.245496080191899e-32, 1.993081804054961e-27, -8.640000293294926e-33, -7.308346180096578e-26, -3.955770276493018e-41, 0e+00, 0e+00, 0e+00, 0e+00, 2.067827731371093e-02, 2.650082208788406e-08, 1.316363893449372e-02, 2.783782768744914e-08, 9.860672410577078e-03, 1.858756630099174e-05, -1.854575479389047e-30, -1.493744545740988e-31, 4.601497909422387e-33, 2.172357119721151e-29, -7.065678907360295e-33, -1.20430346183317e-25, 6.880472148902937e-26, -3.751275988997535e-42, 0e+00, 0e+00, 0e+00, 9.762304954622484e-05, 1.643141295062378e-04, 4.126187320797839e-03, 1.037795791883952e-27, 3.13050076930189e-43, 0e+00, 0e+00, 0e+00, 4.506868108934797e-08, 1.54717026278375e-02, 1.38710073542851e-07, 1.324700424447656e-02, -8.360818310733031e-25, 0e+00, 0e+00, 0e+00, 2.889418629502917e-23, 9.342848425729388e-03, 1.490768734133111e-06, 4.513532109556171e-04, -1.400394603410854e-29, 0e+00, 0e+00, 0e+00, 6.884177773126803e-29, 1.451838463544547e-03, 7.31129716768919e-07]
