last-generated=2016-12-22
statistics-initialization=
{
  "linear": "0"
}
statistics-simulation=
{
  "numerical Jacobians": "0", 
  "nonlinear": "1", 
  "number of continuous time states": "3", 
  "linear": "0"
}
zone.propsBus[1].iSolDir.T=[293.149993896484375, 293.149993896484375]
zone.propsBus[2].surfCon.T=[293.149993896484375, 293.14996337890625, 293.14996337890625, 293.149932861328125, 293.14990234375, 293.14990234375, 293.149871826171875, 293.149871826171875, 293.14984130859375, 293.14984130859375, 293.149810791015625, 293.149810791015625, 293.149810791015625, 293.1497802734375, 293.1497802734375, 293.1497802734375, 293.149749755859375, 293.149749755859375, 293.149749755859375, 293.149749755859375, 293.14971923828125, 293.14971923828125, 293.14971923828125, 293.14971923828125, 293.14971923828125, 293.14971923828125, 293.14971923828125, 293.149688720703125, 293.149688720703125, 293.149688720703125, 293.149688720703125, 293.149688720703125, 293.149688720703125, 293.149688720703125, 293.149658203125, 293.149658203125, 293.149658203125, 293.149658203125, 293.149658203125, 293.149658203125, 293.149658203125, 293.149658203125, 293.149658203125, 293.149658203125, 293.149658203125, 293.149658203125, 293.149658203125, 293.149658203125, 293.149658203125, 293.149658203125, 293.149658203125, 293.149658203125, 293.149658203125, 293.149658203125, 293.149658203125, 293.149658203125, 293.149658203125, 293.149658203125, 293.149658203125, 293.149658203125, 293.149658203125, 293.149658203125, 293.149658203125, 293.149658203125, 293.149658203125, 293.149658203125, 293.149658203125, 293.149658203125, 293.149658203125, 293.149658203125, 293.149658203125, 293.149658203125, 293.149658203125, 293.149658203125, 293.149658203125, 293.149658203125, 293.149658203125, 293.149658203125, 293.149658203125, 293.149658203125, 293.149658203125, 293.149658203125, 293.149658203125, 293.149658203125, 293.149658203125, 293.149658203125, 293.149658203125, 293.149658203125, 293.149658203125, 293.149658203125, 293.149658203125, 293.149658203125, 293.149658203125, 293.149658203125, 293.149658203125, 293.149658203125, 293.149658203125, 293.149658203125, 293.149658203125, 293.149658203125, 293.149658203125]
zone.propsBus[1].surfCon.T=[293.149993896484375, 293.14996337890625, 293.14996337890625, 293.149932861328125, 293.14990234375, 293.14990234375, 293.149871826171875, 293.149871826171875, 293.14984130859375, 293.14984130859375, 293.149810791015625, 293.149810791015625, 293.149810791015625, 293.1497802734375, 293.1497802734375, 293.1497802734375, 293.149749755859375, 293.149749755859375, 293.149749755859375, 293.149749755859375, 293.14971923828125, 293.14971923828125, 293.14971923828125, 293.14971923828125, 293.14971923828125, 293.14971923828125, 293.14971923828125, 293.149688720703125, 293.149688720703125, 293.149688720703125, 293.149688720703125, 293.149688720703125, 293.149688720703125, 293.149688720703125, 293.149658203125, 293.149658203125, 293.149658203125, 293.149658203125, 293.149658203125, 293.149658203125, 293.149658203125, 293.149658203125, 293.149658203125, 293.149658203125, 293.149658203125, 293.149658203125, 293.149658203125, 293.149658203125, 293.149658203125, 293.149658203125, 293.149658203125, 293.149658203125, 293.149658203125, 293.149658203125, 293.149658203125, 293.149658203125, 293.149658203125, 293.149658203125, 293.149658203125, 293.149658203125, 293.149658203125, 293.149658203125, 293.149658203125, 293.149658203125, 293.149658203125, 293.149658203125, 293.149658203125, 293.149658203125, 293.149658203125, 293.149658203125, 293.149658203125, 293.149658203125, 293.149658203125, 293.149658203125, 293.149658203125, 293.149658203125, 293.149658203125, 293.149658203125, 293.149658203125, 293.149658203125, 293.149658203125, 293.149658203125, 293.149658203125, 293.149658203125, 293.149658203125, 293.149658203125, 293.149658203125, 293.149658203125, 293.149658203125, 293.149658203125, 293.149658203125, 293.149658203125, 293.149658203125, 293.149658203125, 293.149658203125, 293.149658203125, 293.149658203125, 293.149658203125, 293.149658203125, 293.149658203125, 293.149658203125]
zone.propsBus[1].iSolDif.T=[293.149993896484375, 293.149993896484375]
time=[0., 10000.]
zone.gainRad.T=[293.149993896484375, 293.149993896484375]
zone.propsBus[2].surfRad.T=[293.149993896484375, 293.149993896484375]
zone.propsBus[1].surfRad.T=[293.149993896484375, 293.149993896484375]
zone.propsBus[2].surfCon.Q_flow=[0., 0., 0., 0., 0., 0., 0., 0., 0., 0., 0., 0., 0., 0., 0., 0., 0., 0., 0., 0., 0., 0., 0., 0., 0., 0., 0., 0., 0., 0., 0., 0., 0., 0., 0., 0., 0., 0., 0., 0., 0., 0., 0., 0., 0., 0., 0., 0., 0., 0., 0., 0., 0., 0., 0., 0., 0., 0., 0., 0., 0., 0., 0., 0., 0., 0., 0., 0., 0., 0., 0., 0., 0., 0., 0., 0., 0., 0., 0., 0., 0., 0., 0., 0., 0., 0., 0., 0., 0., 0., 0., 0., 0., 0., 0., 0., 0., 0., 0., 0., 0.]
zone.propsBus[1].surfRad.Q_flow=[0., 0.]
zone.propsBus[2].surfRad.Q_flow=[-0., -0.]
zone.propsBus[1].surfCon.Q_flow=[0., 0., 0., 0., 0., 0., 0., 0., 0., 0., 0., 0., 0., 0., 0., 0., 0., 0., 0., 0., 0., 0., 0., 0., 0., 0., 0., 0., 0., 0., 0., 0., 0., 0., 0., 0., 0., 0., 0., 0., 0., 0., 0., 0., 0., 0., 0., 0., 0., 0., 0., 0., 0., 0., 0., 0., 0., 0., 0., 0., 0., 0., 0., 0., 0., 0., 0., 0., 0., 0., 0., 0., 0., 0., 0., 0., 0., 0., 0., 0., 0., 0., 0., 0., 0., 0., 0., 0., 0., 0., 0., 0., 0., 0., 0., 0., 0., 0., 0., 0., 0.]
