last-generated=2017-12-20
statistics-simulation=
{
  "numerical Jacobians": "0", 
  "nonlinear": " ", 
  "number of continuous time states": "2", 
  "linear": " "
}
temperature.T=[2.931499938964844e+02, 3.215195922851562e+02, 3.313510437011719e+02, 3.323166198730469e+02, 3.240525512695312e+02, 3.0970947265625e+02, 2.947744445800781e+02, 2.849482421875e+02, 2.839830017089844e+02, 2.922478332519531e+02, 3.065857543945312e+02, 3.215210571289062e+02, 3.313489685058594e+02, 3.323156127929688e+02, 3.240518798828125e+02, 3.097142028808594e+02, 2.947789306640625e+02, 2.849508972167969e+02, 2.839842224121094e+02, 2.922480773925781e+02, 3.065858764648438e+02, 3.215210571289062e+02, 3.313489990234375e+02, 3.323158874511719e+02, 3.240521545410156e+02, 3.097142639160156e+02, 2.947789611816406e+02, 2.849510192871094e+02, 2.83984375e+02, 2.922481384277343e+02, 3.065858154296875e+02, 3.215210876464844e+02, 3.3134912109375e+02, 3.323158264160156e+02, 3.240519714355469e+02, 3.097141418457031e+02, 2.947789306640625e+02, 2.849510192871094e+02, 2.839841918945312e+02, 2.92247802734375e+02, 3.065857238769531e+02, 3.215210571289062e+02, 3.313489990234375e+02, 3.323156433105469e+02, 3.240518493652344e+02, 3.097141418457031e+02, 2.947789306640625e+02, 2.849508666992188e+02, 2.83984130859375e+02, 2.922479858398438e+02, 3.065858459472656e+02, 3.215210571289062e+02, 3.313489685058594e+02, 3.323157348632812e+02, 3.240521850585938e+02, 3.097142944335936e+02, 2.947789611816405e+02, 2.849509887695313e+02, 2.839843444824219e+02, 2.922481384277344e+02, 3.065858764648438e+02, 3.215210876464844e+02, 3.313491821289062e+02, 3.323158874511719e+02, 3.240520324707031e+02, 3.097141723632812e+02, 2.947789306640625e+02, 2.849510498046875e+02, 2.839843139648438e+02, 2.922479553222656e+02, 3.06585693359375e+02, 3.215210571289062e+02, 3.313490295410156e+02, 3.323157043457031e+02, 3.240518493652344e+02, 3.09714111328125e+02, 2.947789306640625e+02, 2.849508666992188e+02, 2.839840698242188e+02, 2.922479248046875e+02, 3.065857849121094e+02, 3.215210571289062e+02, 3.313489379882812e+02, 3.323156433105469e+02, 3.240519714355469e+02, 3.097143249511719e+02, 2.947789306640625e+02, 2.849509582519531e+02, 2.839842834472656e+02, 2.922481079101562e+02, 3.065858764648438e+02, 3.215210876464844e+02, 3.313490905761719e+02, 3.323159484863281e+02, 3.240520935058594e+02, 3.097142333984375e+02, 2.947789611816406e+02, 2.849510498046875e+02, 2.83984375e+02, 2.922480773925781e+02, 3.065855712890625e+02]
cold.T=[2.831499938964844e+02, 2.831499938964844e+02]
hot.T=[3.331499938964844e+02, 3.331499938964844e+02]
time=[0e+00, 1e+02]
