last-generated=2017-03-06
statistics-initialization=
{
  "numerical Jacobians": "0", 
  "nonlinear": "18, 10, 8, 11, 10, 8, 12"
}
statistics-simulation=
{
  "numerical Jacobians": "0", 
  "nonlinear": "1, 3, 1, 1, 1, 1, 1, 1, 1", 
  "number of continuous time states": "360", 
  "linear": "0, 0, 0, 0, 0, 0, 0, 0, 0, 0, 0, 0, 0, 0, 0, 0, 0, 0, 0, 0, 0, 0, 0, 0, 0, 0, 0,   0, 0, 0, 0, 0, 0, 0, 0, 0, 0, 0, 0, 0, 0, 0, 0, 0, 0, 0, 0, 0, 0, 0, 0, 0, 0,   0, 0, 0, 0, 0, 0, 0, 0, 0, 0, 0, 0, 0, 0, 0, 0, 0, 0, 0, 0, 0, 0, 0, 0, 0, 0,   0, 0, 0, 0, 0, 0, 0, 0, 0, 0, 0, 0, 0, 0, 0, 0, 0, 0, 0, 0, 0, 0, 0, 0, 0, 0,   0, 0, 0, 0, 0, 0, 0, 0, 0, 0, 0, 0, 0, 0, 0, 0, 0, 0, 0, 0, 0, 0, 0, 0, 0, 0,   0, 0, 0, 0, 0, 0, 0, 0, 0"
}
heaSys.heaSche.TdegC[1].y=[299.0380859375, 299.0380859375, 299.0380859375, 299.0380859375, 299.0380859375, 299.0380859375, 299.0380859375, 299.0380859375, 299.0380859375, 299.0380859375, 299.0380859375, 302.11958482530383207632, 303.18727620442706438553, 303.13466050889758207632, 303.16399807400171084737, 303.15315755208331438553, 304.10913764105902146184, 303.12287055121527146184, 303.719482421875, 303.16095987955731061447, 303.43540785047741792368, 303.15596516927081438553, 303.00403510199652146184, 303.14125230577258207632, 303.12613932291668561447, 303.14438544379339646184, 302.91562228732641415263, 303.072174072265625, 303.23264227973089646184, 299.14272393120660353816, 298.12736002604168561447, 295.68303765190972853816, 295.34144761827258207632, 294.60872395833331438553, 294.98160129123266415263, 294.68317667643231061447, 296.68377685546875, 294.91748725043402146184, 295.85161675347222853816, 295.21985880533856061447, 304.50095960828991792368, 303.14013671875, 303.598724365234375, 303.13721720377606061447, 303.59931437174481061447, 303.15582275390625, 303.28988986545141415263, 303.15233696831597853816, 303.12012736002606061447, 303.15299479166668561447, 303.132537841796875, 303.1494140625, 306.26560804578991792368, 306.47210693359375, 308.342742919921875, 307.48527696397570707632, 307.66663275824652146184, 303.42905680338543561447, 307.30682373046875, 305.69106716579858584737, 300.06136067708331438553, 297.79604424370660353816, 303.27827623155383207632, 305.101043701171875, 308.05724080403643938553, 308.57287936740453915263, 310.90041097005206438553, 310.65435791015625, 310.62285020616320707632, 307.791412353515625, 309.77309841579858584737, 305.40590074327258207632, 303.11505126953125, 301.50877888997393938553, 301.04676649305554292368, 300.189788818359375, 298.70919121636285353816, 297.974456787109375, 297.50614420572918561447, 297.1534423828125, 298.00438435872393938553, 296.7503662109375, 303.20065985785589646184, 303.13040839301214646184, 303.06965128580731061447, 303.14825100368921084737, 303.21873643663195707632, 303.14030965169268938553, 303.16764322916668561447, 303.15704684787328915263, 303.213348388671875, 303.13707817925347853816, 303.22271050347222853816, 303.13524373372393938553, 303.160430908203125, 303.160430908203125, 303.160430908203125, 303.160430908203125, 303.160430908203125, 303.160430908203125, 303.160430908203125]
struct.TSensor[1]=[293.149993896484375, 303.13483683268231061447, 303.13731553819445707632, 303.138092041015625, 303.138336181640625, 303.13836669921875, 303.138336181640625, 303.138275146484375, 303.138214111328125, 303.138153076171875, 303.138092041015625, 303.13807508680554292368, 303.14548746744793561447, 303.13924492730035353816, 303.14092678493921084737, 303.13865152994793561447, 303.32437472873266415263, 303.13952975802953915263, 303.149566650390625, 303.14139472113714646184, 303.14521620008679292368, 303.14032999674481061447, 303.14397176106768938553, 303.13874308268231061447, 303.13922119140625, 303.13725789388018938553, 303.14167277018231061447, 303.137542724609375, 302.38895670572918561447, 299.62140909830731061447, 298.49242146809893938553, 295.93585544162328915263, 295.236053466796875, 294.63902791341143938553, 294.65936957465277146184, 294.60679456922741792368, 296.20587158203125, 294.701690673828125, 295.14306979709203915263, 294.89914957682293561447, 304.25394015842016415263, 303.13717312282983584737, 303.14893595377606061447, 303.14118109809027146184, 303.150299072265625, 303.142303466796875, 303.14445326063366792368, 303.14216783311633207632, 303.14116414388018938553, 303.13930935329858584737, 303.14145236545141415263, 303.139404296875, 306.61314900716143938553, 307.09766642252606061447, 306.91778564453125, 307.64695570203991792368, 308.6693115234375, 304.04994710286456438553, 308.82681952582464646184, 307.40523274739581438553, 300.19864908854168561447, 298.24320136176214646184, 304.57257419162328915263, 306.516876220703125, 308.80360921223956438553, 310.14819675021703915263, 312.119049072265625, 312.43049791124133207632, 312.20022243923608584737, 308.22186279296875, 311.29771253797741792368, 306.52595350477429292368, 304.177703857421875, 302.97351752387152146184, 301.77444118923608584737, 301.58469645182293561447, 299.81022135416668561447, 299.26960923936633207632, 298.32378133138018938553, 298.38038126627606061447, 298.57451714409722853816, 297.673797607421875, 303.137054443359375, 303.13842434353296084737, 303.14019775390625, 303.13906521267358584737, 303.13953653971356061447, 303.13904825846356061447, 303.13938734266491792368, 303.13942803276910353816, 303.141845703125, 303.14216783311633207632, 303.14459228515625, 303.143768310546875, 304.41078355577258207632, 304.66595458984375, 304.89013671875, 305.09651014539929292368, 305.28698052300347853816, 305.462554931640625, 305.624237060546875]
time=[8000000., 12300000.]
heaSys.heaSche.TdegC[2].y=[299.74151611328125, 299.74151611328125, 299.74151611328125, 299.74151611328125, 299.74151611328125, 299.74151611328125, 299.74151611328125, 299.74151611328125, 299.74151611328125, 299.74151611328125, 299.74151611328125, 302.66305202907983584737, 302.92742919921875, 303.215118408203125, 303.07836235894097853816, 303.20375569661456438553, 303.21318901909722853816, 303.21266682942706438553, 303.02685546875, 303.18618435329858584737, 303.04590521918402146184, 303.21538289388018938553, 302.95171780056421084737, 303.24375406901043561447, 303.1488037109375, 303.25198703342016415263, 302.86640082465277146184, 303.21429443359375, 302.63270060221356061447, 299.83666653103296084737, 298.59715779622393938553, 296.62073771158856061447, 295.81359524197046084737, 295.257843017578125, 295.16410997178820707632, 295.05804443359375, 296.029998779296875, 295.217315673828125, 295.57687038845483584737, 295.59157307942706438553, 303.47928534613714646184, 303.16090901692706438553, 303.07448323567706438553, 303.16895887586804292368, 303.09943305121527146184, 303.19183349609375, 302.95734659830731061447, 303.13341946072046084737, 303.05956013997393938553, 303.20267062717016415263, 303.01047431098089646184, 303.17596435546875, 305.74721611870660353816, 306.73006523980035353816, 308.0120849609375, 307.89193047417535353816, 307.12376912434893938553, 304.03490193684893938553, 307.13909573025171084737, 305.968994140625, 300.8857421875, 298.91050211588543561447, 303.17049831814233584737, 305.344482421875, 307.77227444118921084737, 308.65793863932293561447, 310.46866861979168561447, 310.75757853190106061447, 310.72752210828991792368, 308.51857503255206438553, 309.63587443033856061447, 306.03499348958331438553, 303.91851806640625, 302.36735704210070707632, 301.29296196831597853816, 300.69120279947918561447, 299.34062364366320707632, 298.58714124891491792368, 298.05799357096356061447, 297.73752848307293561447, 298.52259657118054292368, 297.511993408203125, 302.7685546875, 303.16399807400171084737, 302.95173136393231061447, 303.20582750108508207632, 303.15928141276043561447, 303.21129353841143938553, 303.15210300021703915263, 303.18827311197918561447, 302.92132568359375, 303.15350680881078915263, 303.14103190104168561447, 303.136566162109375, 303.174285888671875, 303.174285888671875, 303.174285888671875, 303.174285888671875, 303.174285888671875, 303.174285888671875, 303.174285888671875]
struct.TSensor[2]=[293.149993896484375, 300.35322401258679292368, 301.06263563368054292368, 301.41948445638018938553, 301.59028455946179292368, 301.66417100694445707632, 301.68925984700518938553, 301.68975151909722853816, 301.67797173394097853816, 301.6610107421875, 301.64230007595483584737, 301.62421332465277146184, 301.69737752278643938553, 301.69897121853296084737, 301.70247395833331438553, 301.65706380208331438553, 301.84609646267358584737, 301.78153483072918561447, 301.8997802734375, 301.8765869140625, 301.84743923611108584737, 301.79004923502606061447, 301.83147854275171084737, 301.73946126302081438553, 301.68166097005206438553, 301.61248779296875, 301.67203436957464646184, 301.60589599609375, 301.41224500868054292368, 300.45388115776910353816, 299.416046142578125, 297.92972140842016415263, 296.89629109700518938553, 296.25770060221356061447, 295.75037299262152146184, 295.56243896484375, 295.8551025390625, 295.413299560546875, 295.321136474609375, 295.452423095703125, 298.81288994683160353816, 300.19237603081597853816, 301.02144368489581438553, 301.41429646809893938553, 301.68374294704858584737, 301.7896728515625, 301.79603746202258207632, 301.81634521484375, 301.7449951171875, 301.69502088758679292368, 301.68980238172741792368, 301.66710408528643938553, 302.77788289388018938553, 303.78261311848956438553, 304.769500732421875, 305.77886284722222853816, 305.29543050130206438553, 304.39451090494793561447, 305.42568291558160353816, 304.95427449544268938553, 302.24092610677081438553, 300.61317274305554292368, 301.82388983832464646184, 303.31719970703125, 304.69257269965277146184, 306.30294121636285353816, 307.51214599609375, 308.65584309895831438553, 308.94789293077258207632, 308.3236083984375, 308.41356404622393938553, 307.20076158311633207632, 305.71466064453125, 304.45782131618921084737, 303.09005398220483584737, 302.586151123046875, 301.35565863715277146184, 300.60722859700518938553, 299.72340901692706438553, 299.52813381618921084737, 299.71015760633679292368, 299.09454345703125, 300.74557156032983584737, 301.26162380642358584737, 301.47947184244793561447, 301.60524156358508207632, 301.63048299153643938553, 301.678070068359375, 301.655548095703125, 301.67488267686633207632, 301.674041748046875, 301.78210110134546084737, 301.84690009223089646184, 301.98475138346356061447, 302.40287950303820707632, 302.62455579969616792368, 302.83921305338543561447, 303.04872639973956438553, 303.25070868598089646184, 303.44317626953125, 303.624969482421875]
heaSys.heaSche.TdegC[3].y=[299.774322509765625, 299.774322509765625, 299.774322509765625, 299.774322509765625, 299.774322509765625, 299.774322509765625, 299.774322509765625, 299.774322509765625, 299.774322509765625, 299.774322509765625, 299.774322509765625, 302.93016899956597853816, 303.14380900065106061447, 303.136260986328125, 303.13858371310766415263, 303.14784749348956438553, 303.14368693033856061447, 303.14337497287328915263, 303.15240478515625, 303.14808824327258207632, 303.15110270182293561447, 303.15057373046875, 303.0699462890625, 303.14995320638018938553, 303.12884521484375, 303.14435492621527146184, 302.90153672960070707632, 303.8079833984375, 302.459808349609375, 299.49562920464410353816, 298.45793660481768938553, 296.35506184895831438553, 295.65745374891491792368, 295.00154622395831438553, 295.07392374674481061447, 294.78610568576391415263, 296.179718017578125, 295.02164035373266415263, 295.60404120551214646184, 295.35137939453125, 303.63816663953991792368, 303.15581936306421084737, 303.15718587239581438553, 303.14855617947046084737, 303.14137437608508207632, 303.160797119140625, 303.173858642578125, 303.15020073784722853816, 303.16428629557293561447, 303.15159437391491792368, 303.16909111870660353816, 303.15262858072918561447, 306.10235934787328915263, 306.81060112847222853816, 308.1710205078125, 307.752044677734375, 307.59154256184893938553, 303.73301188151043561447, 307.36414591471356061447, 305.96693250868054292368, 300.67170206705731061447, 298.60863240559893938553, 303.435455322265625, 305.340301513671875, 308.56363932291668561447, 308.77404446072046084737, 311.47826131184893938553, 310.83243815104168561447, 310.888336181640625, 308.23027547200518938553, 310.55574205186633207632, 305.71980794270831438553, 303.7047119140625, 302.04417928059893938553, 301.48595174153643938553, 300.431060791015625, 299.17888387044268938553, 298.33242119683160353816, 298.28800455729168561447, 297.50542534722222853816, 298.42783610026043561447, 297.27508544921875, 303.31821017795141415263, 303.14979383680554292368, 303.02886962890625, 303.16236029730902146184, 303.21631537543402146184, 303.15577189127606061447, 303.14491102430554292368, 303.14984809027777146184, 303.10772705078125, 303.13264634874133207632, 304.17938910590277146184, 303.15008544921875, 303.1549072265625, 303.1549072265625, 303.1549072265625, 303.1549072265625, 303.1549072265625, 303.1549072265625, 303.1549072265625]
struct.TSensor[3]=[293.149993896484375, 303.14653862847222853816, 303.147308349609375, 303.14752197265625, 303.1475830078125, 303.147613525390625, 303.1475830078125, 303.1475830078125, 303.147552490234375, 303.14752197265625, 303.147491455078125, 303.1474609375, 303.14821370442706438553, 303.147552490234375, 303.14785427517358584737, 303.14752197265625, 303.14909532335070707632, 303.147705078125, 303.14898681640625, 303.14788818359375, 303.14839680989581438553, 303.147705078125, 303.14852227105035353816, 303.14764743381078915263, 303.147796630859375, 303.14738633897570707632, 303.14841715494793561447, 303.14739990234375, 302.478851318359375, 300.11549546983508207632, 299.43352254231768938553, 297.73857625325518938553, 296.96864149305554292368, 296.21452840169268938553, 295.93463473849828915263, 295.42435370551214646184, 296.31036376953125, 295.35929022894964646184, 295.5181884765625, 295.3153076171875, 303.52946302625866792368, 303.14641994900171084737, 303.14894612630206438553, 303.1475830078125, 303.14975314670141415263, 303.147979736328125, 303.14839341905383207632, 303.14787462022570707632, 303.147918701171875, 303.147674560546875, 303.1480712890625, 303.147674560546875, 306.524444580078125, 307.51937188042535353816, 307.806854248046875, 307.83658175998266415263, 308.86594984266491792368, 304.41845703125, 309.01678466796875, 307.89466688368054292368, 302.23079427083331438553, 300.65671454535589646184, 305.837005615234375, 307.224395751953125, 310.22272067599828915263, 310.33026801215277146184, 313.04050699869793561447, 312.73922390407983584737, 312.86757066514758207632, 309.73719278971356061447, 312.81939019097222853816, 307.67363145616320707632, 305.93560791015625, 304.41498480902777146184, 304.05816989474828915263, 302.734039306640625, 301.54502020941839646184, 300.69873385959203915263, 301.146240234375, 299.90624321831597853816, 300.50457085503472853816, 299.35003662109375, 303.14748128255206438553, 303.14739990234375, 303.147979736328125, 303.1475830078125, 303.14772881401910353816, 303.147613525390625, 303.147674560546875, 303.14764404296875, 303.1483154296875, 303.14795600043402146184, 303.88539971245660353816, 303.14862060546875, 303.89441257052953915263, 304.11152140299481061447, 304.33165486653643938553, 304.55106268988714646184, 304.76403130425347853816, 304.9674072265625, 305.15972900390625]
heaSys.heaSche.TdegC[4].y=[299.871826171875, 299.871826171875, 299.871826171875, 299.871826171875, 299.871826171875, 299.871826171875, 299.871826171875, 299.871826171875, 299.871826171875, 299.871826171875, 299.871826171875, 302.83274332682293561447, 303.215118408203125, 303.15126207139758207632, 303.15385606553820707632, 303.15565999348956438553, 303.27183702256945707632, 303.13786824544268938553, 303.211639404296875, 303.15836927625866792368, 303.31373087565106061447, 303.163543701171875, 303.13558281792535353816, 303.14456854926214646184, 303.12474568684893938553, 303.14391750759546084737, 303.00537109375, 303.093780517578125, 302.62889946831597853816, 299.85942247178820707632, 298.61518351236981061447, 296.70210096571179292368, 295.89272732204858584737, 295.28151448567706438553, 295.141754150390625, 294.96977403428820707632, 295.89788818359375, 295.12584431966143938553, 295.4678955078125, 295.48075358072918561447, 303.03751627604168561447, 303.150787353515625, 303.17569986979168561447, 303.14119466145831438553, 303.18128458658856061447, 303.1546630859375, 303.20293172200518938553, 303.15132310655383207632, 303.158935546875, 303.15476481119793561447, 303.12437269422741792368, 303.15012613932293561447, 305.73106214735241792368, 306.62620713975695707632, 307.954681396484375, 307.83493720160589646184, 307.10771348741320707632, 304.05702718098956438553, 307.17952813042535353816, 305.93103705512152146184, 301.00670369466143938553, 299.0037841796875, 303.164093017578125, 305.253509521484375, 307.62392171223956438553, 308.58278062608508207632, 310.27228800455731061447, 310.69319322374133207632, 310.72154405381945707632, 308.51775105794268938553, 309.56339179144964646184, 306.03135850694445707632, 303.996185302734375, 302.45143636067706438553, 301.32169257269964646184, 300.76877848307293561447, 299.42326185438366792368, 298.669464111328125, 298.03668212890625, 297.74838935004339646184, 298.48436821831597853816, 297.5355224609375, 303.15003797743054292368, 303.14573160807293561447, 303.06937662760418561447, 303.15350341796875, 303.16499837239581438553, 303.15034993489581438553, 303.14161173502606061447, 303.14734225802953915263, 303.16351318359375, 303.144561767578125, 303.17182413736981061447, 303.14417521158856061447, 303.145355224609375, 303.145355224609375, 303.145355224609375, 303.145355224609375, 303.145355224609375, 303.145355224609375, 303.145355224609375]
struct.TSensor[4]=[293.149993896484375, 303.14479234483508207632, 303.14640977647570707632, 303.146881103515625, 303.14703369140625, 303.1470947265625, 303.1470947265625, 303.1470947265625, 303.147064208984375, 303.147064208984375, 303.14703369140625, 303.14703369140625, 303.148468017578125, 303.14736599392358584737, 303.1475830078125, 303.14719645182293561447, 303.14948187934027146184, 303.1475830078125, 303.1492919921875, 303.147857666015625, 303.14859347873266415263, 303.147674560546875, 303.14830525716143938553, 303.147430419921875, 303.14744059244793561447, 303.147064208984375, 303.14783732096356061447, 303.147003173828125, 302.41150241427953915263, 300.920196533203125, 300.0040283203125, 298.52600436740453915263, 297.57029215494793561447, 296.79106648763018938553, 296.24883694118921084737, 295.81539577907983584737, 296.208526611328125, 295.49203152126733584737, 295.46966891818578915263, 295.51573689778643938553, 300.74187893337671084737, 303.14431084526910353816, 303.14803059895831438553, 303.147186279296875, 303.14900716145831438553, 303.14776611328125, 303.14828830295141415263, 303.14788818359375, 303.147735595703125, 303.147430419921875, 303.147796630859375, 303.147369384765625, 305.19654337565106061447, 306.10898166232641415263, 305.93341064453125, 306.96618991427953915263, 307.54575941297741792368, 305.083831787109375, 307.87813991970483584737, 307.25001695421008207632, 303.14244588216143938553, 301.60872056749133207632, 304.62251451280383207632, 305.944488525390625, 307.40126546223956438553, 308.64824422200518938553, 309.99639892578125, 310.94466145833331438553, 311.41426934136285353816, 309.54657999674481061447, 311.13066609700518938553, 308.22400919596356061447, 306.781768798828125, 305.50062730577258207632, 304.29883490668402146184, 303.562591552734375, 302.36012776692706438553, 301.53217569986981061447, 300.709686279296875, 300.37831624348956438553, 300.65468004014758207632, 299.87567138671875, 303.14617580837671084737, 303.14697265625, 303.14744059244793561447, 303.14730495876733584737, 303.14736599392358584737, 303.147369384765625, 303.147369384765625, 303.14736260308160353816, 303.147705078125, 303.14783393012152146184, 303.14828830295141415263, 303.1483154296875, 303.65890842013891415263, 303.88046603732641415263, 304.103363037109375, 304.32404242621527146184, 304.53802490234375, 304.742462158203125, 304.935943603515625]
struct.TSensor[5]=[293.149993896484375, 296.89055040147570707632, 296.63636271158856061447, 296.412017822265625, 296.18804931640625, 295.972503662109375, 295.752899169921875, 295.53240288628472853816, 295.32014295789929292368, 295.14996337890625, 295.1497802734375, 295.149688720703125, 295.14983113606768938553, 295.1495361328125, 295.1497802734375, 295.149566650390625, 295.18620808919268938553, 295.1492919921875, 295.235382080078125, 295.149871826171875, 295.205963134765625, 295.14972941080731061447, 295.14990234375, 295.14935641818578915263, 295.14933268229168561447, 295.1490478515625, 295.14940049913195707632, 295.149017333984375, 295.14713541666668561447, 295.03141954210070707632, 295.23122151692706438553, 295.10626898871527146184, 295.15764024522570707632, 295.03135172526043561447, 295.12176174587671084737, 294.88446384006078915263, 294.98602294921875, 294.82240464952258207632, 294.88453165690106061447, 294.683624267578125, 294.71079508463543561447, 295.14898342556421084737, 295.22013346354168561447, 295.149810791015625, 295.42995876736108584737, 295.307098388671875, 295.516998291015625, 295.47349378797741792368, 295.32670084635418561447, 295.14990234375, 295.149932861328125, 295.14984130859375, 295.20161946614581438553, 295.13190036349828915263, 295.5887451171875, 295.79488457573785353816, 296.16906399197046084737, 296.26900227864581438553, 296.36480712890625, 296.38825141059027146184, 295.82661946614581438553, 295.41136338975695707632, 295.33489990234375, 294.9931640625, 295.31942070855035353816, 295.61810641818578915263, 296.472259521484375, 296.93417697482641415263, 297.27277289496527146184, 297.33209228515625, 297.61943562825518938553, 297.694000244140625, 297.76068115234375, 297.74034288194445707632, 297.52296956380206438553, 297.38890584309893938553, 297.02193874782983584737, 296.63138495551214646184, 296.34172566731768938553, 296.20485093858508207632, 296.067840576171875, 296.058868408203125, 295.19659762912328915263, 295.14973280164929292368, 295.1497802734375, 295.149688720703125, 295.14971923828125, 295.14959716796875, 295.14964124891491792368, 295.14971923828125, 295.14996337890625, 295.22337171766491792368, 295.45946587456597853816, 295.696319580078125, 295.95257907443578915263, 296.20088704427081438553, 296.45671590169268938553, 296.70912339952258207632, 296.95288764105902146184, 297.185302734375, 297.405120849609375]
heaSys.heaSche.TdegC[5].y=[295.154541015625, 295.154541015625, 295.154541015625, 295.154541015625, 295.154541015625, 295.154541015625, 295.154541015625, 295.154541015625, 295.154541015625, 295.154541015625, 295.154541015625, 295.15140109592016415263, 295.15077718098956438553, 295.14690483940972853816, 295.15422227647570707632, 295.15120442708331438553, 295.24396769205731061447, 295.14160495334203915263, 295.287078857421875, 295.15211995442706438553, 295.24015977647570707632, 295.15160115559893938553, 295.14867485894097853816, 295.14873928493921084737, 295.14754231770831438553, 295.14666069878472853816, 295.14911566840277146184, 295.11175537109375, 295.15069240993921084737, 295.14173380533856061447, 295.14521280924481061447, 295.15454440646703915263, 295.14247639973956438553, 295.13726806640625, 295.15281168619793561447, 295.15160793728296084737, 295.149139404296875, 295.153594970703125, 295.15482584635418561447, 295.15202840169268938553, 295.15455118815106061447, 295.16093614366320707632, 295.39946492513018938553, 295.47586737738714646184, 295.58559163411456438553, 295.714141845703125, 295.82462904188366792368, 295.96394517686633207632, 295.7486572265625, 295.52779473198785353816, 295.46872287326391415263, 295.416473388671875, 295.50010850694445707632, 295.69021945529516415263, 296.1376953125, 296.44491916232641415263, 296.46610853407116792368, 296.59648640950518938553, 296.53989664713543561447, 296.49881320529516415263, 295.66413370768231061447, 295.14961412217883207632, 295.15123494466143938553, 295.149993896484375, 295.37763468424481061447, 296.02833726671008207632, 296.608001708984375, 297.26987033420141415263, 297.45251125759546084737, 297.40116373697918561447, 297.39977010091143938553, 297.53600396050347853816, 297.21832275390625, 297.00838216145831438553, 296.58351304796008207632, 296.57091267903643938553, 295.97236124674481061447, 295.54723782009546084737, 295.14232381184893938553, 295.14716593424481061447, 295.1483154296875, 295.14874267578125, 295.15750800238714646184, 295.14800347222222853816, 295.154052734375, 295.16263495551214646184, 295.15019056532116792368, 295.1500244140625, 295.15164523654516415263, 295.15180121527777146184, 295.168914794921875, 295.53323703342016415263, 295.53087022569445707632, 295.98163859049481061447, 295.889404296875, 295.889404296875, 295.889404296875, 295.889404296875, 295.889404296875, 295.889404296875, 295.889404296875]
struct.TSensor[6]=[293.149993896484375, 296.89585367838543561447, 296.67184109157983584737, 296.517547607421875, 296.38331095377606061447, 296.23774210611981061447, 296.08727010091143938553, 295.93637763129339646184, 295.78850640190972853816, 295.646636962890625, 295.52158610026043561447, 295.41902330186633207632, 295.58983357747393938553, 295.37494913736981061447, 295.46159871419268938553, 295.355224609375, 295.80104573567706438553, 295.34633721245660353816, 295.9090576171875, 295.65118408203125, 295.88599989149304292368, 295.59709676106768938553, 295.72023518880206438553, 295.34159681532116792368, 295.17557779947918561447, 295.149810791015625, 295.26165771484375, 295.14971923828125, 295.35859171549481061447, 295.28978135850695707632, 295.49802652994793561447, 295.32151285807293561447, 295.43384467230902146184, 295.31346638997393938553, 295.38068983289929292368, 295.19136555989581438553, 295.24462890625, 295.02929348415796084737, 295.03539021809893938553, 294.83058675130206438553, 294.92365180121527146184, 295.149658203125, 295.58863321940106061447, 295.49324205186633207632, 295.90846082899304292368, 295.8189697265625, 296.09783935546875, 296.05761040581597853816, 295.89485677083331438553, 295.68641153971356061447, 295.79625447591143938553, 295.65276082356768938553, 295.82651095920141415263, 295.84523179796008207632, 296.47930908203125, 296.63419257269964646184, 297.1494140625, 297.13951619466143938553, 297.31995646158856061447, 297.24855211046008207632, 296.67710367838543561447, 296.11968315972222853816, 295.89539930555554292368, 295.810577392578125, 296.25555759006078915263, 296.62880791558160353816, 297.5743408203125, 298.01240370008679292368, 298.33959282769097853816, 298.366668701171875, 298.72245619032116792368, 298.79161919487847853816, 298.75677490234375, 298.61869642469616792368, 298.40179443359375, 298.187774658203125, 297.68951076931421084737, 297.210693359375, 296.77323404947918561447, 296.35678778754339646184, 296.06097751193578915263, 296.047607421875, 295.66773139105902146184, 295.58697170681421084737, 295.60716756184893938553, 295.50352308485241792368, 295.49383544921875, 295.46254475911456438553, 295.38936699761285353816, 295.49167209201391415263, 295.59625244140625, 295.89040459526910353816, 296.15239800347222853816, 296.54668172200518938553, 296.763214111328125, 297.00535413953991792368, 297.245330810546875, 297.47779337565106061447, 297.70013088650171084737, 297.911376953125, 298.111053466796875]
heaSys.heaSche.TdegC[6].y=[295.459197998046875, 295.459197998046875, 295.459197998046875, 295.459197998046875, 295.459197998046875, 295.459197998046875, 295.459197998046875, 295.459197998046875, 295.459197998046875, 295.459197998046875, 295.459197998046875, 295.52276950412328915263, 295.7923583984375, 295.706146240234375, 295.65125189887152146184, 295.43321736653643938553, 295.71401299370660353816, 295.42290242513018938553, 295.63983154296875, 295.56618923611108584737, 295.7978515625, 295.63591512044268938553, 295.69085354275171084737, 295.38120863172741792368, 295.26470947265625, 295.14821031358508207632, 295.17858547634546084737, 295.138214111328125, 295.15158759223089646184, 295.14829169379339646184, 295.14908854166668561447, 295.14944797092016415263, 295.15279473198785353816, 295.14628092447918561447, 295.15136379665796084737, 295.14798651801214646184, 295.14117431640625, 295.15421888563366792368, 295.15645345052081438553, 295.14811197916668561447, 295.15293036566839646184, 295.20692952473956438553, 295.59272257486981061447, 295.66604275173608584737, 295.78511216905383207632, 295.940155029296875, 296.10978529188366792368, 296.18547905815972853816, 296.149566650390625, 295.93255615234375, 295.93596733940972853816, 295.86002604166668561447, 296.06793551974828915263, 296.32774183485241792368, 296.69268798828125, 297.04473198784722853816, 297.138824462890625, 297.19464111328125, 297.19617038302953915263, 297.14566718207464646184, 296.32222493489581438553, 295.52742173936633207632, 295.3038330078125, 295.6175537109375, 295.82527330186633207632, 296.56800333658856061447, 297.12550862630206438553, 297.87572224934893938553, 298.17370944552953915263, 298.27347819010418561447, 298.268218994140625, 298.31792195638018938553, 297.993743896484375, 297.68787638346356061447, 297.28919474283856061447, 297.15297444661456438553, 296.60266452365453915263, 296.14472113715277146184, 295.66497802734375, 295.30908203125, 295.16443549262152146184, 295.149871826171875, 295.15389336480035353816, 295.15002102322046084737, 295.25483194986981061447, 295.33398776584203915263, 295.31954616970483584737, 295.414398193359375, 295.4111328125, 295.56294420030383207632, 295.667938232421875, 295.99129570855035353816, 296.05028279622393938553, 296.38649495442706438553, 296.308441162109375, 296.308441162109375, 296.308441162109375, 296.308441162109375, 296.308441162109375, 296.308441162109375, 296.308441162109375]
struct.TSensor[7]=[293.149993896484375, 297.60176934136285353816, 297.635406494140625, 297.58037312825518938553, 297.46511501736108584737, 297.32230970594616792368, 297.16953531901043561447, 297.01688300238714646184, 296.87003241644964646184, 296.73223876953125, 296.60506184895831438553, 296.49031575520831438553, 296.43782552083331438553, 296.33475070529516415263, 296.31421576605902146184, 296.241912841796875, 296.33886379665796084737, 296.20290120442706438553, 296.363372802734375, 296.34120347764758207632, 296.40856594509546084737, 296.34666951497393938553, 296.40578545464410353816, 296.27960205078125, 296.16938273111981061447, 296.01795450846356061447, 295.97604709201391415263, 295.796051025390625, 295.91182115342883207632, 295.74534437391491792368, 295.59159342447918561447, 295.39397854275171084737, 295.41109212239581438553, 295.31516520182293561447, 295.30743408203125, 295.16487291124133207632, 295.160400390625, 295.01115587022570707632, 294.99579874674481061447, 294.819091796875, 294.78585137261285353816, 295.14980740017358584737, 295.507781982421875, 295.71807183159722853816, 296.04584418402777146184, 296.18621826171875, 296.38914998372393938553, 296.483001708984375, 296.4952392578125, 296.47246636284722853816, 296.46639336480035353816, 296.44480387369793561447, 296.59873792860241792368, 296.856414794921875, 297.344482421875, 297.77161661783856061447, 297.95706854926214646184, 298.15106201171875, 298.21279568142358584737, 298.31004163953991792368, 297.99549357096356061447, 297.54182942708331438553, 297.16464572482641415263, 297.1834716796875, 297.48550075954858584737, 297.92447577582464646184, 298.55499267578125, 299.16888427734375, 299.62198893229168561447, 299.91507975260418561447, 300.08658515082464646184, 300.20364718967016415263, 300.09075927734375, 299.84891764322918561447, 299.48100111219616792368, 299.224639892578125, 298.81785074869793561447, 298.40165540907116792368, 297.96001180013018938553, 297.60322740342883207632, 297.33333333333331438553, 297.0091552734375, 296.684661865234375, 296.61844889322918561447, 296.547271728515625, 296.49339463975695707632, 296.43364461263018938553, 296.3905029296875, 296.32599555121527146184, 296.33669026692706438553, 296.3365478515625, 296.45226033528643938553, 296.56530083550347853816, 296.86048380533856061447, 297.17432318793402146184, 297.46104600694445707632, 297.73773193359375, 298.00162421332464646184, 298.25127834743921084737, 298.48602294921875, 298.7054443359375]
heaSys.heaSche.TdegC[7].y=[296.263427734375, 296.263427734375, 296.263427734375, 296.263427734375, 296.263427734375, 296.263427734375, 296.263427734375, 296.263427734375, 296.263427734375, 296.263427734375, 296.263427734375, 296.242584228515625, 296.39452107747393938553, 296.44966973198785353816, 296.46062554253472853816, 296.4639892578125, 296.5338134765625, 296.47495863172741792368, 296.529510498046875, 296.53258599175347853816, 296.60595364040796084737, 296.60926310221356061447, 296.61232842339410353816, 296.54874335394964646184, 296.44472249348956438553, 296.343414306640625, 296.28693644205731061447, 296.174468994140625, 296.07013956705731061447, 295.75793117947046084737, 295.35847981770831438553, 295.14519924587671084737, 295.14246283637152146184, 295.147064208984375, 295.15228949652777146184, 295.15225558810766415263, 295.158721923828125, 295.15244547526043561447, 295.14975653754339646184, 295.15334065755206438553, 295.23013644748266415263, 295.71071031358508207632, 296.00416056315106061447, 296.19719441731768938553, 296.35380384657116792368, 296.51800537109375, 296.65419514973956438553, 296.76286824544268938553, 296.83009847005206438553, 296.815216064453125, 296.78819105360241792368, 296.79218546549481061447, 296.91121419270831438553, 297.29412841796875, 297.650543212890625, 298.094573974609375, 297.93779500325518938553, 298.088165283203125, 298.05071343315972853816, 298.07143825954858584737, 297.55353800455731061447, 296.92267184787328915263, 296.55594550238714646184, 296.83807373046875, 297.08816189236108584737, 297.66884358723956438553, 298.08811442057293561447, 298.76014879014758207632, 299.13258192274304292368, 299.40726725260418561447, 299.28862169053820707632, 299.30338202582464646184, 298.950836181640625, 298.56864081488714646184, 298.09622531467016415263, 297.87397257486981061447, 297.43133205837671084737, 297.03089735243054292368, 296.558807373046875, 296.24949476453991792368, 296.10244411892358584737, 295.800628662109375, 295.85407172309027146184, 296.12431844075518938553, 296.23218790690106061447, 296.30928887261285353816, 296.33771430121527146184, 296.3837890625, 296.40187920464410353816, 296.46598307291668561447, 296.50701904296875, 296.64057074652777146184, 296.69100273980035353816, 296.90985107421875, 296.90325927734375, 296.90325927734375, 296.90325927734375, 296.90325927734375, 296.90325927734375, 296.90325927734375, 296.90325927734375]
heaSys.Qhea[1]=[1975., 1515.12215169270825754211, 1268.15426974826391415263, 1190.93184407552075754211, 1167.68831380208325754211, 1163.58793131510424245789, 1166.63956705729174245789, 1172.28218587239575754211, 1178.70928276909717169474, 1185.0457763671875, 1190.42483181423608584737, 1192.70145670572924245789, 451.129364013671875, 1074.95631239149315661052, 908.61164008246532830526, 1134.16031901041674245789, 0., 1047.33698187934032830526, 44.61684417724609375, 860.95180257161462122895, 478.19704861111108584737, 966.81941731770837122895, 602.1246337890625, 1126.78169759114575754211, 1077.58109537760424245789, 1274.58976236979174245789, 833.22207980685766415263, 1245.2855224609375, 3.7211388746897378077, 3.6700200239817299952, 3.88856879870096827645, 4.03113055229187011719, 3.85752958721584748858, 3.53536550203959132332, 4.14180633756849481131, 4.00001231829325387679, 3.93835997581481933594, 3.79450106620788574219, 4.03355174594455334613, 3.84703962008158351082, 1799.86751302083325754211, 1281.56217447916674245789, 106.60578409830728219276, 881.26963297526037877105, 29.12472830878363794227, 769.22906494140625, 555.45730929904516415263, 783.78621419270837122895, 884.35921223958337122895, 1069.74418131510424245789, 854.06028917100695707632, 1059.652587890625, 1799.85498046875, 1799.75543891059032830526, 3.90185308456420898438, 402.98491525650024414062, 1800.01222059461815661052, 4.1383514404296875, 1800.15425618489575754211, 1799.83732096354174245789, 3.81197381019592285156, 3.7919295893775091244, 1799.77969021267358584737, 1799.4281005859375, 1799.67914496527782830526, 1800.05802408854174245789, 1799.94563802083325754211, 1799.74061414930565661052, 1799.95423719618065661052, 3.7657498518625893702, 1799.98423936631934338948, 3.47772889667087126142, 4.23150348663330078125, 4.10546875, 3.43099776903788233895, 4.04574704170227050781, 3.91841133435567234855, 3.80846330854627801443, 3.81222661336263035636, 3.90656291113959408534, 4.12115828196207711898, 3.92081499099731445312, 1294.24812825520825754211, 1157.29673936631934338948, 981.41666666666662877105, 1094.38499620225684338948, 1045.81012641059032830526, 1095.13948567708325754211, 1062.42240397135424245789, 1056.26490614149315661052, 814.94219970703125, 783.61097547743054292368, 540.2059326171875, 622.77071126302087122895, 1076.1719970703125, 1076.1719970703125, 1076.1719970703125, 1076.1719970703125, 1076.1719970703125, 1076.1719970703125, 1076.1719970703125]
heaSys.heaSche.Pel_IDEAL[1]=[1832.202880859375, 1832.202880859375, 1832.202880859375, 1832.202880859375, 1832.202880859375, 1832.202880859375, 1832.202880859375, 1832.202880859375, 1832.202880859375, 1832.202880859375, 1832.202880859375, 1947.22252061631934338948, 272.65239461263018938553, 1477.67626953125, 1008.7598876953125, 1352.71724446614575754211, 3.8514352109697131965, 1354.21115451388891415263, 3.73984169960021972656, 1163.60872395833325754211, 110.01376300387912010592, 1283.35306803385424245789, 691.20163302951391415263, 1465.35310872395825754211, 1226.17411295572924245789, 1510.86366102430565661052, 668.97346327039929292368, 900.289794921875, 3.7211388746897378077, 3.6700200239817299952, 3.88856879870096827645, 4.03113055229187011719, 3.85752958721584748858, 3.53536550203959132332, 4.14180633756849481131, 4.00001231829325387679, 3.93835997581481933594, 3.79450106620788574219, 4.03355174594455334613, 3.84703962008158351082, 1799.86751302083325754211, 1460.13566080729174245789, 3.70068438847859715324, 1121.15516493055565661052, 3.69000090493096255528, 1036.303466796875, 166.44808875189889363355, 985.18154568142358584737, 936.39430745442712122895, 1284.705078125, 817.20404730902782830526, 1225.471435546875, 1799.85498046875, 1799.75543891059032830526, 3.90185308456420898438, 402.98491525650024414062, 1800.01222059461815661052, 4.1383514404296875, 1800.15425618489575754211, 1799.83732096354174245789, 3.81197381019592285156, 3.7919295893775091244, 1799.77969021267358584737, 1799.4281005859375, 1799.67914496527782830526, 1800.05802408854174245789, 1799.94563802083325754211, 1799.74061414930565661052, 1799.95423719618065661052, 3.7657498518625893702, 1799.98423936631934338948, 3.47772889667087126142, 4.23150348663330078125, 4.10546875, 3.43099776903788233895, 4.04574704170227050781, 3.91841133435567234855, 3.80846330854627801443, 3.81222661336263035636, 3.90656291113959408534, 4.12115828196207711898, 3.92081499099731445312, 1829.98219129774315661052, 1521.34126790364575754211, 909.51540120442712122895, 1370.04399956597217169474, 1091.28141276041674245789, 1352.48494466145825754211, 1107.39699978298608584737, 1257.47184244791674245789, 592.395751953125, 1049.22471788194434338948, 255.44343905978732323092, 1015.3773193359375, 1076.1719970703125, 1076.1719970703125, 1076.1719970703125, 1076.1719970703125, 1076.1719970703125, 1076.1719970703125, 1076.1719970703125]
heaSys.Qhea[3]=[750., 345.37741767035589646184, 269.86926947699652146184, 247.26940409342446969276, 240.38779534233941603816, 239.36079576280383207632, 240.72787984212240530724, 243.05335150824652146184, 245.69842529296875, 248.331634521484375, 250.81333584255642676908, 253.00226677788629103816, 177.7481231689453125, 243.4365692138671875, 215.33209567599826073092, 248.07940673828125, 90.04451243082682765362, 229.88838704427084280724, 101.958648681640625, 210.67611524793835542368, 160.39095899793835542368, 230.36995442708334280724, 147.22285630967883207632, 234.31807793511285353816, 221.07980855305990530724, 261.04178873697918561447, 159.21602037217883207632, 259.60272216796875, 10.0107482274373378317, 9.83742978837755011057, 9.6014003753662109375, 9.5190941492716465433, 9.58566379547119140625, 9.66518529256184955045, 9.30970562828911596398, 9.3606799443562831442, 9.3780193328857421875, 9.84743012322319799523, 10.22967963748508068988, 9.8873523076375331442, 499.99090576171875, 358.79089016384546084737, 105.80856068929035984638, 241.53608534071179292368, 25.6548283894856758991, 203.4984283447265625, 161.00173780653210542368, 212.66270616319445707632, 208.81560262044271780724, 233.77412075466580176908, 192.04491848415798926908, 233.3511962890625, 500.00988430447046084737, 499.99797227647570707632, 9.56651210784912109375, 118.480712890625, 500.03779771592883207632, 9.0386257171630859375, 500.08894517686633207632, 499.99164496527777146184, 8.9637740453084315817, 9.49182563357883068988, 500.00626966688366792368, 499.9195556640625, 500.01660495334203915263, 500.05305989583331438553, 500.009307861328125, 499.85949367947046084737, 499.981719970703125, 9.4449555079142246683, 500.02279324001733584737, 9.99763965606689453125, 9.51969051361083984375, 9.16712114546034051443, 9.21886126200358013705, 9.04826863606770892545, 9.08610206180148693988, 9.00957828097873303363, 9.45799573262532611295, 9.52765825059678839182, 9.98153633541530993512, 9.65351581573486328125, 252.53315904405383207632, 260.03520711263018938553, 201.3232269287109375, 240.67563374837240530724, 228.11967807345919823092, 238.69070943196615530724, 232.73076036241320707632, 235.62633260091146780724, 167.2848052978515625, 204.79603915744357323092, 0., 138.41350301106771780724, 227.3497772216796875, 227.3497772216796875, 227.3497772216796875, 227.3497772216796875, 227.3497772216796875, 227.3497772216796875, 227.3497772216796875]
heaSys.heaSche.Pel_IDEAL[3]=[652.91387939453125, 652.91387939453125, 652.91387939453125, 652.91387939453125, 652.91387939453125, 652.91387939453125, 652.91387939453125, 652.91387939453125, 652.91387939453125, 652.91387939453125, 652.91387939453125, 729.19236924913195707632, 289.31833902994793561447, 286.42664252387152146184, 196.70962015787759469276, 267.23750813802081438553, 40.11805089314778882681, 263.75502183702258207632, 80.27382659912109375, 262.56646728515625, 125.95183732774522411546, 276.24309285481768938553, 214.06452263726129103816, 264.39754231770831438553, 207.49886576334634469276, 291.02730984157983584737, 204.71752590603298926908, 171.7235565185546875, 10.0107482274373378317, 9.83742978837755011057, 9.6014003753662109375, 9.5190941492716465433, 9.58566379547119140625, 9.66518529256184955045, 9.30970562828911596398, 9.3606799443562831442, 9.3780193328857421875, 9.84743012322319799523, 10.22967963748508068988, 9.8873523076375331442, 499.99090576171875, 329.79277547200518938553, 39.591342926025390625, 289.70702785915796084737, 15.281543731689453125, 272.646636962890625, 75.66426510281033301908, 248.72580464680990530724, 229.14776102701821969276, 268.66241115993921084737, 179.98720296223959280724, 252.30262247721353219276, 500.00988430447046084737, 499.99797227647570707632, 9.56651210784912109375, 118.480712890625, 500.03779771592883207632, 9.0386257171630859375, 500.08894517686633207632, 499.99164496527777146184, 8.9637740453084315817, 9.49182563357883068988, 500.00626966688366792368, 499.9195556640625, 500.01660495334203915263, 500.05305989583331438553, 500.009307861328125, 499.85949367947046084737, 499.981719970703125, 9.4449555079142246683, 500.02279324001733584737, 9.99763965606689453125, 9.51969051361083984375, 9.16712114546034051443, 9.21886126200358013705, 9.04826863606770892545, 9.08610206180148693988, 9.00957828097873303363, 9.45799573262532611295, 9.52765825059678839182, 9.98153633541530993512, 9.65351581573486328125, 86.22950236002604640362, 349.86297268337671084737, 182.20583089192709280724, 295.64750501844616792368, 233.12523905436196969276, 294.87672932942706438553, 263.75459798177081438553, 272.44409857855902146184, 23.76811981201171875, 266.77782524956597853816, 4.35581660270690917969, 223.10808817545571969276, 227.3497772216796875, 227.3497772216796875, 227.3497772216796875, 227.3497772216796875, 227.3497772216796875, 227.3497772216796875, 227.3497772216796875]
heaSys.Qhea[4]=[750., 519.92532009548608584737, 359.30980088975695707632, 311.689788818359375, 295.96272447374133207632, 291.21745469835070707632, 290.57243855794268938553, 291.45674981011285353816, 292.86304050021703915263, 294.33453369140625, 295.71394517686633207632, 296.87410481770831438553, 152.3800201416015625, 263.62814670138891415263, 240.84771050347222853816, 279.84783935546875, 51.238765716552734375, 241.98035685221353219276, 70.28924560546875, 213.13541158040365530724, 140.07274034288195707632, 233.7548065185546875, 169.8131256103515625, 257.40550062391491792368, 255.31670633951821969276, 294.06944444444445707632, 215.96748521592883207632, 299.806182861328125, 0.95995838774575126262, 0.96947001086341011433, 0.9927230676015218469, 0.97714796993467545327, 0.98418484131495154177, 0.88427231709162390505, 1.01130206717385195958, 1.04548574818505191075, 1.00513827800750732422, 0.97313219308853149414, 1.0579640600416395646, 0.98467900355656945433, 500.09679836697046084737, 568.73378499348962122895, 196.35231526692709280724, 281.70175509982641415263, 98.87740410698785353816, 222.696136474609375, 170.20099046495226957632, 211.9718475341796875, 226.2321014404296875, 257.54431491427953915263, 221.72875637478298926908, 262.392669677734375, 500.00749715169268938553, 499.92835150824652146184, 1.39742767810821533203, 112.04209751553003115987, 500.04086981879339646184, 1.07380421956380200932, 500.11130777994793561447, 499.97100490993921084737, 0.99495363235473632812, 0.9817858669492933732, 499.90911526150171084737, 499.9146728515625, 499.93619452582464646184, 500.01398722330731061447, 499.97003173828125, 500.024688720703125, 499.89985826280383207632, 1.12616642316182447026, 500.03228420681421084737, 0.89482044511371183759, 1.09463167190551757812, 1.05087746514214419591, 0.86641104353798759075, 1.03476405143737792969, 1.01256655322180844081, 0.97902887397342253095, 1.01175481081008911133, 1.01610585053761792729, 1.04619824886322021484, 1.04919803142547607422, 381.60362413194445707632, 303.055267333984375, 255.42139180501303030724, 270.22650146484375, 262.92150539822046084737, 264.26444498697918561447, 263.84874810112847853816, 264.64904446072046084737, 228.2318267822265625, 217.65215386284722853816, 169.73078409830728219276, 168.46468098958334280724, 245.0659942626953125, 245.0659942626953125, 245.0659942626953125, 245.0659942626953125, 245.0659942626953125, 245.0659942626953125, 245.0659942626953125]
heaSys.heaSche.Pel_IDEAL[4]=[674.73095703125, 674.73095703125, 674.73095703125, 674.73095703125, 674.73095703125, 674.73095703125, 674.73095703125, 674.73095703125, 674.73095703125, 674.73095703125, 674.73095703125, 756.35629611545141415263, 214.2824554443359375, 310.23714870876733584737, 297.82829115125866792368, 287.399810791015625, 1.12046106656392407963, 279.72416856553820707632, 71.1297607421875, 270.80555216471356061447, 186.30442979600695707632, 274.56624348958331438553, 291.22280544704858584737, 279.50849745008679292368, 299.84572347005206438553, 306.29417928059893938553, 294.00263468424481061447, 179.1123046875, 0.95995838774575126262, 0.96947001086341011433, 0.9927230676015218469, 0.97714796993467545327, 0.98418484131495154177, 0.88427231709162390505, 1.01130206717385195958, 1.04548574818505191075, 1.00513827800750732422, 0.97313219308853149414, 1.0579640600416395646, 0.98467900355656945433, 500.09679836697046084737, 435.40489705403643938553, 55.56234995524088304819, 311.36106024848089646184, 25.72029834323459240863, 271.9609375, 218.91277906629773042368, 258.22003851996527146184, 278.8397216796875, 275.57467312282983584737, 287.06122504340277146184, 272.697296142578125, 500.00749715169268938553, 499.92835150824652146184, 1.39742767810821533203, 112.04209751553003115987, 500.04086981879339646184, 1.07380421956380200932, 500.11130777994793561447, 499.97100490993921084737, 0.99495363235473632812, 0.9817858669492933732, 499.90911526150171084737, 499.9146728515625, 499.93619452582464646184, 500.01398722330731061447, 499.97003173828125, 500.024688720703125, 499.89985826280383207632, 1.12616642316182447026, 500.03228420681421084737, 0.89482044511371183759, 1.09463167190551757812, 1.05087746514214419591, 0.86641104353798759075, 1.03476405143737792969, 1.01256655322180844081, 0.97902887397342253095, 1.01175481081008911133, 1.01610585053761792729, 1.04619824886322021484, 1.04919803142547607422, 588.76993815104162877105, 384.91177029079858584737, 313.04399617513018938553, 303.03569878472222853816, 292.24852498372393938553, 282.01234944661456438553, 279.59013197157116792368, 275.397796630859375, 292.094512939453125, 248.87913682725695707632, 163.56206088595919823092, 229.7624969482421875, 245.0659942626953125, 245.0659942626953125, 245.0659942626953125, 245.0659942626953125, 245.0659942626953125, 245.0659942626953125, 245.0659942626953125]
heaSys.heaSche.Pel_IDEAL[5]=[-0.89839637279510498047, -0.89839637279510498047, -0.89839637279510498047, -0.89839637279510498047, -0.89839637279510498047, -0.89839637279510498047, -0.89839637279510498047, -0.89839637279510498047, -0.89839637279510498047, -0.89839637279510498047, -0.89839637279510498047, -0.83455922206242882933, -10.94837856292724609375, -15.79194980197482678363, -8.40634965896606445312, -15.01177215576171875, -5.38696410920884893869, -30.70842912462022411546, -5.74971294403076171875, -23.63928010728623974046, -9.49894481235080334613, -31.1900997161865234375, -19.25462701585557567796, -18.78280046251084911546, -4.37747065226237008773, -5.741100311279296875, -1.09312930372026229087, -15.68125152587890625, 10.40262603759765625, 26.32699796888563525954, 43.1334381103515625, 68.35009511311848484638, 92.85723707411024463454, 88.886932373046875, 95.18837229410807765362, 84.66955820719401515362, 75.06573486328125, 76.22516208224826073092, 69.15196990966796875, 65.87427266438801609638, 25.1651223500569649616, -20.8016446431477852741, 10.62746747334798236295, -28.00645277235243213454, 7.57691187328762438824, -25.6428546905517578125, -1.3963102764553494417, -20.4578386942545584759, -25.5762971242268868366, -35.17827563815646385592, -26.14377551608615490863, -26.9454803466796875, -13.34559906853569799523, -46.77644856770833570181, -12.115253448486328125, -37.92041524251302320181, -6.82242907418144994836, -32.068508148193359375, -22.2480475107828787884, -32.03458849589029711069, -55.51817576090494554819, -34.86434385511610400954, -7.97289731767442511057, -49.834178924560546875, -19.99738311767578125, -47.70196363661024463454, 10.2531512578328456442, -23.88886155022515112023, -25.9068730672200508991, -46.20501454671224195181, -16.0795866648356131634, -40.83320575290255760592, -19.87872314453125, -18.49700440300835424523, -6.96554840935601138341, -20.9273840586344412884, -21.69252353244357678363, -27.73180982801649463454, -4.3689764340718584279, 11.4825512568155918558, 16.68723731570773693988, 33.962215423583984375, 18.67845005459255602887, -8.25786484612358862023, -14.5765097935994472067, -16.38609462314181897113, -13.03499126434326171875, -17.0624980926513671875, -12.92875597212049676443, -16.18680466545952612023, -6.08666276931762695312, -19.09201516045464330773, 6.85729885101318359375, -12.94235293070475201205, -11.2687931060791015625, -11.2687931060791015625, -11.2687931060791015625, -11.2687931060791015625, -11.2687931060791015625, -11.2687931060791015625, -11.2687931060791015625]
heaSys.Qhea[5]=[750., -44.606395721435546875, -44.606395721435546875, -44.606395721435546875, -44.606395721435546875, -44.606395721435546875, -44.606395721435546875, -44.606395721435546875, -44.606395721435546875, -39.678478240966796875, -21.58999782138400647113, -12.10450416141086193988, -17.1274553934733084759, -5.36254172854953381488, -10.52514394124349017545, -1.84205623467763257572, -14.026641845703125, 2.64573274718390560878, -14.94820880889892578125, -22.38243654039170849046, -18.5646298726399727741, -17.2048823038736991009, -23.14475207858615490863, -0.87997069623735213462, 5.87709856033325195312, 19.7131169637044258991, 11.43625397152370837262, 33.670917510986328125, 10.40262603759765625, 26.32699796888563525954, 43.1334381103515625, 68.35009511311848484638, 92.85723707411024463454, 88.886932373046875, 95.18837229410807765362, 84.66955820719401515362, 75.06573486328125, 76.22516208224826073092, 69.15196990966796875, 65.87427266438801609638, 25.1651223500569649616, 57.42357423570420849046, 1.50911476214726758549, -18.7967084248860665241, -1.4160562405983605494, -35.762447357177734375, -10.99680540296766473318, -31.2959791819254569134, -36.61311213175455492319, -37.19888983832465356727, -28.8933658599853515625, -21.9527905782063790241, -13.34559906853569799523, -46.77644856770833570181, -12.115253448486328125, -37.92041524251302320181, -6.82242907418144994836, -32.068508148193359375, -22.2480475107828787884, -32.03458849589029711069, -55.51817576090494554819, -34.86434385511610400954, -7.97289731767442511057, -49.834178924560546875, -19.99738311767578125, -47.70196363661024463454, 10.2531512578328456442, -23.88886155022515112023, -25.9068730672200508991, -46.20501454671224195181, -16.0795866648356131634, -40.83320575290255760592, -19.87872314453125, -18.49700440300835424523, -6.96554840935601138341, -20.9273840586344412884, -21.69252353244357678363, -27.73180982801649463454, -4.3689764340718584279, 11.4825512568155918558, 16.68723731570773693988, 33.962215423583984375, -40.58836195203993213454, -25.11011462741427990863, -19.8151721954345703125, -13.98979398939344598318, -11.98195934295654296875, -7.33705425262451171875, -4.86600976520114514301, -8.00079769558376696637, -13.5138339996337890625, -29.22794935438368213454, 2.45965666241115998858, -23.8291384379069022259, -11.2687931060791015625, -11.2687931060791015625, -11.2687931060791015625, -11.2687931060791015625, -11.2687931060791015625, -11.2687931060791015625, -11.2687931060791015625]
heaSys.Qhea[6]=[750., 0., 0., 0., 0., 0., 0., 0., 0., 0., 0., 0., 0., 0., 0., 0., 0., 0., 0., 0., 0., 0., 0., 0., 0., 18.53873422410752880296, 0., 29.25229644775390625, 8.3750782012939453125, 35.17358567979600536546, 30.65868377685546875, 70.37800259060330176908, 75.74361843532986426908, 78.42931365966796875, 63.57453579372830176908, 72.01771291097004734638, 29.61342620849609375, 59.25784259372287010592, 29.64585028754340356727, 56.846920013427734375, 4.39341836505466076801, 34.52341673109266650954, 0., 0., 0., 0., 0., 0., 0., 0., 0., 0., 0.84165649943881559736, 0.77162245909372961794, 0.95285379886627197266, 0.90775112973319160847, 0.65931339396370780559, 1.0171789725621540601, 0.75163198841942679973, 0.66927459504869246665, 0.94027423858642578125, 0.92711439397599959555, 0.72984208001030814739, 0.74168407917022705078, 0.78064343002107405844, 0.78287826644049751668, 0.83924394845962524414, 0.69065913889143204507, 0.84759902291827726728, 0.95624413092931115354, 0.77206073204676306521, 0.85051541195975410847, 1.04211139678955078125, 0.99559189213646781536, 0.81689733266830444336, 0.98855102062225341797, 0.95111009147432112876, 0.92196250624126863116, 0.94382907946904504026, 0.96960675716400146484, 4.10271141264173699881, 27.2546482086181640625, 0., 0., 0., 0., 0., 0., 0., 0., 0., 0., 0., 0., 0.85149997472763061523, 0.85149997472763061523, 0.85149997472763061523, 0.85149997472763061523, 0.85149997472763061523, 0.85149997472763061523, 0.85149997472763061523]
heaSys.heaSche.Pel_IDEAL[6]=[0.64149999618530273438, 0.64149999618530273438, 0.64149999618530273438, 0.64149999618530273438, 0.64149999618530273438, 0.64149999618530273438, 0.64149999618530273438, 0.64149999618530273438, 0.64149999618530273438, 0.64149999618530273438, 0.64149999618530273438, 0.56370775567160713582, 0.82889443635940551758, 0.80909479326672029131, 0.76466783550050521079, 0.85744051138559973513, 0.92360593875249230589, 0.84074450863732230754, 0.97602522373199462891, 0.79055061605241561118, 0.90155049165089928831, 0.81522593895594275271, 0.79620589812596642698, 0.89775807327694367999, 0.852500001589457157, 7.17254691653781506488, 0.90254533290863037109, 4.24285364151000976562, 8.3750782012939453125, 35.17358567979600536546, 30.65868377685546875, 70.37800259060330176908, 75.74361843532986426908, 78.42931365966796875, 63.57453579372830176908, 72.01771291097004734638, 29.61342620849609375, 59.25784259372287010592, 29.64585028754340356727, 56.846920013427734375, 4.39341836505466076801, 0.81985345151689315024, 0.95038344462712609495, 0.83760476774639558428, 0.9123669995201958427, 0.94688630104064941406, 0.82023397419187760171, 0.90731641319062972251, 0.80802887678146362305, 0.86899746788872611614, 0.87090114752451575075, 0.76933954159418738161, 0.84165649943881559736, 0.77162245909372961794, 0.95285379886627197266, 0.90775112973319160847, 0.65931339396370780559, 1.0171789725621540601, 0.75163198841942679973, 0.66927459504869246665, 0.94027423858642578125, 0.92711439397599959555, 0.72984208001030814739, 0.74168407917022705078, 0.78064343002107405844, 0.78287826644049751668, 0.83924394845962524414, 0.69065913889143204507, 0.84759902291827726728, 0.95624413092931115354, 0.77206073204676306521, 0.85051541195975410847, 1.04211139678955078125, 0.99559189213646781536, 0.81689733266830444336, 0.98855102062225341797, 0.95111009147432112876, 0.92196250624126863116, 0.94382907946904504026, 0.96960675716400146484, 4.10271141264173699881, 27.2546482086181640625, 7.93658616807725714182, 2.9376643763648138119, 0.89104533195495605469, 0.86574872997072005454, 0.89071203602684867473, 0.88433468341827392578, 0.88966101408004760742, 0.83333421415752839678, 0.80839508771896362305, 0.79706880781385636148, 0.8681218359205458146, 0.80140733718872070312, 0.85149997472763061523, 0.85149997472763061523, 0.85149997472763061523, 0.85149997472763061523, 0.85149997472763061523, 0.85149997472763061523, 0.85149997472763061523]
