last-generated=2017-04-26
statistics-simulation=
{
  "numerical Jacobians": "0", 
  "nonlinear": "1, 1, 1", 
  "number of continuous time states": "61", 
  "linear": "0, 0, 0"
}
building.TSensor[1]=[2.92e+02, 2.913213060167101e+02, 2.909417792426215e+02, 2.907019246419271e+02, 2.905296054416233e+02, 2.90499260796441e+02, 2.906910705566406e+02, 2.910043436686198e+02, 2.913582187228733e+02, 2.917119140625e+02, 2.919935743543837e+02, 2.920913526746962e+02, 2.920733133951823e+02, 2.921094428168403e+02, 2.921816745334202e+02, 2.921605733235677e+02, 2.921173638237847e+02, 2.920745069715712e+02, 2.920350341796875e+02, 2.91999274359809e+02, 2.919672003851996e+02, 2.919387308756511e+02, 2.919133809407552e+02, 2.918814256456163e+02, 2.918354695638021e+02, 2.917766520182292e+02, 2.917081366644965e+02, 2.9163037109375e+02, 2.915378519694011e+02, 2.914336954752604e+02, 2.913227844238281e+02, 2.914333157009548e+02, 2.917577243381077e+02, 2.919856363932292e+02, 2.921035161005656e+02, 2.921644897460938e+02, 2.923751220703125e+02, 2.92809814453125e+02, 2.933397013346354e+02, 2.938814798990886e+02, 2.940669284396702e+02, 2.939120652940538e+02, 2.937668762207031e+02, 2.935875617133246e+02, 2.93382805718316e+02, 2.931622009277344e+02, 2.929353502061632e+02, 2.927138671875e+02, 2.925061848958333e+02, 2.923083835177952e+02, 2.921156548394097e+02, 2.919245808919271e+02, 2.917287970648871e+02, 2.915352342393663e+02, 2.913534240722656e+02, 2.911758253309462e+02, 2.91051764594184e+02, 2.910774434407552e+02, 2.910116271972656e+02, 2.909152018229167e+02, 2.908123677571614e+02, 2.907131618923611e+02, 2.9061279296875e+02, 2.905097351074219e+02, 2.904064127604167e+02, 2.903035651312934e+02, 2.901976725260417e+02, 2.900878431532118e+02, 2.899773796929254e+02, 2.898671162923177e+02, 2.897518412272136e+02, 2.89628424750434e+02, 2.894991455078125e+02, 2.893664211697048e+02, 2.893459163667937e+02, 2.897173868815104e+02, 2.900419872088015e+02, 2.902618442111545e+02, 2.905325113932292e+02, 2.909762132432726e+02, 2.915553588867188e+02, 2.922030639648438e+02, 2.928697950575087e+02, 2.933420749240452e+02, 2.932238871256511e+02, 2.931052517361111e+02, 2.929706420898438e+02, 2.928291422526042e+02, 2.926610175238715e+02, 2.924793870713976e+02, 2.922935791015625e+02, 2.921022542317708e+02, 2.919070638020833e+02, 2.917230936686198e+02, 2.915497843424479e+02, 2.91383063422309e+02, 2.91219970703125e+02, 2.910541246202257e+02, 2.908891805013021e+02, 2.907318725585938e+02, 2.908070983886719e+02]
building.TSensor[2]=[2.92e+02, 2.913213060167101e+02, 2.909417792426215e+02, 2.907019246419271e+02, 2.905296054416233e+02, 2.90499260796441e+02, 2.906910705566406e+02, 2.910043436686198e+02, 2.913582187228733e+02, 2.917119140625e+02, 2.919935743543837e+02, 2.920913526746962e+02, 2.920733133951823e+02, 2.921094428168403e+02, 2.921816745334202e+02, 2.921605733235677e+02, 2.921173638237847e+02, 2.920745069715712e+02, 2.920350341796875e+02, 2.91999274359809e+02, 2.919672003851996e+02, 2.919387308756511e+02, 2.919133809407552e+02, 2.918814256456163e+02, 2.918354695638021e+02, 2.917766520182292e+02, 2.917081366644965e+02, 2.9163037109375e+02, 2.915378519694011e+02, 2.914336954752604e+02, 2.913227844238281e+02, 2.914333157009548e+02, 2.917577243381077e+02, 2.919856363932292e+02, 2.921035161005656e+02, 2.921644897460938e+02, 2.923751220703125e+02, 2.92809814453125e+02, 2.933397013346354e+02, 2.938814798990886e+02, 2.940669284396702e+02, 2.939120652940538e+02, 2.937668762207031e+02, 2.935875617133246e+02, 2.93382805718316e+02, 2.931622009277344e+02, 2.929353502061632e+02, 2.927138671875e+02, 2.925061848958333e+02, 2.923083835177952e+02, 2.921156548394097e+02, 2.919245808919271e+02, 2.917287970648871e+02, 2.915352342393663e+02, 2.913534240722656e+02, 2.911758253309462e+02, 2.91051764594184e+02, 2.910774434407552e+02, 2.910116271972656e+02, 2.909152018229167e+02, 2.908123677571614e+02, 2.907131618923611e+02, 2.9061279296875e+02, 2.905097351074219e+02, 2.904064127604167e+02, 2.903035651312934e+02, 2.901976725260417e+02, 2.900878431532118e+02, 2.899773796929254e+02, 2.898671162923177e+02, 2.897518412272136e+02, 2.89628424750434e+02, 2.894991455078125e+02, 2.893664211697048e+02, 2.893459163667937e+02, 2.897173868815104e+02, 2.900419872088015e+02, 2.902618442111545e+02, 2.905325113932292e+02, 2.909762132432726e+02, 2.915553588867188e+02, 2.922030639648438e+02, 2.928697950575087e+02, 2.933420749240452e+02, 2.932238871256511e+02, 2.931052517361111e+02, 2.929706420898438e+02, 2.928291422526042e+02, 2.926610175238715e+02, 2.924793870713976e+02, 2.922935791015625e+02, 2.921022542317708e+02, 2.919070638020833e+02, 2.917230936686198e+02, 2.915497843424479e+02, 2.91383063422309e+02, 2.91219970703125e+02, 2.910541246202257e+02, 2.908891805013021e+02, 2.907318725585938e+02, 2.908070983886719e+02]
time=[0e+00, 2e+05]
