last-generated=2018-08-01
statistics-initialization=
{
  "nonlinear": "7",
  "numerical Jacobians": "0"
}
statistics-simulation=
{
  "linear": "0, 0, 0, 0, 0, 5, 0, 0, 0, 0, 0, 0, 0",
  "nonlinear": "1",
  "number of continuous time states": "31",
  "numerical Jacobians": "0"
}
zone.ppm=[0e+00, 2.578251953125e+02, 4.878334350585938e+02, 6.930259399414062e+02, 7.87127685546875e+02, 7.450385131835938e+02, 7.07490478515625e+02, 6.7399365234375e+02, 8.180432739257812e+02, 8.919037475585938e+02, 9.284169311523438e+02, 9.097559204101562e+02, 7.507001342773438e+02, 7.12108642578125e+02, 6.781134033203124e+02, 7.797125244140625e+02, 8.823065185546875e+02, 9.217969970703125e+02, 9.49036865234375e+02, 7.77797119140625e+02, 7.193411254882812e+02, 6.845655517578125e+02, 7.424931030273438e+02, 8.724817504882812e+02, 9.1502001953125e+02, 9.443623046875e+02, 8.071527709960938e+02, 7.267847290039062e+02, 6.912061157226561e+02, 7.044489135742181e+02, 8.619088745117188e+02, 9.077268676757812e+02, 9.393317260742188e+02, 8.38774658203125e+02, 7.344010620117188e+02, 6.980006713867188e+02, 6.655276489257812e+02, 8.505206909179688e+02, 8.998714599609375e+02, 9.339129028320312e+02, 8.728345947265625e+02, 7.421931762695312e+02, 7.049521484375e+02, 6.717288818359375e+02, 8.160225830078125e+02, 8.914102783203125e+02, 9.280765991210938e+02, 9.095214233398438e+02, 7.505384521484375e+02, 7.120643920898438e+02, 6.780739135742188e+02, 7.796775512695312e+02, 8.822970581054688e+02, 9.217904663085938e+02, 9.49032470703125e+02, 7.777943115234365e+02, 7.19340393066406e+02, 6.845648193359377e+02, 7.424924316406236e+02, 8.724816284179688e+02, 9.150198364257812e+02, 9.443623657226562e+02, 8.071530151367188e+02, 7.267848510742188e+02, 6.912062377929688e+02, 7.04448974609375e+02, 8.619086303710938e+02, 9.07726806640625e+02, 9.393313598632812e+02, 8.387744140625e+02, 7.344007568359375e+02, 6.980004272460938e+02, 6.655274047851562e+02, 8.505206909179688e+02, 8.9987158203125e+02, 9.339131469726562e+02, 8.728343505859375e+02, 7.42193115234375e+02, 7.049520874023438e+02, 6.717288818359375e+02, 8.160226440429688e+02, 8.914105224609375e+02, 9.280767211914062e+02, 9.095215454101562e+02, 7.505382690429688e+02, 7.120643310546875e+02, 6.780739135742188e+02, 7.79677490234375e+02, 8.8229736328125e+02, 9.217906494140625e+02, 9.490325927734375e+02, 7.777943115234375e+02, 7.193405151367188e+02, 6.8456494140625e+02, 7.424924926757812e+02, 8.724815063476562e+02, 9.150198364257812e+02, 9.443637084960938e+02, 8.07154052734375e+02, 7.267850952148438e+02, 6.912064208984375e+02]
time=[0e+00, 1e+05]
pulse.y=[5e+00, 5e+00, 5e+00, 5e+00, 0e+00, 0e+00, 0e+00, 0e+00, 5e+00, 5e+00, 5e+00, 0e+00, 0e+00, 0e+00, 0e+00, 5e+00, 5e+00, 5e+00, 5e+00, 0e+00, 0e+00, 0e+00, 5e+00, 5e+00, 5e+00, 5e+00, 0e+00, 0e+00, 0e+00, 4.999999999999909e+00, 5e+00, 5e+00, 5e+00, 0e+00, 0e+00, 0e+00, 0e+00, 5e+00, 5e+00, 5e+00, 0e+00, 0e+00, 0e+00, 0e+00, 5e+00, 5e+00, 5e+00, 0e+00, 0e+00, 0e+00, 0e+00, 5e+00, 5e+00, 5e+00, 5e+00, 0e+00, 0e+00, 0e+00, 5e+00, 5e+00, 5e+00, 5e+00, 0e+00, 0e+00, 0e+00, 5e+00, 5e+00, 5e+00, 5e+00, 0e+00, 0e+00, 0e+00, 0e+00, 5e+00, 5e+00, 5e+00, 0e+00, 0e+00, 0e+00, 0e+00, 5e+00, 5e+00, 5e+00, 0e+00, 0e+00, 0e+00, 0e+00, 5e+00, 5e+00, 5e+00, 5e+00, 0e+00, 0e+00, 0e+00, 5e+00, 5e+00, 5e+00, 5e+00, 0e+00, 0e+00, 0e+00]
hys.y=[0e+00, 0e+00, 0e+00, 0e+00, 0e+00, 0e+00, 0e+00, 0e+00, 0e+00, 1e+00, 1e+00, 1e+00, 1e+00, 0e+00, 0e+00, 0e+00, 1e+00, 1e+00, 1e+00, 1e+00, 0e+00, 0e+00, 0e+00, 1e+00, 1e+00, 1e+00, 1e+00, 0e+00, 0e+00, 0e+00, 1e+00, 1e+00, 1e+00, 1e+00, 0e+00, 0e+00, 0e+00, 1e+00, 1e+00, 1e+00, 1e+00, 0e+00, 0e+00, 0e+00, 0e+00, 1e+00, 1e+00, 1e+00, 1e+00, 0e+00, 0e+00, 0e+00, 1e+00, 1e+00, 1e+00, 1e+00, 0e+00, 0e+00, 0e+00, 1e+00, 1e+00, 1e+00, 1e+00, 0e+00, 0e+00, 0e+00, 1e+00, 1e+00, 1e+00, 1e+00, 0e+00, 0e+00, 0e+00, 1e+00, 1e+00, 1e+00, 1e+00, 0e+00, 0e+00, 0e+00, 0e+00, 1e+00, 1e+00, 1e+00, 1e+00, 0e+00, 0e+00, 0e+00, 1e+00, 1e+00, 1e+00, 1e+00, 0e+00, 0e+00, 0e+00, 1e+00, 1e+00, 1e+00, 1e+00, 0e+00, 0e+00]
