last-generated=2018-06-13
statistics-simulation=
{
  "linear": " ",
  "nonlinear": " ",
  "numerical Jacobians": "0"
}
p=[5e+05, 5e+05]
time=[0e+00, 1e+00]
X[1]=[1e+00, 1e+00]
d=[9.58541015625e+02, 9.58541015625e+02]
eta=[2.818518260028213e-04, 2.818518260028213e-04]
h=[0e+00, 6.323589985093203e+03, 1.264717997018641e+04, 1.897076995527888e+04, 2.529435994037237e+04, 3.161794874760563e+04, 3.794153991055987e+04, 4.426512871779191e+04, 5.058871988074439e+04, 5.691230633226123e+04, 6.323589749521302e+04, 6.95594847519148e+04, 7.588307982111658e+04, 8.220666707781836e+04, 8.853025743558521e+04, 9.485383998085205e+04, 1.011774397614888e+05, 1.075010223067556e+05, 1.138246126645225e+05, 1.201482046326592e+05, 1.26471794990426e+05, 1.327953947710627e+05, 1.391189695038296e+05, 1.454425598615964e+05, 1.517661596422332e+05, 1.5808975e+05, 1.644133341556367e+05, 1.707369150905337e+05, 1.770605148711704e+05, 1.833840990268071e+05, 1.897076799617041e+05, 1.960312797423408e+05, 2.023548795229775e+05, 2.08678444832977e+05, 2.150020446135112e+05, 2.213256443941479e+05, 2.276492253290449e+05, 2.339728094846816e+05, 2.402964092653184e+05, 2.466200090459551e+05, 2.529435899808521e+05, 2.592671741364888e+05, 2.655907895421255e+05, 2.719143392270224e+05, 2.782379390076592e+05, 2.845615387882959e+05, 2.908851197231929e+05, 2.972087195038295e+05, 3.035323192844663e+05, 3.098559002193633e+05, 3.161795e+05, 3.225030685305469e+05, 3.288266683110938e+05, 3.351502680916406e+05, 3.414738301812696e+05, 3.477974299618165e+05, 3.541210297423184e+05, 3.604446295229101e+05, 3.66768198053457e+05, 3.730917978340039e+05, 3.794153599236328e+05, 3.857389597041797e+05, 3.920625594847266e+05, 3.983861592652734e+05, 4.047097590458203e+05, 4.110333588263672e+05, 4.173568896659961e+05, 4.23680489446543e+05, 4.300040892270899e+05, 4.363276890076816e+05, 4.426512887881835e+05, 4.489748885687304e+05, 4.552984506583594e+05, 4.616220504389062e+05, 4.679456189694531e+05, 4.7426921875e+05, 4.805928185305469e+05, 4.869164183110938e+05, 4.932400180916406e+05, 4.995635801812696e+05, 5.058871799618165e+05, 5.122107797423184e+05, 5.185343482729101e+05, 5.248579480537177e+05, 5.31181579083594e+05, 5.375051099240053e+05, 5.438286784544032e+05, 5.50152309484652e+05, 5.56475878015348e+05, 5.627995090455968e+05, 5.691230775767397e+05, 5.754466709155864e+05, 5.817702394468038e+05, 5.880938079772016e+05, 5.944174390076443e+05, 6.007410075383699e+05, 6.070646385683952e+05, 6.133881694088064e+05, 6.197118004386083e+05, 6.260353689696022e+05, 6.32359e+05]
u=[0e+00, 6.323589985093203e+03, 1.264717997018641e+04, 1.897076995527888e+04, 2.529435994037237e+04, 3.161794874760563e+04, 3.794153991055987e+04, 4.426512871779191e+04, 5.058871988074439e+04, 5.691230633226123e+04, 6.323589749521302e+04, 6.95594847519148e+04, 7.588307982111658e+04, 8.220666707781836e+04, 8.853025743558521e+04, 9.485383998085205e+04, 1.011774397614888e+05, 1.075010223067556e+05, 1.138246126645225e+05, 1.201482046326592e+05, 1.26471794990426e+05, 1.327953947710627e+05, 1.391189695038296e+05, 1.454425598615964e+05, 1.517661596422332e+05, 1.5808975e+05, 1.644133341556367e+05, 1.707369150905337e+05, 1.770605148711704e+05, 1.833840990268071e+05, 1.897076799617041e+05, 1.960312797423408e+05, 2.023548795229775e+05, 2.08678444832977e+05, 2.150020446135112e+05, 2.213256443941479e+05, 2.276492253290449e+05, 2.339728094846816e+05, 2.402964092653184e+05, 2.466200090459551e+05, 2.529435899808521e+05, 2.592671741364888e+05, 2.655907895421255e+05, 2.719143392270224e+05, 2.782379390076592e+05, 2.845615387882959e+05, 2.908851197231929e+05, 2.972087195038295e+05, 3.035323192844663e+05, 3.098559002193633e+05, 3.161795e+05, 3.225030685305469e+05, 3.288266683110938e+05, 3.351502680916406e+05, 3.414738301812696e+05, 3.477974299618165e+05, 3.541210297423184e+05, 3.604446295229101e+05, 3.66768198053457e+05, 3.730917978340039e+05, 3.794153599236328e+05, 3.857389597041797e+05, 3.920625594847266e+05, 3.983861592652734e+05, 4.047097590458203e+05, 4.110333588263672e+05, 4.173568896659961e+05, 4.23680489446543e+05, 4.300040892270899e+05, 4.363276890076816e+05, 4.426512887881835e+05, 4.489748885687304e+05, 4.552984506583594e+05, 4.616220504389062e+05, 4.679456189694531e+05, 4.7426921875e+05, 4.805928185305469e+05, 4.869164183110938e+05, 4.932400180916406e+05, 4.995635801812696e+05, 5.058871799618165e+05, 5.122107797423184e+05, 5.185343482729101e+05, 5.248579480537177e+05, 5.31181579083594e+05, 5.375051099240053e+05, 5.438286784544032e+05, 5.50152309484652e+05, 5.56475878015348e+05, 5.627995090455968e+05, 5.691230775767397e+05, 5.754466709155864e+05, 5.817702394468038e+05, 5.880938079772016e+05, 5.944174390076443e+05, 6.007410075383699e+05, 6.070646385683952e+05, 6.133881694088064e+05, 6.197118004386083e+05, 6.260353689696022e+05, 6.32359e+05]
s=[0e+00, 2.30872788804383e+01, 4.604881007462769e+01, 6.888595733692998e+01, 9.16000539041312e+01, 1.141924192798153e+02, 1.366643706798827e+02, 1.590171502141532e+02, 1.812520486410951e+02, 2.033702771406912e+02, 2.253730893795349e+02, 2.472616437566568e+02, 2.69037145715165e+02, 2.907007549271303e+02, 3.122535692746195e+02, 3.336967645886584e+02, 3.550315017473504e+02, 3.762587547568387e+02, 3.973796541128627e+02, 4.183952991850064e+02, 4.393066649228748e+02, 4.60114851249096e+02, 4.808208337598976e+02, 5.014255590468248e+02, 5.219301257135953e+02, 5.4233544921875e+02, 5.626424753650399e+02, 5.828520901754239e+02, 6.02965329638156e+02, 6.22983048883233e+02, 6.42906165259458e+02, 6.627355909843122e+02, 6.824721820459532e+02, 7.021167955768991e+02, 7.216702811060528e+02, 7.411335564906241e+02, 7.605072965550331e+02, 7.79792471289566e+02, 7.989898162578862e+02, 8.181001249196445e+02, 8.371241341891739e+02, 8.560627508953556e+02, 8.749167116686158e+02, 8.936866321063989e+02, 9.123734175293558e+02, 9.309776832524065e+02, 9.495002287114061e+02, 9.679417746535792e+02, 9.863029981636174e+02, 1.00458451628706e+03, 1.022787231445312e+03, 1.040911638333403e+03, 1.058958408356063e+03, 1.076928273936913e+03, 1.09482186108453e+03, 1.112639871373433e+03, 1.130382808276834e+03, 1.148051526277258e+03, 1.165646391595014e+03, 1.183168136657487e+03, 1.200617268036939e+03, 1.217994604089252e+03, 1.235300528871093e+03, 1.252535774799682e+03, 1.269700830158887e+03, 1.286796305307256e+03, 1.303822587255299e+03, 1.320780489322713e+03, 1.337670398095245e+03, 1.354493045993433e+03, 1.371248677153618e+03, 1.38793814607751e+03, 1.404561598023389e+03, 1.421119841515155e+03, 1.437613387615569e+03, 1.45404248046875e+03, 1.470407974555243e+03, 1.486710114029642e+03, 1.502949509243511e+03, 1.519126430185167e+03, 1.535241557967883e+03, 1.551295406334577e+03, 1.567288341490853e+03, 1.583220851725188e+03, 1.599093303251687e+03, 1.614906212356288e+03, 1.63066013374759e+03, 1.646355339206823e+03, 1.661992317009999e+03, 1.677571555439239e+03, 1.693093420712467e+03, 1.708558187040167e+03, 1.723966527057082e+03, 1.739318836691859e+03, 1.754615482154669e+03, 1.769856707582322e+03, 1.785043123334998e+03, 1.800174883527132e+03, 1.815252534759717e+03, 1.830276597020924e+03, 1.845247192382812e+03]
g=[0e+00, -1.733126343972862e+01, -6.919896259189322e+01, -1.554155039839072e+02, -2.757953006741516e+02, -4.301547726461525e+02, -6.183124058725251e+02, -8.400883108621521e+02, -1.095304858780497e+03, -1.383786024900299e+03, -1.705357982342516e+03, -2.059848410973804e+03, -2.44708653489671e+03, -2.866904018063489e+03, -3.319133273055907e+03, -3.803609322706343e+03, -4.320169625187952e+03, -4.868650290272868e+03, -5.448892154043469e+03, -6.060736966784855e+03, -6.704026171735302e+03, -7.378605435021639e+03, -8.084319910565275e+03, -8.82101628903398e+03, -9.588546320059471e+03, -1.03867578125e+04, -1.121550373744987e+04, -1.207463578399682e+04, -1.296401161129015e+04, -1.388348515728493e+04, -1.483291193988919e+04, -1.5812156013696e+04, -1.682107495307308e+04, -1.785952596657816e+04, -1.892737852016286e+04, -2.002449285186343e+04, -2.115073274727961e+04, -2.230597014674937e+04, -2.34900689322257e+04, -2.470289824391452e+04, -2.594432347200544e+04, -2.721422702273889e+04, -2.851247242773999e+04, -2.983893263694372e+04, -3.11934905613291e+04, -3.257601533990528e+04, -3.398638162632341e+04, -3.542447282965958e+04, -3.689016955896145e+04, -3.838334231554262e+04, -3.99038828125e+04, -4.145166555409961e+04, -4.302658115979363e+04, -4.462850462930264e+04, -4.625732070071525e+04, -4.791292770116228e+04, -4.959520662761892e+04, -5.130404029609968e+04, -5.303932714115351e+04, -5.480094606754302e+04, -5.658878868129283e+04, -5.84027552027548e+04, -6.024273739894856e+04, -6.210862589709991e+04, -6.400031522809566e+04, -6.591769992041984e+04, -6.786065894021011e+04, -6.982912169785614e+04, -7.182297512916295e+04, -7.384210204751109e+04, -7.588642432992475e+04, -7.795582478500782e+04, -8.005019710443674e+04, -8.216946468898078e+04, -8.431352138337244e+04, -8.64822734375e+04, -8.867562710572196e+04, -9.089347300808375e+04, -9.313572520686187e+04, -9.540228417819625e+04, -9.769306757022055e+04, -1.000079838207721e+05, -1.023469313706973e+05, -1.047098164673577e+05, -1.070965687968075e+05, -1.095070567304612e+05, -1.119412465044144e+05, -1.143990144485732e+05, -1.168802824398562e+05, -1.193849645404839e+05, -1.219129748103859e+05, -1.244642120348123e+05, -1.270386128756706e+05, -1.29636084073089e+05, -1.322565475030548e+05, -1.348999094173744e+05, -1.375660995002235e+05, -1.402550079059566e+05, -1.429665729360565e+05, -1.457007317589964e+05, -1.48457390625e+05]
f=[0e+00, -1.733126343972862e+01, -6.919896259189322e+01, -1.554155039839072e+02, -2.757953006741516e+02, -4.301547726461525e+02, -6.183124058725251e+02, -8.400883108621521e+02, -1.095304858780497e+03, -1.383786024900299e+03, -1.705357982342516e+03, -2.059848410973804e+03, -2.44708653489671e+03, -2.866904018063489e+03, -3.319133273055907e+03, -3.803609322706343e+03, -4.320169625187952e+03, -4.868650290272868e+03, -5.448892154043469e+03, -6.060736966784855e+03, -6.704026171735302e+03, -7.378605435021639e+03, -8.084319910565275e+03, -8.82101628903398e+03, -9.588546320059471e+03, -1.03867578125e+04, -1.121550373744987e+04, -1.207463578399682e+04, -1.296401161129015e+04, -1.388348515728493e+04, -1.483291193988919e+04, -1.5812156013696e+04, -1.682107495307308e+04, -1.785952596657816e+04, -1.892737852016286e+04, -2.002449285186343e+04, -2.115073274727961e+04, -2.230597014674937e+04, -2.34900689322257e+04, -2.470289824391452e+04, -2.594432347200544e+04, -2.721422702273889e+04, -2.851247242773999e+04, -2.983893263694372e+04, -3.11934905613291e+04, -3.257601533990528e+04, -3.398638162632341e+04, -3.542447282965958e+04, -3.689016955896145e+04, -3.838334231554262e+04, -3.99038828125e+04, -4.145166555409961e+04, -4.302658115979363e+04, -4.462850462930264e+04, -4.625732070071525e+04, -4.791292770116228e+04, -4.959520662761892e+04, -5.130404029609968e+04, -5.303932714115351e+04, -5.480094606754302e+04, -5.658878868129283e+04, -5.84027552027548e+04, -6.024273739894856e+04, -6.210862589709991e+04, -6.400031522809566e+04, -6.591769992041984e+04, -6.786065894021011e+04, -6.982912169785614e+04, -7.182297512916295e+04, -7.384210204751109e+04, -7.588642432992475e+04, -7.795582478500782e+04, -8.005019710443674e+04, -8.216946468898078e+04, -8.431352138337244e+04, -8.64822734375e+04, -8.867562710572196e+04, -9.089347300808375e+04, -9.313572520686187e+04, -9.540228417819625e+04, -9.769306757022055e+04, -1.000079838207721e+05, -1.023469313706973e+05, -1.047098164673577e+05, -1.070965687968075e+05, -1.095070567304612e+05, -1.119412465044144e+05, -1.143990144485732e+05, -1.168802824398562e+05, -1.193849645404839e+05, -1.219129748103859e+05, -1.244642120348123e+05, -1.270386128756706e+05, -1.29636084073089e+05, -1.322565475030548e+05, -1.348999094173744e+05, -1.375660995002235e+05, -1.402550079059566e+05, -1.429665729360565e+05, -1.457007317589964e+05, -1.48457390625e+05]
hIse=[0e+00, 6.323589985093203e+03, 1.264717997018641e+04, 1.897076995527888e+04, 2.529435994037237e+04, 3.161794874760563e+04, 3.794153991055987e+04, 4.426512871779191e+04, 5.058871988074439e+04, 5.691230633226123e+04, 6.323589749521302e+04, 6.95594847519148e+04, 7.588307982111658e+04, 8.220666707781836e+04, 8.853025743558521e+04, 9.485383998085205e+04, 1.011774397614888e+05, 1.075010223067556e+05, 1.138246126645225e+05, 1.201482046326592e+05, 1.26471794990426e+05, 1.327953947710627e+05, 1.391189695038296e+05, 1.454425598615964e+05, 1.517661596422332e+05, 1.5808975e+05, 1.644133341556367e+05, 1.707369150905337e+05, 1.770605148711704e+05, 1.833840990268071e+05, 1.897076799617041e+05, 1.960312797423408e+05, 2.023548795229775e+05, 2.08678444832977e+05, 2.150020446135112e+05, 2.213256443941479e+05, 2.276492253290449e+05, 2.339728094846816e+05, 2.402964092653184e+05, 2.466200090459551e+05, 2.529435899808521e+05, 2.592671741364888e+05, 2.655907895421255e+05, 2.719143392270224e+05, 2.782379390076592e+05, 2.845615387882959e+05, 2.908851197231929e+05, 2.972087195038295e+05, 3.035323192844663e+05, 3.098559002193633e+05, 3.161795e+05, 3.225030685305469e+05, 3.288266683110938e+05, 3.351502680916406e+05, 3.414738301812696e+05, 3.477974299618165e+05, 3.541210297423184e+05, 3.604446295229101e+05, 3.66768198053457e+05, 3.730917978340039e+05, 3.794153599236328e+05, 3.857389597041797e+05, 3.920625594847266e+05, 3.983861592652734e+05, 4.047097590458203e+05, 4.110333588263672e+05, 4.173568896659961e+05, 4.23680489446543e+05, 4.300040892270899e+05, 4.363276890076816e+05, 4.426512887881835e+05, 4.489748885687304e+05, 4.552984506583594e+05, 4.616220504389062e+05, 4.679456189694531e+05, 4.7426921875e+05, 4.805928185305469e+05, 4.869164183110938e+05, 4.932400180916406e+05, 4.995635801812696e+05, 5.058871799618165e+05, 5.122107797423184e+05, 5.185343482729101e+05, 5.248579480537177e+05, 5.31181579083594e+05, 5.375051099240053e+05, 5.438286784544032e+05, 5.50152309484652e+05, 5.56475878015348e+05, 5.627995090455968e+05, 5.691230775767397e+05, 5.754466709155864e+05, 5.817702394468038e+05, 5.880938079772016e+05, 5.944174390076443e+05, 6.007410075383699e+05, 6.070646385683952e+05, 6.133881694088064e+05, 6.197118004386083e+05, 6.260353689696022e+05, 6.32359e+05]
beta=[0e+00, 0e+00]
kappa=[0e+00, 0e+00]
ddpT=[0e+00, 0e+00]
ddTp=[0e+00, 0e+00]
dddX[1]=[0e+00, 0e+00]
cp=[4.2157265625e+03, 4.2157265625e+03]
cv=[4.2157265625e+03, 4.2157265625e+03]
lambda=[6.77987277507782e-01, 6.77987277507782e-01]
pMed=[5e+05, 5e+05]
TMed=[2.731499938964844e+02, 2.74649993930014e+02, 2.761499939635437e+02, 2.776499939970732e+02, 2.79149994030603e+02, 2.806499937847302e+02, 2.821499940976623e+02, 2.836499938517827e+02, 2.851499941647211e+02, 2.866499933600655e+02, 2.881499936729765e+02, 2.896499939858966e+02, 2.911499942988395e+02, 2.926499946117823e+02, 2.941499938070812e+02, 2.956499930024529e+02, 2.971499944329578e+02, 2.98649993628275e+02, 3.001499928236466e+02, 3.016499942541333e+02, 3.031499934494686e+02, 3.046499948800191e+02, 3.061499940753089e+02, 3.076499932706623e+02, 3.091499947011945e+02, 3.106499938964844e+02, 3.121499953270803e+02, 3.136499922872277e+02, 3.151499937176781e+02, 3.166499951482558e+02, 3.181499921084214e+02, 3.196499935388718e+02, 3.211499949694313e+02, 3.226499919296151e+02, 3.241499933600655e+02, 3.256499947906068e+02, 3.271499917508088e+02, 3.286499931812592e+02, 3.301499946117823e+02, 3.316499960423782e+02, 3.331499930024529e+02, 3.346499944329578e+02, 3.361499958635537e+02, 3.376499928236466e+02, 3.391499942541333e+02, 3.406499956847292e+02, 3.421499926448403e+02, 3.436499940753089e+02, 3.451499955059048e+02, 3.46649992466034e+02, 3.481499938964844e+02, 3.496499953270589e+02, 3.511499967576335e+02, 3.526499981882081e+02, 3.54149990678019e+02, 3.556499921084481e+02, 3.571499935388665e+02, 3.586499949694153e+02, 3.601499963999898e+02, 3.616499978305644e+02, 3.631499903204117e+02, 3.646499917508408e+02, 3.661499931812698e+02, 3.676499946117717e+02, 3.691499960423462e+02, 3.706499974729208e+02, 3.721499899628045e+02, 3.736499913932336e+02, 3.751499928236626e+02, 3.766499942541387e+02, 3.781499956847026e+02, 3.796499971152771e+02, 3.811499896051972e+02, 3.826499910356263e+02, 3.841499924660553e+02, 3.856499938964844e+02, 3.871499953270589e+02, 3.886499967576335e+02, 3.901499981882081e+02, 3.91649990678019e+02, 3.931499921084481e+02, 3.946499935388665e+02, 3.961499949694153e+02, 3.976499963999898e+02, 3.991499978305644e+02, 4.006499903204117e+02, 4.021499917508408e+02, 4.036499931812698e+02, 4.051499946117717e+02, 4.066499960423462e+02, 4.081499974729208e+02, 4.096499899628045e+02, 4.111499913932336e+02, 4.126499928236626e+02, 4.141499942541387e+02, 4.156499956847026e+02, 4.171499971152771e+02, 4.186499896051972e+02, 4.201499910356263e+02, 4.216499924660553e+02, 4.231499938964844e+02]
MM=[1.801526732742786e-02, 1.801526732742786e-02]
