last-generated=2018-05-20
statistics-simulation=
{
  "linear": " ",
  "nonlinear": " ",
  "numerical Jacobians": "0"
}
del.u=[0e+00, 1e+00, 1e+00, 1e+00, 1e+00, 1e+00, 0e+00, 0e+00, 0e+00, 0e+00, 0e+00, 1e+00, 1e+00, 1e+00, 1e+00, 1e+00, 0e+00, 0e+00, 0e+00, 0e+00, 0e+00, 1e+00, 1e+00, 1e+00, 1e+00, 1e+00, 0e+00, 0e+00, 0e+00, 0e+00, 0e+00, 9.999988079095192e-01, 1e+00, 1e+00, 1e+00, 1e+00, 7.152542884636404e-06, 0e+00, 0e+00, 0e+00, 0e+00, 1e+00, 1e+00, 1e+00, 1e+00, 1e+00, 4.172316668826781e-06, 0e+00, 0e+00, 0e+00, 0e+00, 1e+00, 1e+00, 1e+00, 1e+00, 1e+00, 1.192108216807597e-06, 0e+00, 0e+00, 0e+00, 0e+00, 9.999928475636947e-01, 1e+00, 1e+00, 1e+00, 1e+00, 1.311279986526692e-05, 0e+00, 0e+00, 0e+00, 0e+00, 1e+00, 1e+00, 1e+00, 1e+00, 1e+00, 0e+00, 0e+00, 0e+00, 0e+00, 0e+00, 9.999988078917832e-01, 1e+00, 1e+00, 1e+00, 1e+00, 7.152436305335463e-06, 0e+00, 0e+00, 0e+00, 0e+00, 9.999868872001347e-01, 1e+00, 1e+00, 1e+00, 1e+00, 0e+00, 0e+00, 0e+00, 0e+00, 0e+00]
del.y=[0e+00, 0e+00, 0e+00, 0e+00, 0e+00, 0e+00, 0e+00, 0e+00, 0e+00, 0e+00, 9.99999254943453e-01, 1e+00, 1e+00, 1e+00, 1e+00, 2.980226201931835e-06, 0e+00, 0e+00, 0e+00, 0e+00, 9.99998509886906e-01, 1e+00, 1e+00, 1e+00, 1e+00, 0e+00, 0e+00, 0e+00, 0e+00, 0e+00, 9.999940395475961e-01, 1e+00, 1e+00, 1e+00, 1e+00, 0e+00, 0e+00, 0e+00, 0e+00, 0e+00, 9.999970197738119e-01, 1e+00, 1e+00, 1e+00, 1e+00, 0e+00, 0e+00, 0e+00, 0e+00, 0e+00, 1e+00, 1e+00, 1e+00, 1e+00, 1e+00, 5.960363560042481e-06, 0e+00, 0e+00, 0e+00, 0e+00, 9.999880792728245e-01, 1e+00, 1e+00, 1e+00, 1e+00, 0e+00, 0e+00, 0e+00, 0e+00, 0e+00, 1e+00, 1e+00, 1e+00, 1e+00, 1e+00, 0e+00, 0e+00, 0e+00, 0e+00, 0e+00, 9.9999403963644e-01, 1e+00, 1e+00, 1e+00, 1e+00, 1.192072717548509e-05, 0e+00, 0e+00, 0e+00, 0e+00, 1e+00, 1e+00, 1e+00, 1e+00, 1e+00, 0e+00, 0e+00, 0e+00, 0e+00, 0e+00, 0e+00]
time=[0e+00, 1e+00]
