last-generated=2016-05-15
statistics-simulation=
{
  "numerical Jacobians": "0", 
  "nonlinear": " ", 
  "number of continuous time states": "10", 
  "linear": " "
}
TBrine_out.T=[293.149993896484375, 286.278045654296875, 283.8233642578125, 282.775390625, 282.115509033203125, 281.65771484375, 281.334136962890625, 281.106964111328125, 280.95068359375, 284.328125, 281.70635986328125, 280.9459228515625, 283.372100830078125, 281.308441162109375, 284.637939453125, 281.71533203125, 284.004974365234375, 282.10791015625, 282.345733642578125, 282.6854248046875, 281.078857421875, 284.2828369140625, 281.564605712890625, 280.7677001953125, 280.571502685546875, 280.5152587890625, 280.485809326171875, 280.460296630859375, 280.43389892578125, 280.407867431640625, 280.38323974609375, 280.36090087890625, 280.341522216796875, 280.3253173828125, 280.312408447265625, 280.302520751953125, 280.29534912109375, 280.29052734375, 280.287567138671875, 280.28594970703125, 280.285247802734375, 280.2850341796875, 280.285003662109375, 280.285003662109375, 280.285003662109375, 280.28515625, 280.285736083984375, 280.287109375, 280.28985595703125, 280.294464111328125, 280.30157470703125, 282.975555419921875, 283.88250732421875, 284.13934326171875, 284.211181640625, 284.228729248046875, 284.230194091796875, 284.2271728515625, 284.22381591796875, 284.22186279296875, 284.2208251953125, 284.220733642578125, 284.22113037109375, 284.2222900390625, 284.224090576171875, 284.2255859375, 284.226715087890625, 284.227264404296875, 284.227203369140625, 284.22662353515625, 284.2255859375, 284.224212646484375, 284.22271728515625, 284.22137451171875, 284.220550537109375, 284.220611572265625, 284.22161865234375, 284.224029541015625, 284.228057861328125, 284.23370361328125, 284.24127197265625, 284.250518798828125, 284.261260986328125, 284.27337646484375, 284.28643798828125, 284.299957275390625, 284.313507080078125, 284.326507568359375, 284.33843994140625, 284.34881591796875, 284.35711669921875, 284.363037109375, 284.366180419921875, 284.366546630859375, 284.364013671875, 284.358673095703125, 284.350830078125, 284.3408203125, 284.32904052734375, 284.316131591796875, 284.302642822265625]
TWater_out.T=[293.149993896484375, 301.892852783203125, 306.17877197265625, 307.915985107421875, 308.765289306640625, 309.28912353515625, 309.707672119140625, 310.1014404296875, 310.488555908203125, 306.094573974609375, 308.9512939453125, 310.534637451171875, 307.142669677734375, 310.011810302734375, 306.0765380859375, 309.470245361328125, 307.105316162109375, 308.8675537109375, 309.12274169921875, 307.93011474609375, 310.1883544921875, 306.08404541015625, 308.804779052734375, 309.973663330078125, 310.2340087890625, 310.073760986328125, 309.712249755859375, 309.249420166015625, 308.73406982421875, 308.188995361328125, 307.631256103515625, 307.072296142578125, 306.52386474609375, 305.99530029296875, 305.495574951171875, 305.03369140625, 304.616912841796875, 304.252288818359375, 303.946319580078125, 303.705108642578125, 303.533416748046875, 303.43463134765625, 303.41131591796875, 303.46429443359375, 303.592620849609375, 303.7940673828125, 304.065704345703125, 304.402252197265625, 304.79791259765625, 305.245361328125, 305.73590087890625, 302.491455078125, 300.98602294921875, 300.592437744140625, 300.727874755859375, 301.111236572265625, 301.603851318359375, 302.134735107421875, 302.66473388671875, 303.170562744140625, 303.638397216796875, 304.057952880859375, 304.422027587890625, 304.723724365234375, 304.958099365234375, 305.122711181640625, 305.215087890625, 305.23419189453125, 305.179656982421875, 305.052398681640625, 304.854217529296875, 304.588165283203125, 304.25811767578125, 303.868682861328125, 303.425689697265625, 302.935791015625, 302.405792236328125, 301.8441162109375, 301.259307861328125, 300.659576416015625, 300.055084228515625, 299.454437255859375, 298.867095947265625, 298.303131103515625, 297.7705078125, 297.27911376953125, 296.836090087890625, 296.449371337890625, 296.1256103515625, 295.870025634765625, 295.68780517578125, 295.581573486328125, 295.55413818359375, 295.60552978515625, 295.7354736328125, 295.941864013671875, 296.2210693359375, 296.5684814453125, 296.978240966796875, 297.443023681640625, 297.954833984375]
heatPump.TSet=[308.149993896484375, 308.149993896484375]
sine.y=[293.149993896484375, 293.77667236328125, 294.393463134765625, 294.990631103515625, 295.55877685546875, 296.08892822265625, 296.572723388671875, 297.0025634765625, 297.37164306640625, 297.67413330078125, 297.9052734375, 298.061431884765625, 298.14013671875, 298.14013671875, 298.061431884765625, 297.9052734375, 297.67413330078125, 297.37164306640625, 297.0025634765625, 296.572723388671875, 296.08892822265625, 295.55877685546875, 294.990631103515625, 294.393463134765625, 293.77667236328125, 293.149993896484375, 292.523345947265625, 291.90655517578125, 291.30938720703125, 290.741241455078125, 290.2110595703125, 289.727264404296875, 289.29742431640625, 288.928375244140625, 288.6258544921875, 288.39471435546875, 288.238555908203125, 288.159881591796875, 288.159881591796875, 288.238555908203125, 288.39471435546875, 288.6258544921875, 288.928375244140625, 289.29742431640625, 289.727264404296875, 290.2110595703125, 290.741241455078125, 291.30938720703125, 291.90655517578125, 292.523345947265625, 293.149993896484375, 293.77667236328125, 294.393463134765625, 294.990631103515625, 295.55877685546875, 296.08892822265625, 296.572723388671875, 297.0025634765625, 297.37164306640625, 297.67413330078125, 297.9052734375, 298.061431884765625, 298.14013671875, 298.14013671875, 298.061431884765625, 297.9052734375, 297.67413330078125, 297.37164306640625, 297.0025634765625, 296.572723388671875, 296.08892822265625, 295.55877685546875, 294.990631103515625, 294.393463134765625, 293.77667236328125, 293.149993896484375, 292.523345947265625, 291.90655517578125, 291.30938720703125, 290.741241455078125, 290.2110595703125, 289.727264404296875, 289.29742431640625, 288.928375244140625, 288.6258544921875, 288.39471435546875, 288.238555908203125, 288.159881591796875, 288.159881591796875, 288.238555908203125, 288.39471435546875, 288.6258544921875, 288.928375244140625, 289.29742431640625, 289.727264404296875, 290.2110595703125, 290.741241455078125, 291.30938720703125, 291.90655517578125, 292.523345947265625, 293.149993896484375]
time=[0., 1000.]
heatPump.mod=[1., 1., 1., 1., 1., 1., 1., 1., 1., 1., 1., 1., 1., 1., 1., 1., 1., 1., 1., 1., 1., 1., 1., 1., 1., 1., 1., 1., 1., 1., 1., 1., 1., 1., 1., 1., 1., 1., 1., 1., 1., 1., 1., 1., 1., 1., 1., 1., 1., 1., 1., 0.5, 0.5, 0.5, 0.5, 0.5, 0.5, 0.5, 0.5, 0.5, 0.5, 0.5, 0.5, 0.5, 0.5, 0.5, 0.5, 0.5, 0.5, 0.5, 0.5, 0.5, 0.5, 0.5, 0.5, 0.5, 0.5, 0.5, 0.5, 0.5, 0.5, 0.5, 0.5, 0.5, 0.5, 0.5, 0.5, 0.5, 0.5, 0.5, 0.5, 0.5, 0.5, 0.5, 0.5, 0.5, 0.5, 0.5, 0.5, 0.5, 0.5]
