last-generated=2018-06-13
statistics-simulation=
{
  "linear": " ",
  "nonlinear": " ",
  "numerical Jacobians": "0"
}
phi=[0e+00, 1e-02, 2e-02, 3e-02, 4e-02, 5e-02, 6e-02, 7.000000000000001e-02, 8e-02, 9e-02, 1e-01, 1.1e-01, 1.2e-01, 1.3e-01, 1.4e-01, 1.5e-01, 1.6e-01, 1.7e-01, 1.8e-01, 1.9e-01, 2e-01, 2.1e-01, 2.2e-01, 2.3e-01, 2.4e-01, 2.5e-01, 2.6e-01, 2.7e-01, 2.8e-01, 2.9e-01, 3e-01, 3.1e-01, 3.2e-01, 3.3e-01, 3.4e-01, 3.5e-01, 3.6e-01, 3.7e-01, 3.8e-01, 3.9e-01, 4e-01, 4.1e-01, 4.2e-01, 4.3e-01, 4.4e-01, 4.5e-01, 4.6e-01, 4.7e-01, 4.8e-01, 4.9e-01, 5e-01, 5.1e-01, 5.2e-01, 5.3e-01, 5.4e-01, 5.5e-01, 5.600000000000001e-01, 5.7e-01, 5.8e-01, 5.9e-01, 6e-01, 6.1e-01, 6.2e-01, 6.3e-01, 6.4e-01, 6.5e-01, 6.6e-01, 6.7e-01, 6.8e-01, 6.899999999999999e-01, 7e-01, 7.1e-01, 7.2e-01, 7.3e-01, 7.4e-01, 7.5e-01, 7.6e-01, 7.7e-01, 7.8e-01, 7.9e-01, 8e-01, 8.100000000000001e-01, 8.2e-01, 8.3e-01, 8.4e-01, 8.5e-01, 8.6e-01, 8.7e-01, 8.8e-01, 8.9e-01, 9e-01, 9.1e-01, 9.2e-01, 9.3e-01, 9.399999999999999e-01, 9.5e-01, 9.6e-01, 9.7e-01, 9.8e-01, 9.9e-01, 1e+00]
time=[0e+00, 1e+00]
X_w=[0e+00, 1.436423367799973e-04, 2.873097610629672e-04, 4.310022728489104e-04, 5.747198721378508e-04, 7.184625612569737e-04, 8.622303914322726e-04, 1.006023371963101e-03, 1.149841377153963e-03, 1.29368453729941e-03, 1.437552833910587e-03, 1.581446392657355e-03, 1.725364980709696e-03, 1.869308830897004e-03, 2.013277719528754e-03, 2.157271753845038e-03, 2.301291148466312e-03, 2.445335474183377e-03, 2.589405178415203e-03, 2.733500010233578e-03, 2.877620005866878e-03, 3.021765594825174e-03, 3.165935881860364e-03, 3.3101315474099e-03, 3.454352573566059e-03, 3.598598763346672e-03, 3.742870313812873e-03, 3.887166579961502e-03, 4.031488654693196e-03, 4.175835875187139e-03, 4.320208276799147e-03, 4.464605788730161e-03, 4.609028912083048e-03, 4.75347721632668e-03, 4.89795109677848e-03, 5.04245012299003e-03, 5.186973864208719e-03, 5.33152364751835e-03, 5.476098576588566e-03, 5.620698651419368e-03, 5.765323906609951e-03, 5.909974738538277e-03, 6.054651181890417e-03, 6.199352339712904e-03, 6.344079540161181e-03, 6.488831886371155e-03, 6.633609412489606e-03, 6.778412515797381e-03, 6.923241230528694e-03, 7.06809465927877e-03, 7.21297413110733e-03, 7.357878748696637e-03, 7.502808977701153e-03, 7.647764352472915e-03, 7.792744940092682e-03, 7.937751537544986e-03, 8.082782815088896e-03, 8.227840169718023e-03, 8.37292360142484e-03, 8.518031247575216e-03, 8.663164105678774e-03, 8.808323905824495e-03, 8.953508851733023e-03, 9.098718943404353e-03, 9.24395418083849e-03, 9.389215495346902e-03, 9.534501089578885e-03, 9.679813626766729e-03, 9.82515130972071e-03, 9.970515069753329e-03, 1.011590304422966e-02, 1.026131802710389e-02, 1.040675728877354e-02, 1.055222256301683e-02, 1.069771298301405e-02, 1.084322948008776e-02, 1.098877205424685e-02, 1.113433977416874e-02, 1.127993357116269e-02, 1.142555164589739e-02, 1.157119573426041e-02, 1.171686589969778e-02, 1.18625621422226e-02, 1.200828353050142e-02, 1.215403006454637e-02, 1.229980180674206e-02, 1.244560049478236e-02, 1.259142432858547e-02, 1.273727423947395e-02, 1.288314929612524e-02, 1.30290504298508e-02, 1.317497583948528e-02, 1.332092819590249e-02, 1.346690662939286e-02, 1.361291020864708e-02, 1.375893893366203e-02, 1.390499466707598e-02, 1.405107467548291e-02, 1.419718070026593e-02, 1.434331373344358e-02, 1.448947098106146e-02]
