last-generated=2017-05-05
statistics-simulation=
{
  "numerical Jacobians": "0", 
  "nonlinear": " ", 
  "number of continuous time states": "6", 
  "linear": "0"
}
THeaOut.T=[2.931499938964844e+02, 2.93131591796875e+02, 2.931133117675781e+02, 2.930953979492188e+02, 2.930780029296875e+02, 2.930612487792969e+02, 2.930452880859375e+02, 2.930302734375e+02, 2.930162353515625e+02, 2.930033264160156e+02, 2.929916076660156e+02, 2.929811706542969e+02, 2.929720153808594e+02, 2.929641723632812e+02, 2.929575805664062e+02, 2.931238098144531e+02, 2.931834411621094e+02, 2.931801147460938e+02, 2.931778564453125e+02, 2.931766052246094e+02, 2.931762390136719e+02, 2.931766357421875e+02, 2.931776428222656e+02, 2.931791381835938e+02, 2.931809387207031e+02, 2.931828918457031e+02, 2.931848449707031e+02, 2.931866455078125e+02, 2.931881408691406e+02, 2.931891479492188e+02, 2.931894836425781e+02, 2.931890869140625e+02, 2.931878356933594e+02, 2.931855773925781e+02, 2.931822509765625e+02, 2.93177734375e+02, 2.931720275878906e+02, 2.931650390625e+02, 2.931567993164062e+02, 2.931497497558594e+02, 2.931455993652344e+02, 2.931336059570312e+02, 2.931204528808594e+02, 2.931062622070312e+02, 2.930911254882812e+02, 2.930751037597656e+02, 2.930583801269531e+02, 2.930410461425781e+02, 2.930232543945312e+02, 2.930052185058594e+02, 2.92987060546875e+02, 2.929687805175781e+02, 2.929507751464844e+02, 2.929332580566406e+02, 2.92916259765625e+02, 2.928999633789062e+02, 2.928843994140625e+02, 2.928697509765625e+02, 2.928560485839844e+02, 2.928434143066406e+02, 2.928319702148438e+02, 2.928218078613281e+02, 2.928123474121094e+02, 2.928045959472656e+02, 2.927984008789062e+02, 2.929650573730469e+02, 2.931849060058594e+02, 2.931815490722656e+02, 2.931792907714844e+02, 2.931780395507812e+02, 2.931776733398438e+02, 2.931780700683594e+02, 2.931790771484375e+02, 2.931805725097656e+02, 2.93182373046875e+02, 2.93184326171875e+02, 2.93186279296875e+02, 2.931880798339844e+02, 2.931895446777344e+02, 2.931905212402344e+02, 2.9319091796875e+02, 2.931905212402344e+02, 2.931892395019531e+02, 2.931869812011719e+02, 2.931836547851562e+02, 2.931791381835938e+02, 2.931734008789062e+02, 2.931664428710938e+02, 2.931581726074219e+02, 2.931492309570312e+02, 2.931458129882812e+02, 2.931338195800781e+02, 2.931206665039062e+02, 2.931064758300781e+02, 2.9309130859375e+02, 2.930753173828125e+02, 2.930585632324219e+02, 2.93041259765625e+02, 2.930234680175781e+02, 2.930054321289062e+02, 2.929872436523438e+02]
TSet.y=[2.891499938964844e+02, 2.891499938964844e+02, 2.891499938964844e+02, 2.891499938964844e+02, 2.891499938964844e+02, 2.891499938964844e+02, 2.891499938964844e+02, 2.891499938964844e+02, 2.891499938964844e+02, 2.891499938964844e+02, 2.891499938964844e+02, 2.891499938964844e+02, 2.891499938964844e+02, 2.891499938964844e+02, 2.891499938964844e+02, 2.931499938964844e+02, 2.931499938964844e+02, 2.931499938964844e+02, 2.931499938964844e+02, 2.931499938964844e+02, 2.931499938964844e+02, 2.931499938964844e+02, 2.931499938964844e+02, 2.931499938964844e+02, 2.931499938964844e+02, 2.931499938964844e+02, 2.931499938964844e+02, 2.931499938964844e+02, 2.931499938964844e+02, 2.931499938964844e+02, 2.931499938964844e+02, 2.931499938964844e+02, 2.931499938964844e+02, 2.931499938964844e+02, 2.931499938964844e+02, 2.931499938964844e+02, 2.931499938964844e+02, 2.931499938964844e+02, 2.931499938964844e+02, 2.931499938964844e+02, 2.891499938964844e+02, 2.891499938964844e+02, 2.891499938964844e+02, 2.891499938964844e+02, 2.891499938964844e+02, 2.891499938964844e+02, 2.891499938964844e+02, 2.891499938964844e+02, 2.891499938964844e+02, 2.891499938964844e+02, 2.891499938964844e+02, 2.891499938964844e+02, 2.891499938964844e+02, 2.891499938964844e+02, 2.891499938964844e+02, 2.891499938964844e+02, 2.891499938964844e+02, 2.891499938964844e+02, 2.891499938964844e+02, 2.891499938964844e+02, 2.891499938964844e+02, 2.891499938964844e+02, 2.891499938964844e+02, 2.891499938964844e+02, 2.891499938964844e+02, 2.931499938964844e+02, 2.931499938964844e+02, 2.931499938964844e+02, 2.931499938964844e+02, 2.931499938964844e+02, 2.931499938964844e+02, 2.931499938964844e+02, 2.931499938964844e+02, 2.931499938964844e+02, 2.931499938964844e+02, 2.931499938964844e+02, 2.931499938964844e+02, 2.931499938964844e+02, 2.931499938964844e+02, 2.931499938964844e+02, 2.931499938964844e+02, 2.931499938964844e+02, 2.931499938964844e+02, 2.931499938964844e+02, 2.931499938964844e+02, 2.931499938964844e+02, 2.931499938964844e+02, 2.931499938964844e+02, 2.931499938964844e+02, 2.931499938964844e+02, 2.891499938964844e+02, 2.891499938964844e+02, 2.891499938964844e+02, 2.891499938964844e+02, 2.891499938964844e+02, 2.891499938964844e+02, 2.891499938964844e+02, 2.891499938964844e+02, 2.891499938964844e+02, 2.891499938964844e+02, 2.891499938964844e+02]
TVol.T=[2.931499938964844e+02, 2.931312561035156e+02, 2.931130065917969e+02, 2.930950927734375e+02, 2.930776977539062e+02, 2.930609436035156e+02, 2.930450134277344e+02, 2.930299987792969e+02, 2.930159912109375e+02, 2.930031127929688e+02, 2.929914245605469e+02, 2.929809875488281e+02, 2.929718627929688e+02, 2.929640197753906e+02, 2.929574890136719e+02, 2.931222534179688e+02, 2.931833801269531e+02, 2.931800537109375e+02, 2.931778259277344e+02, 2.931765747070312e+02, 2.931762390136719e+02, 2.931766357421875e+02, 2.931776733398438e+02, 2.931791687011719e+02, 2.931809692382812e+02, 2.931829223632812e+02, 2.931849060058594e+02, 2.931866760253906e+02, 2.931881713867188e+02, 2.931891479492188e+02, 2.931894836425781e+02, 2.931890869140625e+02, 2.931878051757812e+02, 2.931855163574219e+02, 2.931821594238281e+02, 2.931776428222656e+02, 2.931719055175781e+02, 2.931649169921875e+02, 2.931566467285156e+02, 2.931495361328125e+02, 2.931453857421875e+02, 2.931333618164062e+02, 2.931202087402344e+02, 2.931060180664062e+02, 2.930908203125e+02, 2.930747985839844e+02, 2.930580749511719e+02, 2.930407104492188e+02, 2.9302294921875e+02, 2.930048828125e+02, 2.929867248535156e+02, 2.929684448242188e+02, 2.929504699707031e+02, 2.929329223632812e+02, 2.929159851074219e+02, 2.92899658203125e+02, 2.928841552734375e+02, 2.928694763183594e+02, 2.928558044433594e+02, 2.928432006835938e+02, 2.92831787109375e+02, 2.928216247558594e+02, 2.928121948242188e+02, 2.928044738769531e+02, 2.927983093261719e+02, 2.929635009765625e+02, 2.931848449707031e+02, 2.931815185546875e+02, 2.931792602539062e+02, 2.931780395507812e+02, 2.931776733398438e+02, 2.931780700683594e+02, 2.931791076660156e+02, 2.931806030273438e+02, 2.931824035644531e+02, 2.931843872070312e+02, 2.931863098144531e+02, 2.931881103515625e+02, 2.931895446777344e+02, 2.931905517578125e+02, 2.9319091796875e+02, 2.931905212402344e+02, 2.93189208984375e+02, 2.931869201660156e+02, 2.931835632324219e+02, 2.931790466308594e+02, 2.931733093261719e+02, 2.931662902832031e+02, 2.931580200195312e+02, 2.931490173339844e+02, 2.931455993652344e+02, 2.931335754394531e+02, 2.931204223632812e+02, 2.931062316894531e+02, 2.930910339355469e+02, 2.930750122070312e+02, 2.930582580566406e+02, 2.930409240722656e+02, 2.930231628417969e+02, 2.930050964355469e+02, 2.929869384765625e+02]
TOut.y=[2.841499938964844e+02, 2.841894226074219e+02, 2.843070983886719e+02, 2.845011291503906e+02, 2.847684631347656e+02, 2.851049194335938e+02, 2.855051574707031e+02, 2.85962890625e+02, 2.864708557128906e+02, 2.870211181640625e+02, 2.876049194335938e+02, 2.882131042480469e+02, 2.888360595703125e+02, 2.894639587402344e+02, 2.900869140625e+02, 2.906950988769531e+02, 2.912789001464844e+02, 2.918291320800781e+02, 2.923371276855469e+02, 2.927948303222656e+02, 2.931950988769531e+02, 2.935315246582031e+02, 2.937988891601562e+02, 2.93992919921875e+02, 2.941105651855469e+02, 2.941499938964844e+02, 2.941105651855469e+02, 2.93992919921875e+02, 2.937988891601562e+02, 2.935315246582031e+02, 2.931950988769531e+02, 2.927948303222656e+02, 2.923371276855469e+02, 2.918291320800781e+02, 2.912789001464844e+02, 2.906950988769531e+02, 2.900869140625e+02, 2.894639587402344e+02, 2.888360595703125e+02, 2.882131042480469e+02, 2.876049194335938e+02, 2.870211181640625e+02, 2.864708557128906e+02, 2.85962890625e+02, 2.855051574707031e+02, 2.851049194335938e+02, 2.847684631347656e+02, 2.845011291503906e+02, 2.843070983886719e+02, 2.841894226074219e+02, 2.841499938964844e+02, 2.841894226074219e+02, 2.843070983886719e+02, 2.845011291503906e+02, 2.847684631347656e+02, 2.851049194335938e+02, 2.855051574707031e+02, 2.85962890625e+02, 2.864708557128906e+02, 2.870211181640625e+02, 2.876049194335938e+02, 2.882131042480469e+02, 2.888360595703125e+02, 2.894639587402344e+02, 2.900869140625e+02, 2.906950988769531e+02, 2.912789001464844e+02, 2.918291320800781e+02, 2.923371276855469e+02, 2.927948303222656e+02, 2.931950988769531e+02, 2.935315246582031e+02, 2.937988891601562e+02, 2.93992919921875e+02, 2.941105651855469e+02, 2.941499938964844e+02, 2.941105651855469e+02, 2.93992919921875e+02, 2.937988891601562e+02, 2.935315246582031e+02, 2.931950988769531e+02, 2.927948303222656e+02, 2.923371276855469e+02, 2.918291320800781e+02, 2.912789001464844e+02, 2.906950988769531e+02, 2.900869140625e+02, 2.894639587402344e+02, 2.888360595703125e+02, 2.882131042480469e+02, 2.876049194335938e+02, 2.870211181640625e+02, 2.864708557128906e+02, 2.85962890625e+02, 2.855051574707031e+02, 2.851049194335938e+02, 2.847684631347656e+02, 2.845011291503906e+02, 2.843070983886719e+02, 2.841894226074219e+02, 2.841499938964844e+02]
time=[0e+00, 1.728e+05]
hea.Q_flow=[0e+00, 0e+00, 0e+00, 0e+00, 0e+00, 0e+00, 0e+00, 0e+00, 0e+00, 0e+00, 0e+00, 0e+00, 0e+00, 0e+00, 0e+00, 1e+03, 0e+00, 0e+00, 0e+00, 0e+00, 0e+00, 0e+00, 0e+00, 0e+00, 0e+00, 0e+00, 0e+00, 0e+00, 0e+00, 0e+00, 0e+00, 0e+00, 0e+00, 0e+00, 0e+00, 0e+00, 0e+00, 0e+00, 0e+00, 3.143999290466309e+01, 0e+00, 0e+00, 0e+00, 0e+00, 0e+00, 0e+00, 0e+00, 0e+00, 0e+00, 0e+00, 0e+00, 0e+00, 0e+00, 0e+00, 0e+00, 0e+00, 0e+00, 0e+00, 0e+00, 0e+00, 0e+00, 0e+00, 0e+00, 0e+00, 0e+00, 1e+03, 0e+00, 0e+00, 0e+00, 0e+00, 0e+00, 0e+00, 0e+00, 0e+00, 0e+00, 0e+00, 0e+00, 0e+00, 0e+00, 0e+00, 0e+00, 0e+00, 0e+00, 0e+00, 0e+00, 0e+00, 0e+00, 0e+00, 0e+00, 2.267638206481934e+01, 0e+00, 0e+00, 0e+00, 0e+00, 0e+00, 0e+00, 0e+00, 0e+00, 0e+00, 0e+00, 0e+00]
