last-generated=2016-04-19
statistics-simulation=
{
  "numerical Jacobians": "0", 
  "nonlinear": " ", 
  "number of continuous time states": "20", 
  "linear": " "
}
oriWesTop.port_a.m_flow=[0.05965141952037811279, 0.0031595833133906126, 0.0027947230264544487, 0.00246961647644639015, 0.00217371108010411263, 0.00190671486780047417, 0.00167047558352351189, 0.00145873054862022378, 0.00127121468540281057, 0.00110167067032307386, 0.00094822508981451392, 0.00080780970165506005, 0.00067858601687476039, 0.00055753428023308516, 0.0004447135434020309, 0.00033943308517336845, 0.00024148453667294234, 0.00015030111535452306, 0.00006600959022762254, -0.00001127222185459686, -0.00008156619878718629, -0.00014510989421978593, -0.00020217873679939657, -0.00025322887813672423, -0.00029869837453588843, -0.00033916605752892792, -0.00037508230889216065, -0.00040687448927201342, -0.00043496841681189846, -0.00045978752314113081, -0.00048157715355046093, -0.00050074444152414799, -0.00051798240747302771, -0.00053343269973993301, -0.00054723612265661359, -0.00055953249102458358, -0.00057046068832278252, -0.00058015889953821898, -0.00058876461116597056, -0.00059641466941684484, -0.00060324528021737933, -0.00060939235845580697, -0.00061499141156673431, -0.00062011147383600473, -0.00062477134633809328, -0.00062907993560656905, -0.00063305546063929796, -0.00063671614043414593, -0.00064008001936599612, -0.00064316525822505355, -0.00064598984317854047, -0.00064857176039367914, -0.00065092905424535275, -0.00065307965269312263, -0.00065504148369655013, -0.0006568324170075357, -0.00065847043879330158, -0.0006599733023904264, -0.0006613589939661324, -0.00066262576729059219, -0.00066378037445247173, -0.00066482991678640246, -0.0006657783524133265, -0.00066662952303886414, -0.00066738727036863565, -0.00066805543610826135, -0.00066863792017102242, -0.00066913850605487823, -0.00066956109367311001, -0.0006699094083160162, -0.00067018746631219983, -0.00067039893474429846, -0.00067054771352559328, -0.00067063764436170459, -0.00067066983319818974, -0.00067063880851492286, -0.0006705603445880115, -0.0006704358384013176, -0.00067026651231572032, -0.00067005364689975977, -0.00066979846451431513, -0.00066950230393558741, -0.0006691664457321167, -0.00066879205405712128, -0.00066838046768680215, -0.00066793296718969941, -0.00066745083313435316, -0.00066693528788164258, -0.00066638755379244685, -0.00066580896964296699, -0.00066520081600174308, -0.00066456431522965431, -0.00066390068968757987, -0.00066321133635938168, -0.00066249736119061708, -0.00066176010295748711, -0.00066100084222853184, -0.00066022080136463046, -0.00065942120272666216, -0.00065860344329848886, -0.00065776868723332882]
dooOpeClo.mBA_flow=[0.2152271270751953125, 0.28249666094779968262, 0.23859944939613342285, 0.2032696157693862915, 0.17571911215782165527, 0.15391704440116882324, 0.13624200224876403809, 0.12146610766649244828, 0.1087431684136390686, 0.09811954200267791748, 0.08942058682441711426, 0.08239787071943283081, 0.07764822244644165039, 0.07736372947692871094, 0.07745508104562759399, 0.07746800035238265991, 0.07730301469564437866, 0.0774882584810256958, 0.0799101218581199646, 0.08310085535049438477, 0.08628980070352554321, 0.08935200423002243042, 0.09221690893173217773, 0.09473990648984909058, 0.09694873541593551636, 0.09891586750745773315, 0.10065218806266784668, 0.10217027366161346436, 0.10348603874444961548, 0.10461850464344024658, 0.10557737201452255249, 0.10638488084077835083, 0.10708434879779815674, 0.10768294334411621094, 0.10818830877542495728, 0.10860840976238250732, 0.10895149409770965576, 0.10922598838806152344, 0.10944043844938278198, 0.10960350930690765381, 0.10972390323877334595, 0.10981038957834243774, 0.10987175256013870239, 0.10991243273019790649, 0.10993278026580810547, 0.10993945598602294922, 0.10993342101573944092, 0.10991565138101577759, 0.10988710075616836548, 0.10984875261783599854, 0.10980155318975448608, 0.10974649339914321899, 0.10968454182147979736, 0.10961665958166122437, 0.10954383760690689087, 0.10946704447269439697, 0.10938724875450134277, 0.10930544137954711914, 0.10922258347272872925, 0.10913853347301483154, 0.10905323922634124756, 0.10896694660186767578, 0.10887973755598068237, 0.1087916940450668335, 0.10870290547609329224, 0.10861346125602722168, 0.10852343589067459106, 0.10843291878700256348, 0.108341999351978302, 0.1082507595419883728, 0.10815928131341934204, 0.10806766152381896973, 0.10797596722841262817, 0.10788430273532867432, 0.10779269784688949585, 0.10770107060670852661, 0.10760954767465591431, 0.10751814395189285278, 0.10742686688899993896, 0.10733572393655776978, 0.10724471509456634521, 0.10715384781360626221, 0.10706312209367752075, 0.1069725528359413147, 0.10688214004039764404, 0.10679189115762710571, 0.10670181363821029663, 0.10661190003156661987, 0.10652217268943786621, 0.10643263161182403564, 0.10634327679872512817, 0.10625412315130233765, 0.10616516321897506714, 0.1060764119029045105, 0.10598786920309066772, 0.10589954257011413574, 0.10581143945455551147, 0.10572355985641479492, 0.10563591867685317993, 0.10554850846529006958, 0.10546134412288665771]
oriOutBot.port_a.m_flow=[0.36645078659057617188, -0.00905612017959356308, -0.0089591052383184433, -0.0088893398642539978, -0.00883631687611341476, -0.00879388861358165741, -0.0087586110457777977, -0.00872826017439365387, -0.00870155356824398041, -0.00867739971727132797, -0.0086552593857049942, -0.00863465853035449982, -0.00861520785838365555, -0.00859666243195533752, -0.00857890583574771881, -0.00856187101453542709, -0.00854551512748003006, -0.0085297711193561554, -0.00851464644074440002, -0.00850014947354793549, -0.00848626252263784409, -0.00847295764833688736, -0.00846021343022584915, -0.00844799261540174484, -0.00843625888228416443, -0.00842496473342180252, -0.00841407105326652527, -0.0084035433828830719, -0.00839334446936845779, -0.00838343705981969833, -0.00837380066514015198, -0.00836439896374940872, -0.0083551676943898201, -0.00834609568119049072, -0.00833717081695795059, -0.00832838192582130432, -0.00831971596926450729, -0.00831116177141666412, -0.00830270629376173019, -0.00829433836042881012, -0.0082860458642244339, -0.00827781576663255692, -0.00826963689178228378, -0.00826150178909301758, -0.0082534104585647583, -0.0082453535869717598, -0.00823733024299144745, -0.00822933763265609741, -0.00822137575596570969, -0.00821344368159770966, -0.00820553861558437347, -0.00819765962660312653, -0.0081898057833313942, -0.00818197615444660187, -0.0081741679459810257, -0.00816638115793466568, -0.00815861299633979797, -0.00815086346119642258, -0.00814313068985939026, -0.00813541468232870102, -0.00812771543860435486, -0.00812003295868635178, -0.00811236631125211716, -0.00810471642762422562, -0.00809708237648010254, -0.00808946415781974792, -0.00808186177164316177, -0.00807427521795034409, -0.00806670449674129486, -0.00805914867669343948, -0.00805160775780677795, -0.00804408267140388489, -0.00803657248616218567, -0.00802907627075910568, -0.00802159588783979416, -0.00801412947475910187, -0.00800667796283960342, -0.00799924135208129883, -0.00799181871116161346, -0.00798441097140312195, -0.00797701720148324966, -0.00796963833272457123, -0.00796227343380451202, -0.00795492250472307205, -0.00794758647680282593, -0.00794026441872119904, -0.00793295633047819138, -0.00792566221207380295, -0.00791838299483060837, -0.00791111774742603302, -0.00790386553853750229, -0.00789662823081016541, -0.00788940489292144775, -0.00788219459354877472, -0.00787499919533729553, -0.00786781683564186096, -0.00786064844578504562, -0.00785349402576684952, -0.00784635357558727264, -0.00783922616392374039, -0.00783211272209882736]
dooOpeClo.mAB_flow=[0.50730460882186889648, 0.28565606474876403809, 0.24139204621315002441, 0.20573939383029937744, 0.17789267003536224365, 0.15582448244094848633, 0.13791157305240631104, 0.12292558699846266312, 0.11001418530941009521, 0.09921987354755401611, 0.09036961942911148071, 0.08320600539445877075, 0.07832649350166320801, 0.07792139798402786255, 0.0778997763991355896, 0.07780742645263671875, 0.07754447311162948608, 0.07763857394456863403, 0.07997602224349975586, 0.08308956772089004517, 0.08620822429656982422, 0.0892068520188331604, 0.09201471507549285889, 0.09448671340942382812, 0.09665007889270782471, 0.09857650846242904663, 0.10027679800987243652, 0.10176326334476470947, 0.10305127501487731934, 0.10415904223918914795, 0.10509587079286575317, 0.1058842390775680542, 0.10656630247831344604, 0.10714923590421676636, 0.10764063149690628052, 0.10804837942123413086, 0.10838060081005096436, 0.10864556580781936646, 0.10885167121887207031, 0.10900735855102539062, 0.10912112891674041748, 0.10920151323080062866, 0.10925707221031188965, 0.1092923283576965332, 0.10930801182985305786, 0.10931037366390228271, 0.10930035263299942017, 0.10927890986204147339, 0.10924699157476425171, 0.10920555144548416138, 0.10915553569793701172, 0.10909789800643920898, 0.10903359949588775635, 0.10896358639001846313, 0.10888881981372833252, 0.10881024599075317383, 0.10872882604598999023, 0.10864550620317459106, 0.10856124013662338257, 0.10847591608762741089, 0.10838945955038070679, 0.10830211639404296875, 0.10821395367383956909, 0.1081250607967376709, 0.10803551971912384033, 0.10794539749622344971, 0.10785479098558425903, 0.10776378214359283447, 0.10767243802547454834, 0.10758084803819656372, 0.1074891015887260437, 0.1073972657322883606, 0.10730542987585067749, 0.10721366852521896362, 0.10712203383445739746, 0.10703042894601821899, 0.10693898797035217285, 0.10684771090745925903, 0.10675660520792007446, 0.10666567087173461914, 0.10657491534948348999, 0.10648433864116668701, 0.10639395564794540405, 0.10630375891923904419, 0.10621375590562820435, 0.10612395405769348145, 0.10603436082601547241, 0.10594496876001358032, 0.1058557853102684021, 0.10576682537794113159, 0.10567808151245117188, 0.10558956116437911987, 0.10550126433372497559, 0.10541320592164993286, 0.10532537847757339478, 0.10523778945207595825, 0.10515044629573822021, 0.10506334900856018066, 0.10497650504112243652, 0.10488991439342498779, 0.1048035845160484314]
oriOutTop.port_a.m_flow=[0.36663854122161865234, 0.00905568338930606842, 0.00895886030048131943, 0.00888920482248067856, 0.00883625447750091553, 0.00879385974258184433, 0.00875860173255205154, 0.00872828904539346695, 0.00870159268379211426, 0.00867745000869035721, 0.00865531433373689651, 0.00863472186028957367, 0.00861527305096387863, 0.00859673228114843369, 0.00857897847890853882, 0.00856194645166397095, 0.00854559242725372314, 0.00852985028177499771, 0.00851472839713096619, 0.00850023422390222549, 0.00848635006695985794, 0.00847304705530405045, 0.00846030563116073608, 0.00844808667898178101, 0.00843635573983192444, 0.00842506252229213715, 0.00841417163610458374, 0.0084036458283662796, 0.00839344784617424011, 0.00838354136794805527, 0.00837390497326850891, 0.00836450420320034027, 0.00835527386516332626, 0.0083462027832865715, 0.00833727791905403137, 0.0083284890279173851, 0.00831982307136058807, 0.0083112688735127449, 0.00830281432718038559, 0.00829444639384746552, 0.00828615389764308929, 0.00827792380005121231, 0.00826974492520093918, 0.00826160982251167297, 0.00825351756066083908, 0.00824546068906784058, 0.00823743641376495361, 0.00822944473475217819, 0.00822148285806179047, 0.00821354985237121582, 0.00820564385503530502, 0.00819776579737663269, 0.00818991102278232574, 0.00818208139389753342, 0.00817427318543195724, 0.00816648546606302261, 0.00815871730446815491, 0.00815096776932477951, 0.00814323499798774719, 0.00813551805913448334, 0.00812781881541013718, 0.00812013540416955948, 0.00811246875673532486, 0.00810481887310743332, 0.00809718389064073563, 0.00808956567198038101, 0.00808196328580379486, 0.00807437673211097717, 0.00806680507957935333, 0.00805924925953149796, 0.00805170834064483643, 0.00804418325424194336, 0.00803667213767766953, 0.00802917592227458954, 0.00802169553935527802, 0.00801422912627458572, 0.00800677668303251266, 0.00799934007227420807, 0.00799191743135452271, 0.00798450876027345657, 0.00797711499035358429, 0.00796973519027233124, 0.00796237029135227203, 0.00795501936227083206, 0.00794768240302801132, 0.00794036034494638443, 0.00793305225670337677, 0.00792575813829898834, 0.00791847892105579376, 0.0079112127423286438, 0.00790396053344011307, 0.00789672322571277618, 0.00788949895650148392, 0.00788228865712881088, 0.0078750932589173317, 0.00786791089922189713, 0.00786074250936508179, 0.00785358715802431107, 0.00784644577652215958, 0.00783931836485862732, 0.00783220492303371429]
time=[0., 3600.]
oriEasTop.port_a.m_flow=[-0.05945066735148429871, 0.00315982941538095474, 0.00279468786902725697, 0.00246984767727553844, 0.00217335857450962067, 0.00190726364962756634, 0.00166935066226869822, 0.00145920005161315181, 0.00127118616364896297, 0.0011017464566975832, 0.00094827020075172186, 0.00080836308188736439, 0.00067826552549377084, 0.00055757333757355809, 0.00044462527148425563, 0.00033934388193301857, 0.00024139335437212139, 0.00015020875434856862, 0.00006591610872419551, -0.00001136735500040231, -0.00008166298357537016, -0.00014520830882247537, -0.00020227866480126977, -0.00025333013036288321, -0.00029880087822675705, -0.00033926987089216709, -0.00037518719909712672, -0.00040698007796891044, -0.00043507444206625234, -0.00045989404316060245, -0.00048168434295803308, -0.00050085195107385516, -0.00051809032447636127, -0.00053354102419689298, -0.00054734473815187812, -0.00055964122293516994, -0.00057056942023336887, -0.00058026745682582259, -0.00058887293562293053, -0.00059652264462783933, -0.00060335296439006925, -0.00060949980979785323, -0.00061509886290878057, -0.00062021892517805099, -0.00062487856484949589, -0.00062918697949498892, -0.00063316232990473509, -0.0006368227768689394, -0.00064018642297014594, -0.0006432713707908988, -0.00064609572291374207, -0.00064867734909057617, -0.00065103435190394521, -0.00065318465931341052, -0.00065514614107087255, -0.00065693678334355354, -0.00065857451409101486, -0.00066007714485749602, -0.00066146260360255837, -0.0006627290858887136, -0.00066388340201228857, -0.00066493265330791473, -0.00066588085610419512, -0.00066673173569142818, -0.00066748919198289514, -0.00066815712489187717, -0.00066873925970867276, -0.00066923961276188493, -0.00066966185113415122, -0.00067000993294641376, -0.00067028764169663191, -0.00067049881909042597, -0.00067064736504107714, -0.00067073700483888388, -0.00067076896084472537, -0.00067073758691549301, -0.000670658890157938, -0.00067053409293293953, -0.0006703645340166986, -0.00067015143577009439, -0.00066989607876166701, -0.00066959968535229564, -0.00066926359431818128, -0.0006688889698125422, -0.00066847720881924033, -0.00066802941728383303, -0.00066754699219018221, -0.00066703109769150615, -0.00066648313077166677, -0.00066590419737622142, -0.00066529569448903203, -0.00066465884447097778, -0.00066399492789059877, -0.00066330516710877419, -0.00066259084269404411, -0.00066185329342260957, -0.00066109374165534973, -0.0006603134679608047, -0.00065951369469985366, -0.00065869576064869761, -0.00065786094637587667]
volOut.T=[283.149993896484375, 283.149993896484375]
volBotWes.T=[295.149993896484375, 294.3328857421875, 294.56591796875, 294.715972900390625, 294.8160400390625, 294.8851318359375, 294.933624267578125, 294.9681396484375, 294.9925537109375, 295.009979248046875, 295.022003173828125, 295.029998779296875, 295.035064697265625, 295.037872314453125, 295.038787841796875, 295.0379638671875, 295.035491943359375, 295.031585693359375, 295.02618408203125, 295.019256591796875, 295.0107421875, 295.00067138671875, 294.989044189453125, 294.97607421875, 294.9617919921875, 294.94635009765625, 294.929901123046875, 294.912506103515625, 294.894287109375, 294.8753662109375, 294.855804443359375, 294.835662841796875, 294.815155029296875, 294.7943115234375, 294.773162841796875, 294.751739501953125, 294.7301025390625, 294.708251953125, 294.68621826171875, 294.6640625, 294.641815185546875, 294.6195068359375, 294.59716796875, 294.574798583984375, 294.55242919921875, 294.530059814453125, 294.507720947265625, 294.48541259765625, 294.463134765625, 294.44085693359375, 294.41864013671875, 294.39642333984375, 294.374267578125, 294.3521728515625, 294.330108642578125, 294.308074951171875, 294.2861328125, 294.26422119140625, 294.24237060546875, 294.2205810546875, 294.198883056640625, 294.177215576171875, 294.155609130859375, 294.134063720703125, 294.112579345703125, 294.091156005859375, 294.06982421875, 294.04852294921875, 294.02728271484375, 294.006103515625, 293.9849853515625, 293.96392822265625, 293.942962646484375, 293.922027587890625, 293.901153564453125, 293.88037109375, 293.859619140625, 293.83892822265625, 293.818328857421875, 293.797760009765625, 293.777252197265625, 293.7568359375, 293.7364501953125, 293.71612548828125, 293.69586181640625, 293.675689697265625, 293.655548095703125, 293.635467529296875, 293.615447998046875, 293.595489501953125, 293.575592041015625, 293.55572509765625, 293.53594970703125, 293.5162353515625, 293.496551513671875, 293.476959228515625, 293.4573974609375, 293.437896728515625, 293.41845703125, 293.399078369140625, 293.3797607421875]
volBotEas.T=[298.149993896484375, 296.47955322265625, 296.182708740234375, 295.971527099609375, 295.81231689453125, 295.685699462890625, 295.5809326171875, 295.491241455078125, 295.41259765625, 295.341705322265625, 295.27691650390625, 295.216796875, 295.16021728515625, 295.10638427734375, 295.054962158203125, 295.005767822265625, 294.9586181640625, 294.913360595703125, 294.86993408203125, 294.82843017578125, 294.78875732421875, 294.75079345703125, 294.714508056640625, 294.67974853515625, 294.646453857421875, 294.61444091796875, 294.5836181640625, 294.55389404296875, 294.525115966796875, 294.4971923828125, 294.4700927734375, 294.44366455078125, 294.417755126953125, 294.392333984375, 294.367340087890625, 294.3427734375, 294.318572998046875, 294.29473876953125, 294.27117919921875, 294.247894287109375, 294.224853515625, 294.201995849609375, 294.1793212890625, 294.156768798828125, 294.1343994140625, 294.11212158203125, 294.0899658203125, 294.06793212890625, 294.0460205078125, 294.024200439453125, 294.002471923828125, 293.9808349609375, 293.959320068359375, 293.9378662109375, 293.91650390625, 293.89520263671875, 293.8740234375, 293.852874755859375, 293.831817626953125, 293.810821533203125, 293.789886474609375, 293.76904296875, 293.74822998046875, 293.727508544921875, 293.70684814453125, 293.686248779296875, 293.665740966796875, 293.645263671875, 293.624847412109375, 293.604522705078125, 293.584259033203125, 293.56402587890625, 293.54388427734375, 293.5238037109375, 293.503753662109375, 293.483795166015625, 293.463897705078125, 293.44403076171875, 293.42425537109375, 293.404541015625, 293.384857177734375, 293.365234375, 293.345703125, 293.326202392578125, 293.3067626953125, 293.287384033203125, 293.26806640625, 293.248809814453125, 293.2296142578125, 293.210479736328125, 293.191375732421875, 293.172332763671875, 293.15338134765625, 293.13446044921875, 293.1156005859375, 293.096771240234375, 293.078033447265625, 293.059326171875, 293.040679931640625, 293.0220947265625, 293.003570556640625]
volTopEas.T=[294.149993896484375, 292.98614501953125, 292.952911376953125, 292.92340087890625, 292.89703369140625, 292.87335205078125, 292.85198974609375, 292.832611083984375, 292.81500244140625, 292.79888916015625, 292.784149169921875, 292.77056884765625, 292.758056640625, 292.7464599609375, 292.7357177734375, 292.725738525390625, 292.716400146484375, 292.707672119140625, 292.699493408203125, 292.691802978515625, 292.6845703125, 292.677825927734375, 292.67144775390625, 292.66546630859375, 292.659820556640625, 292.654510498046875, 292.64947509765625, 292.64471435546875, 292.640228271484375, 292.635955810546875, 292.631927490234375, 292.62811279296875, 292.62445068359375, 292.6209716796875, 292.61767578125, 292.614532470703125, 292.61151123046875, 292.608673095703125, 292.605926513671875, 292.60333251953125, 292.600830078125, 292.59844970703125, 292.59619140625, 292.593994140625, 292.5919189453125, 292.58990478515625, 292.587982177734375, 292.58612060546875, 292.584320068359375, 292.582611083984375, 292.58099365234375, 292.57940673828125, 292.577911376953125, 292.576446533203125, 292.5750732421875, 292.57373046875, 292.572479248046875, 292.571258544921875, 292.570068359375, 292.568939208984375, 292.56787109375, 292.56683349609375, 292.56585693359375, 292.564910888671875, 292.563995361328125, 292.563140869140625, 292.56231689453125, 292.561492919921875, 292.560760498046875, 292.560028076171875, 292.559326171875, 292.55865478515625, 292.558013916015625, 292.55743408203125, 292.556854248046875, 292.556304931640625, 292.555755615234375, 292.555267333984375, 292.554779052734375, 292.5543212890625, 292.553863525390625, 292.553466796875, 292.55303955078125, 292.55267333984375, 292.55230712890625, 292.55194091796875, 292.5516357421875, 292.551300048828125, 292.550994873046875, 292.55072021484375, 292.550445556640625, 292.550201416015625, 292.549957275390625, 292.549713134765625, 292.54949951171875, 292.549285888671875, 292.549102783203125, 292.54888916015625, 292.548736572265625, 292.548553466796875, 292.54840087890625]
volTopWes.T=[293.149993896484375, 292.06683349609375, 292.103118896484375, 292.13519287109375, 292.163665771484375, 292.189117431640625, 292.21197509765625, 292.232574462890625, 292.25128173828125, 292.268280029296875, 292.283782958984375, 292.2979736328125, 292.31103515625, 292.323028564453125, 292.3341064453125, 292.3443603515625, 292.353851318359375, 292.362701416015625, 292.3709716796875, 292.378662109375, 292.385894775390625, 292.392730712890625, 292.399200439453125, 292.40533447265625, 292.411102294921875, 292.416595458984375, 292.421844482421875, 292.426788330078125, 292.4315185546875, 292.43603515625, 292.4403076171875, 292.44439697265625, 292.448333740234375, 292.45208740234375, 292.455657958984375, 292.4591064453125, 292.46240234375, 292.465545654296875, 292.46856689453125, 292.471466064453125, 292.4742431640625, 292.4769287109375, 292.4794921875, 292.48199462890625, 292.484375, 292.486663818359375, 292.4888916015625, 292.491058349609375, 292.493133544921875, 292.4951171875, 292.497039794921875, 292.4989013671875, 292.500701904296875, 292.502410888671875, 292.50408935546875, 292.505706787109375, 292.507232666015625, 292.50872802734375, 292.51019287109375, 292.511566162109375, 292.512908935546875, 292.514190673828125, 292.51544189453125, 292.516632080078125, 292.517791748046875, 292.5189208984375, 292.519989013671875, 292.521026611328125, 292.52203369140625, 292.522979736328125, 292.52392578125, 292.524810791015625, 292.525665283203125, 292.5264892578125, 292.52728271484375, 292.528045654296875, 292.52880859375, 292.529510498046875, 292.53021240234375, 292.530853271484375, 292.531494140625, 292.532135009765625, 292.53271484375, 292.533294677734375, 292.533843994140625, 292.53436279296875, 292.534881591796875, 292.535369873046875, 292.535858154296875, 292.53631591796875, 292.5367431640625, 292.53717041015625, 292.537567138671875, 292.537933349609375, 292.538330078125, 292.538665771484375, 292.539031982421875, 292.539337158203125, 292.5396728515625, 292.53997802734375, 292.540252685546875]
dooOpeClo.dpAB[1]=[0.16304393112659454346, 0.08884292840957641602, 0.06774210184812545776, 0.05340586230158805847, 0.04316202178597450256, 0.03546060621738433838, 0.02944871224462985992, 0.02458814904093742024, 0.02056319080293178558, 0.01711922697722911835, 0.01412774529308080673, 0.01147893071174621582, 0.00908222794532775879, 0.00688264099881052971, 0.00485249049961566578, 0.0029769502580165863, 0.00124577153474092484, -0.0003558754688128829, -0.00182666594628244638, -0.0031644958071410656, -0.00436977436766028404, -0.0054471287876367569, -0.00640174653381109238, -0.00724263489246368408, -0.00797832105308771133, -0.00861976202577352524, -0.00917563028633594513, -0.00965420436114072973, -0.01006377208977937872, -0.01041262689977884293, -0.01070544682443141937, -0.01095025986433029175, -0.01116104051470756531, -0.01134042534977197647, -0.01149105001240968704, -0.01161555293947458267, -0.01171657722443342209, -0.01179676596075296402, -0.01185876503586769104, -0.01190522406250238419, -0.01193879358470439911, -0.01196212694048881531, -0.01197788026183843613, -0.01198740303516387939, -0.01199081912636756897, -0.01199012808501720428, -0.01198562141507863998, -0.01197758875787258148, -0.01196632161736488342, -0.01195211242884397507, -0.01193525176495313644, -0.01191603299230337143, -0.01189474761486053467, -0.01187168806791305542, -0.01184714771807193756, -0.01182141900062561035, -0.01179479528218507767, -0.01176756992936134338, -0.01174003817141056061, -0.01171215251088142395, -0.01168389897793531418, -0.0116553502157330513, -0.01162653043866157532, -0.01159746386110782623, -0.0115681774914264679, -0.01153869461268186569, -0.01150904223322868347, -0.01147924456745386124, -0.0114493267610669136, -0.01141931489109992981, -0.01138923317193984985, -0.01135910674929618835, -0.01132896263152360916, -0.01129882503300905228, -0.01126870885491371155, -0.01123858150094747543, -0.01120848860591650009, -0.01117843110114336014, -0.01114840991795063019, -0.01111842598766088486, -0.01108848210424184799, -0.01105857826769351959, -0.0110287172719836235, -0.01099889911711215973, -0.01096912659704685211, -0.01093939971178770065, -0.01090972032397985458, -0.01088009122759103775, -0.01085051149129867554, -0.01082098390907049179, -0.01079151034355163574, -0.01076209079474210739, -0.01073272805660963058, -0.01070342306047677994, -0.01067417673766613007, -0.01064499001950025558, -0.01061586663126945496, -0.01058680564165115356, -0.01055780891329050064, -0.01052887924015522003, -0.01050001569092273712]
oriOutBot.dp=[1324.3212890625, -0.80880975723266601562, -0.79157358407974243164, -0.77929347753524780273, -0.77002465724945068359, -0.76264768838882446289, -0.75654101371765136719, -0.75130689144134521484, -0.74671638011932373047, -0.74257659912109375, -0.73879200220108032227, -0.73527938127517700195, -0.73197042942047119141, -0.72882258892059326172, -0.7258148193359375, -0.72293531894683837891, -0.72017574310302734375, -0.71752458810806274414, -0.71498221158981323242, -0.71254974603652954102, -0.71022343635559082031, -0.70799809694290161133, -0.70586991310119628906, -0.70383208990097045898, -0.70187830924987792969, -0.70000022649765014648, -0.69819128513336181641, -0.69644522666931152344, -0.69475573301315307617, -0.6931164860725402832, -0.69152402877807617188, -0.68997204303741455078, -0.68844997882843017578, -0.6869557499885559082, -0.68548738956451416016, -0.68404281139373779297, -0.68262004852294921875, -0.68121701478958129883, -0.67983168363571166992, -0.67846208810806274414, -0.67710608243942260742, -0.67576175928115844727, -0.67442697286605834961, -0.6731007695198059082, -0.67178291082382202148, -0.67047196626663208008, -0.66916769742965698242, -0.66786980628967285156, -0.66657811403274536133, -0.66529244184494018555, -0.66401243209838867188, -0.66273790597915649414, -0.66146868467330932617, -0.66020441055297851562, -0.65894502401351928711, -0.65769010782241821289, -0.65643954277038574219, -0.65519309043884277344, -0.65395045280456542969, -0.65271174907684326172, -0.65147686004638671875, -0.65024584531784057617, -0.6490185856819152832, -0.64779508113861083984, -0.64657533168792724609, -0.64535921812057495117, -0.64414680004119873047, -0.64293807744979858398, -0.64173287153244018555, -0.64053130149841308594, -0.63933324813842773438, -0.63813871145248413086, -0.63694769144058227539, -0.63576006889343261719, -0.63457590341567993164, -0.63339519500732421875, -0.63221788406372070312, -0.63104397058486938477, -0.62987345457077026367, -0.62870627641677856445, -0.62754243612289428711, -0.62638193368911743164, -0.62522476911544799805, -0.62407094240188598633, -0.62292039394378662109, -0.62177312374114990234, -0.62062913179397583008, -0.6194884181022644043, -0.618350982666015625, -0.61721670627593994141, -0.6160857081413269043, -0.61495792865753173828, -0.61383336782455444336, -0.61271196603775024414, -0.61159378290176391602, -0.6104786992073059082, -0.60936683416366577148, -0.60825806856155395508, -0.60715246200561523438, -0.60604995489120483398, -0.60495054721832275391]
oriWesTop.dp=[35.09163665771484375, 0.09845150262117385864, 0.07771182060241699219, 0.06322602182626724243, 0.05258392542600631714, 0.04434463009238243103, 0.03779064863920211792, 0.03234168887138366005, 0.02777131646871566772, 0.02380075491964817047, 0.02031334489583969116, 0.0171937067061662674, 0.01437194924801588058, 0.01176333799958229065, 0.0093563012778758968, 0.007126612588763237, 0.00506296474486589432, 0.00314843002706766129, 0.00138211273588240147, -0.00023599383712280542, -0.00170793465804308653, -0.00303957192227244377, -0.00423705019056797028, -0.00530996080487966537, -0.00626731151714920998, -0.00712097436189651489, -0.00788008794188499451, -0.00855331216007471258, -0.00914931017905473883, -0.00967674702405929565, -0.01014055032283067703, -0.01054914481937885284, -0.01091711875051259995, -0.01124735549092292786, -0.01154274214059114456, -0.01180616393685340881, -0.01204050797969102859, -0.01224866416305303574, -0.01243352051824331284, -0.01259796787053346634, -0.01274489890784025192, -0.01287720631808042526, -0.01299778278917074203, -0.01310810074210166931, -0.01320855040103197098, -0.01330146752297878265, -0.01338723674416542053, -0.01346624176949262619, -0.01353886723518371582, -0.013605496846139431, -0.01366651523858308792, -0.01372230798006057739, -0.01377325784415006638, -0.01381975132972002029, -0.01386217307299375534, -0.01390090677887201309, -0.01393633801490068436, -0.01396885327994823456, -0.01399883627891540527, -0.0140262506902217865, -0.0140512390062212944, -0.01407395768910646439, -0.01409448962658643723, -0.0141129177063703537, -0.01412932388484477997, -0.01414379291236400604, -0.01415640581399202347, -0.01416724734008312225, -0.01417639851570129395, -0.01418394315987825394, -0.01418996509164571762, -0.01419454533606767654, -0.01419776864349842072, -0.01419971603900194168, -0.01420041359961032867, -0.01419974025338888168, -0.01419804245233535767, -0.01419534534215927124, -0.01419167779386043549, -0.01418706681579351425, -0.014181540347635746, -0.0141751263290643692, -0.0141678517684340477, -0.01415974367409944534, -0.01415083184838294983, -0.01414114143699407578, -0.01413070037961006165, -0.01411953754723072052, -0.01410767901688814163, -0.01409515365958213806, -0.01408198755234479904, -0.01406820863485336304, -0.01405384484678506851, -0.01403892319649457932, -0.0140234706923365593, -0.01400751620531082153, -0.01399108581244945526, -0.01397420745342969894, -0.01395690813660621643, -0.01393921580165624619, -0.01392115745693445206]
oriEasTop.dp=[-34.855838775634765625, 0.09846682846546173096, 0.07771005481481552124, 0.0632351413369178772, 0.05257231369614601135, 0.04436056315898895264, 0.03776074573397636414, 0.03235340490937232277, 0.02777063846588134766, 0.02380250208079814911, 0.0203143581748008728, 0.01720588468015193939, 0.01436500158160924911, 0.01176417525857686996, 0.00935442559421062123, 0.00712472898885607719, 0.00506104761734604836, 0.0031464933417737484, 0.00138015509583055973, -0.00023798554320819676, -0.00170996179804205894, -0.00304163573309779167, -0.00423914846032857895, -0.00531209073960781097, -0.00626947171986103058, -0.00712316669523715973, -0.00788230635225772858, -0.00855555012822151358, -0.00915156211704015905, -0.0096790120005607605, -0.01014283392578363419, -0.01055143866688013077, -0.01091942470520734787, -0.01124967262148857117, -0.01154506765305995941, -0.01180849410593509674, -0.01204284094274044037, -0.01225099433213472366, -0.0124358469620347023, -0.01260028965771198273, -0.01274721603840589523, -0.01287951972335577011, -0.0130000971257686615, -0.01311041694134473801, -0.01321086287498474121, -0.01330377627164125443, -0.01338954176753759384, -0.01346854306757450104, -0.01354116480797529221, -0.01360778976231813431, -0.01366880349814891815, -0.01372458972036838531, -0.01377553492784500122, -0.01382202189415693283, -0.01386443618685007095, -0.01390316430479288101, -0.01393858995288610458, -0.01397109962999820709, -0.01400107797235250473, -0.01402848679572343826, -0.01405346952378749847, -0.01407618261873722076, -0.0140967080369591713, -0.01411513052880764008, -0.01413153205066919327, -0.01414599455893039703, -0.01415860187262296677, -0.01416943594813346863, -0.01417858153581619263, -0.01418611966073513031, -0.01419213507324457169, -0.0141967087984085083, -0.01419992558658123016, -0.01420186832547187805, -0.01420256029814481735, -0.01420188043266534805, -0.01420017518103122711, -0.01419747341424226761, -0.01419380027800798416, -0.01418918557465076447, -0.01418365444988012314, -0.01417723577469587326, -0.01416995562613010406, -0.01416184380650520325, -0.01415292546153068542, -0.01414322946220636368, -0.01413278281688690186, -0.01412161346524953842, -0.01410974841564893723, -0.01409721467643976212, -0.01408404111862182617, -0.01407025475054979324, -0.01405588351190090179, -0.01404095441102981567, -0.01402549445629119873, -0.01400953345000743866, -0.01399309653788805008, -0.01397621259093284607, -0.01395890861749649048, -0.01394121348857879639, -0.01392315421253442764]
oriOutTop.dp=[1325.6787109375, 0.80873179435729980469, 0.79153031110763549805, 0.77926981449127197266, 0.77001374959945678711, 0.76264274120330810547, 0.75653958320617675781, 0.75131201744079589844, 0.74672305583953857422, 0.74258524179458618164, 0.73880147933959960938, 0.73529011011123657227, 0.73198151588439941406, 0.72883445024490356445, 0.72582709789276123047, 0.72294795513153076172, 0.7201887965202331543, 0.71753793954849243164, 0.71499598026275634766, 0.71256387233734130859, 0.71023803949356079102, 0.70801311731338500977, 0.70588529109954833984, 0.7038478851318359375, 0.70189440250396728516, 0.70001661777496337891, 0.69820791482925415039, 0.69646209478378295898, 0.69477277994155883789, 0.69313371181488037109, 0.69154131412506103516, 0.68998950719833374023, 0.68846750259399414062, 0.68697333335876464844, 0.68550503253936767578, 0.68406045436859130859, 0.68263769149780273438, 0.68123465776443481445, 0.67984932661056518555, 0.67847973108291625977, 0.67712372541427612305, 0.6757793426513671875, 0.67444455623626708984, 0.67311823368072509766, 0.67180037498474121094, 0.67048937082290649414, 0.66918504238128662109, 0.66788715124130249023, 0.66659539937973022461, 0.66530960798263549805, 0.66402959823608398438, 0.66275501251220703125, 0.6614856719970703125, 0.66022139787673950195, 0.65896189212799072266, 0.65770697593688964844, 0.65645635128021240234, 0.6552098393440246582, 0.65396714210510253906, 0.6527283787727355957, 0.65149343013763427734, 0.65026235580444335938, 0.64903503656387329102, 0.64781147241592407227, 0.64659160375595092773, 0.64537549018859863281, 0.64416301250457763672, 0.64295417070388793945, 0.64174896478652954102, 0.64054733514785766602, 0.63934922218322753906, 0.63815462589263916016, 0.63696348667144775391, 0.6357758641242980957, 0.63459163904190063477, 0.63341087102890014648, 0.63223350048065185547, 0.63105952739715576172, 0.62988895177841186523, 0.62872171401977539062, 0.62755781412124633789, 0.62639725208282470703, 0.62524002790451049805, 0.62408614158630371094, 0.62293553352355957031, 0.62178820371627807617, 0.62064415216445922852, 0.61950337886810302734, 0.61836588382720947266, 0.61723160743713378906, 0.61610054969787597656, 0.61497271060943603516, 0.61384809017181396484, 0.61272662878036499023, 0.61160838603973388672, 0.61049330234527587891, 0.60938131809234619141, 0.60827249288558959961, 0.60716682672500610352, 0.60606426000595092773, 0.60496479272842407227]
