last-generated=2018-06-13
statistics-simulation=
{
  "linear": " ",
  "nonlinear": "1",
  "numerical Jacobians": "0"
}
humRat.p=[1.01325e+05, 1.01325e+05]
time=[0e+00, 1e+00]
humRat.p_w=[1.5357345703125e+04, 1.522698144239673e+04, 1.509648241603757e+04, 1.496584862404753e+04, 1.483508006642614e+04, 1.470417579100706e+04, 1.457313670116503e+04, 1.444196191797348e+04, 1.431065134369202e+04, 1.417920414859187e+04, 1.404762111336521e+04, 1.391590135933152e+04, 1.378404488648641e+04, 1.365205169483427e+04, 1.351992188287897e+04, 1.338765437574622e+04, 1.325524897605714e+04, 1.312270607839776e+04, 1.299002548556383e+04, 1.285720602300164e+04, 1.272424906307829e+04, 1.259115225643141e+04, 1.245791795285701e+04, 1.232454400098278e+04, 1.219103020177237e+04, 1.20573779296875e+04, 1.192358580982525e+04, 1.178965346406709e+04, 1.165558107067653e+04, 1.152136805199261e+04, 1.13870148086654e+04, 1.125251956332934e+04, 1.111788466926474e+04, 1.098310857523884e+04, 1.084819047795669e+04, 1.071312980226199e+04, 1.057792890442636e+04, 1.044258502550131e+04, 1.03070985681672e+04, 1.017146953242405e+04, 1.003569832314837e+04, 9.899783154487359e+03, 9.763725407413802e+03, 9.627524511522881e+03, 9.49117867840996e+03, 9.354689290318502e+03, 9.218056754687337e+03, 9.081279280559425e+03, 8.94435629832041e+03, 8.80728919327605e+03, 8.6700771484375e+03, 8.532719595485723e+03, 8.395215557888867e+03, 8.257566988743993e+03, 8.119772756729855e+03, 7.981831219194116e+03, 7.843743196999728e+03, 7.705508690128032e+03, 7.567127210314689e+03, 7.428598269284455e+03, 7.289923182327755e+03, 7.151099319762448e+03, 7.012127507700161e+03, 6.873007746121107e+03, 6.733739546744035e+03, 6.594322421301664e+03, 6.454757690391125e+03, 6.315042713740151e+03, 6.175178811015729e+03, 6.035165005659022e+03, 5.895001297653806e+03, 5.754688175290568e+03, 5.614225011413166e+03, 5.473610619871992e+03, 5.332845349142849e+03, 5.19192919921875e+03, 5.050862170069428e+03, 4.909643285162652e+03, 4.768272544498421e+03, 4.626750792083426e+03, 4.485075852553177e+03, 4.343248568985813e+03, 4.201268453072615e+03, 4.059135504829409e+03, 3.916849480117764e+03, 3.774410495993635e+03, 3.631817098597452e+03, 3.489069648173533e+03, 3.346168144706743e+03, 3.203112099914087e+03, 3.059901269672401e+03, 2.916536508960335e+03, 2.77301537634632e+03, 2.629338969995913e+03, 2.48550680162277e+03, 2.341518871212492e+03, 2.19737444636284e+03, 2.05307438763114e+03, 1.908616852794299e+03, 1.764002335238147e+03, 1.61923046875e+03]
humRat.X_w=[1.000000014901161e-01, 9.91000011362137e-02, 9.820000078231128e-02, 9.730000042840893e-02, 9.640000007450646e-02, 9.549999988824075e-02, 9.459999936670162e-02, 9.369999918043596e-02, 9.279999865889708e-02, 9.189999880790391e-02, 9.099999828636512e-02, 9.009999776482636e-02, 8.919999724328757e-02, 8.829999672174881e-02, 8.739999687075783e-02, 8.649999701978464e-02, 8.560000327824534e-02, 8.470000342726547e-02, 8.380000357627229e-02, 8.290000238417904e-02, 8.200000253319474e-02, 8.110000134111037e-02, 8.020000149011719e-02, 7.9300001639124e-02, 7.840000044703964e-02, 7.750000059604645e-02, 7.659999940396207e-02, 7.570000089406008e-02, 7.479999970197571e-02, 7.389999850989135e-02, 7.299999999998934e-02, 7.209999880790498e-02, 7.11999976158206e-02, 7.029999910591861e-02, 6.939999791384756e-02, 6.849999672174986e-02, 6.759999821190116e-02, 6.669999701978126e-02, 6.580000327824197e-02, 6.490000208612207e-02, 6.400000357627336e-02, 6.310000238417567e-02, 6.219999746681432e-02, 6.129999895692564e-02, 6.040000149011381e-02, 5.950000029801168e-02, 5.860000178813188e-02, 5.77000005960453e-02, 5.679999940396314e-02, 5.590000089406114e-02, 5.499999970197678e-02, 5.40999985099052e-02, 5.319999731783361e-02, 5.229999612576203e-02, 5.140000029801522e-02, 5.050000283119398e-02, 4.960000163912879e-02, 4.87000004470375e-02, 4.779999925494816e-02, 4.689999806290766e-02, 4.600000223512089e-02, 4.510000104304931e-02, 4.419999985098661e-02, 4.329999865890615e-02, 4.239999746683457e-02, 4.149999627476299e-02, 4.060000417226652e-02, 3.970000298019493e-02, 3.880000178812335e-02, 3.790000059604095e-02, 3.6999999403958e-02, 3.609999821190862e-02, 3.520000238412185e-02, 3.430000119208579e-02, 3.339999999999645e-02, 3.24999988079071e-02, 3.159999761583553e-02, 3.069999828639133e-02, 2.979999709431087e-02, 2.890000126657072e-02, 2.800000193712431e-02, 2.710000074505912e-02, 2.619999955297449e-02, 2.529999836089403e-02, 2.439999716881357e-02, 2.350000134107342e-02, 2.260000201162479e-02, 2.170000081955765e-02, 2.079999962747719e-02, 1.989999843539672e-02, 1.899999724333847e-02, 1.810000327819684e-02, 1.720000208612526e-02, 1.630000089406034e-02, 1.53999997019746e-02, 1.449999850990498e-02, 1.359999824914154e-02, 1.270000242140139e-02, 1.180000216063462e-02, 1.09000009685586e-02, 9.999999776482582e-03]
TDewPoi.T=[3.27611572265625e+02, 3.274344177206326e+02, 3.272557983318152e+02, 3.270756530640267e+02, 3.268939819172638e+02, 3.267107238906524e+02, 3.265258788813253e+02, 3.263394165094815e+02, 3.261513061185379e+02, 3.259615174020872e+02, 3.257700195598763e+02, 3.255767822149755e+02, 3.253817443321742e+02, 3.251849059114904e+02, 3.249862365841527e+02, 3.247857056863684e+02, 3.245832213627511e+02, 3.243788147339637e+02, 3.241723939470391e+02, 3.239639586902487e+02, 3.237534180317779e+02, 3.235408018616911e+02, 3.233259887437744e+02, 3.231090088799754e+02, 3.22889739871873e+02, 3.226681823730469e+02, 3.224442746874124e+02, 3.222179567868947e+02, 3.219891968047377e+02, 3.217579038585577e+02, 3.215240786490825e+02, 3.212875977128568e+02, 3.210484007066847e+02, 3.208064883558503e+02, 3.205617371484585e+02, 3.203140867654513e+02, 3.200635074402373e+02, 3.198098756097895e+02, 3.195531004626102e+02, 3.19293181998263e+02, 3.190299379018467e+02, 3.187633666031763e+02, 3.18493346811011e+02, 3.182197572767469e+02, 3.179425353337793e+02, 3.1766155972099e+02, 3.173767397409496e+02, 3.170879516254318e+02, 3.167950741459505e+02, 3.164980166423478e+02, 3.161965942382812e+02, 3.158907162584997e+02, 3.155802606326862e+02, 3.152650137382306e+02, 3.149448859450741e+02, 3.146196903315729e+02, 3.142892456847777e+02, 3.139533994155904e+02, 3.13611937901044e+02, 3.132646780350852e+02, 3.129114083187016e+02, 3.125518804007792e+02, 3.121859132616489e+02, 3.118131712070784e+02, 3.114335016478674e+02, 3.110465078559367e+02, 3.106519785819078e+02, 3.102495734310318e+02, 3.098389590363245e+02, 3.094197386683214e+02, 3.089915461137294e+02, 3.085539846442422e+02, 3.081065991917057e+02, 3.07648896144921e+02, 3.071803898553986e+02, 3.067005310058594e+02, 3.062086787230882e+02, 3.057042226558135e+02, 3.051864608971191e+02, 3.046546337218338e+02, 3.041078497802844e+02, 3.035452577040577e+02, 3.029658198904652e+02, 3.023684377051421e+02, 3.01751920959118e+02, 3.011149002208434e+02, 3.004558725378576e+02, 2.997731326545417e+02, 2.99064849508059e+02, 2.983288868613927e+02, 2.97562803303709e+02, 2.967638876297572e+02, 2.959290175319598e+02, 2.950545050320035e+02, 2.941361692078543e+02, 2.931690356743622e+02, 2.921472145275786e+02, 2.910637238790267e+02, 2.899099754032413e+02, 2.886755383202193e+02, 2.873473205566406e+02]
