last-generated=2018-06-13
statistics-simulation=
{
  "linear": " ",
  "nonlinear": " ",
  "numerical Jacobians": "0"
}
conTim.modTim=[0e+00, 7.776e+05, 1.5552e+06, 2.3328e+06, 3.1104e+06, 3.888e+06, 4.6656e+06, 5.443200000000001e+06, 6.2208e+06, 6.9984e+06, 7.776e+06, 8.5536e+06, 9.3312e+06, 1.01088e+07, 1.08864e+07, 1.1664e+07, 1.24416e+07, 1.32192e+07, 1.39968e+07, 1.47744e+07, 1.5552e+07, 1.63296e+07, 1.71072e+07, 1.78848e+07, 1.86624e+07, 1.944e+07, 2.02176e+07, 2.09952e+07, 2.17728e+07, 2.25504e+07, 2.3328e+07, 2.41056e+07, 2.48832e+07, 2.56608e+07, 2.64384e+07, 2.7216e+07, 2.79936e+07, 2.87712e+07, 2.95488e+07, 3.03264e+07, 3.1104e+07, 3.18816e+07, 3.26592e+07, 3.34368e+07, 3.42144e+07, 3.4992e+07, 3.57696e+07, 3.65472e+07, 3.73248e+07, 3.81024e+07, 3.888e+07, 3.96576e+07, 4.04352e+07, 4.12128e+07, 4.19904e+07, 4.2768e+07, 4.354560000000001e+07, 4.432319999999999e+07, 4.51008e+07, 4.58784e+07, 4.6656e+07, 4.74336e+07, 4.82112e+07, 4.89888e+07, 4.97664e+07, 5.0544e+07, 5.13216e+07, 5.20992e+07, 5.287680000000001e+07, 5.365439999999999e+07, 5.4432e+07, 5.52096e+07, 5.59872e+07, 5.67648e+07, 5.75424e+07, 5.832e+07, 5.90976e+07, 5.98752e+07, 6.06528e+07, 6.14304e+07, 6.2208e+07, 6.298560000000001e+07, 6.376319999999999e+07, 6.45408e+07, 6.53184e+07, 6.6096e+07, 6.68736e+07, 6.76512e+07, 6.84288e+07, 6.92064e+07, 6.9984e+07, 7.07616e+07, 7.15392e+07, 7.23168e+07, 7.30944e+07, 7.3872e+07, 7.46496e+07, 7.54272e+07, 7.62048e+07, 7.69824e+07, 7.776e+07]
conTim.calTim=[0e+00, 7.776e+05, 1.5552e+06, 2.3328e+06, 3.1104e+06, 3.888e+06, 4.6656e+06, 5.443200000000001e+06, 6.2208e+06, 6.9984e+06, 7.776e+06, 8.5536e+06, 9.3312e+06, 1.01088e+07, 1.08864e+07, 1.1664e+07, 1.24416e+07, 1.32192e+07, 1.39968e+07, 1.47744e+07, 1.5552e+07, 1.63296e+07, 1.71072e+07, 1.78848e+07, 1.86624e+07, 1.944e+07, 2.02176e+07, 2.09952e+07, 2.17728e+07, 2.25504e+07, 2.3328e+07, 2.41056e+07, 2.48832e+07, 2.56608e+07, 2.64384e+07, 2.7216e+07, 2.79936e+07, 2.87712e+07, 2.95488e+07, 3.03264e+07, 3.1104e+07, 3.455999999999963e+05, 1.1232e+06, 1.9008e+06, 2.6784e+06, 3.456e+06, 4.2336e+06, 5.0112e+06, 5.7888e+06, 6.5664e+06, 7.344e+06, 8.1216e+06, 8.8992e+06, 9.6768e+06, 1.04544e+07, 1.1232e+07, 1.200960000000001e+07, 1.278719999999999e+07, 1.35648e+07, 1.43424e+07, 1.512e+07, 1.58976e+07, 1.66752e+07, 1.74528e+07, 1.82304e+07, 1.9008e+07, 1.97856e+07, 2.05632e+07, 2.134080000000001e+07, 2.211839999999999e+07, 2.2896e+07, 2.36736e+07, 2.44512e+07, 2.52288e+07, 2.60064e+07, 2.6784e+07, 2.75616e+07, 2.83392e+07, 2.91168e+07, 2.98944e+07, 3.0672e+07, 3.144960000000001e+07, 6.911999999999925e+05, 1.4688e+06, 2.2464e+06, 3.024e+06, 3.8016e+06, 4.5792e+06, 5.3568e+06, 6.1344e+06, 6.912e+06, 7.6896e+06, 8.4672e+06, 9.2448e+06, 1.00224e+07, 1.08e+07, 1.15776e+07, 1.23552e+07, 1.31328e+07, 1.39104e+07, 1.4688e+07]
time=[0e+00, 7.776e+07]
