last-generated=2017-01-23
statistics-initialization=
{
  "numerical Jacobians": "0", 
  "nonlinear": "5", 
  "linear": "0, 0, 0, 0, 0"
}
statistics-simulation=
{
  "numerical Jacobians": "1", 
  "nonlinear": "11, 1", 
  "number of continuous time states": "24", 
  "linear": "0, 0, 0, 0, 0, 0"
}
building.TSensor[1]=[292., 291.02836778428820707632, 292.43003147395461382985, 292.58138020833331438553, 291.61845906575518938553, 290.67385005802566411148, 292.447021484375, 291.63013712565106061447, 290.67614768619858978127, 291.683380126953125, 290.9562235660774263124, 292.58421495225695707632, 292.39002482096356061447, 291.46619330512152146184, 290.66750081380206438553, 289.944488525390625, 289.32899983723956438553, 288.81711832682293561447, 291.267547607421875, 291.206024169921875, 290.604949951171875, 290.05287679036456438553, 289.58791436089410353816, 289.19380696614581438553, 288.85032145182293561447, 290.50279648577583202496, 291.50976223415796084737, 291.000518798828125, 290.41521538628472853816, 289.86942206488714646184, 289.36745198567706438553, 292.36488562817248748615, 297.11026340060766415263, 296.296844482421875, 295.25448269314233584737, 294.29460652669268938553, 295.1810302734375, 296.05294460720483584737, 295.06098429361981061447, 294.05232747395831438553, 294.52173012318343126026, 293.53548855251733584737, 292.23432413736981061447, 291.03509182400171084737, 291.97728976989452576163, 291.236236572265625, 291.08686989143922119183, 292.23215060763891415263, 291.460174560546875, 291.73345833913367641799, 291.75592041015625, 290.84963421911129444197, 291.96469794379339646184, 290.81499905056421084737, 292.133087158203125, 291.03826522808395793618, 292.07132511605186664383, 291.46623738606768938553, 290.29541015625, 289.23228285047741792368, 290.19507152273166639134, 290.27435302734375, 289.33619859483508207632, 289.3564453125, 290.62320624457464646184, 289.71930609809027146184, 288.79054768880206438553, 291.36226060655383207632, 290.66197713216143938553, 289.63545735677081438553, 288.69694725988568961839, 291.40533447265625, 290.565338134765625, 289.49383884006078915263, 290.34674168611138611595, 296.730133056640625, 295.84677802191839646184, 294.38791571723089646184, 295.61407470703125, 295.39271714952258207632, 293.99950832790796084737, 294.93634033203125, 293.85101203396220626018, 293.8507284586447667607, 292.240325927734375, 290.64078868519175102847, 291.24266467800691771117, 292.01166788736981061447, 290.65072969704027627813, 291.93600802951391415263, 290.636749267578125, 291.99521213107641415263, 290.71336379360201362942, 291.93689982096356061447, 290.69951763431669178317, 292.001708984375, 290.74532331392333617259, 291.95939805772570707632, 290.76473116530183915529, 292.047576904296875, 291.008880615234375]
time=[0., 200000.]
building.heatPortCon[1].Q_flow=[1358.0673828125, 1291.73745388454858584737, 6440.52431939879261335591, 1924.86580403645848491578, 1474.08588324652782830526, 1311.68694967959800123936, 2553.6439208984375, 1570.62053765190944432106, 1349.4349509120929724304, 2506.13671875, 1494.18144942631693083968, 5481.59250217013868677896, 1889.2744140625, 1668.21577962239575754211, 1476.13568793402760093159, 1339.42338053385424245789, 1207.39817979600684338948, 1081.93025716145825754211, 3872.5205078125, 1608.05575900607641415263, 1293.59186469184032830526, 1143.28462727864575754211, 1024.15603298611108584737, 929.70532904730907830526, 858.81801350911462122895, 7438.33966764856540976325, 1761.87113444010401508422, 1274.250244140625, 1166.85409884982618677896, 1097.54230414496555567894, 1038.82039388020825754211, 13909.81656704626948339865, 3884.04679361979151508422, 2599.94571940104151508422, 2366.413330078125, 2221.56936306423631322104, 10513.94921875, 3046.05287000868065661052, 2475.48977322048631322104, 2296.27620442708348491578, 3878.21493170213125267765, 2087.5831298828125, 1795.80851236979174245789, 1619.782470703125, 3755.18690962387063336791, 1862.8271484375, 3947.67824110219225985929, 4274.13492838541606033687, 2021.99031575520825754211, 7542.20566815193433285458, 2293.56678602430565661052, 4449.64355440382678352762, 2955.58002387152782830526, 1941.67145453559032830526, 3362.663330078125, 2035.93989094115704574506, 5002.8186876846884842962, 2317.15999348958848713664, 1964.2746582031268189894, 1765.28134494357641415263, 6480.90509485077200224623, 2232.32866753472217169474, 1758.90861002604174245789, 8871.84375, 2473.71685112847217169474, 1812.89339192708325754211, 1611.8590087890625, 3780.41194661458303016843, 2035.79402669270825754211, 1763.56005859375, 1602.01942065827029182401, 3412.09760199652782830526, 2032.2135009765625, 1799.34414333767358584737, 8954.59741152150309062563, 6214.23470052083393966313, 3274.14553493923631322104, 2908.79242621527782830526, 8598.27018229166606033687, 3383.11276584201368677896, 2889.48429361979151508422, 4450.2119140625, 2985.73423989926141075557, 3382.92587856775344334892, 2450.55411783854151508422, 2832.92258522727252056939, 4343.24109470884923211997, 3065.274658203125, 2132.16938189517395585426, 3246.69246419270848491578, 2474.73291015625, 3425.56789822048631322104, 2182.51558407659149452229, 3507.71923828125, 2165.75129258865899828379, 3393.14599609375, 2157.60645110614359509782, 3617.00127495659717169474, 2167.15215119958793366095, 3425.728271484375, 2302.132080078125]
building.heatPortRad[1].Q_flow=[777.4208984375, 741.70476616753467169474, 3514.12841967863005265826, 1082.62003580729174245789, 839.89242214626733584737, 752.44681886403145654185, 1421.19287109375, 891.87261962890613631316, 772.77268605532435685745, 1395.612060546875, 850.71310922453938019316, 2997.78057183159717169474, 1063.4554443359375, 1067.50086805555565661052, 979.45770941840260093159, 905.84334309895837122895, 834.75286187065967169474, 767.1932373046875, 2269.81884765625, 1050.4915771484375, 881.16483561197912877105, 800.23020426432287877105, 736.08400472005212122895, 685.22591824001733584737, 647.05586751302087122895, 4189.87523813716688891873, 1133.31522623697924245789, 870.7501220703125, 812.92146131727417923685, 775.59971788194457076315, 743.98024495442712122895, 7951.43962219849163375329, 2552.94840494791651508422, 1861.50919596354174245789, 1735.76101345486108584737, 1657.76809353298608584737, 6122.8955078125, 2101.72073025173631322104, 1794.49446614583325754211, 1697.99495442708325754211, 2134.42341160047908488195, 1170.23712836371532830526, 1013.12766520182287877105, 918.34440104166662877105, 2068.17753539726800227072, 1049.214599609375, 2171.82679657042763210484, 2347.61119249131934338948, 1134.91788736979174245789, 4107.34160087625969026703, 1281.15132649739575754211, 2442.11575526733759033959, 1637.62004937065967169474, 1091.66924370659717169474, 1856.8187255859375, 1142.42910874162271284149, 2878.44079640041445600218, 1432.31697591146098602621, 1242.30177137586906610522, 1135.15144856770825754211, 3674.33371909133757071686, 1386.63852267795141415263, 1131.72007921006934338948, 4961.76220703125, 1516.61678059895825754211, 1160.78875054253467169474, 1052.5394287109375, 2220.22184244791651508422, 1280.81218804253467169474, 1134.224609375, 1047.24125918538902624277, 2021.89869520399315661052, 1278.8841552734375, 1153.4930419921875, 5283.24485686953721597092, 3807.6650390625, 2224.53995768229151508422, 2027.81133355034717169474, 5091.37630208333303016843, 2283.21454535590282830526, 2017.41463216145825754211, 2857.806396484375, 2069.24155521788361511426, 1867.72933027332464916981, 1365.68302408854174245789, 1571.57368607954549588612, 2384.82211941187415504828, 1696.6864013671875, 1194.24504259003310835396, 1794.37281629774315661052, 1378.702392578125, 1890.69040256076391415263, 1221.35447278153060324257, 1934.92578125, 1212.32757740408305835444, 1873.2325439453125, 1207.9418762022687587887, 1993.76992458767358584737, 1213.08195042091256254935, 1890.7767333984375, 1424.2249755859375]
