last-generated=2018-06-13
statistics-simulation=
{
  "linear": " ",
  "nonlinear": " ",
  "numerical Jacobians": "0"
}
T=[2.931499938964844e+02, 2.931499938964844e+02, 2.931499938964844e+02, 2.931499938964844e+02, 2.931499938964844e+02, 2.931499938964844e+02, 2.931499938964844e+02, 2.931499938964844e+02, 2.931499938964844e+02, 2.931499938964844e+02, 2.931499938964844e+02, 2.931499938964844e+02, 2.931499938964844e+02, 2.931499938964844e+02, 2.931499938964844e+02, 2.931499938964844e+02, 2.931499938964844e+02, 2.931499938964844e+02, 2.931499938964844e+02, 2.931499938964844e+02, 2.931499938964844e+02, 2.931499938964844e+02, 2.931499938964844e+02, 2.931499938964844e+02, 2.931499938964844e+02, 2.931499938964844e+02, 2.931499938964844e+02, 2.931499938964844e+02, 2.931499938964844e+02, 2.931499938964844e+02, 2.931499938964844e+02, 2.931499938964844e+02, 2.931499938964844e+02, 2.931499938964844e+02, 2.931499938964844e+02, 2.931499938964844e+02, 2.931499938964844e+02, 2.931499938964844e+02, 2.931499938964844e+02, 2.931499938964844e+02, 2.931499938964844e+02, 2.931499938964844e+02, 2.931499938964844e+02, 2.931499938964844e+02, 2.931499938964844e+02, 2.931499938964844e+02, 2.931499938964844e+02, 2.931499938964844e+02, 2.931499938964844e+02, 2.931499938964844e+02, 2.931499938964844e+02, 2.932499085424336e+02, 2.933497926710956e+02, 2.934497073167537e+02, 2.935495908503253e+02, 2.936495054960926e+02, 2.937493896246448e+02, 2.938493042707038e+02, 2.939491883992204e+02, 2.940491030453151e+02, 2.941489865784865e+02, 2.942489012242174e+02, 2.943487853528067e+02, 2.944486999988286e+02, 2.94548614644705e+02, 2.946484987734398e+02, 2.947484128238256e+02, 2.948482969523421e+02, 2.949482115984368e+02, 2.95048095726954e+02, 2.951480103728662e+02, 2.952478945015646e+02, 2.953478085519503e+02, 2.954476926807579e+02, 2.955476073265615e+02, 2.956474914550781e+02, 2.957474061011728e+02, 2.958472902296893e+02, 2.959472048757841e+02, 2.960470884089191e+02, 2.961470030546863e+02, 2.962468871832386e+02, 2.963468018292976e+02, 2.964466859578141e+02, 2.965466006039088e+02, 2.966465146542945e+02, 2.967463987828111e+02, 2.968463134289058e+02, 2.969461975574224e+02, 2.970461122032987e+02, 2.971459963320336e+02, 2.972459103824193e+02, 2.973457945109359e+02, 2.974457091570305e+02, 2.975455932855478e+02, 2.976455079314599e+02, 2.977453920601583e+02, 2.978453061105441e+02, 2.979451902393517e+02, 2.980451048851553e+02, 2.981449890136719e+02]
time=[0e+00, 1e+00]
X_w=[0e+00, 1.999999994179225e-04, 3.999999988358483e-04, 6.000000419094861e-04, 7.999999976716967e-04, 1.000000032596266e-03, 1.200000083818997e-03, 1.399999944120642e-03, 1.599999995343379e-03, 1.799999897554742e-03, 2.000000065192587e-03, 2.199999999999997e-03, 2.400000167637739e-03, 2.600000102445461e-03, 2.799999888241363e-03, 2.99999990686777e-03, 3.199999990686758e-03, 3.400000009313234e-03, 3.599999795109899e-03, 3.80000011175842e-03, 4.000000130384828e-03, 4.199999981374281e-03, 4.399999999999855e-03, 4.600000018625985e-03, 4.800000335275477e-03, 4.999999888241291e-03, 5.200000204889812e-03, 5.399999925492996e-03, 5.599999776482727e-03, 5.80000009313319e-03, 5.999999813736928e-03, 6.200000130384894e-03, 6.399999981374348e-03, 6.599999701978364e-03, 6.800000018626053e-03, 7.000000335275405e-03, 7.199999590219799e-03, 7.39999990686832e-03, 7.60000022351684e-03, 7.800000074507405e-03, 8.000000260769656e-03, 8.200000111759108e-03, 8.399999962748561e-03, 8.600000149010812e-03, 8.800000000000266e-03, 8.999999850989721e-03, 9.20000003725197e-03, 9.399999888241424e-03, 9.600000670548456e-03, 9.799999925493129e-03, 9.999999776482582e-03, 9.999999776482582e-03, 9.999999776482582e-03, 9.999999776482582e-03, 9.999999776482582e-03, 9.999999776482582e-03, 9.999999776482582e-03, 9.999999776482582e-03, 9.999999776482582e-03, 9.999999776482582e-03, 9.999999776482582e-03, 9.999999776482582e-03, 9.999999776482582e-03, 9.999999776482582e-03, 9.999999776482582e-03, 9.999999776482582e-03, 9.999999776482582e-03, 9.999999776482582e-03, 9.999999776482582e-03, 9.999999776482582e-03, 9.999999776482582e-03, 9.999999776482582e-03, 9.999999776482582e-03, 9.999999776482582e-03, 9.999999776482582e-03, 9.999999776482582e-03, 9.999999776482582e-03, 9.999999776482582e-03, 9.999999776482582e-03, 9.999999776482582e-03, 9.999999776482582e-03, 9.999999776482582e-03, 9.999999776482582e-03, 9.999999776482582e-03, 9.999999776482582e-03, 9.999999776482582e-03, 9.999999776482582e-03, 9.999999776482582e-03, 9.999999776482582e-03, 9.999999776482582e-03, 9.999999776482582e-03, 9.999999776482582e-03, 9.999999776482582e-03, 9.999999776482582e-03, 9.999999776482582e-03, 9.999999776482582e-03, 9.999999776482582e-03, 9.999999776482582e-03, 9.999999776482582e-03, 9.999999776482582e-03, 9.999999776482582e-03]
d=[1.204113125801086e+00, 1.20396685599953e+00, 1.203820466988711e+00, 1.203674197187168e+00, 1.203527927385625e+00, 1.203381776820573e+00, 1.203235626201039e+00, 1.203089475636066e+00, 1.202943325016612e+00, 1.20279729371525e+00, 1.202651262305086e+00, 1.202505230894921e+00, 1.202359199484917e+00, 1.202213287283883e+00, 1.20206737519181e+00, 1.201921582309026e+00, 1.201775789208639e+00, 1.20162999632575e+00, 1.201484203442646e+00, 1.201338529551975e+00, 1.201192855878304e+00, 1.201047181987384e+00, 1.200901508313962e+00, 1.200755953849437e+00, 1.200610399168198e+00, 1.200464963912964e+00, 1.200319409231725e+00, 1.200173974193205e+00, 1.200028657930545e+00, 1.199883222458596e+00, 1.199737906629366e+00, 1.199592590366706e+00, 1.199447393313335e+00, 1.199302077484105e+00, 1.199156999639811e+00, 1.199011802586654e+00, 1.19886672517515e+00, 1.198721647331638e+00, 1.198576569487841e+00, 1.198431491644613e+00, 1.198286533442044e+00, 1.198141574807821e+00, 1.197996735382887e+00, 1.197851777180318e+00, 1.197706937755385e+00, 1.197562217539741e+00, 1.197417378546461e+00, 1.197272658330817e+00, 1.197127938115813e+00, 1.196983337540473e+00, 1.196838736534119e+00, 1.196430921166332e+00, 1.196023582634566e+00, 1.195616363314363e+00, 1.195209504046076e+00, 1.194802880771752e+00, 1.194396495916011e+00, 1.193990468688559e+00, 1.193584679880826e+00, 1.193179129491245e+00, 1.192773939145338e+00, 1.192368984801353e+00, 1.191964268877367e+00, 1.191559910581535e+00, 1.191155790704566e+00, 1.190751909247597e+00, 1.190348268613501e+00, 1.189944983202128e+00, 1.189541936208907e+00, 1.189139246844546e+00, 1.188736676690192e+00, 1.18833446416484e+00, 1.18793249245355e+00, 1.18753087597223e+00, 1.187129497910626e+00, 1.186728358268738e+00, 1.186327457045997e+00, 1.185926913451125e+00, 1.185526608274832e+00, 1.185126543903223e+00, 1.184726715564657e+00, 1.18432724485382e+00, 1.183928012562267e+00, 1.183529018690291e+00, 1.183130263238031e+00, 1.182731867785817e+00, 1.18233370837901e+00, 1.181935787390497e+00, 1.181538104821701e+00, 1.181140779881057e+00, 1.180743693358993e+00, 1.180346847621575e+00, 1.179950237936669e+00, 1.179553985879205e+00, 1.179157972241454e+00, 1.178762197022714e+00, 1.17836666022383e+00, 1.177971483407513e+00, 1.177576542653229e+00, 1.177181840319229e+00, 1.176787376403809e+00]
