last-generated=2017-12-20
statistics-simulation=
{
  "numerical Jacobians": "0", 
  "nonlinear": "1", 
  "number of continuous time states": "7", 
  "linear": " "
}
vol1.T=[2.931499938964844e+02, 2.8405419921875e+02, 2.947752380371094e+02, 2.948536376953125e+02, 2.910711364746094e+02, 2.943646850585938e+02, 2.928442077636719e+02, 2.92969970703125e+02, 2.934234313964844e+02, 2.929742126464844e+02, 2.932044372558594e+02, 2.931670227050781e+02, 2.931146545410156e+02, 2.93175048828125e+02, 2.931408996582031e+02, 2.931487731933594e+02, 2.931544799804688e+02, 2.93146484375e+02, 2.931514587402344e+02, 2.931500244140625e+02, 2.931494445800781e+02, 2.931504821777344e+02, 2.931497802734375e+02, 2.931500244140625e+02, 2.931500549316406e+02, 2.931499328613281e+02, 2.931500244140625e+02, 2.931499938964844e+02, 2.931499938964844e+02, 2.931499938964844e+02, 2.931499938964844e+02, 2.931499938964844e+02, 2.931499938964844e+02, 2.931499938964844e+02, 2.931499938964844e+02, 2.931499938964844e+02, 2.931499938964844e+02, 2.931499938964844e+02, 2.931499938964844e+02, 2.931499938964844e+02, 2.931499938964844e+02, 2.931499938964844e+02, 2.931499938964844e+02, 2.931499938964844e+02, 2.931499938964844e+02, 2.931499938964844e+02, 2.931499938964844e+02, 2.931499938964844e+02, 2.931499938964844e+02, 2.931499938964844e+02, 2.931499938964844e+02, 2.931499938964844e+02, 2.931499938964844e+02, 2.931499938964844e+02, 2.931499938964844e+02, 2.931499938964844e+02, 2.931499938964844e+02, 2.931499938964844e+02, 2.931499938964844e+02, 2.931499938964844e+02, 2.931499938964844e+02, 2.931499938964844e+02, 2.931499938964844e+02, 2.931499938964844e+02, 2.931499938964844e+02, 2.931499938964844e+02, 2.931499938964844e+02, 2.931499938964844e+02, 2.931499938964844e+02, 2.931499938964844e+02, 2.931499938964844e+02, 2.931499938964844e+02, 2.931499938964844e+02, 2.931499938964844e+02, 2.931499938964844e+02, 2.931499938964844e+02, 2.931499938964844e+02, 2.931499938964844e+02, 2.931499938964844e+02, 2.931499938964844e+02, 2.931499938964844e+02, 2.931499938964844e+02, 2.931499938964844e+02, 2.931499938964844e+02, 2.931499938964844e+02, 2.931499938964844e+02, 2.931499938964844e+02, 2.931499938964844e+02, 2.931499938964844e+02, 2.931499938964844e+02, 2.931499938964844e+02, 2.931499938964844e+02, 2.931499938964844e+02, 2.931499938964844e+02, 2.931499938964844e+02, 2.931499938964844e+02, 2.931499938964844e+02, 2.931499938964844e+02, 2.931499938964844e+02, 2.931499938964844e+02, 2.931499938964844e+02]
time=[0e+00, 6e+02]
vol1.X_w=[9.999999776482582e-03, 5.273618269711733e-03, 4.973482806235552e-03, 4.997458308935165e-03, 5.000112112611532e-03, 5.000019911676645e-03, 4.999999888241291e-03, 4.999999888241291e-03, 4.999999888241291e-03, 4.999999888241291e-03, 4.999999888241291e-03, 4.999999888241291e-03, 4.999999888241291e-03, 4.999999888241291e-03, 4.999999888241291e-03, 4.999999888241291e-03, 4.999999888241291e-03, 4.999999888241291e-03, 4.999999888241291e-03, 4.999999888241291e-03, 4.999999888241291e-03, 4.999999888241291e-03, 4.999999888241291e-03, 4.999999888241291e-03, 4.999999888241291e-03, 4.999999888241291e-03, 4.999999888241291e-03, 4.999999888241291e-03, 4.999999888241291e-03, 4.999999888241291e-03, 4.999999888241291e-03, 4.999999888241291e-03, 4.999999888241291e-03, 4.999999888241291e-03, 4.999999888241291e-03, 4.999999888241291e-03, 4.999999888241291e-03, 4.999999888241291e-03, 4.999999888241291e-03, 4.999999888241291e-03, 4.999999888241291e-03, 4.999999888241291e-03, 4.999999888241291e-03, 4.999999888241291e-03, 4.999999888241291e-03, 4.999999888241291e-03, 4.999999888241291e-03, 4.999999888241291e-03, 4.999999888241291e-03, 4.999999888241291e-03, 4.999999888241291e-03, 4.999999888241291e-03, 4.999999888241291e-03, 4.999999888241291e-03, 4.999999888241291e-03, 4.999999888241291e-03, 4.999999888241291e-03, 4.999999888241291e-03, 4.999999888241291e-03, 4.999999888241291e-03, 4.999999888241291e-03, 4.999999888241291e-03, 4.999999888241291e-03, 4.999999888241291e-03, 4.999999888241291e-03, 4.999999888241291e-03, 4.999999888241291e-03, 4.999999888241291e-03, 4.999999888241291e-03, 4.999999888241291e-03, 4.999999888241291e-03, 4.999999888241291e-03, 4.999999888241291e-03, 4.999999888241291e-03, 4.999999888241291e-03, 4.999999888241291e-03, 4.999999888241291e-03, 4.999999888241291e-03, 4.999999888241291e-03, 4.999999888241291e-03, 4.999999888241291e-03, 4.999999888241291e-03, 4.999999888241291e-03, 4.999999888241291e-03, 4.999999888241291e-03, 4.999999888241291e-03, 4.999999888241291e-03, 4.999999888241291e-03, 4.999999888241291e-03, 4.999999888241291e-03, 4.999999888241291e-03, 4.999999888241291e-03, 4.999999888241291e-03, 4.999999888241291e-03, 4.999999888241291e-03, 4.999999888241291e-03, 4.999999888241291e-03, 4.999999888241291e-03, 4.999999888241291e-03, 4.999999888241291e-03, 4.999999888241291e-03]
QLat.u=[0e+00, 0e+00, 0e+00, 0e+00, 0e+00, 0e+00, 0e+00, 0e+00, 0e+00, 0e+00, 0e+00, 0e+00, 0e+00, 0e+00, 0e+00, 0e+00, 0e+00, 0e+00, 0e+00, 0e+00, 0e+00, 0e+00, 0e+00, 0e+00, 0e+00, 0e+00, 0e+00, 0e+00, 0e+00, 0e+00, 0e+00, 0e+00, 0e+00, 0e+00, 0e+00, 0e+00, 0e+00, 0e+00, 0e+00, 0e+00, 0e+00, 0e+00, 0e+00, 0e+00, 0e+00, 0e+00, 0e+00, 0e+00, 0e+00, 0e+00, 0e+00, 0e+00, 0e+00, 0e+00, 0e+00, 0e+00, 0e+00, 0e+00, 0e+00, 0e+00, 0e+00, 0e+00, 0e+00, 0e+00, 0e+00, 0e+00, 0e+00, 0e+00, 0e+00, 0e+00, 0e+00, 0e+00, 0e+00, 0e+00, 0e+00, 0e+00, 0e+00, 0e+00, 0e+00, 0e+00, 0e+00, 0e+00, 0e+00, 0e+00, 0e+00, 0e+00, 0e+00, 0e+00, 0e+00, 0e+00, 0e+00, 0e+00, 0e+00, 0e+00, 0e+00, 0e+00, 0e+00, 0e+00, 0e+00, 0e+00, 0e+00]
QSen.u=[0e+00, -1.75760400390625e+03, 2.56724755859375e+03, -1.698935302734375e+03, 5.452106323242188e+02, 1.477107849121094e+02, -3.336661071777344e+02, 2.412713012695311e+02, -9.015668487548828e+01, -9.639481544494629e+00, 4.206141662597656e+01, -3.375034713745117e+01, 1.432545375823975e+01, -1.728983223438263e-01, -5.170102119445761e+00, 4.652145862579346e+00, -2.206856727600098e+00, 2.295756638050158e-01, 6.154723167419434e-01, -6.3087397813797e-01, 3.305967748165131e-01, -5.91459833085537e-02, -7.000113278627396e-02, 8.36414247751236e-02, -4.792823269963264e-02, 1.156995911151171e-02, 7.222689688205719e-03, -1.051348727196455e-02, 6.573250517249099e-03, -1.940549234859645e-03, -2.309609844814986e-04, 1.136934035457671e-03, -1.205079606734216e-03, -2.741793991845043e-07, 1.473026204621411e-04, 9.480077096668538e-06, -1.353471634502057e-05, -8.582636837672908e-06, -3.630545506894123e-06, -2.436929889881867e-06, -1.703046450529655e-06, -9.691628974906086e-07, -2.352795007709574e-07, 4.187373292552365e-08, 3.849692120638792e-08, 3.510874080348003e-08, 3.17319290843443e-08, 2.835511558885173e-08, 2.4978303869716e-08, 2.159012346680811e-08, 1.821331174767238e-08, 1.501983426521747e-08, 1.414994876824949e-08, 1.326869458750934e-08, 1.239880820236294e-08, 1.15175540216228e-08, 1.064766763647639e-08, 9.766413455736264e-09, 8.885158386817693e-09, 8.015272889849712e-09, 7.134018265020359e-09, 6.264132323963167e-09, 5.382877699133815e-09, 4.512991758076623e-09, 3.631737355291875e-09, 2.761851414234684e-09, 1.880596789405331e-09, 9.993422755982806e-10, 1.294563345410889e-10, 1.144967523569741e-10, 1.066822324924388e-10, 1.102363894611713e-10, 1.024218695966361e-10, 1.059760335042625e-10, 9.816151363972736e-11, 9.034698683629827e-11, 9.390115074392469e-11, 8.60866308793895e-11, 7.827210407596041e-11, 8.182626798358683e-11, 7.401174811905165e-11, 6.619722825451638e-11, 6.975138522324905e-11, 6.193686535871379e-11, 5.412234202473165e-11, 5.767650593235807e-11, 4.986198259837593e-11, 5.341614650600235e-11, 4.560162317202021e-11, 3.778710330748503e-11, 2.997257997350289e-11, 3.352674388112931e-11, 2.571222054714717e-11, 2.926638098532663e-11, 2.145186112079145e-11, 1.363733865417105e-11, 1.719149995971225e-11, 9.376978360453592e-12, 1.562456978035365e-12, 5.116618934097872e-12, -2.697902882001224e-12]
vol1.p=[1.01325e+05, 1.01325e+05, 1.01325e+05, 1.01325e+05, 1.01325e+05, 1.01325e+05, 1.01325e+05, 1.01325e+05, 1.01325e+05, 1.01325e+05, 1.01325e+05, 1.01325e+05, 1.01325e+05, 1.01325e+05, 1.01325e+05, 1.01325e+05, 1.01325e+05, 1.01325e+05, 1.01325e+05, 1.01325e+05, 1.01325e+05, 1.01325e+05, 1.01325e+05, 1.01325e+05, 1.01325e+05, 1.01325e+05, 1.01325e+05, 1.01325e+05, 1.01325e+05, 1.01325e+05, 1.01325e+05, 1.01325e+05, 1.01325e+05, 1.01325e+05, 1.01325e+05, 1.01325e+05, 1.01325e+05, 1.01325e+05, 1.01325e+05, 1.01325e+05, 1.01325e+05, 1.01325e+05, 1.01325e+05, 1.01325e+05, 1.01325e+05, 1.01325e+05, 1.01325e+05, 1.01325e+05, 1.01325e+05, 1.01325e+05, 1.01325e+05, 1.01325e+05, 1.01325e+05, 1.01325e+05, 1.01325e+05, 1.01325e+05, 1.01325e+05, 1.01325e+05, 1.01325e+05, 1.01325e+05, 1.01325e+05, 1.01325e+05, 1.01325e+05, 1.01325e+05, 1.01325e+05, 1.01325e+05, 1.01325e+05, 1.01325e+05, 1.01325e+05, 1.01325e+05, 1.01325e+05, 1.01325e+05, 1.01325e+05, 1.01325e+05, 1.01325e+05, 1.01325e+05, 1.01325e+05, 1.01325e+05, 1.01325e+05, 1.01325e+05, 1.01325e+05, 1.01325e+05, 1.01325e+05, 1.01325e+05, 1.01325e+05, 1.01325e+05, 1.01325e+05, 1.01325e+05, 1.01325e+05, 1.01325e+05, 1.01325e+05, 1.01325e+05, 1.01325e+05, 1.01325e+05, 1.01325e+05, 1.01325e+05, 1.01325e+05, 1.01325e+05, 1.01325e+05, 1.01325e+05, 1.01325e+05]
