last-generated=2019-02-26
statistics-initialization=
{
  "nonlinear": "17, 10, 8, 11, 10, 8, 11",
  "numerical Jacobians": "0"
}
statistics-simulation=
{
  "linear": "0, 0, 0, 0, 0, 0, 0, 0, 0, 0, 0, 0, 0, 0, 0, 0, 0, 0, 0, 0, 0, 0, 0, 0, 0, 0, 0,   0, 0, 0, 0, 0, 0, 0, 0, 0, 0, 0, 0, 0, 0, 0, 0, 0, 0, 0, 0, 0, 0, 0, 0, 0, 0,   0, 0, 0, 0, 0, 0, 0, 0, 0, 0, 0, 0, 0, 0, 0, 0, 0, 0, 0, 0, 0, 0, 0, 0, 0, 0,   0, 0, 0, 0, 0, 0, 0, 0, 0, 0, 0, 0, 0, 0, 0, 0, 0, 0, 0, 0, 0, 0, 0, 0, 0, 0,   0, 0, 0, 0, 0, 0, 0, 0, 0, 0, 0, 0, 0, 0, 0, 0, 0, 0, 0, 0, 0, 0, 0, 0, 0, 0,   0, 0, 0, 0, 0, 0, 0",
  "nonlinear": "3, 1, 1, 1, 1, 1, 1, 1, 1",
  "number of continuous time states": "351",
  "numerical Jacobians": "0"
}
heaSys.heaSche.TdegC[1].y=[3.031255187988281e+02, 3.031255187988281e+02, 3.031255187988281e+02, 3.031255187988281e+02, 3.031255187988281e+02, 3.031255187988281e+02, 3.031255187988281e+02, 3.031255187988281e+02, 3.031255187988281e+02, 3.031255187988281e+02, 3.031255187988281e+02, 3.031255187988281e+02, 3.031255187988281e+02, 3.031255187988281e+02, 3.031255187988281e+02, 3.031255187988281e+02, 3.031255187988281e+02, 3.031255187988281e+02, 3.031255187988281e+02, 3.031255187988281e+02, 3.031255187988281e+02, 3.031255187988281e+02, 3.031255187988281e+02, 3.031255187988281e+02, 3.031255187988281e+02, 3.031255187988281e+02, 3.031255187988281e+02, 3.031255187988281e+02, 3.031255187988281e+02, 3.031255187988281e+02, 3.031255187988281e+02, 3.031255187988281e+02, 3.031255187988281e+02, 3.031255187988281e+02, 3.031255187988281e+02, 3.031255187988281e+02, 3.031255187988281e+02, 3.031255187988281e+02, 3.031255187988281e+02, 3.031255187988281e+02, 3.031255187988281e+02, 3.031255187988281e+02, 3.031255187988281e+02, 3.031255187988281e+02, 3.031255187988281e+02, 3.031255187988281e+02, 3.031255187988281e+02, 3.031255187988281e+02, 3.031255187988281e+02, 3.031255187988281e+02, 3.031255187988281e+02, 3.031255187988281e+02, 3.031255187988281e+02, 3.031255187988281e+02, 3.031255187988281e+02, 3.031255187988281e+02, 3.031255187988281e+02, 3.031255187988281e+02, 3.031255187988281e+02, 3.031705769856771e+02, 3.031395751953125e+02, 3.031938264973958e+02, 3.031598026529948e+02, 3.031559045410156e+02, 3.031609448242187e+02, 3.03137978108724e+02, 3.031456652832031e+02, 3.031357604980469e+02, 3.007823779296875e+02, 3.014443786621094e+02, 3.001624389648438e+02, 2.983042167154948e+02, 2.968552954101563e+02, 2.980836071777344e+02, 2.996503649902344e+02, 3.003038024902344e+02, 3.010514204915365e+02, 3.007983056640625e+02, 2.994410620117188e+02, 2.973098046875e+02, 2.950185648600261e+02, 2.948921313476562e+02, 2.933681193033854e+02, 2.973613505045573e+02, 2.98151396484375e+02, 2.981584777832031e+02, 2.981616479492188e+02, 2.981546313476563e+02, 2.981465974934896e+02, 2.962956502278646e+02, 2.937534912109375e+02, 2.932260144042968e+02, 2.932722538248698e+02, 2.938831774902344e+02, 2.946370190429687e+02, 2.954608215332031e+02, 2.932236389160156e+02, 2.920767065429687e+02, 2.913681921386719e+02, 2.902578161621093e+02, 2.893561401367188e+02]
struct.TSensor[1]=[2.931499938964844e+02, 3.018934549967448e+02, 3.031357010904948e+02, 3.031374206542969e+02, 3.031379699707031e+02, 3.031382161458333e+02, 3.031383972167969e+02, 3.031384887695312e+02, 3.031385498046875e+02, 3.031386022949219e+02, 3.031386413574219e+02, 3.031386413574219e+02, 3.03138671875e+02, 3.03138671875e+02, 3.031387023925781e+02, 3.031387023925781e+02, 3.031387023925781e+02, 3.031387023925781e+02, 3.031387023925781e+02, 3.031387023925781e+02, 3.031387329101562e+02, 3.031387329101562e+02, 3.031387329101562e+02, 3.031387329101562e+02, 3.031387329101562e+02, 3.031387329101562e+02, 3.031387329101562e+02, 3.031387329101562e+02, 3.031387329101562e+02, 3.031387329101562e+02, 3.031387329101562e+02, 3.031387329101562e+02, 3.031387329101562e+02, 3.031387329101562e+02, 3.031387329101562e+02, 3.031387329101562e+02, 3.031387329101562e+02, 3.031387329101562e+02, 3.031387329101562e+02, 3.031387329101562e+02, 3.031387329101562e+02, 3.031387329101562e+02, 3.031387329101562e+02, 3.031387329101562e+02, 3.031387329101562e+02, 3.031387329101562e+02, 3.031387329101562e+02, 3.031387329101562e+02, 3.031387329101562e+02, 3.031387329101562e+02, 3.031387329101562e+02, 3.031387329101562e+02, 3.031387329101562e+02, 3.031387329101562e+02, 3.031387329101562e+02, 3.031387329101562e+02, 3.031387329101562e+02, 3.031387329101562e+02, 3.031387329101562e+02, 3.031373999023438e+02, 3.031377075195313e+02, 3.031388199869792e+02, 3.031392822265625e+02, 3.031408093261718e+02, 3.031385884602865e+02, 3.031391947428385e+02, 3.031398400878906e+02, 3.031376928710937e+02, 2.994694120279948e+02, 3.017098010253906e+02, 3.006682657877604e+02, 2.989390502929688e+02, 2.972816906738281e+02, 2.988314990234375e+02, 3.005958642578125e+02, 3.014044799804688e+02, 3.024297985839844e+02, 3.017273917643229e+02, 3.001729467773437e+02, 2.984783459472656e+02, 2.95804579671224e+02, 2.957345092773438e+02, 2.938632177734375e+02, 2.98077490234375e+02, 2.981418542480469e+02, 2.981432454427083e+02, 2.981413879394531e+02, 2.981417236328125e+02, 2.981424332682292e+02, 2.961357450358073e+02, 2.942688232421875e+02, 2.938084977213542e+02, 2.94100801188151e+02, 2.947831042480469e+02, 2.956853674316406e+02, 2.968491556803385e+02, 2.941843212890625e+02, 2.926428597005208e+02, 2.91682041422526e+02, 2.904617907714844e+02, 2.893953247070312e+02]
time=[1.5e+07, 2.35872e+07]
heaSys.heaSche.TdegC[2].y=[3.031163024902344e+02, 3.031163024902344e+02, 3.031163024902344e+02, 3.031163024902344e+02, 3.031163024902344e+02, 3.031163024902344e+02, 3.031163024902344e+02, 3.031163024902344e+02, 3.031163024902344e+02, 3.031163024902344e+02, 3.031163024902344e+02, 3.031163024902344e+02, 3.031163024902344e+02, 3.031163024902344e+02, 3.031163024902344e+02, 3.031163024902344e+02, 3.031163024902344e+02, 3.031163024902344e+02, 3.031163024902344e+02, 3.031163024902344e+02, 3.031163024902344e+02, 3.031163024902344e+02, 3.031163024902344e+02, 3.031163024902344e+02, 3.031163024902344e+02, 3.031163024902344e+02, 3.031163024902344e+02, 3.031163024902344e+02, 3.031163024902344e+02, 3.031163024902344e+02, 3.031163024902344e+02, 3.031163024902344e+02, 3.031163024902344e+02, 3.031163024902344e+02, 3.031163024902344e+02, 3.031163024902344e+02, 3.031163024902344e+02, 3.031163024902344e+02, 3.031163024902344e+02, 3.031163024902344e+02, 3.031163024902344e+02, 3.031163024902344e+02, 3.031163024902344e+02, 3.031163024902344e+02, 3.031163024902344e+02, 3.031163024902344e+02, 3.031163024902344e+02, 3.031163024902344e+02, 3.031163024902344e+02, 3.031163024902344e+02, 3.031163024902344e+02, 3.031163024902344e+02, 3.031163024902344e+02, 3.031163024902344e+02, 3.031163024902344e+02, 3.031163024902344e+02, 3.031163024902344e+02, 3.031163024902344e+02, 3.031163024902344e+02, 3.031803210449219e+02, 3.032077575683594e+02, 3.032363818359375e+02, 3.032312740071615e+02, 3.032310107421875e+02, 3.032264994303385e+02, 3.031983357747396e+02, 3.032075036621094e+02, 3.032203633626302e+02, 3.014236979166666e+02, 3.013085778808594e+02, 3.005885030110677e+02, 2.986348555501302e+02, 2.975138464355469e+02, 2.980783211263021e+02, 2.992659684244792e+02, 2.998769226074219e+02, 3.006252856445312e+02, 3.006422420247396e+02, 2.995704174804687e+02, 2.980027909342448e+02, 2.959541849772135e+02, 2.957011962890625e+02, 2.940158756510417e+02, 2.972161079915364e+02, 2.981064318847656e+02, 2.981441833496094e+02, 2.981962902832031e+02, 2.981940307617188e+02, 2.981711124674479e+02, 2.969734313964844e+02, 2.94578515625e+02, 2.939648718261719e+02, 2.939077840169271e+02, 2.941530603027344e+02, 2.946839042154948e+02, 2.953250752766927e+02, 2.937352990722656e+02, 2.926123612467448e+02, 2.919104903157552e+02, 2.908899768066406e+02, 2.899605102539062e+02]
struct.TSensor[2]=[2.931499938964844e+02, 2.997401184082031e+02, 3.020187019856771e+02, 3.024914318847656e+02, 3.026182869466146e+02, 3.026602661132812e+02, 3.026790283203125e+02, 3.026902062988281e+02, 3.026981083170573e+02, 3.027040539550781e+02, 3.027087178548177e+02, 3.027124190266927e+02, 3.027153308105469e+02, 3.027175712076823e+02, 3.027193538411458e+02, 3.027207702636719e+02, 3.027218933105469e+02, 3.027227783203125e+02, 3.027234802246094e+02, 3.027240295410156e+02, 3.027244873046875e+02, 3.027248132324219e+02, 3.027250671386719e+02, 3.027253112792969e+02, 3.027254943847656e+02, 3.027256469726562e+02, 3.027257385253906e+02, 3.02725830078125e+02, 3.027258911132812e+02, 3.027259521484375e+02, 3.027259826660156e+02, 3.027260437011719e+02, 3.0272607421875e+02, 3.027261047363281e+02, 3.027261047363281e+02, 3.027261047363281e+02, 3.027261352539062e+02, 3.027261352539062e+02, 3.027261352539062e+02, 3.027261352539062e+02, 3.027261352539062e+02, 3.027261352539062e+02, 3.027261657714844e+02, 3.027261657714844e+02, 3.027261657714844e+02, 3.027261657714844e+02, 3.027261657714844e+02, 3.027261962890625e+02, 3.027261962890625e+02, 3.027261657714844e+02, 3.027261657714844e+02, 3.027261657714844e+02, 3.027261962890625e+02, 3.027261962890625e+02, 3.027261962890625e+02, 3.027261657714844e+02, 3.027261657714844e+02, 3.027261657714844e+02, 3.027261657714844e+02, 3.027105281575521e+02, 3.027691101074219e+02, 3.028107202148437e+02, 3.027999198404948e+02, 3.028342944335938e+02, 3.027465275065104e+02, 3.027561503092448e+02, 3.027519128417969e+02, 3.027141263834636e+02, 3.011696350097656e+02, 3.019076965332031e+02, 3.013647135416667e+02, 2.997050329589844e+02, 2.984480993652344e+02, 2.989364180501302e+02, 3.001843892415365e+02, 3.009359436035156e+02, 3.017057071940104e+02, 3.016971219889323e+02, 3.006911987304687e+02, 2.993439147949219e+02, 2.973817810058594e+02, 2.969382507324219e+02, 2.952759623209635e+02, 2.963045328776042e+02, 2.978033947753906e+02, 2.98219276936849e+02, 2.982908268229166e+02, 2.983466125488281e+02, 2.983420267740885e+02, 2.975779345703125e+02, 2.958659057617188e+02, 2.951292716471354e+02, 2.950222383626302e+02, 2.952493310546875e+02, 2.958462390136719e+02, 2.966273498535156e+02, 2.949102526855469e+02, 2.935586478678385e+02, 2.925944559733073e+02, 2.915249963378906e+02, 2.904763488769531e+02]
heaSys.heaSche.TdegC[3].y=[3.031421203613281e+02, 3.031421203613281e+02, 3.031421203613281e+02, 3.031421203613281e+02, 3.031421203613281e+02, 3.031421203613281e+02, 3.031421203613281e+02, 3.031421203613281e+02, 3.031421203613281e+02, 3.031421203613281e+02, 3.031421203613281e+02, 3.031421203613281e+02, 3.031421203613281e+02, 3.031421203613281e+02, 3.031421203613281e+02, 3.031421203613281e+02, 3.031421203613281e+02, 3.031421203613281e+02, 3.031421203613281e+02, 3.031421203613281e+02, 3.031421203613281e+02, 3.031421203613281e+02, 3.031421203613281e+02, 3.031421203613281e+02, 3.031421203613281e+02, 3.031421203613281e+02, 3.031421203613281e+02, 3.031421203613281e+02, 3.031421203613281e+02, 3.031421203613281e+02, 3.031421203613281e+02, 3.031421203613281e+02, 3.031421203613281e+02, 3.031421203613281e+02, 3.031421203613281e+02, 3.031421203613281e+02, 3.031421203613281e+02, 3.031421203613281e+02, 3.031421203613281e+02, 3.031421203613281e+02, 3.031421203613281e+02, 3.031421203613281e+02, 3.031421203613281e+02, 3.031421203613281e+02, 3.031421203613281e+02, 3.031421203613281e+02, 3.031421203613281e+02, 3.031421203613281e+02, 3.031421203613281e+02, 3.031421203613281e+02, 3.031421203613281e+02, 3.031421203613281e+02, 3.031421203613281e+02, 3.031421203613281e+02, 3.031421203613281e+02, 3.031421203613281e+02, 3.031421203613281e+02, 3.031421203613281e+02, 3.031421203613281e+02, 3.032592749023437e+02, 3.033442504882813e+02, 3.032078792317708e+02, 3.031653576660156e+02, 3.031523071289063e+02, 3.031524385579427e+02, 3.031448465983073e+02, 3.031422509765625e+02, 3.031504573567709e+02, 3.011473128255208e+02, 3.009273498535156e+02, 3.003576700846354e+02, 2.983823030598958e+02, 2.973246032714844e+02, 2.977948706054688e+02, 2.989049833170573e+02, 2.99496826171875e+02, 3.001808475748698e+02, 3.003032014973958e+02, 2.993244958496094e+02, 2.977371752929687e+02, 2.957421468098958e+02, 2.955331335449219e+02, 2.93830498453776e+02, 2.978957291666667e+02, 2.981524353027344e+02, 2.98150244140625e+02, 2.981564530436198e+02, 2.981508190917968e+02, 2.98146884358724e+02, 2.967469661458333e+02, 2.9441328125e+02, 2.937540958658854e+02, 2.937009745279948e+02, 2.938385693359375e+02, 2.943725911458333e+02, 2.950568400065104e+02, 2.935744909667969e+02, 2.925001582845052e+02, 2.918039729817708e+02, 2.907538977050781e+02, 2.898383483886719e+02]
struct.TSensor[3]=[2.931499938964844e+02, 3.031453983561198e+02, 3.031476135253906e+02, 3.031480712890625e+02, 3.031482238769531e+02, 3.031482849121094e+02, 3.031483154296875e+02, 3.031483459472656e+02, 3.031483764648438e+02, 3.031483764648438e+02, 3.031483764648438e+02, 3.031484069824219e+02, 3.031484069824219e+02, 3.031484069824219e+02, 3.031484069824219e+02, 3.031484069824219e+02, 3.031484069824219e+02, 3.031484069824219e+02, 3.031484069824219e+02, 3.031484069824219e+02, 3.031484069824219e+02, 3.031484069824219e+02, 3.031484069824219e+02, 3.031484069824219e+02, 3.031484069824219e+02, 3.031484069824219e+02, 3.031484069824219e+02, 3.031484069824219e+02, 3.031484069824219e+02, 3.031484069824219e+02, 3.031484069824219e+02, 3.031484069824219e+02, 3.031484069824219e+02, 3.031484069824219e+02, 3.031484069824219e+02, 3.031484069824219e+02, 3.031484069824219e+02, 3.031484069824219e+02, 3.031484069824219e+02, 3.031484069824219e+02, 3.031484069824219e+02, 3.031484069824219e+02, 3.031484069824219e+02, 3.031484069824219e+02, 3.031484069824219e+02, 3.031484069824219e+02, 3.031484069824219e+02, 3.031484069824219e+02, 3.031484069824219e+02, 3.031484069824219e+02, 3.031484069824219e+02, 3.031484069824219e+02, 3.031484069824219e+02, 3.031484069824219e+02, 3.031484069824219e+02, 3.031484069824219e+02, 3.031484069824219e+02, 3.031484069824219e+02, 3.031484069824219e+02, 3.031484000651042e+02, 3.031486877441406e+02, 3.031487491861979e+02, 3.031487731933594e+02, 3.031489562988281e+02, 3.031486206054688e+02, 3.03148681640625e+02, 3.031486511230469e+02, 3.031485078938802e+02, 3.016313212076823e+02, 3.013476147460938e+02, 3.009323384602865e+02, 2.994617765299479e+02, 2.986150085449219e+02, 2.985656046549479e+02, 2.992267142740885e+02, 2.997666931152344e+02, 3.003909061686198e+02, 3.007038399251302e+02, 3.002032775878906e+02, 2.990748067220052e+02, 2.976794453938802e+02, 2.972783581542969e+02, 2.956259777832031e+02, 2.98146298828125e+02, 2.981490478515625e+02, 2.981495056152344e+02, 2.981494750976562e+02, 2.981495361328125e+02, 2.981495056152344e+02, 2.976860978190104e+02, 2.962335632324219e+02, 2.953284920247396e+02, 2.951231490071614e+02, 2.948570007324219e+02, 2.953605069986979e+02, 2.959587361653646e+02, 2.948002648925781e+02, 2.937315287272135e+02, 2.928670837402344e+02, 2.918929528808594e+02, 2.909010620117188e+02]
heaSys.heaSche.TdegC[4].y=[3.031481323242188e+02, 3.031481323242188e+02, 3.031481323242188e+02, 3.031481323242188e+02, 3.031481323242188e+02, 3.031481323242188e+02, 3.031481323242188e+02, 3.031481323242188e+02, 3.031481323242188e+02, 3.031481323242188e+02, 3.031481323242188e+02, 3.031481323242188e+02, 3.031481323242188e+02, 3.031481323242188e+02, 3.031481323242188e+02, 3.031481323242188e+02, 3.031481323242188e+02, 3.031481323242188e+02, 3.031481323242188e+02, 3.031481323242188e+02, 3.031481323242188e+02, 3.031481323242188e+02, 3.031481323242188e+02, 3.031481323242188e+02, 3.031481323242188e+02, 3.031481323242188e+02, 3.031481323242188e+02, 3.031481323242188e+02, 3.031481323242188e+02, 3.031481323242188e+02, 3.031481323242188e+02, 3.031481323242188e+02, 3.031481323242188e+02, 3.031481323242188e+02, 3.031481323242188e+02, 3.031481323242188e+02, 3.031481323242188e+02, 3.031481323242188e+02, 3.031481323242188e+02, 3.031481323242188e+02, 3.031481323242188e+02, 3.031481323242188e+02, 3.031481323242188e+02, 3.031481323242188e+02, 3.031481323242188e+02, 3.031481323242188e+02, 3.031481323242188e+02, 3.031481323242188e+02, 3.031481323242188e+02, 3.031481323242188e+02, 3.031481323242188e+02, 3.031481323242188e+02, 3.031481323242188e+02, 3.031481323242188e+02, 3.031481323242188e+02, 3.031481323242188e+02, 3.031481323242188e+02, 3.031481323242188e+02, 3.031481323242188e+02, 3.031509151204427e+02, 3.031266174316406e+02, 3.03160732421875e+02, 3.031502006022135e+02, 3.031512084960938e+02, 3.031516682942708e+02, 3.031392639160156e+02, 3.03147314453125e+02, 3.031494222005209e+02, 3.012610420735677e+02, 3.011154748535157e+02, 3.00473769124349e+02, 2.985399609375e+02, 2.974013232421875e+02, 2.979585677083333e+02, 2.990644999186198e+02, 2.996881713867188e+02, 3.003557242838542e+02, 3.004894449869792e+02, 2.994871704101562e+02, 2.979653930664062e+02, 2.959233215332031e+02, 2.956557214355469e+02, 2.939559200032552e+02, 2.975124279785156e+02, 2.981543139648438e+02, 2.981511881510417e+02, 2.981503987630209e+02, 2.981578552246094e+02, 2.981513208007813e+02, 2.968174283854167e+02, 2.944976867675781e+02, 2.938742093912761e+02, 2.938250610351562e+02, 2.940883984375e+02, 2.946194250488281e+02, 2.952847778320312e+02, 2.937850646972656e+02, 2.926836149088542e+02, 2.919648335774739e+02, 2.909442749023438e+02, 2.900247497558594e+02]
struct.TSensor[4]=[2.931499938964844e+02, 3.023997481282552e+02, 3.031460266113281e+02, 3.031469116210938e+02, 3.03147216796875e+02, 3.031473693847656e+02, 3.031474609375e+02, 3.031474914550781e+02, 3.031475524902344e+02, 3.031475524902344e+02, 3.031475830078125e+02, 3.031475830078125e+02, 3.031476135253906e+02, 3.031476135253906e+02, 3.031476135253906e+02, 3.031476135253906e+02, 3.031476135253906e+02, 3.031476135253906e+02, 3.031476135253906e+02, 3.031476135253906e+02, 3.031476135253906e+02, 3.031476135253906e+02, 3.031476440429688e+02, 3.031476440429688e+02, 3.031476440429688e+02, 3.031476440429688e+02, 3.031476440429688e+02, 3.031476440429688e+02, 3.031476440429688e+02, 3.031476440429688e+02, 3.031476440429688e+02, 3.031476440429688e+02, 3.031476440429688e+02, 3.031476440429688e+02, 3.031476440429688e+02, 3.031476440429688e+02, 3.031476440429688e+02, 3.031476440429688e+02, 3.031476440429688e+02, 3.031476440429688e+02, 3.031476440429688e+02, 3.031476440429688e+02, 3.031476440429688e+02, 3.031476440429688e+02, 3.031476440429688e+02, 3.031476440429688e+02, 3.031476440429688e+02, 3.031476440429688e+02, 3.031476440429688e+02, 3.031476440429688e+02, 3.031476440429688e+02, 3.031476440429688e+02, 3.031476440429688e+02, 3.031476440429688e+02, 3.031476440429688e+02, 3.031476440429688e+02, 3.031476440429688e+02, 3.031476440429688e+02, 3.031476440429688e+02, 3.031475337727865e+02, 3.031476440429688e+02, 3.031478576660156e+02, 3.0314794921875e+02, 3.031481628417969e+02, 3.031479187011719e+02, 3.031479187011719e+02, 3.0314794921875e+02, 3.031477661132812e+02, 3.014421114095052e+02, 3.014168334960938e+02, 3.012205993652344e+02, 2.998235725911458e+02, 2.988431811523437e+02, 2.989694140625e+02, 2.995285070800781e+02, 3.001039733886719e+02, 3.007343660481771e+02, 3.011196761067708e+02, 3.005736022949219e+02, 2.998479007975261e+02, 2.982124715169271e+02, 2.977491552734375e+02, 2.960768420410157e+02, 2.981448738606771e+02, 2.981480102539062e+02, 2.981485290527344e+02, 2.981484985351562e+02, 2.981484692382812e+02, 2.981484985351562e+02, 2.971765840657552e+02, 2.958667907714844e+02, 2.953511682128906e+02, 2.952589713541666e+02, 2.954610961914062e+02, 2.959501896158854e+02, 2.965086079915365e+02, 2.9521166015625e+02, 2.940487044270834e+02, 2.931237447102865e+02, 2.921416198730469e+02, 2.911357727050781e+02]
struct.TSensor[5]=[2.931499938964844e+02, 3.031433968098958e+02, 3.03145751953125e+02, 3.031462707519531e+02, 3.03146484375e+02, 3.031465779622396e+02, 3.031466674804688e+02, 3.031466979980469e+02, 3.03146728515625e+02, 3.031467590332031e+02, 3.031467590332031e+02, 3.031467590332031e+02, 3.031467895507812e+02, 3.031467895507812e+02, 3.031467895507812e+02, 3.031467895507812e+02, 3.031467895507812e+02, 3.031467895507812e+02, 3.031467895507812e+02, 3.031467895507812e+02, 3.031467895507812e+02, 3.031467895507812e+02, 3.031467895507812e+02, 3.031467895507812e+02, 3.031467895507812e+02, 3.031467895507812e+02, 3.031467895507812e+02, 3.031467895507812e+02, 3.031467895507812e+02, 3.031467895507812e+02, 3.031467895507812e+02, 3.031467895507812e+02, 3.031467895507812e+02, 3.031467895507812e+02, 3.031467895507812e+02, 3.031467895507812e+02, 3.031467895507812e+02, 3.031467895507812e+02, 3.031467895507812e+02, 3.031467895507812e+02, 3.031467895507812e+02, 3.031467895507812e+02, 3.031467895507812e+02, 3.031467895507812e+02, 3.031467895507812e+02, 3.031467895507812e+02, 3.031467895507812e+02, 3.031467895507812e+02, 3.031467895507812e+02, 3.031467895507812e+02, 3.031467895507812e+02, 3.031467895507812e+02, 3.031467895507812e+02, 3.031467895507812e+02, 3.031467895507812e+02, 3.031467895507812e+02, 3.031467895507812e+02, 3.031467895507812e+02, 3.031467895507812e+02, 3.031464774576823e+02, 3.031468811035156e+02, 3.031472233072917e+02, 3.031472778320312e+02, 3.031476440429688e+02, 3.031469864908854e+02, 3.031471252441406e+02, 3.031472473144531e+02, 3.031467989095052e+02, 3.009439790852865e+02, 3.0014373046875e+02, 2.998389017740885e+02, 2.981487756347656e+02, 2.973849450683594e+02, 2.975759879557291e+02, 2.979171769205729e+02, 2.982529602050781e+02, 2.98656201171875e+02, 2.989510070800781e+02, 2.983322778320313e+02, 2.979520068359375e+02, 2.96323154703776e+02, 2.955508715820313e+02, 2.942596329752604e+02, 2.989407364908854e+02, 3.031447668457031e+02, 3.031461486816406e+02, 3.031459655761719e+02, 3.031463928222656e+02, 3.031463928222656e+02, 3.007860668945312e+02, 2.979341857910156e+02, 2.962549092610677e+02, 2.954665767415365e+02, 2.952433166503906e+02, 2.952432727050781e+02, 2.956459533691406e+02, 2.945196435546875e+02, 2.93462733968099e+02, 2.925717696126302e+02, 2.915150146484375e+02, 2.905084838867188e+02]
heaSys.heaSche.TdegC[5].y=[3.031468200683594e+02, 3.031468200683594e+02, 3.031468200683594e+02, 3.031468200683594e+02, 3.031468200683594e+02, 3.031468200683594e+02, 3.031468200683594e+02, 3.031468200683594e+02, 3.031468200683594e+02, 3.031468200683594e+02, 3.031468200683594e+02, 3.031468200683594e+02, 3.031468200683594e+02, 3.031468200683594e+02, 3.031468200683594e+02, 3.031468200683594e+02, 3.031468200683594e+02, 3.031468200683594e+02, 3.031468200683594e+02, 3.031468200683594e+02, 3.031468200683594e+02, 3.031468200683594e+02, 3.031468200683594e+02, 3.031468200683594e+02, 3.031468200683594e+02, 3.031468200683594e+02, 3.031468200683594e+02, 3.031468200683594e+02, 3.031468200683594e+02, 3.031468200683594e+02, 3.031468200683594e+02, 3.031468200683594e+02, 3.031468200683594e+02, 3.031468200683594e+02, 3.031468200683594e+02, 3.031468200683594e+02, 3.031468200683594e+02, 3.031468200683594e+02, 3.031468200683594e+02, 3.031468200683594e+02, 3.031468200683594e+02, 3.031468200683594e+02, 3.031468200683594e+02, 3.031468200683594e+02, 3.031468200683594e+02, 3.031468200683594e+02, 3.031468200683594e+02, 3.031468200683594e+02, 3.031468200683594e+02, 3.031468200683594e+02, 3.031468200683594e+02, 3.031468200683594e+02, 3.031468200683594e+02, 3.031468200683594e+02, 3.031468200683594e+02, 3.031468200683594e+02, 3.031468200683594e+02, 3.031468200683594e+02, 3.031468200683594e+02, 3.031678588867188e+02, 3.031545227050781e+02, 3.031677482096354e+02, 3.031489099121094e+02, 3.031461437988281e+02, 3.031549186197917e+02, 3.031406677246094e+02, 3.031371032714844e+02, 3.031515881347656e+02, 3.004947013346354e+02, 2.993114721679688e+02, 2.987556376139323e+02, 2.968971842447917e+02, 2.960780358886719e+02, 2.965198413085938e+02, 2.970284045410156e+02, 2.973584594726562e+02, 2.976025927734375e+02, 2.978450374348959e+02, 2.971257922363282e+02, 2.96694403889974e+02, 2.94814902750651e+02, 2.940865649414063e+02, 2.927240897623698e+02, 2.977569641113281e+02, 2.981499584960937e+02, 2.981494954427083e+02, 2.981476737467448e+02, 2.981549353027344e+02, 2.981528755696614e+02, 2.963095776367188e+02, 2.9403603515625e+02, 2.9319314453125e+02, 2.927784920247396e+02, 2.930228308105468e+02, 2.931994453938802e+02, 2.936209655761719e+02, 2.925954748535156e+02, 2.918574308268229e+02, 2.913246240234375e+02, 2.904397692871094e+02, 2.895865783691406e+02]
struct.TSensor[6]=[2.931499938964844e+02, 3.031463444010417e+02, 3.0314794921875e+02, 3.031483154296875e+02, 3.031484375e+02, 3.031484985351562e+02, 3.031485290527344e+02, 3.031485290527344e+02, 3.031485595703125e+02, 3.031485595703125e+02, 3.031485595703125e+02, 3.031485900878906e+02, 3.031485900878906e+02, 3.031485900878906e+02, 3.031485900878906e+02, 3.031485900878906e+02, 3.031485900878906e+02, 3.031485900878906e+02, 3.031485900878906e+02, 3.031485900878906e+02, 3.031485900878906e+02, 3.031485900878906e+02, 3.031485900878906e+02, 3.031485900878906e+02, 3.031485900878906e+02, 3.031485900878906e+02, 3.031485900878906e+02, 3.031485900878906e+02, 3.031485900878906e+02, 3.031485900878906e+02, 3.031485900878906e+02, 3.031485900878906e+02, 3.031485900878906e+02, 3.031485900878906e+02, 3.031485900878906e+02, 3.031485900878906e+02, 3.031485900878906e+02, 3.031485900878906e+02, 3.031485900878906e+02, 3.031485900878906e+02, 3.031485900878906e+02, 3.031485900878906e+02, 3.031485900878906e+02, 3.031485900878906e+02, 3.031485900878906e+02, 3.031485900878906e+02, 3.031485900878906e+02, 3.031485900878906e+02, 3.031485900878906e+02, 3.031485900878906e+02, 3.031485900878906e+02, 3.031485900878906e+02, 3.031485900878906e+02, 3.031485900878906e+02, 3.031485900878906e+02, 3.031485900878906e+02, 3.031485900878906e+02, 3.031485900878906e+02, 3.031485900878906e+02, 3.031484985351562e+02, 3.031486206054688e+02, 3.031487121582031e+02, 3.031487731933594e+02, 3.031488952636719e+02, 3.031486649576823e+02, 3.031487121582031e+02, 3.031487426757812e+02, 3.031485900878906e+02, 3.013316682942709e+02, 3.003497912597657e+02, 2.999072224934896e+02, 2.986384578450521e+02, 2.977814721679687e+02, 2.974853763834635e+02, 2.975965417480469e+02, 2.978570251464844e+02, 2.983015295410156e+02, 2.986356282552084e+02, 2.984117504882813e+02, 2.976767443847656e+02, 2.965829711914063e+02, 2.957886206054687e+02, 2.946433048502604e+02, 3.008398360188802e+02, 3.031468725585938e+02, 3.031477661132812e+02, 3.031477355957031e+02, 3.031478271484375e+02, 3.031479187011719e+02, 3.009783052571615e+02, 2.982111511230469e+02, 2.964367215983073e+02, 2.954120157877604e+02, 2.947825219726562e+02, 2.946095471191406e+02, 2.948317036946615e+02, 2.943081518554687e+02, 2.934480428059896e+02, 2.926328678385416e+02, 2.916724584960937e+02, 2.907563781738281e+02]
heaSys.heaSche.TdegC[6].y=[3.03147216796875e+02, 3.03147216796875e+02, 3.03147216796875e+02, 3.03147216796875e+02, 3.03147216796875e+02, 3.03147216796875e+02, 3.03147216796875e+02, 3.03147216796875e+02, 3.03147216796875e+02, 3.03147216796875e+02, 3.03147216796875e+02, 3.03147216796875e+02, 3.03147216796875e+02, 3.03147216796875e+02, 3.03147216796875e+02, 3.03147216796875e+02, 3.03147216796875e+02, 3.03147216796875e+02, 3.03147216796875e+02, 3.03147216796875e+02, 3.03147216796875e+02, 3.03147216796875e+02, 3.03147216796875e+02, 3.03147216796875e+02, 3.03147216796875e+02, 3.03147216796875e+02, 3.03147216796875e+02, 3.03147216796875e+02, 3.03147216796875e+02, 3.03147216796875e+02, 3.03147216796875e+02, 3.03147216796875e+02, 3.03147216796875e+02, 3.03147216796875e+02, 3.03147216796875e+02, 3.03147216796875e+02, 3.03147216796875e+02, 3.03147216796875e+02, 3.03147216796875e+02, 3.03147216796875e+02, 3.03147216796875e+02, 3.03147216796875e+02, 3.03147216796875e+02, 3.03147216796875e+02, 3.03147216796875e+02, 3.03147216796875e+02, 3.03147216796875e+02, 3.03147216796875e+02, 3.03147216796875e+02, 3.03147216796875e+02, 3.03147216796875e+02, 3.03147216796875e+02, 3.03147216796875e+02, 3.03147216796875e+02, 3.03147216796875e+02, 3.03147216796875e+02, 3.03147216796875e+02, 3.03147216796875e+02, 3.03147216796875e+02, 3.03159766031901e+02, 3.031488037109375e+02, 3.031601497395833e+02, 3.031464029947917e+02, 3.031614831542969e+02, 3.031603955078125e+02, 3.031594523111979e+02, 3.031442163085937e+02, 3.031536547851563e+02, 3.010737931315104e+02, 2.995045556640625e+02, 2.988587158203125e+02, 2.974989074707031e+02, 2.966177331542969e+02, 2.96530800374349e+02, 2.967274873860677e+02, 2.969363403320312e+02, 2.972476981608073e+02, 2.975268180338542e+02, 2.972431188964844e+02, 2.964525402832031e+02, 2.95251318359375e+02, 2.9454380859375e+02, 2.93424394124349e+02, 2.981842097981771e+02, 2.981505395507813e+02, 2.981706013997396e+02, 2.981586836751302e+02, 2.981569592285156e+02, 2.981478377278646e+02, 2.967634256998698e+02, 2.94558837890625e+02, 2.935546004231771e+02, 2.929678776041667e+02, 2.9275806640625e+02, 2.926757771809896e+02, 2.929480244954427e+02, 2.924814514160156e+02, 2.919171122233073e+02, 2.913971419270833e+02, 2.906026025390625e+02, 2.898280334472656e+02]
struct.TSensor[7]=[2.931499938964844e+02, 3.031430737304688e+02, 3.031465401204427e+02, 3.031471557617188e+02, 3.031473999023438e+02, 3.031475219726562e+02, 3.031476135253906e+02, 3.031476745605469e+02, 3.03147705078125e+02, 3.03147705078125e+02, 3.031477355957031e+02, 3.031477355957031e+02, 3.031477355957031e+02, 3.031477661132812e+02, 3.031477661132812e+02, 3.031477661132812e+02, 3.031477661132812e+02, 3.031477661132812e+02, 3.031477661132812e+02, 3.031477661132812e+02, 3.031477661132812e+02, 3.031477661132812e+02, 3.031477661132812e+02, 3.031477661132812e+02, 3.031477661132812e+02, 3.031477661132812e+02, 3.031477661132812e+02, 3.031477661132812e+02, 3.031477661132812e+02, 3.031477661132812e+02, 3.031477661132812e+02, 3.031477661132812e+02, 3.031477661132812e+02, 3.031477661132812e+02, 3.031477661132812e+02, 3.031477661132812e+02, 3.031477661132812e+02, 3.031477661132812e+02, 3.031477661132812e+02, 3.031477661132812e+02, 3.031477661132812e+02, 3.031477661132812e+02, 3.031477661132812e+02, 3.031477661132812e+02, 3.031477661132812e+02, 3.031477661132812e+02, 3.031477661132812e+02, 3.031477661132812e+02, 3.031477661132812e+02, 3.031477661132812e+02, 3.031477661132812e+02, 3.031477661132812e+02, 3.031477661132812e+02, 3.031477661132812e+02, 3.031477661132812e+02, 3.031477661132812e+02, 3.031477661132812e+02, 3.031477661132812e+02, 3.031477661132812e+02, 3.031477168782552e+02, 3.031478820800781e+02, 3.031480407714844e+02, 3.031481323242188e+02, 3.031483154296875e+02, 3.031481018066406e+02, 3.031481018066406e+02, 3.031481018066406e+02, 3.03147958577474e+02, 3.016632751464844e+02, 3.00517841796875e+02, 2.999164103190104e+02, 2.989725122070312e+02, 2.982437841796875e+02, 2.977384822591146e+02, 2.976201285807292e+02, 2.976799926757812e+02, 2.979401359049479e+02, 2.98207578531901e+02, 2.982370129394531e+02, 2.97767626953125e+02, 2.970018575032552e+02, 2.9640521484375e+02, 2.953990885416667e+02, 2.990568440755208e+02, 3.031444311523438e+02, 3.031460876464844e+02, 3.031463012695312e+02, 3.031464233398438e+02, 3.031465148925781e+02, 3.011572302246093e+02, 2.984023742675781e+02, 2.967342500813802e+02, 2.957159460449218e+02, 2.949159008789063e+02, 2.94536073811849e+02, 2.945259033203125e+02, 2.94141103515625e+02, 2.935613671875e+02, 2.929461844889323e+02, 2.921779833984375e+02, 2.913384704589844e+02]
heaSys.heaSche.TdegC[7].y=[3.031521911621094e+02, 3.031521911621094e+02, 3.031521911621094e+02, 3.031521911621094e+02, 3.031521911621094e+02, 3.031521911621094e+02, 3.031521911621094e+02, 3.031521911621094e+02, 3.031521911621094e+02, 3.031521911621094e+02, 3.031521911621094e+02, 3.031521911621094e+02, 3.031521911621094e+02, 3.031521911621094e+02, 3.031521911621094e+02, 3.031521911621094e+02, 3.031521911621094e+02, 3.031521911621094e+02, 3.031521911621094e+02, 3.031521911621094e+02, 3.031521911621094e+02, 3.031521911621094e+02, 3.031521911621094e+02, 3.031521911621094e+02, 3.031521911621094e+02, 3.031521911621094e+02, 3.031521911621094e+02, 3.031521911621094e+02, 3.031521911621094e+02, 3.031521911621094e+02, 3.031521911621094e+02, 3.031521911621094e+02, 3.031521911621094e+02, 3.031521911621094e+02, 3.031521911621094e+02, 3.031521911621094e+02, 3.031521911621094e+02, 3.031521911621094e+02, 3.031521911621094e+02, 3.031521911621094e+02, 3.031521911621094e+02, 3.031521911621094e+02, 3.031521911621094e+02, 3.031521911621094e+02, 3.031521911621094e+02, 3.031521911621094e+02, 3.031521911621094e+02, 3.031521911621094e+02, 3.031521911621094e+02, 3.031521911621094e+02, 3.031521911621094e+02, 3.031521911621094e+02, 3.031521911621094e+02, 3.031521911621094e+02, 3.031521911621094e+02, 3.031521911621094e+02, 3.031521911621094e+02, 3.031521911621094e+02, 3.031521911621094e+02, 3.031661665852865e+02, 3.031518920898437e+02, 3.031635286458333e+02, 3.031549210611979e+02, 3.031511645507812e+02, 3.031500524902344e+02, 3.031445454915365e+02, 3.031404833984375e+02, 3.031556526692708e+02, 3.014970678710937e+02, 3.00007119140625e+02, 2.992713358561198e+02, 2.982234318033854e+02, 2.974044689941406e+02, 2.970124430338541e+02, 2.970103169759115e+02, 2.971046447753906e+02, 2.973276009114583e+02, 2.975865779622396e+02, 2.975255993652344e+02, 2.969346638997396e+02, 2.960083292643229e+02, 2.954344360351562e+02, 2.943543998209635e+02, 2.9819298828125e+02, 2.981506811523437e+02, 2.981465169270833e+02, 2.981495422363281e+02, 2.981516235351563e+02, 2.981601147460938e+02, 2.971098856608073e+02, 2.952056396484375e+02, 2.942124747721354e+02, 2.93601621500651e+02, 2.931248120117187e+02, 2.929139176432292e+02, 2.930052998860677e+02, 2.926814855957031e+02, 2.922765502929688e+02, 2.919014493815104e+02, 2.913028649902344e+02, 2.905611877441406e+02]
heaSys.Qhea[1]=[1.82e+03, 1.82e+03, 1.430910314127604e+03, 1.25918087890625e+03, 1.203664453125e+03, 1.177102913411458e+03, 1.161617905273438e+03, 1.15169115234375e+03, 1.145013421223958e+03, 1.140442294921875e+03, 1.137140209960937e+03, 1.1347278125e+03, 1.132962666015625e+03, 1.131681827799479e+03, 1.130707153320312e+03, 1.129959057617187e+03, 1.129386917317708e+03, 1.128945808919271e+03, 1.128606391601563e+03, 1.12833716796875e+03, 1.128126920572917e+03, 1.127964130859375e+03, 1.127835335286458e+03, 1.127730950520833e+03, 1.127650205078125e+03, 1.127583618164062e+03, 1.127534669596354e+03, 1.127492231445312e+03, 1.127461896158854e+03, 1.127437259114583e+03, 1.12741689453125e+03, 1.127400535481771e+03, 1.127385564778646e+03, 1.127376020507812e+03, 1.127370483398438e+03, 1.127363647460938e+03, 1.127357436523437e+03, 1.127354248046875e+03, 1.127352696940104e+03, 1.127347885742188e+03, 1.127347835286458e+03, 1.127345947265625e+03, 1.127343461914063e+03, 1.12734375e+03, 1.127343116861979e+03, 1.12734326171875e+03, 1.127341918945312e+03, 1.127329449869792e+03, 1.127335346679688e+03, 1.127337677408854e+03, 1.127338907877604e+03, 1.127338979492187e+03, 1.127338562825521e+03, 1.127338146158854e+03, 1.127338134765625e+03, 1.127338623046875e+03, 1.12733935546875e+03, 1.127338745117188e+03, 1.127338131510417e+03, 1.259692639973958e+03, 1.229535693359375e+03, 1.117461749674479e+03, 1.070786697591146e+03, 9.17774013671875e+02, 1.141079536132813e+03, 1.081477734375e+03, 1.015878493652344e+03, 1.231243463541667e+03, 2.592767295837402e+00, 4.997988159179687e+02, 2.395521354675293e+00, 4.99925087890625e+02, 6.51017303466797e-01, 4.9998873046875e+02, 4.996845218912761e+02, 5.001900939941406e+02, 5.001681616210938e+02, 2.646130873362223e+00, 2.547221851348877e+00, 2.450000527699788e+00, 2.664408032099406e+00, 2.813818550109863e+00, 2.555002196629842e+00, 1.811342057291667e+03, 8.146431372070313e+02, 6.765377400716146e+02, 8.621234114583333e+02, 8.270231958007812e+02, 7.569112849934896e+02, 2.976796522140503e+00, 0e+00, 0e+00, 0e+00, 0e+00, 0e+00, 0e+00, 0e+00, 0e+00, 0e+00, 0e+00, 0e+00]
heaSys.heaSche.Pel_IDEAL[1]=[1.152259033203125e+03, 1.152259033203125e+03, 1.152259033203125e+03, 1.152259033203125e+03, 1.152259033203125e+03, 1.152259033203125e+03, 1.152259033203125e+03, 1.152259033203125e+03, 1.152259033203125e+03, 1.152259033203125e+03, 1.152259033203125e+03, 1.152259033203125e+03, 1.152259033203125e+03, 1.152259033203125e+03, 1.152259033203125e+03, 1.152259033203125e+03, 1.152259033203125e+03, 1.152259033203125e+03, 1.152259033203125e+03, 1.152259033203125e+03, 1.152259033203125e+03, 1.152259033203125e+03, 1.152259033203125e+03, 1.152259033203125e+03, 1.152259033203125e+03, 1.152259033203125e+03, 1.152259033203125e+03, 1.152259033203125e+03, 1.152259033203125e+03, 1.152259033203125e+03, 1.152259033203125e+03, 1.152259033203125e+03, 1.152259033203125e+03, 1.152259033203125e+03, 1.152259033203125e+03, 1.152259033203125e+03, 1.152259033203125e+03, 1.152259033203125e+03, 1.152259033203125e+03, 1.152259033203125e+03, 1.152259033203125e+03, 1.152259033203125e+03, 1.152259033203125e+03, 1.152259033203125e+03, 1.152259033203125e+03, 1.152259033203125e+03, 1.152259033203125e+03, 1.152259033203125e+03, 1.152259033203125e+03, 1.152259033203125e+03, 1.152259033203125e+03, 1.152259033203125e+03, 1.152259033203125e+03, 1.152259033203125e+03, 1.152259033203125e+03, 1.152259033203125e+03, 1.152259033203125e+03, 1.152259033203125e+03, 1.152259033203125e+03, 1.249891723632812e+03, 1.226740307617187e+03, 1.118995856119792e+03, 1.048953307291667e+03, 8.862649169921875e+02, 1.184540167643229e+03, 1.088329117838542e+03, 1.036261791992187e+03, 1.248768665364583e+03, 2.592767295837402e+00, 4.997988159179687e+02, 2.395521354675293e+00, 4.99925087890625e+02, 6.51017303466797e-01, 4.9998873046875e+02, 4.996845218912761e+02, 5.001900939941406e+02, 5.001681616210938e+02, 2.646130873362223e+00, 2.547221851348877e+00, 2.450000527699788e+00, 2.664408032099406e+00, 2.813818550109863e+00, 2.555002196629842e+00, 1.805216103515625e+03, 7.925255322265625e+02, 7.198470458984375e+02, 9.404459733072916e+02, 9.372869873046875e+02, 8.323960327148437e+02, 2.976796522140503e+00, 0e+00, 0e+00, 0e+00, 0e+00, 0e+00, 0e+00, 0e+00, 0e+00, 0e+00, 0e+00, 0e+00]
heaSys.Qhea[3]=[7.5e+02, 4.598024731445312e+02, 2.392339056396484e+02, 1.932950982666016e+02, 1.77863408610026e+02, 1.708914947509766e+02, 1.670097833251953e+02, 1.645486580403646e+02, 1.62896479288737e+02, 1.617401733398438e+02, 1.608679534912109e+02, 1.602517460123698e+02, 1.597786804199219e+02, 1.594274033610026e+02, 1.59147382405599e+02, 1.589207122802734e+02, 1.587704502360026e+02, 1.586347965494792e+02, 1.585464569091797e+02, 1.584672052001953e+02, 1.583792907714844e+02, 1.583714501953125e+02, 1.583373419189453e+02, 1.582747686767578e+02, 1.582562115478516e+02, 1.582162475585938e+02, 1.582147792561849e+02, 1.581914233398437e+02, 1.581877386474609e+02, 1.58184526570638e+02, 1.581901763916016e+02, 1.581677821858724e+02, 1.581607694498698e+02, 1.581579852294922e+02, 1.581905509440104e+02, 1.581632090250651e+02, 1.581337713623047e+02, 1.581849875895182e+02, 1.581904296875e+02, 1.581503186035156e+02, 1.581863657633463e+02, 1.581580826822917e+02, 1.581445599365235e+02, 1.581827337646484e+02, 1.581484881591797e+02, 1.581845764160156e+02, 1.58153213297526e+02, 1.581281500244141e+02, 1.581321154785156e+02, 1.581392592366537e+02, 1.581539103190104e+02, 1.581389624023437e+02, 1.581293802897135e+02, 1.58132533976237e+02, 1.581311846923828e+02, 1.581347127278646e+02, 1.581532564290364e+02, 1.581372583007812e+02, 1.581428916422526e+02, 1.593756182861328e+02, 1.306773986816406e+02, 1.236775810750325e+02, 1.241175742594401e+02, 1.028906597900391e+02, 1.372814676920573e+02, 1.32292290242513e+02, 1.334462670898438e+02, 1.486165743001302e+02, 6.190400854746501e+00, 3.482743725180626e-03, 5.464368623991808e-03, 3.601493726794918e-03, 7.009276002645495e-04, 5.739738860478004e-03, 4.671930260956287e-03, 2.349999966099858e-03, 5.533666741102934e-03, 2.602929106603066e-03, 2.663659164682031e-03, 5.367437247186899e-03, 4.558338209365805e-03, 3.57006000354886e-03, 4.541421215981245e-03, 3.699420906575521e+02, 9.525052459716797e+01, 4.816734085083008e+01, 5.250101888020833e+01, 4.630471206665039e+01, 4.795119598388672e+01, 8.233065859476726e+00, 3.771672025322914e-03, 3.961580169076721e-03, 1.796385059133172e-03, 4.301025085151195e-03, 2.680089386800925e-03, 7.988946170856555e-03, 3.958637174218893e-03, 2.75331078718106e-03, 3.335171633710464e-03, 3.251076284796e-03, 6.86699990183115e-03]
heaSys.heaSche.Pel_IDEAL[3]=[2.183162078857422e+02, 2.183162078857422e+02, 2.183162078857422e+02, 2.183162078857422e+02, 2.183162078857422e+02, 2.183162078857422e+02, 2.183162078857422e+02, 2.183162078857422e+02, 2.183162078857422e+02, 2.183162078857422e+02, 2.183162078857422e+02, 2.183162078857422e+02, 2.183162078857422e+02, 2.183162078857422e+02, 2.183162078857422e+02, 2.183162078857422e+02, 2.183162078857422e+02, 2.183162078857422e+02, 2.183162078857422e+02, 2.183162078857422e+02, 2.183162078857422e+02, 2.183162078857422e+02, 2.183162078857422e+02, 2.183162078857422e+02, 2.183162078857422e+02, 2.183162078857422e+02, 2.183162078857422e+02, 2.183162078857422e+02, 2.183162078857422e+02, 2.183162078857422e+02, 2.183162078857422e+02, 2.183162078857422e+02, 2.183162078857422e+02, 2.183162078857422e+02, 2.183162078857422e+02, 2.183162078857422e+02, 2.183162078857422e+02, 2.183162078857422e+02, 2.183162078857422e+02, 2.183162078857422e+02, 2.183162078857422e+02, 2.183162078857422e+02, 2.183162078857422e+02, 2.183162078857422e+02, 2.183162078857422e+02, 2.183162078857422e+02, 2.183162078857422e+02, 2.183162078857422e+02, 2.183162078857422e+02, 2.183162078857422e+02, 2.183162078857422e+02, 2.183162078857422e+02, 2.183162078857422e+02, 2.183162078857422e+02, 2.183162078857422e+02, 2.183162078857422e+02, 2.183162078857422e+02, 2.183162078857422e+02, 2.183162078857422e+02, 1.437343299357096e+02, 8.326061401367188e+01, 1.62660908203125e+02, 1.742589038085937e+02, 1.437808880615234e+02, 1.978478137207031e+02, 1.963321095784505e+02, 1.840036016845703e+02, 2.09896215616862e+02, 6.190400854746501e+00, 3.482743725180626e-03, 5.464368623991808e-03, 3.601493726794918e-03, 7.009276002645495e-04, 5.739738860478004e-03, 4.671930260956287e-03, 2.349999966099858e-03, 5.533666741102934e-03, 2.602929106603066e-03, 2.663659164682031e-03, 5.367437247186899e-03, 4.558338209365805e-03, 3.57006000354886e-03, 4.541421215981245e-03, 7.422104866536458e+02, 1.840092291259766e+02, 1.48614687093099e+02, 1.584789265950521e+02, 1.674950036621094e+02, 1.547437019856771e+02, 8.233065859476726e+00, 3.771672025322914e-03, 3.961580169076721e-03, 1.796385059133172e-03, 4.301025085151195e-03, 2.680089386800925e-03, 7.988946170856555e-03, 3.958637174218893e-03, 2.75331078718106e-03, 3.335171633710464e-03, 3.251076284796e-03, 6.86699990183115e-03]
heaSys.Qhea[4]=[7.5e+02, 7.5e+02, 3.964647623697917e+02, 3.093748474121094e+02, 2.791114676920573e+02, 2.641511006673177e+02, 2.5537265625e+02, 2.497837697347005e+02, 2.46074125773112e+02, 2.435767468261719e+02, 2.418042460123698e+02, 2.405347306315104e+02, 2.396224334716797e+02, 2.389701385498047e+02, 2.384820513916016e+02, 2.381090637207031e+02, 2.378261702473958e+02, 2.376110310872396e+02, 2.374448596191406e+02, 2.373156783040365e+02, 2.372150349934896e+02, 2.371378790283203e+02, 2.37077964070638e+02, 2.370274932861328e+02, 2.369878857421875e+02, 2.369562835693359e+02, 2.36932305094401e+02, 2.369132116699219e+02, 2.368984873453776e+02, 2.368859724934896e+02, 2.368781616210937e+02, 2.368702077229818e+02, 2.368629622395833e+02, 2.368582720947266e+02, 2.368566581217448e+02, 2.368531890869141e+02, 2.368489245605469e+02, 2.368488006591797e+02, 2.368489424641927e+02, 2.368465405273438e+02, 2.368466644287109e+02, 2.368454903157552e+02, 2.368438195800781e+02, 2.368440059407552e+02, 2.368429107666016e+02, 2.368440185546875e+02, 2.36843505859375e+02, 2.368401751708984e+02, 2.368392767333984e+02, 2.368400459798177e+02, 2.368414255777995e+02, 2.368412731933594e+02, 2.368394850667318e+02, 2.368394608561198e+02, 2.36839951171875e+02, 2.368402862548828e+02, 2.368415002441406e+02, 2.368401385498047e+02, 2.368404697672526e+02, 2.46508139444987e+02, 2.341298858642578e+02, 2.144876283772786e+02, 2.043022937011719e+02, 1.831406451416016e+02, 2.077971419270833e+02, 2.077459157307943e+02, 2.064964703369141e+02, 2.24004052734375e+02, 9.752881534894308e-01, 5.505538374185562e-02, 5.195364455382029e-02, 6.184483448664347e-02, 4.742465287446976e-02, 5.762286951144537e-02, 5.396102587381998e-02, 6.800000369548798e-02, 5.167586599787076e-02, 6.63365505139033e-02, 5.63154648244381e-02, 5.860327174266179e-02, 6.190045153101285e-02, 6.263795852661133e-02, 5.414900109171868e-02, 5.133163134765625e+02, 1.979354034423828e+02, 1.46776904296875e+02, 1.504847542317708e+02, 1.517026184082031e+02, 1.489806361897786e+02, 1.024191549619039e+00, 5.88746964931488e-02, 6.05575888355573e-02, 6.415272275606791e-02, 6.655989736318588e-02, 7.174693201979002e-02, 5.891634300351143e-02, 5.878492817282677e-02, 5.807839155197143e-02, 5.612119977672895e-02, 6.730084925889969e-02, 5.249999836087227e-02]
heaSys.heaSche.Pel_IDEAL[4]=[3.188374633789062e+02, 3.188374633789062e+02, 3.188374633789062e+02, 3.188374633789062e+02, 3.188374633789062e+02, 3.188374633789062e+02, 3.188374633789062e+02, 3.188374633789062e+02, 3.188374633789062e+02, 3.188374633789062e+02, 3.188374633789062e+02, 3.188374633789062e+02, 3.188374633789062e+02, 3.188374633789062e+02, 3.188374633789062e+02, 3.188374633789062e+02, 3.188374633789062e+02, 3.188374633789062e+02, 3.188374633789062e+02, 3.188374633789062e+02, 3.188374633789062e+02, 3.188374633789062e+02, 3.188374633789062e+02, 3.188374633789062e+02, 3.188374633789062e+02, 3.188374633789062e+02, 3.188374633789062e+02, 3.188374633789062e+02, 3.188374633789062e+02, 3.188374633789062e+02, 3.188374633789062e+02, 3.188374633789062e+02, 3.188374633789062e+02, 3.188374633789062e+02, 3.188374633789062e+02, 3.188374633789062e+02, 3.188374633789062e+02, 3.188374633789062e+02, 3.188374633789062e+02, 3.188374633789062e+02, 3.188374633789062e+02, 3.188374633789062e+02, 3.188374633789062e+02, 3.188374633789062e+02, 3.188374633789062e+02, 3.188374633789062e+02, 3.188374633789062e+02, 3.188374633789062e+02, 3.188374633789062e+02, 3.188374633789062e+02, 3.188374633789062e+02, 3.188374633789062e+02, 3.188374633789062e+02, 3.188374633789062e+02, 3.188374633789062e+02, 3.188374633789062e+02, 3.188374633789062e+02, 3.188374633789062e+02, 3.188374633789062e+02, 3.043249438476562e+02, 2.829982055664062e+02, 2.776407478841146e+02, 2.568735652669271e+02, 2.191021447753906e+02, 2.844235974121094e+02, 2.855980061848958e+02, 2.741242199707031e+02, 3.03363037109375e+02, 9.752881534894308e-01, 5.505538374185562e-02, 5.195364455382029e-02, 6.184483448664347e-02, 4.742465287446976e-02, 5.762286951144537e-02, 5.396102587381998e-02, 6.800000369548798e-02, 5.167586599787076e-02, 6.63365505139033e-02, 5.63154648244381e-02, 5.860327174266179e-02, 6.190045153101285e-02, 6.263795852661133e-02, 5.414900109171868e-02, 7.628140494791667e+02, 2.766561169433594e+02, 2.309833740234375e+02, 2.400625583902995e+02, 2.510734362792969e+02, 2.357335729980469e+02, 1.024191549619039e+00, 5.88746964931488e-02, 6.05575888355573e-02, 6.415272275606791e-02, 6.655989736318588e-02, 7.174693201979002e-02, 5.891634300351143e-02, 5.878492817282677e-02, 5.807839155197143e-02, 5.612119977672895e-02, 6.730084925889969e-02, 5.249999836087227e-02]
heaSys.heaSche.Pel_IDEAL[5]=[1.542762908935547e+02, 1.542762908935547e+02, 1.542762908935547e+02, 1.542762908935547e+02, 1.542762908935547e+02, 1.542762908935547e+02, 1.542762908935547e+02, 1.542762908935547e+02, 1.542762908935547e+02, 1.542762908935547e+02, 1.542762908935547e+02, 1.542762908935547e+02, 1.542762908935547e+02, 1.542762908935547e+02, 1.542762908935547e+02, 1.542762908935547e+02, 1.542762908935547e+02, 1.542762908935547e+02, 1.542762908935547e+02, 1.542762908935547e+02, 1.542762908935547e+02, 1.542762908935547e+02, 1.542762908935547e+02, 1.542762908935547e+02, 1.542762908935547e+02, 1.542762908935547e+02, 1.542762908935547e+02, 1.542762908935547e+02, 1.542762908935547e+02, 1.542762908935547e+02, 1.542762908935547e+02, 1.542762908935547e+02, 1.542762908935547e+02, 1.542762908935547e+02, 1.542762908935547e+02, 1.542762908935547e+02, 1.542762908935547e+02, 1.542762908935547e+02, 1.542762908935547e+02, 1.542762908935547e+02, 1.542762908935547e+02, 1.542762908935547e+02, 1.542762908935547e+02, 1.542762908935547e+02, 1.542762908935547e+02, 1.542762908935547e+02, 1.542762908935547e+02, 1.542762908935547e+02, 1.542762908935547e+02, 1.542762908935547e+02, 1.542762908935547e+02, 1.542762908935547e+02, 1.542762908935547e+02, 1.542762908935547e+02, 1.542762908935547e+02, 1.542762908935547e+02, 1.542762908935547e+02, 1.542762908935547e+02, 1.542762908935547e+02, 1.358191180419922e+02, 1.060055679321289e+02, 1.060824329630534e+02, 1.154893792724609e+02, 1.155988772583008e+02, 1.327414410400391e+02, 1.37064501953125e+02, 1.38200712890625e+02, 1.311152852376302e+02, -1.326857588704427e+02, -1.062741342163086e+02, -7.496921895345052e+01, -8.617052856445312e+01, -5.135450134277344e+01, -7.775631429036459e+01, -8.115551483154297e+01, -8.960887908935547e+01, -5.91967827351888e+01, -6.372870396931966e+01, -6.020910858154297e+01, -8.391736623128256e+01, -7.847548014322916e+01, -6.872395446777344e+01, -5.79864638264974e+01, 5.628778295898437e+02, 1.653119317626953e+02, 1.289661488850911e+02, 1.222166645304362e+02, 1.128956085205078e+02, 1.227967681884766e+02, -8.563879302978516e+01, -5.65097152709961e+01, -8.600895334879557e+01, -6.965178639729818e+01, -7.943564910888672e+01, -6.423207478841145e+01, -2.708434727986654e+01, -2.71374235534668e+01, -3.396710398356119e+01, -3.755201497395834e+01, -4.31510969543457e+01, -3.695193862915039e+01]
heaSys.Qhea[5]=[7.5e+02, 5.190962841796875e+02, 2.834690832519531e+02, 2.310504443359375e+02, 2.10762231648763e+02, 2.000166015625e+02, 1.934668103027344e+02, 1.892341709391276e+02, 1.864218575032552e+02, 1.845377850341797e+02, 1.832146199544271e+02, 1.822825120035807e+02, 1.816212268066406e+02, 1.81157836303711e+02, 1.808127486165365e+02, 1.805547790527344e+02, 1.803654315185547e+02, 1.802187266031901e+02, 1.801117620849609e+02, 1.800257973225912e+02, 1.79958550008138e+02, 1.799091931152344e+02, 1.798697792561849e+02, 1.798358662923177e+02, 1.798124676513672e+02, 1.79791259765625e+02, 1.797784847005208e+02, 1.797643981933594e+02, 1.797567333984375e+02, 1.797499702962239e+02, 1.797433959960937e+02, 1.797384185791016e+02, 1.797325059000651e+02, 1.797303643798828e+02, 1.797305900065104e+02, 1.797280212402344e+02, 1.797256427001953e+02, 1.797252547200521e+02, 1.797256469726562e+02, 1.797223400878906e+02, 1.797239379882812e+02, 1.797229911295573e+02, 1.797216436767578e+02, 1.797231056722005e+02, 1.797228212483724e+02, 1.797232513427734e+02, 1.797219545491537e+02, 1.797094110107422e+02, 1.797178082275391e+02, 1.797201462809245e+02, 1.79720708211263e+02, 1.797206994628906e+02, 1.79720391031901e+02, 1.797201055908203e+02, 1.797202606201172e+02, 1.797208821614583e+02, 1.797212152099609e+02, 1.797206726074219e+02, 1.797198168945312e+02, 1.852337677001953e+02, 1.412223785400391e+02, 1.266421729532878e+02, 1.288867012532552e+02, 1.206800415039063e+02, 1.456074818929036e+02, 1.46336284383138e+02, 1.475168444824219e+02, 1.520977602132161e+02, -1.326857588704427e+02, -1.062741342163086e+02, -7.496921895345052e+01, -8.617052856445312e+01, -5.135450134277344e+01, -7.775631429036459e+01, -8.115551483154297e+01, -8.960887908935547e+01, -5.91967827351888e+01, -6.372870396931966e+01, -6.020910858154297e+01, -8.391736623128256e+01, -7.847548014322916e+01, -6.872395446777344e+01, -5.79864638264974e+01, 7.5e+02, 4.391225988769531e+02, 3.025206339518229e+02, 2.843859411621094e+02, 2.389442468261719e+02, 2.567943961588542e+02, -8.563879302978516e+01, -5.65097152709961e+01, -8.600895334879557e+01, -6.965178639729818e+01, -7.943564910888672e+01, -6.423207478841145e+01, -2.708434727986654e+01, -2.71374235534668e+01, -3.396710398356119e+01, -3.755201497395834e+01, -4.31510969543457e+01, -3.695193862915039e+01]
heaSys.Qhea[6]=[7.5e+02, 3.652233357747396e+02, 2.046863242594401e+02, 1.682094274902344e+02, 1.564613741048177e+02, 1.510346852620443e+02, 1.478704949951172e+02, 1.458054671223958e+02, 1.443875307210286e+02, 1.434002935791016e+02, 1.426798350016276e+02, 1.421511757405599e+02, 1.41760648803711e+02, 1.414774593098958e+02, 1.412615207926432e+02, 1.410954376220703e+02, 1.409683213297526e+02, 1.408704180908203e+02, 1.407948602294922e+02, 1.407351678466797e+02, 1.406904418945313e+02, 1.406522479248047e+02, 1.406268082682292e+02, 1.405971838378906e+02, 1.405828942871094e+02, 1.405708414713542e+02, 1.405569909667969e+02, 1.405507482910156e+02, 1.405409855143229e+02, 1.405336413574219e+02, 1.405300903320312e+02, 1.405271083577474e+02, 1.405241892496745e+02, 1.405226043701172e+02, 1.405193316650391e+02, 1.40518608601888e+02, 1.405219287109375e+02, 1.405133852132161e+02, 1.405135878499349e+02, 1.405166943359375e+02, 1.405130015055339e+02, 1.405140362548828e+02, 1.405178704833984e+02, 1.405107729085287e+02, 1.405132263183594e+02, 1.405101684570313e+02, 1.40512592569987e+02, 1.405095597330729e+02, 1.40514771118164e+02, 1.405131536865234e+02, 1.405057169596354e+02, 1.405108728027344e+02, 1.405144799804688e+02, 1.405130639648438e+02, 1.405169348144531e+02, 1.405142608642578e+02, 1.405039337158203e+02, 1.405163885498047e+02, 1.405051375325521e+02, 1.501401560465495e+02, 1.375662994384766e+02, 1.280375681559245e+02, 1.231855927530925e+02, 1.113807165527344e+02, 1.336897509765625e+02, 1.288043304443359e+02, 1.248967523193359e+02, 1.406094230143229e+02, 1.045146072705587e+00, 4.484226673841477e-02, 4.613749831914902e-02, 5.083625862995783e-02, 3.42814264446497e-02, 4.716059635082881e-02, 5.112666507562001e-02, 4.749999940395355e-02, 4.94067553182443e-02, 5.113217338919639e-02, 5.052876874804497e-02, 4.983208333452543e-02, 5.118621413906415e-02, 5.475384652614593e-02, 5.211083089311917e-02, 7.5e+02, 3.130472998046875e+02, 2.229054901123047e+02, 2.250958504231771e+02, 2.171624578857422e+02, 2.077932897949219e+02, 1.071081395149231e+00, 4.74142849445343e-02, 4.643494894107183e-02, 4.726075887680053e-02, 4.494624972343444e-02, 6.009872640172641e-02, 4.670104036728541e-02, 5.412444978952408e-02, 4.715399886171023e-02, 4.835468272368113e-02, 4.906171262264251e-02, 5.000000074505806e-02]
heaSys.heaSche.Pel_IDEAL[6]=[1.628659973144531e+02, 1.628659973144531e+02, 1.628659973144531e+02, 1.628659973144531e+02, 1.628659973144531e+02, 1.628659973144531e+02, 1.628659973144531e+02, 1.628659973144531e+02, 1.628659973144531e+02, 1.628659973144531e+02, 1.628659973144531e+02, 1.628659973144531e+02, 1.628659973144531e+02, 1.628659973144531e+02, 1.628659973144531e+02, 1.628659973144531e+02, 1.628659973144531e+02, 1.628659973144531e+02, 1.628659973144531e+02, 1.628659973144531e+02, 1.628659973144531e+02, 1.628659973144531e+02, 1.628659973144531e+02, 1.628659973144531e+02, 1.628659973144531e+02, 1.628659973144531e+02, 1.628659973144531e+02, 1.628659973144531e+02, 1.628659973144531e+02, 1.628659973144531e+02, 1.628659973144531e+02, 1.628659973144531e+02, 1.628659973144531e+02, 1.628659973144531e+02, 1.628659973144531e+02, 1.628659973144531e+02, 1.628659973144531e+02, 1.628659973144531e+02, 1.628659973144531e+02, 1.628659973144531e+02, 1.628659973144531e+02, 1.628659973144531e+02, 1.628659973144531e+02, 1.628659973144531e+02, 1.628659973144531e+02, 1.628659973144531e+02, 1.628659973144531e+02, 1.628659973144531e+02, 1.628659973144531e+02, 1.628659973144531e+02, 1.628659973144531e+02, 1.628659973144531e+02, 1.628659973144531e+02, 1.628659973144531e+02, 1.628659973144531e+02, 1.628659973144531e+02, 1.628659973144531e+02, 1.628659973144531e+02, 1.628659973144531e+02, 1.611251334635417e+02, 1.502260772705078e+02, 1.376515087890625e+02, 1.373979726155599e+02, 1.218942739868164e+02, 1.483543298339844e+02, 1.512997863769531e+02, 1.400960803222656e+02, 1.498909788004557e+02, 1.045146072705587e+00, 4.484226673841477e-02, 4.613749831914902e-02, 5.083625862995783e-02, 3.42814264446497e-02, 4.716059635082881e-02, 5.112666507562001e-02, 4.749999940395355e-02, 4.94067553182443e-02, 5.113217338919639e-02, 5.052876874804497e-02, 4.983208333452543e-02, 5.118621413906415e-02, 5.475384652614593e-02, 5.211083089311917e-02, 4.214241422526042e+02, 1.320410803222656e+02, 1.07367919921875e+02, 1.174979822794596e+02, 1.271886199951172e+02, 1.195394449869792e+02, 1.071081395149231e+00, 4.74142849445343e-02, 4.643494894107183e-02, 4.726075887680053e-02, 4.494624972343444e-02, 6.009872640172641e-02, 4.670104036728541e-02, 5.412444978952408e-02, 4.715399886171023e-02, 4.835468272368113e-02, 4.906171262264251e-02, 5.000000074505806e-02]
