last-generated=2018-06-13
statistics-simulation=
{
  "linear": " ",
  "nonlinear": " ",
  "numerical Jacobians": "0"
}
y=[-1e+00, -1.020408154001308e+00, -1.041666627904444e+00, -1.063829781149198e+00, -1.086956503128956e+00, -1.111111162261505e+00, -1.136363629005884e+00, -1.162790655287614e+00, -1.190476184215588e+00, -1.219512213611744e+00, -1.24999999536656e+00, -1.282051326813839e+00, -1.315789470472377e+00, -1.351351397858217e+00, -1.388888833620141e+00, -1.428571438440847e+00, -1.470588222804662e+00, -1.515151492541409e+00, -1.562499965292474e+00, -1.61290324982804e+00, -1.66666661048316e+00, -1.724137941511158e+00, -1.785714276341678e+00, -1.851851792539436e+00, -1.923076908042465e+00, -2e+00, -2.076983514375443e+00, -2.128291091915393e+00, -2.135061027221493e+00, -2.090522465274644e+00, -1.997440112305913e+00, -1.865558301023513e+00, -1.709045054252368e+00, -1.543936826207161e+00, -1.385580355792118e+00, -1.246079966569647e+00, -1.131739526840402e+00, -1.040506283861565e+00, -9.599999403954973e-01, -8.799998807911367e-01, -8.00000059604467e-01, -7.200000000000002e-01, -6.399998807911014e-01, -5.600000596044317e-01, -4.799999701977131e-01, -3.999999105932104e-01, -3.200000596045203e-01, -2.399999850988657e-01, -1.599999105931929e-01, -8.000007450566393e-02, 0e+00, 8.000007450452709e-02, 1.600001490090542e-01, 2.400002235137944e-01, 3.199998211889436e-01, 3.999999105946319e-01, 4.799999701974293e-01, 5.600000596035786e-01, 6.400001192072997e-01, 7.20000238414671e-01, 7.999998211889077e-01, 8.79999880792842e-01, 9.599999403960657e-01, 1.040506283860966e+00, 1.131739526838184e+00, 1.246080350690406e+00, 1.385579911704356e+00, 1.54393633767621e+00, 1.709045054254119e+00, 1.865558301024025e+00, 1.997440112303948e+00, 2.090522667126406e+00, 2.135060957381274e+00, 2.128291180530651e+00, 2.076983514374512e+00, 2e+00, 1.923076798059176e+00, 1.851851691090284e+00, 1.785714087517815e+00, 1.724138030716815e+00, 1.666666693601464e+00, 1.612903249828226e+00, 1.562499965292991e+00, 1.515151424538413e+00, 1.470588094476402e+00, 1.428571560502568e+00, 1.388888891404262e+00, 1.351351397857956e+00, 1.315789444711521e+00, 1.282051278059324e+00, 1.249999925866068e+00, 1.219512302585551e+00, 1.190476226653734e+00, 1.162790675521803e+00, 1.136363619396781e+00, 1.11111113478931e+00, 1.086956450524158e+00, 1.063829844658962e+00, 1.041666668495715e+00, 1.020408173474838e+00, 1e+00]
xInv=[-1e+00, -1.020408154001308e+00, -1.041666627904444e+00, -1.063829781149198e+00, -1.086956503128956e+00, -1.111111162261505e+00, -1.136363629005884e+00, -1.162790655287614e+00, -1.190476184215588e+00, -1.219512213611744e+00, -1.24999999536656e+00, -1.282051326813839e+00, -1.315789470472377e+00, -1.351351397858217e+00, -1.388888833620141e+00, -1.428571438440847e+00, -1.470588222804662e+00, -1.515151492541409e+00, -1.562499965292474e+00, -1.61290324982804e+00, -1.66666661048316e+00, -1.724137941511158e+00, -1.785714276341678e+00, -1.851851792539436e+00, -1.923076908042465e+00, -2e+00, -2.083333337340549e+00, -2.173912901481662e+00, -2.272727238848884e+00, -2.380952453766474e+00, -2.499999852464626e+00, -2.631578889593934e+00, -2.777777783433466e+00, -2.941176190259398e+00, -3.124999931013404e+00, -3.333333388105172e+00, -3.571428177583063e+00, -3.846153597176394e+00, -4.16666667609536e+00, -4.545455104171796e+00, -4.999999707821157e+00, -5.555555569402709e+00, -6.250001050720614e+00, -7.142856365160883e+00, -8.333333357996695e+00, -9.999940395475962e+00, 0e+00, 0e+00, 0e+00, 0e+00, 0e+00, 0e+00, 0e+00, 0e+00, 0e+00, 0e+00, 8.333333358001791e+00, 7.142856365171462e+00, 6.249998727970413e+00, 5.555553759957868e+00, 5.000001216400152e+00, 4.545455104162825e+00, 4.166666676092851e+00, 3.846153597178464e+00, 3.571428177588424e+00, 3.333332731023557e+00, 3.125000518702764e+00, 2.941176706665657e+00, 2.777777783431802e+00, 2.631578889593448e+00, 2.499999852466825e+00, 2.380952117259981e+00, 2.272727549318869e+00, 2.173913183871369e+00, 2.083333337339305e+00, 2e+00, 1.923076798059176e+00, 1.851851691090284e+00, 1.785714087517815e+00, 1.724138030716815e+00, 1.666666693601464e+00, 1.612903249828226e+00, 1.562499965292991e+00, 1.515151424538413e+00, 1.470588094476402e+00, 1.428571560502568e+00, 1.388888891404262e+00, 1.351351397857956e+00, 1.315789444711521e+00, 1.282051278059324e+00, 1.249999925866068e+00, 1.219512302585551e+00, 1.190476226653734e+00, 1.162790675521803e+00, 1.136363619396781e+00, 1.11111113478931e+00, 1.086956450524158e+00, 1.063829844658962e+00, 1.041666668495715e+00, 1.020408173474838e+00, 1e+00]
time=[0e+00, 1e+00]
dy_dt=[-2e+00, -2.082465650562687e+00, -2.170138839974608e+00, -2.263467556777783e+00, -2.362948903746455e+00, -2.469135753138951e+00, -2.582644716855666e+00, -2.70416450128245e+00, -2.834467196931506e+00, -2.974420019135797e+00, -3.124999976890533e+00, -3.287311087243844e+00, -3.462603856719269e+00, -3.652300929562478e+00, -3.858024584498378e+00, -4.081632476299257e+00, -4.325259777315167e+00, -4.591368149086052e+00, -4.882812283751019e+00, -5.202913841950199e+00, -5.555555234343837e+00, -5.945303711729668e+00, -6.37755113368826e+00, -6.858710556194409e+00, -7.396449874657434e+00, -8e+00, -6.842467369632446e+00, -3.108971097655377e+00, 1.863576985570855e+00, 6.993821844240408e+00, 1.145599551235043e+01, 1.467996057635118e+01, 1.635113002613789e+01, 1.641052319071002e+01, 1.505474632920519e+01, 1.273599850679145e+01, 1.01620766589946e+01, 8.296346334598285e+00, 8e+00, 8e+00, 8e+00, 8e+00, 8e+00, 8e+00, 8e+00, 8e+00, 8e+00, 8e+00, 8e+00, 8e+00, 8e+00, 8e+00, 8e+00, 8e+00, 8e+00, 8e+00, 8e+00, 8e+00, 8e+00, 8e+00, 8e+00, 8e+00, 8e+00, 8.296346334588989e+00, 1.01620766589421e+01, 1.273600614648625e+01, 1.505474035452404e+01, 1.64105210529544e+01, 1.635113002613052e+01, 1.467996057634184e+01, 1.145599551242221e+01, 6.993807127509649e+00, 1.863592531956263e+00, -3.108957446543822e+00, -6.842467369674159e+00, -8e+00, -7.396449029494746e+00, -6.85870980747935e+00, -6.377549789343446e+00, -5.945304329070225e+00, -5.555555789591106e+00, -5.202913841951401e+00, -4.882812283754244e+00, -4.591367738186879e+00, -4.325259024102649e+00, -4.081633175005947e+00, -3.858024906346027e+00, -3.652300929561064e+00, -3.462603721232408e+00, -3.287310837808335e+00, -3.12499963025403e+00, -2.974420453965015e+00, -2.834467399501672e+00, -2.704164595595842e+00, -2.582644673204681e+00, -2.469135631310605e+00, -2.362948675484758e+00, -2.263467827609782e+00, -2.170139009456098e+00, -2.082465730209817e+00, -2e+00]
d2y_dt2=[-8e+00, -8.499859821602959e+00, -9.042244936669785e+00, -9.631776851270917e+00, -1.027369123779768e+01, -1.097393698057976e+01, -1.173929416045015e+01, -1.257750890048133e+01, -1.349746244669454e+01, -1.450936565945661e+01, -1.562499982710896e+01, -1.685800560177467e+01, -1.82242321099709e+01, -1.974216729077423e+01, -2.143346966705029e+01, -2.332361484972614e+01, -2.544270405946117e+01, -2.782647278917113e+01, -3.051757610395453e+01, -3.356718523282984e+01, -3.703703580652057e+01, -4.100209327391027e+01, -4.555393659488362e+01, -5.080526119846939e+01, -5.689577078846857e+01, -6.4e+01, 2.689640664960026e+02, 4.554545681095448e+02, 5.21031674463082e+02, 4.912536904558665e+02, 3.916801373455363e+02, 2.478694828440616e+02, 8.538100258207194e+01, -7.02257292365061e+01, -1.933926019467646e+02, -2.585600089559944e+02, -2.401690434671613e+02, -1.126605612226956e+02, 0e+00, 0e+00, 0e+00, 0e+00, 0e+00, 0e+00, 0e+00, 0e+00, 0e+00, 0e+00, 0e+00, 0e+00, 0e+00, 0e+00, 0e+00, 0e+00, 0e+00, 0e+00, 0e+00, 0e+00, 0e+00, 0e+00, 0e+00, 0e+00, 0e+00, 1.126605612214359e+02, 2.40169043465926e+02, 2.585599121264731e+02, 1.933928816331051e+02, 7.022615566475861e+01, -8.538100258380422e+01, -2.478694828446127e+02, -3.916801373433798e+02, -4.912538862376716e+02, -5.210316894756073e+02, -4.554549214385956e+02, -2.68964066492578e+02, 6.4e+01, 5.689576104633556e+01, 5.080525290999272e+01, 4.555392223797772e+01, 4.100209968242891e+01, 3.703704137036739e+01, 3.356718523284152e+01, 3.051757610398466e+01, 2.782646906495951e+01, 2.544269742816033e+01, 2.332362084911826e+01, 2.143347235601951e+01, 1.974216729076274e+01, 1.822423104108533e+01, 1.685800368752477e+01, 1.562499723378458e+01, 1.450936884711215e+01, 1.349746389709118e+01, 1.257750955990078e+01, 1.17392938630115e+01, 1.097393617018665e+01, 1.027368975209018e+01, 9.631778583681793e+00, 9.042245998148946e+00, 8.499860310239171e+00, 8e+00]
