last-generated=2017-12-20
statistics-simulation=
{
  "numerical Jacobians": "0", 
  "nonlinear": " ", 
  "number of continuous time states": "2", 
  "linear": " "
}
dHW_ProfileReader.mDHW60C.y=[0e+00, 0e+00, 0e+00, 0e+00, 0e+00, 0e+00, 0e+00, 0e+00, 0e+00, 0e+00, 0e+00, 0e+00, 0e+00, 2.566399574279785e-01, 0e+00, 0e+00, 0e+00, 0e+00, 0e+00, 0e+00, 0e+00, 0e+00, 0e+00, 0e+00, 0e+00, 0e+00, 0e+00, 0e+00, 0e+00, 0e+00, 0e+00, 0e+00, 3.318620026111603e-01, 0e+00, 0e+00, 0e+00, 0e+00, 0e+00, 0e+00, 0e+00, 0e+00, 0e+00, 0e+00, 0e+00, 0e+00, 0e+00, 0e+00, 0e+00, 0e+00, 0e+00, 0e+00, 0e+00, 0e+00, 0e+00, 0e+00, 0e+00, 0e+00, 0e+00, 3.318620026111569e-01, 0e+00, 0e+00, 0e+00, 0e+00, 0e+00, 0e+00, 0e+00, 0e+00, 9.734618663788647e-02, 0e+00, 0e+00, 0e+00, 0e+00, 0e+00, 0e+00, 0e+00, 0e+00, 0e+00, 1.902675479650497e-01, 0e+00, 0e+00, 0e+00, 0e+00, 0e+00, 0e+00, 0e+00, 0e+00, 0e+00, 0e+00, 0e+00, 0e+00, 0e+00, 0e+00, 0e+00, 0e+00, 0e+00, 0e+00, 0e+00, 0e+00, 0e+00, 0e+00, 0e+00]
dHW_RealInput.mFloHot.y=[0e+00, 0e+00, 0e+00, 0e+00, 0e+00, 0e+00, 0e+00, 0e+00, 8.33333358168602e-02, 0e+00, 0e+00, 0e+00, 0e+00, 8.33333358168602e-02, 0e+00, 0e+00, 0e+00, 0e+00, 0e+00, 0e+00, 0e+00, 0e+00, 0e+00, 0e+00, 0e+00, 0e+00, 0e+00, 0e+00, 0e+00, 0e+00, 0e+00, 0e+00, 0e+00, 0e+00, 0e+00, 0e+00, 0e+00, 0e+00, 0e+00, 8.33333358168602e-02, 0e+00, 0e+00, 0e+00, 0e+00, 0e+00, 0e+00, 0e+00, 0e+00, 0e+00, 0e+00, 0e+00, 0e+00, 0e+00, 0e+00, 0e+00, 0e+00, 0e+00, 0e+00, 0e+00, 0e+00, 0e+00, 0e+00, 0e+00, 0e+00, 0e+00, 1.364167034626007e-01, 0e+00, 0e+00, 0e+00, 0e+00, 0e+00, 0e+00, 0e+00, 0e+00, 0e+00, 0e+00, 0e+00, 0e+00, 0e+00, 0e+00, 0e+00, 0e+00, 0e+00, 0e+00, 0e+00, 0e+00, 0e+00, 0e+00, 0e+00, 0e+00, 0e+00, 1.428571492433548e-01, 0e+00, 0e+00, 0e+00, 0e+00, 1.428571492433548e-01, 0e+00, 0e+00, 0e+00, 0e+00]
dHW_RealInput.mDHW60C=[0e+00, 0e+00, 0e+00, 0e+00, 0e+00, 0e+00, 0e+00, 0e+00, 1.000000014901161e-01, 0e+00, 0e+00, 0e+00, 0e+00, 1.000000014901161e-01, 0e+00, 0e+00, 0e+00, 0e+00, 0e+00, 0e+00, 0e+00, 0e+00, 0e+00, 0e+00, 0e+00, 0e+00, 0e+00, 0e+00, 0e+00, 0e+00, 0e+00, 0e+00, 0e+00, 0e+00, 0e+00, 0e+00, 0e+00, 0e+00, 0e+00, 1.000000014901161e-01, 0e+00, 0e+00, 0e+00, 0e+00, 0e+00, 0e+00, 0e+00, 0e+00, 0e+00, 0e+00, 0e+00, 0e+00, 0e+00, 0e+00, 0e+00, 0e+00, 0e+00, 0e+00, 0e+00, 0e+00, 0e+00, 0e+00, 0e+00, 0e+00, 0e+00, 1.000000014901161e-01, 0e+00, 0e+00, 0e+00, 0e+00, 0e+00, 0e+00, 0e+00, 0e+00, 0e+00, 0e+00, 0e+00, 0e+00, 0e+00, 0e+00, 0e+00, 0e+00, 0e+00, 0e+00, 0e+00, 0e+00, 0e+00, 0e+00, 0e+00, 0e+00, 0e+00, 1.000000014901161e-01, 0e+00, 0e+00, 0e+00, 0e+00, 1.000000014901161e-01, 0e+00, 0e+00, 0e+00, 0e+00]
dHW_ProfileReader.mFloHot.y=[0e+00, 0e+00, 0e+00, 0e+00, 0e+00, 0e+00, 0e+00, 0e+00, 0e+00, 0e+00, 0e+00, 0e+00, 0e+00, 3.57858270406723e-01, 0e+00, 0e+00, 0e+00, 0e+00, 0e+00, 0e+00, 0e+00, 0e+00, 0e+00, 0e+00, 0e+00, 0e+00, 0e+00, 0e+00, 0e+00, 0e+00, 0e+00, 0e+00, 2.765481472015381e-01, 0e+00, 0e+00, 0e+00, 0e+00, 0e+00, 0e+00, 0e+00, 0e+00, 0e+00, 0e+00, 0e+00, 0e+00, 0e+00, 0e+00, 0e+00, 0e+00, 0e+00, 0e+00, 0e+00, 0e+00, 0e+00, 0e+00, 0e+00, 0e+00, 0e+00, 2.765481472015353e-01, 0e+00, 0e+00, 0e+00, 0e+00, 0e+00, 0e+00, 0e+00, 0e+00, 8.112079650164321e-02, 0e+00, 0e+00, 0e+00, 0e+00, 0e+00, 0e+00, 0e+00, 0e+00, 0e+00, 2.7181077003479e-01, 0e+00, 0e+00, 0e+00, 0e+00, 0e+00, 0e+00, 0e+00, 0e+00, 0e+00, 0e+00, 0e+00, 0e+00, 0e+00, 0e+00, 0e+00, 0e+00, 0e+00, 0e+00, 0e+00, 0e+00, 0e+00, 0e+00, 0e+00]
time=[0e+00, 1.928e+05]
dHW_RealInput.TDHWSet=[3.181499938964844e+02, 3.181499938964844e+02]
dHW_RealInput.TCold=[2.831499938964844e+02, 2.831499938964844e+02]
dHW_RealInput.THot.T=[2.931499938964844e+02, 2.931499938964844e+02, 2.931499938964844e+02, 3.431499938964844e+02, 3.431499938964844e+02, 3.431499938964844e+02, 3.431499938964844e+02, 3.431499938964844e+02, 3.431499938964844e+02, 3.431499938964844e+02, 3.431499938964844e+02, 3.431499938964844e+02, 3.431499938964844e+02, 3.431499938964844e+02, 3.431499938964844e+02, 3.431499938964844e+02, 3.431499938964844e+02, 3.431499938964844e+02, 3.431499938964844e+02, 3.431499938964844e+02, 3.431499938964844e+02, 3.431499938964844e+02, 3.431499938964844e+02, 3.431499938964844e+02, 3.431499938964844e+02, 3.431499938964844e+02, 3.431499938964844e+02, 3.431499938964844e+02, 3.431499938964844e+02, 3.431499938964844e+02, 3.431499938964844e+02, 3.431499938964844e+02, 3.431499938964844e+02, 3.431499938964844e+02, 3.431499938964844e+02, 3.431499938964844e+02, 3.431499938964844e+02, 3.431499938964844e+02, 3.431499938964844e+02, 3.431499938964844e+02, 3.431499938964844e+02, 3.431499938964844e+02, 3.431499938964844e+02, 3.431499938964844e+02, 3.431499938964844e+02, 3.431499938964844e+02, 3.431499938964844e+02, 3.431499938964844e+02, 3.431499938964844e+02, 3.431499938964844e+02, 3.37696533203125e+02, 3.37696533203125e+02, 3.37696533203125e+02, 3.37696533203125e+02, 3.37696533203125e+02, 3.316958312988281e+02, 3.316958312988281e+02, 3.316958312988281e+02, 3.316958312988281e+02, 3.316958312988281e+02, 3.256950988769531e+02, 3.256950988769531e+02, 3.256950988769531e+02, 3.256950988769531e+02, 3.256950988769531e+02, 3.198023986816406e+02, 3.196943969726562e+02, 3.196943969726562e+02, 3.196943969726562e+02, 3.196943969726562e+02, 3.196943969726562e+02, 3.136942138671875e+02, 3.136942138671875e+02, 3.136942138671875e+02, 3.136942138671875e+02, 3.136942138671875e+02, 3.131499938964844e+02, 3.131499938964844e+02, 3.131499938964844e+02, 3.131499938964844e+02, 3.131499938964844e+02, 3.131499938964844e+02, 3.131499938964844e+02, 3.131499938964844e+02, 3.131499938964844e+02, 3.131499938964844e+02, 3.131499938964844e+02, 3.131499938964844e+02, 3.131499938964844e+02, 3.131499938964844e+02, 3.131499938964844e+02, 3.131499938964844e+02, 3.131499938964844e+02, 3.131499938964844e+02, 3.131499938964844e+02, 3.131499938964844e+02, 3.131499938964844e+02, 3.131499938964844e+02, 3.131499938964844e+02, 3.131499938964844e+02, 3.131499938964844e+02]
dHW_ProfileReader.TDHW_actual=[2.931499938964844e+02, 2.931499938964844e+02, 2.931499938964844e+02, 2.931499938964844e+02, 2.931499938964844e+02, 2.931499938964844e+02, 2.931499938964844e+02, 2.931499938964844e+02, 2.931499938964844e+02, 2.931499938964844e+02, 2.931499938964844e+02, 2.931499938964844e+02, 2.931499938964844e+02, 3.181499938964844e+02, 3.181499938964844e+02, 3.181499938964844e+02, 3.181499938964844e+02, 3.181499938964844e+02, 3.181499938964844e+02, 3.181499938964844e+02, 3.181499938964844e+02, 3.181499938964844e+02, 3.181499938964844e+02, 3.181499938964844e+02, 3.181499938964844e+02, 3.181499938964844e+02, 3.181499938964844e+02, 3.181499938964844e+02, 3.181499938964844e+02, 3.181499938964844e+02, 3.181499938964844e+02, 3.181499938964844e+02, 3.181499938964844e+02, 3.181499938964844e+02, 3.181499938964844e+02, 3.181499938964844e+02, 3.181499938964844e+02, 3.181499938964844e+02, 3.181499938964844e+02, 3.181499938964844e+02, 3.181499938964844e+02, 3.181499938964844e+02, 3.181499938964844e+02, 3.181499938964844e+02, 3.181499938964844e+02, 3.181499938964844e+02, 3.181499938964844e+02, 3.181499938964844e+02, 3.181499938964844e+02, 3.181499938964844e+02, 3.181499938964844e+02, 3.181499938964844e+02, 3.181499938964844e+02, 3.181499938964844e+02, 3.181499938964844e+02, 3.181499938964844e+02, 3.181499938964844e+02, 3.181499938964844e+02, 3.181499938964844e+02, 3.181499938964844e+02, 3.181499938964844e+02, 3.181499938964844e+02, 3.181499938964844e+02, 3.181499938964844e+02, 3.181499938964844e+02, 3.181499938964844e+02, 3.181499938964844e+02, 3.181499938964844e+02, 3.181499938964844e+02, 3.181499938964844e+02, 3.181499938964844e+02, 3.181499938964844e+02, 3.181499938964844e+02, 3.181499938964844e+02, 3.181499938964844e+02, 3.181499938964844e+02, 3.181499938964844e+02, 3.131498413085938e+02, 3.131498413085938e+02, 3.131498413085938e+02, 3.131498413085938e+02, 3.131498413085938e+02, 3.131498413085938e+02, 3.131498413085938e+02, 3.131498413085938e+02, 3.131498413085938e+02, 3.131498413085938e+02, 3.131498413085938e+02, 3.131498413085938e+02, 3.131498413085938e+02, 3.131498413085938e+02, 3.131498413085938e+02, 3.131498413085938e+02, 3.131498413085938e+02, 3.131498413085938e+02, 3.131498413085938e+02, 3.131498413085938e+02, 3.131498413085938e+02, 3.131498413085938e+02, 3.131498413085938e+02, 3.131498413085938e+02]
bou.T=[3.33e+02, 3.33e+02]
