last-generated=2016-07-18
statistics-simulation=
{
  "numerical Jacobians": "0", 
  "nonlinear": "9, 1", 
  "number of continuous time states": "10", 
  "linear": "0, 0, 5, 5, 0, 0"
}
zone1.propsBus[4].surfRad.T=[293.149993896484375, 290.66151936848956438553, 288.47474161783856061447, 286.850067138671875, 286.67572021484375, 286.28166707356768938553, 285.5626220703125, 284.95231119791668561447, 284.27519734700518938553, 283.555633544921875, 282.73116048177081438553, 281.91591389973956438553, 281.650177001953125, 281.52813720703125, 281.187744140625, 280.7015380859375, 280.26122029622393938553, 279.779876708984375, 279.429229736328125, 279.17219034830731061447, 279.02782185872393938553, 279.69927978515625, 280.07237752278643938553, 280.21197509765625, 280.2139892578125, 280.038818359375, 279.73967488606768938553, 279.297821044921875, 278.77173868815106061447, 278.54793294270831438553, 279.635589599609375, 279.70686848958331438553, 279.217193603515625, 278.74041748046875, 278.09696451822918561447, 277.36918131510418561447, 276.566986083984375, 275.850494384765625, 280.1470947265625, 288.03546142578125, 286.13499959309893938553, 282.86566162109375, 281.214202880859375, 279.83536783854168561447, 278.63454182942706438553, 277.610565185546875, 276.826904296875, 276.59641520182293561447, 279.05487060546875, 277.989532470703125, 277.364105224609375, 276.94061279296875, 276.53868611653643938553, 276.202056884765625, 275.94573974609375, 276.09181722005206438553, 276.904449462890625, 277.310211181640625, 277.20293172200518938553, 277.03226725260418561447, 276.718231201171875, 276.26435343424481061447, 275.71422322591143938553, 275.163177490234375, 275.738037109375, 275.81520589192706438553, 275.624664306640625, 275.219451904296875, 274.78719075520831438553, 274.285919189453125, 273.74857584635418561447, 273.298828125, 272.955841064453125, 273.55962117513018938553, 273.98167928059893938553, 273.834075927734375, 273.731109619140625, 273.54669189453125, 273.36279296875, 273.196441650390625, 273.07123819986981061447, 273.353790283203125, 274.16295369466143938553, 274.61894734700518938553, 274.596832275390625, 274.530364990234375, 274.40227254231768938553, 274.23883056640625, 274.07451375325518938553, 273.94016520182293561447, 276.86614990234375, 279.30681355794268938553, 278.67157999674481061447, 278.053436279296875, 277.325164794921875, 276.38470458984375, 274.93817138671875, 273.26160685221356061447, 271.772430419921875, 274.32196044921875, 271.987335205078125]
zone1.propsBus[2].surfRad.T=[291.8199462890625, 290.343902587890625, 288.21923828125, 286.7454833984375, 286.64368693033856061447, 286.19004313151043561447, 285.477294921875, 284.86351521809893938553, 284.17696126302081438553, 283.44891357421875, 282.61747233072918561447, 281.80452473958331438553, 281.664154052734375, 281.49354044596356061447, 281.11070760091143938553, 280.634490966796875, 280.19928995768231061447, 279.707611083984375, 279.39007568359375, 279.14084879557293561447, 279.01127115885418561447, 279.747161865234375, 280.13855997721356061447, 280.211883544921875, 280.191253662109375, 280.00409952799481061447, 279.68598429361981061447, 279.22821044921875, 278.69417317708331438553, 278.86675008138018938553, 279.688018798828125, 279.65008544921875, 279.16258748372393938553, 278.651580810546875, 277.99077351888018938553, 277.26014200846356061447, 276.4697265625, 275.75267537434893938553, 281.12788899739581438553, 288.92864990234375, 285.07000732421875, 282.629119873046875, 281.018829345703125, 279.66968790690106061447, 278.4818115234375, 277.487457275390625, 276.74213663736981061447, 276.54863484700518938553, 279.128936767578125, 277.79143269856768938553, 277.29673258463543561447, 276.889556884765625, 276.48055013020831438553, 276.162384033203125, 275.910614013671875, 276.4908447265625, 276.96745808919268938553, 277.311065673828125, 277.19483439127606061447, 276.99352010091143938553, 276.661407470703125, 276.18894449869793561447, 275.63025919596356061447, 275.08709716796875, 275.76810709635418561447, 275.868072509765625, 275.51910400390625, 275.15854899088543561447, 274.72437540690106061447, 274.20770263671875, 273.6773681640625, 273.2374267578125, 272.92681884765625, 273.638458251953125, 274.02276611328125, 273.823150634765625, 273.707733154296875, 273.51609293619793561447, 273.344635009765625, 273.17475382486981061447, 273.047332763671875, 273.580902099609375, 274.27524820963543561447, 274.65726725260418561447, 274.59881591796875, 274.510498046875, 274.38312784830731061447, 274.213531494140625, 274.05222574869793561447, 273.92244466145831438553, 277.040252685546875, 279.29693603515625, 278.45170084635418561447, 277.9642333984375, 277.20710245768231061447, 276.22548421223956438553, 274.72442626953125, 273.04390462239581438553, 271.79445393880206438553, 274.212890625, 271.826873779296875]
zone1.propsBus[3].surfRad.T=[293.149993896484375, 290.422760009765625, 288.33803304036456438553, 286.75750732421875, 286.568267822265625, 286.210113525390625, 285.51025390625, 284.89082845052081438553, 284.20465087890625, 283.474853515625, 282.65966796875, 281.85469563802081438553, 281.55718994140625, 281.44767252604168561447, 281.128143310546875, 280.646759033203125, 280.19907633463543561447, 279.69914754231768938553, 279.368438720703125, 279.11661783854168561447, 278.98096720377606061447, 279.646240234375, 280.04500325520831438553, 280.18492635091143938553, 280.176513671875, 279.986907958984375, 279.68402099609375, 279.23443603515625, 278.71501668294268938553, 278.46659342447918561447, 279.530914306640625, 279.63307698567706438553, 279.14215087890625, 278.650177001953125, 278.00025431315106061447, 277.28086344401043561447, 276.484344482421875, 275.77772013346356061447, 279.70909627278643938553, 287.34735107421875, 285.86988321940106061447, 282.74409993489581438553, 281.120697021484375, 279.75429280598956438553, 278.56159464518231061447, 277.549468994140625, 276.77852376302081438553, 276.55181884765625, 278.827972412109375, 277.92649332682293561447, 277.29384358723956438553, 276.868316650390625, 276.46828206380206438553, 276.139251708984375, 275.88800048828125, 276.00523885091143938553, 276.84401448567706438553, 277.268310546875, 277.14534505208331438553, 276.96320597330731061447, 276.649658203125, 276.18412272135418561447, 275.63105265299481061447, 275.07843017578125, 275.59715779622393938553, 275.72844441731768938553, 275.5545654296875, 275.15250651041668561447, 274.72154744466143938553, 274.2271728515625, 273.69676717122393938553, 273.255279541015625, 272.914642333984375, 273.50001017252606061447, 273.93229166666668561447, 273.788360595703125, 273.69087727864581438553, 273.502410888671875, 273.324066162109375, 273.15891520182293561447, 273.036529541015625, 273.28668212890625, 274.12946573893231061447, 274.60869344075518938553, 274.57489013671875, 274.500518798828125, 274.366729736328125, 274.20123291015625, 274.040802001953125, 273.91249593098956438553, 276.672821044921875, 279.145111083984375, 278.63318888346356061447, 277.983367919921875, 277.24315388997393938553, 276.29771931966143938553, 274.81048583984375, 273.14637247721356061447, 271.659515380859375, 273.945220947265625, 271.801727294921875]
zone1.propsBus[1].surfRad.T=[293.149993896484375, 291.00347900390625, 288.60888671875, 286.880096435546875, 286.41913859049481061447, 286.16749064127606061447, 285.627960205078125, 285.03580729166668561447, 284.37614949544268938553, 283.6749267578125, 282.81404622395831438553, 281.98157755533856061447, 281.520660400390625, 281.42559814453125, 281.20485432942706438553, 280.787017822265625, 280.35990397135418561447, 279.92094930013018938553, 279.529449462890625, 279.26729329427081438553, 279.11104329427081438553, 279.518310546875, 279.97666422526043561447, 280.27199300130206438553, 280.28558349609375, 280.12836710611981061447, 279.82813517252606061447, 279.39422607421875, 278.85126749674481061447, 278.48885091145831438553, 279.295654296875, 279.602325439453125, 279.35370890299481061447, 278.898223876953125, 278.25806681315106061447, 277.49867757161456438553, 276.6806640625, 275.95221964518231061447, 278.37364705403643938553, 285.033538818359375, 285.678619384765625, 282.97440592447918561447, 281.29217529296875, 279.9010009765625, 278.69561767578125, 277.659759521484375, 276.86020914713543561447, 276.5643310546875, 278.1319580078125, 278.03053792317706438553, 277.48127237955731061447, 277.062744140625, 276.65589396158856061447, 276.30626424153643938553, 276.04888916015625, 276.0223388671875, 276.68805948893231061447, 277.239013671875, 277.3125, 277.15568033854168561447, 276.837310791015625, 276.40221150716143938553, 275.850494384765625, 275.305419921875, 275.45146687825518938553, 275.6461181640625, 275.662017822265625, 275.33587646484375, 274.88609822591143938553, 274.3692626953125, 273.80743408203125, 273.35576375325518938553, 273.00390625, 273.34806315104168561447, 273.83233642578125, 273.921905517578125, 273.801727294921875, 273.62302652994793561447, 273.4251708984375, 273.26256306966143938553, 273.13276163736981061447, 273.228668212890625, 273.89487711588543561447, 274.51383463541668561447, 274.64404296875, 274.58423868815106061447, 274.46202596028643938553, 274.301666259765625, 274.12931315104168561447, 273.985198974609375, 275.837188720703125, 278.35022989908856061447, 278.63897705078125, 278.167083740234375, 277.444671630859375, 276.50403849283856061447, 275.105865478515625, 273.387603759765625, 271.78879801432293561447, 273.22125244140625, 271.887054443359375]
time=[0., 1000000.]
