last-generated=2017-01-25
statistics-simulation=
{
  "numerical Jacobians": "0", 
  "nonlinear": " ", 
  "linear": " "
}
calendarTime2016.year=[2016., 2016., 2016., 2016., 2016., 2016., 2016., 2016., 2016., 2016., 2016., 2016., 2016., 2016., 2016., 2016., 2016., 2016., 2016., 2016., 2016., 2016., 2016., 2016., 2016., 2016., 2016., 2016., 2016., 2016., 2016., 2016., 2017., 2017., 2017., 2017., 2017., 2017., 2017., 2017., 2017., 2017., 2017., 2017., 2017., 2017., 2017., 2017., 2017., 2017., 2017., 2017., 2017., 2017., 2017., 2017., 2017., 2017., 2017., 2017., 2017., 2017., 2017., 2017., 2018., 2018., 2018., 2018., 2018., 2018., 2018., 2018., 2018., 2018., 2018., 2018., 2018., 2018., 2018., 2018., 2018., 2018., 2018., 2018., 2018., 2018., 2018., 2018., 2018., 2018., 2018., 2018., 2018., 2018., 2018., 2019., 2019., 2019., 2019., 2019., 2019.]
time=[0., 100000000.]
calendarTime2016.month=[1., 1., 1., 2., 2., 2., 3., 3., 4., 4., 4., 5., 5., 5., 6., 6., 7., 7., 7., 8., 8., 8., 9., 9., 10., 10., 10., 11., 11., 12., 12., 12., 1., 1., 1., 2., 2., 3., 3., 3., 4., 4., 5., 5., 5., 6., 6., 6., 7., 7., 8., 8., 8., 9., 9., 9., 10., 10., 11., 11., 11., 12., 12., 12., 1., 1., 2., 2., 2., 3., 3., 4., 4., 4., 5., 5., 5., 6., 6., 7., 7., 7., 8., 8., 8., 9., 9., 10., 10., 10., 11., 11., 11., 12., 12., 1., 1., 1., 2., 2., 3.]
calendarTime2016.day=[1., 12., 24., 4., 16., 27., 10., 22., 2., 14., 25., 7., 18., 30., 11., 22., 4., 15., 27., 7., 19., 31., 11., 23., 4., 16., 27., 8., 20., 1., 13., 24., 5., 16., 28., 9., 20., 4., 15., 27., 7., 19., 1., 12., 24., 4., 16., 27., 9., 21., 1., 13., 24., 5., 16.05577689243028061128, 28., 10., 21., 2., 13., 25., 7., 18., 30., 10., 22., 2., 14., 26., 9., 21., 1., 13., 24., 6., 18., 29., 10., 21., 3., 14., 26., 7., 18., 30., 10., 22., 3., 15., 27., 7., 19., 30., 12., 23., 4., 16., 27., 8., 19., 3.]
calendarTime2016.hour=[0., 13.00099900099900018802, 3., 17., 7., 20.00499500499500626916, 10., 0., 14., 3.00899100899100879758, 17.0099900099900089856, 7., 21., 11., 0.0139860139878747701, 14., 4., 18., 7.01796407185628723369, 21.01996007984032033278, 11., 1., 15., 4.02395209580838297825, 18., 8., 22., 11.02794411177644740008, 1.02800000000372526721, 15., 5., 19., 8.03200000000000002842, 22., 12., 2., 15.03599999999999958789, 5.03599999999999958789, 19., 9., 23., 12.03999999999999914735, 2., 16., 6., 19.04400000000000048317, 9.04780876494023900136, 23., 13., 3., 16.04799999999999826628, 6., 20., 10., 21.71713147410358502043, 13.0560000000074509785, 3., 17., 7., 20.05976095617529963988, 10., 0., 14., 3.06400000000000005684, 17.06400000000000005684, 7., 21., 11., 0.06400000000000000133, 14., 4., 18., 7.07200000000000006395, 21.07199999999999917577, 11., 1., 15., 4.07936507936507908312, 18., 8., 22., 11.08000000000000007105, 1.08000000000000007105, 15., 5., 19., 8.08799999999999918998, 22., 12., 2., 15.08799999999999918998, 5.08800000000000007816, 19., 9., 23., 12.09600000000000008527, 2., 16., 6., 19.09600000000000008527, 9.]
calendarTime2016.minute=[0., 46.60672813100176625767, 33.33333257242635028206, 20.0000007659881617883, 6.66666656964785087069, 53.03363303395060768253, 40.00000150911100860185, 26.66666591085639126391, 13.33333314310658757051, 59.4605379438066847797, 46.06726606790121536505, 33.33333482847108797387, 19.9999992492553815282, 6.666666476757495019, 52.49417099577839707081, 40.0000000152435433165, 26.66666627096963182453, 13.31693352508544947455, 58.92185703437485244649, 45.48539437886007874567, 33.33366668701172130795, 19.98366626739501938914, 6.66630092400038787304, 51.91247579151998792213, 40.00039849853515505629, 26.65040002441406130629, 13.33290050986284214218, 58.33955349037033499826, 44.98713407786445372949, 33.31713183587535098695, 19.999501028460656471, 6.68280117716379962189, 51.41386593627929357808, 39.98386746215820153338, 26.63386701965331937458, 13.34820713939894787359, 57.84060149383545024193, 44.49059926509857376686, 33.36467543826159953824, 20.01733367919921846578, 6.66733329772949190328, 50.91733478546142777077, 39.96733261108398238548, 26.68114290579381631119, 13.33406700897216801138, 57.34406666946411235131, 43.82908511446766652853, 33.35079928588866948758, 20.00080081176757929029, 6.65079988479614225838, 50.42080000305175957465, 40.014078406223738682, 26.66753262329101659134, 13.31753314590454095878, 56.68392952694836139926, 43.32426666990431840532, 33.33426803601297194746, 19.98426596056905779619, 6.63426647936788693727, 49.76135317357887544176, 40.00100006103515681843, 26.65099956512451129242, 13.36347961045831311822, 56.17773403930664244399, 42.82773190307617028338, 33.31773339843749681677, 19.96773289489745906167, 6.67994707431483458748, 49.42773403930664244399, 40.05119854736328477429, 26.70120007324218747158, 13.35119969177246090908, 55.68119931030273761507, 42.33120071601867806521, 33.30119854736328477429, 19.95120007324218747158, 6.72407421233162061469, 48.61216862996419507681, 40.03466751098633125139, 26.68466697692871036907, 13.33466659545898380657, 55.18466804504394218611, 41.83466596603393838905, 33.28466751098633125139, 19.93466697692871036907, 6.71813325500488289777, 48.08813469696045217461, 40.01813265991211210348, 26.66813418579101480077, 13.31813363647460946027, 54.68813333892822470261, 41.33813472843170444548, 33.38888822283063717578, 20.03888974870954342578, 6.70159986495971704556, 47.59160000610351914929, 40.00160125732421789735, 26.65159933471679565287, 13.30159981536865210217, 54.19159866333007613548, 46.666667938232421875]
