last-generated=2017-01-02
statistics-simulation=
{
  "numerical Jacobians": "0", 
  "nonlinear": "1", 
  "linear": " "
}
HDifTilIso.HGroDifTil=[0.00000999999974737875, 0.00000999999974737875, 0.00000999999974737875, 0.00000999999974737875, 0.00000999999974737875, 0.00000999999974737875, 0.00000999999974737875, 0.00000999999974737875, 0.00000999999974737875, 0.00000999999974737875, 0.00000999999974737875, 0.00000999999974737875, 0.00000999999974737875, 0.00000999999974737875, 0.00000999999974737875, 0.00000999999974737875, 0.00000999999974737875, 0.00000999999974737875, 0.00000999999974737875, 0.00000999999974737875, 0.00000999999974737875, 0.00000999999974737875, 0.00000999999974737875, 0.00000999999974737875, 0.00000999999974737875, 0.00000999999974737875, 0.00000999999974737875, 0.00000999999974737875, 0.00000999999974737875, 0.00000999999974737875, 0.00000999999974737875, 0.00000999999974737875, 0.00000999999974737875, 0.00000999999974737875, 0.00000999999974737875, 0.00000999999974737875, 0.00000999999974737875, 0.00000999999974737875, 0.00000999999974737875, 0.00000999999974737875, 0.00000999999974737875, 0.00000999999974737875, 0.00000999999974737875, 0.00000999999974737875, 0.00000999999974737875, 0.00000999999974737875, 0.00000999999974737875, 0.00000999999974737875, 0.00000999999974737875, 0.00000999999974737875, 0.00000999999974737875, 0.00000999999974737875, 0.00000999999974737875, 0.00000999999974737875, 0.00000999999974737875, 0.00000999999974737875, 0.00000999999974737875, 0.00000999999974737875, 0.00000999999974737875, 0.00000999999974737875, 0.00000999999974737875, 0.00000999999974737875, 0.00000999999974737875, 0.00000999999974737875, 0.00000999999974737875, 0.00000999999974737875, 0.00000999999974737875, 0.00000999999974737875, 0.00000999999974737875, 0.00000999999974737875, 0.00000999999974737875, 0.00000999999974737875, 0.00000999999974737875, 0.00000999999974737875, 0.00000999999974737875, 0.00000999999974737875, 0.00000999999974737875, 0.00000999999974737875, 0.00000999999974737875, 0.00000999999974737875, 0.00000999999974737875, 0.00000999999974737875, 0.00000999999974737875, 0.00000999999974737875, 0.00000999999974737875, 0.00000999999974737875, 0.00000999999974737875, 0.00000999999974737875, 0.00000999999974737875, 0.00000999999974737875, 0.00000999999974737875, 0.00000999999974737875, 0.00000999999974737875, 0.00000999999974737875, 0.00000999999974737875, 0.00000999999974737875, 0.00000999999974737875, 0.00000999999974737875, 0.00000999999974737875, 0.00000999999974737875, 0.00000999999974737875]
HDifTilIso.HSkyDifTil=[0.00004999999873689376, 0.00004999999873689376, 0.00004999999873689376, 0.00004999999873689376, 0.00004999999873689376, 0.00004999999873689376, 0.00004999999873689376, 0.00004999999873689376, 0.00004999999873689376, 0.00004999999873689376, 0.00004999999873689376, 0.00004999999873689376, 0.00004999999873689376, 0.00004999999873689376, 0.00004999999873689376, 0.00004999999873689376, 0.00004999999873689376, 0.00004999999873689376, 0.00004999999873689376, 0.00004999999873689376, 0.00004999999873689376, 0.00004999999873689376, 0.00004999999873689376, 0.00004999999873689376, 0.00004999999873689376, 0.00004999999873689376, 0.00004999999873689376, 0.00004999999873689376, 0.00004999999873689376, 0.00004999999873689376, 0.00004999999873689376, 0.00004999999873689376, 0.00004999999873689376, 0.00004999999873689376, 0.00004999999873689376, 0.00004999999873689376, 0.00004999999873689376, 0.00004999999873689376, 0.00004999999873689376, 0.00004999999873689376, 0.00004999999873689376, 0.00004999999873689376, 0.00004999999873689376, 0.00004999999873689376, 0.00004999999873689376, 0.00004999999873689376, 0.00004999999873689376, 0.00004999999873689376, 0.00004999999873689376, 0.00004999999873689376, 0.00004999999873689376, 0.00004999999873689376, 0.00004999999873689376, 0.00004999999873689376, 0.00004999999873689376, 0.00004999999873689376, 0.00004999999873689376, 0.00004999999873689376, 0.00004999999873689376, 0.00004999999873689376, 0.00004999999873689376, 0.00004999999873689376, 0.00004999999873689376, 0.00004999999873689376, 0.00004999999873689376, 0.00004999999873689376, 0.00004999999873689376, 0.00004999999873689376, 0.00004999999873689376, 0.00004999999873689376, 0.00004999999873689376, 0.00004999999873689376, 0.00004999999873689376, 0.00004999999873689376, 0.00004999999873689376, 0.00004999999873689376, 0.00004999999873689376, 0.00004999999873689376, 0.00004999999873689376, 0.00004999999873689376, 0.00004999999873689376, 0.00004999999873689376, 0.00004999999873689376, 0.00004999999873689376, 0.00004999999873689376, 0.00004999999873689376, 0.00004999999873689376, 0.00004999999873689376, 0.00004999999873689376, 0.00004999999873689376, 0.00004999999873689376, 0.00004999999873689376, 0.00004999999873689376, 0.00004999999873689376, 0.00004999999873689376, 0.00004999999873689376, 0.00004999999873689376, 0.00004999999873689376, 0.00004999999873689376, 0.00004999999873689376, 0.00004999999873689376]
time=[0., 8640000.]
