last-generated=2017-01-24
statistics-initialization=
{
  "numerical Jacobians": "0", 
  "nonlinear": "1, 1, 1, 1"
}
statistics-simulation=
{
  "numerical Jacobians": "0", 
  "nonlinear": "1, 0, 1, 1", 
  "linear": " "
}
pump_y.m_flow=[0., 0., 0., 0., 0., 0., 0., 0., 0., 0., 0., 0., 0., 0., 0., 0., 0., 0., 0., 0., 0., 0., 0., 0., 0., 0., 0., 0., 0., 0., 0.80036961810131401762, 0.80037438869476318359, 0.80037438869476318359, 0.80037438869476318359, 0.80037438869476318359, 0.80037438869476318359, 0.80037438869476318359, 0.80037438869476318359, 0.80037438869476318359, 0.80037438869476318359, 0.80037438869476318359, 0.80037438869476318359, 0.80037438869476318359, 0.80037438869476318359, 0.80037438869476318359, 0.80037438869476318359, 0.80037438869476318359, 0.80037438869476318359, 0.80037438869476318359, 0.80037438869476318359, 0.80037438869476318359, 0.80037438869476318359, 0.80037438869476318359, 0.80037438869476318359, 0.80037438869476318359, 0.80037438869476318359, 0.80037438869476318359, 0.80037438869476318359, 0.80037438869476318359, 0.80037438869476318359, 1.60096239347461244407, 1.60097193717956542969, 1.60097193717956542969, 1.60097193717956542969, 1.60097193717956542969, 1.60097193717956542969, 1.60097193717956542969, 1.60097193717956542969, 1.60097193717956542969, 1.60097193717956542969, 1.60097193717956542969, 1.60097193717956542969, 1.60097193717956542969, 1.60097193717956542969, 1.60097193717956542969, 1.60097193717956542969, 1.60097193717956542969, 1.60097193717956542969, 1.60097193717956542969, 1.60097193717956542969, 1.60097193717956542969, 1.60097193717956542969, 1.60097193717956542969, 1.60097193717956542969, 1.60097193717956542969, 1.60097193717956542969, 1.60097193717956542969, 1.60097193717956542969, 1.60097193717956542969, 1.60097193717956542969, 1.60097193717956542969, 1.60097193717956542969, 1.60097193717956542969, 1.60097193717956542969, 1.60097193717956542969, 1.60097193717956542969, 1.60097193717956542969, 1.60097193717956542969, 1.60097193717956542969, 1.60097193717956542969, 1.60097193717956542969]
pump_Nrpm.m_flow=[0., 0., 0., 0., 0., 0., 0., 0., 0., 0., 0., 0., 0., 0., 0., 0., 0., 0., 0., 0., 0., 0., 0., 0., 0., 0., 0., 0., 0., 0., 0.88932437105256068044, 0.88932967185974121094, 0.88932967185974121094, 0.88932967185974121094, 0.88932967185974121094, 0.88932967185974121094, 0.88932967185974121094, 0.88932967185974121094, 0.88932967185974121094, 0.88932967185974121094, 0.88932967185974121094, 0.88932967185974121094, 0.88932967185974121094, 0.88932967185974121094, 0.88932967185974121094, 0.88932967185974121094, 0.88932967185974121094, 0.88932967185974121094, 0.88932967185974121094, 0.88932967185974121094, 0.88932967185974121094, 0.88932967185974121094, 0.88932967185974121094, 0.88932967185974121094, 0.88932967185974121094, 0.88932967185974121094, 0.88932967185974121094, 0.88932967185974121094, 0.88932967185974121094, 0.88932967185974121094, 1.77887189939290735197, 1.77888250350952148438, 1.77888250350952148438, 1.77888250350952148438, 1.77888250350952148438, 1.77888250350952148438, 1.77888250350952148438, 1.77888250350952148438, 1.77888250350952148438, 1.77888250350952148438, 1.77888250350952148438, 1.77888250350952148438, 1.77888250350952148438, 1.77888250350952148438, 1.77888250350952148438, 1.77888250350952148438, 1.77888250350952148438, 1.77888250350952148438, 1.77888250350952148438, 1.77888250350952148438, 1.77888250350952148438, 1.77888250350952148438, 1.77888250350952148438, 1.77888250350952148438, 1.77888250350952148438, 1.77888250350952148438, 1.77888250350952148438, 1.77888250350952148438, 1.77888250350952148438, 1.77888250350952148438, 1.77888250350952148438, 1.77888250350952148438, 1.77888250350952148438, 1.77888250350952148438, 1.77888250350952148438, 1.77888250350952148438, 1.77888250350952148438, 1.77888250350952148438, 1.77888250350952148438, 1.77888250350952148438, 1.77888250350952148438]
pump_dp.m_flow=[0., 0., 0., 0., 0., 0., 0., 0., 0., 0., 0., 0., 0., 0., 0., 0., 0., 0., 0., 0., 0., 0., 0., 0., 0., 0., 0., 0., 0., 0., 1.41420510881737770958, 1.41421353816986083984, 1.41421353816986083984, 1.41421353816986083984, 1.41421353816986083984, 1.41421353816986083984, 1.41421353816986083984, 1.41421353816986083984, 1.41421353816986083984, 1.41421353816986083984, 1.41421353816986083984, 1.41421353816986083984, 1.41421353816986083984, 1.41421353816986083984, 1.41421353816986083984, 1.41421353816986083984, 1.41421353816986083984, 1.41421353816986083984, 1.41421353816986083984, 1.41421353816986083984, 1.41421353816986083984, 1.41421353816986083984, 1.41421353816986083984, 1.41421353816986083984, 1.41421353816986083984, 1.41421353816986083984, 1.41421353816986083984, 1.41421353816986083984, 1.41421353816986083984, 1.41421353816986083984, 1.9999930169994053486, 2., 2., 2., 2., 2., 2., 2., 2., 2., 2., 2., 2., 2., 2., 2., 2., 2., 2., 2., 2., 2., 2., 2., 2., 2., 2., 2., 2., 2., 2., 2., 2., 2., 2., 2., 2., 2., 2., 2., 2.]
pump_m_flow.m_flow=[0., 0., 0., 0., 0., 0., 0., 0., 0., 0., 0., 0., 0., 0., 0., 0., 0., 0., 0., 0., 0., 0., 0., 0., 0., 0., 0., 0., 0., 0., 0.99999403954759613633, 1., 1., 1., 1., 1., 1., 1., 1., 1., 1., 1., 1., 1., 1., 1., 1., 1., 1., 1., 1., 1., 1., 1., 1., 1., 1., 1., 1., 1., 1.99998807927282440389, 2., 2., 2., 2., 2., 2., 2., 2., 2., 2., 2., 2., 2., 2., 2., 2., 2., 2., 2., 2., 2., 2., 2., 2., 2., 2., 2., 2., 2., 2., 2., 2., 2., 2., 2., 2., 2., 2., 2., 2.]
time=[0., 1.]
