last-generated=2015-09-02
statistics-simulation=
{
  "numerical Jacobians": "0", 
  "nonlinear": " ", 
  "number of continuous time states": "8", 
  "linear": "0"
}
THeaOut.T=[293.149993896484375, 290.322479248046875, 290.381866455078125, 290.4322509765625, 290.352264404296875, 290.259552001953125, 290.14990234375, 290.02496337890625, 289.88604736328125, 289.735565185546875, 289.575836181640625, 289.409393310546875, 289.238861083984375, 289.178436279296875, 289.3721923828125, 297.907196044921875, 293.869415283203125, 293.5107421875, 293.375244140625, 293.2491455078125, 293.152099609375, 293.222869873046875, 293.3673095703125, 293.538787841796875, 293.70526123046875, 293.843994140625, 293.93609619140625, 293.97412109375, 293.950958251953125, 293.860626220703125, 293.701812744140625, 293.4759521484375, 293.18170166015625, 293.5198974609375, 293.658905029296875, 293.8194580078125, 293.985809326171875, 294.156341552734375, 294.328277587890625, 294.4989013671875, 292.40777587890625, 290.777740478515625, 289.4869384765625, 290.00921630859375, 290.144927978515625, 290.255828857421875, 290.34844970703125, 290.42193603515625, 290.475433349609375, 290.5079345703125, 290.519134521484375, 290.5087890625, 290.47698974609375, 290.424102783203125, 290.3507080078125, 290.258544921875, 290.14935302734375, 290.024810791015625, 289.886627197265625, 289.73651123046875, 289.576171875, 289.40936279296875, 289.238861083984375, 289.17803955078125, 289.371917724609375, 297.907012939453125, 293.870086669921875, 293.506927490234375, 293.375213623046875, 293.249176025390625, 293.152191162109375, 293.222869873046875, 293.36724853515625, 293.538787841796875, 293.70526123046875, 293.843994140625, 293.936126708984375, 293.974151611328125, 293.950958251953125, 293.860595703125, 293.701812744140625, 293.4759521484375, 293.179412841796875, 293.519012451171875, 293.6590576171875, 293.819427490234375, 293.98583984375, 294.156341552734375, 294.328277587890625, 294.4989013671875, 292.40777587890625, 290.777801513671875, 289.4869384765625, 290.010162353515625, 290.1513671875, 290.25592041015625, 290.3486328125, 290.421875, 290.475433349609375, 290.50799560546875, 290.5191650390625]
TSet.y=[289.149993896484375, 289.149993896484375, 289.149993896484375, 289.149993896484375, 289.149993896484375, 289.149993896484375, 289.149993896484375, 289.149993896484375, 289.149993896484375, 289.149993896484375, 289.149993896484375, 289.149993896484375, 289.149993896484375, 289.149993896484375, 289.149993896484375, 293.149993896484375, 293.149993896484375, 293.149993896484375, 293.149993896484375, 293.149993896484375, 293.149993896484375, 293.149993896484375, 293.149993896484375, 293.149993896484375, 293.149993896484375, 293.149993896484375, 293.149993896484375, 293.149993896484375, 293.149993896484375, 293.149993896484375, 293.149993896484375, 293.149993896484375, 293.149993896484375, 293.149993896484375, 293.149993896484375, 293.149993896484375, 293.149993896484375, 293.149993896484375, 293.149993896484375, 293.149993896484375, 289.149993896484375, 289.149993896484375, 289.149993896484375, 289.149993896484375, 289.149993896484375, 289.149993896484375, 289.149993896484375, 289.149993896484375, 289.149993896484375, 289.149993896484375, 289.149993896484375, 289.149993896484375, 289.149993896484375, 289.149993896484375, 289.149993896484375, 289.149993896484375, 289.149993896484375, 289.149993896484375, 289.149993896484375, 289.149993896484375, 289.149993896484375, 289.149993896484375, 289.149993896484375, 289.149993896484375, 289.149993896484375, 293.149993896484375, 293.149993896484375, 293.149993896484375, 293.149993896484375, 293.149993896484375, 293.149993896484375, 293.149993896484375, 293.149993896484375, 293.149993896484375, 293.149993896484375, 293.149993896484375, 293.149993896484375, 293.149993896484375, 293.149993896484375, 293.149993896484375, 293.149993896484375, 293.149993896484375, 293.149993896484375, 293.149993896484375, 293.149993896484375, 293.149993896484375, 293.149993896484375, 293.149993896484375, 293.149993896484375, 293.149993896484375, 289.149993896484375, 289.149993896484375, 289.149993896484375, 289.149993896484375, 289.149993896484375, 289.149993896484375, 289.149993896484375, 289.149993896484375, 289.149993896484375, 289.149993896484375, 289.149993896484375]
TVol.T=[293.149993896484375, 290.280181884765625, 289.18963623046875, 289.1500244140625, 289.151092529296875, 289.151275634765625, 289.1514892578125, 289.15167236328125, 289.151824951171875, 289.1519775390625, 289.152069091796875, 289.152130126953125, 289.152191162109375, 289.18035888671875, 289.377044677734375, 292.55718994140625, 293.154754638671875, 293.15087890625, 293.151641845703125, 293.1514892578125, 293.15234375, 293.2249755859375, 293.3702392578125, 293.541900634765625, 293.708038330078125, 293.846099853515625, 293.93731689453125, 293.974273681640625, 293.949920654296875, 293.858367919921875, 293.6983642578125, 293.4713134765625, 293.179473876953125, 293.148193359375, 293.148162841796875, 293.14794921875, 293.147857666015625, 293.1478271484375, 293.1478271484375, 293.147857666015625, 292.374725341796875, 290.75189208984375, 289.466217041015625, 289.139068603515625, 289.14886474609375, 289.14874267578125, 289.148956298828125, 289.149169921875, 289.149444580078125, 289.14971923828125, 289.149993896484375, 289.1502685546875, 289.150543212890625, 289.150787353515625, 289.151031494140625, 289.151275634765625, 289.1514892578125, 289.15167236328125, 289.151824951171875, 289.1519775390625, 289.152099609375, 289.152130126953125, 289.152191162109375, 289.179931640625, 289.37677001953125, 292.556976318359375, 293.155181884765625, 293.1513671875, 293.15155029296875, 293.151519775390625, 293.152313232421875, 293.224945068359375, 293.370208740234375, 293.541900634765625, 293.708038330078125, 293.846099853515625, 293.937347412109375, 293.97430419921875, 293.949920654296875, 293.858367919921875, 293.6983642578125, 293.4713134765625, 293.17889404296875, 293.147979736328125, 293.148193359375, 293.14794921875, 293.147857666015625, 293.1478271484375, 293.1478271484375, 293.147857666015625, 292.374725341796875, 290.751953125, 289.466217041015625, 289.1395263671875, 289.148834228515625, 289.14874267578125, 289.14892578125, 289.149200439453125, 289.149444580078125, 289.14971923828125, 289.149993896484375]
TOut.y=[284.149993896484375, 284.189422607421875, 284.307098388671875, 284.501129150390625, 284.768463134765625, 285.10491943359375, 285.505157470703125, 285.962890625, 286.470855712890625, 287.0211181640625, 287.60491943359375, 288.213104248046875, 288.8360595703125, 289.463958740234375, 290.0869140625, 290.695098876953125, 291.278900146484375, 291.829132080078125, 292.337127685546875, 292.794830322265625, 293.195098876953125, 293.531524658203125, 293.79888916015625, 293.992919921875, 294.110565185546875, 294.149993896484375, 294.110565185546875, 293.992919921875, 293.79888916015625, 293.531524658203125, 293.195098876953125, 292.794830322265625, 292.337127685546875, 291.829132080078125, 291.278900146484375, 290.695098876953125, 290.0869140625, 289.463958740234375, 288.8360595703125, 288.213104248046875, 287.60491943359375, 287.0211181640625, 286.470855712890625, 285.962890625, 285.505157470703125, 285.10491943359375, 284.768463134765625, 284.501129150390625, 284.307098388671875, 284.189422607421875, 284.149993896484375, 284.189422607421875, 284.307098388671875, 284.501129150390625, 284.768463134765625, 285.10491943359375, 285.505157470703125, 285.962890625, 286.470855712890625, 287.0211181640625, 287.60491943359375, 288.213104248046875, 288.8360595703125, 289.463958740234375, 290.0869140625, 290.695098876953125, 291.278900146484375, 291.829132080078125, 292.337127685546875, 292.794830322265625, 293.195098876953125, 293.531524658203125, 293.79888916015625, 293.992919921875, 294.110565185546875, 294.149993896484375, 294.110565185546875, 293.992919921875, 293.79888916015625, 293.531524658203125, 293.195098876953125, 292.794830322265625, 292.337127685546875, 291.829132080078125, 291.278900146484375, 290.695098876953125, 290.0869140625, 289.463958740234375, 288.8360595703125, 288.213104248046875, 287.60491943359375, 287.0211181640625, 286.470855712890625, 285.962890625, 285.505157470703125, 285.10491943359375, 284.768463134765625, 284.501129150390625, 284.307098388671875, 284.189422607421875, 284.149993896484375]
time=[0., 172800.]
hea.Q_flow=[0., 0., 225.5881805419921875, 252.7412567138671875, 236.571746826171875, 218.225006103515625, 196.5045318603515625, 171.76640319824215907829, 144.2930908203125, 114.5525970458984375, 82.9987640380859375, 50.136859893798828125, 16.4861927032470703125, 0., 0., 1080., 136.118377685546875, 70.79279327392572440658, 43.63889312744140625, 18.845020294189453125, 0., 0., 0., 0., 0., 0., 0., 0., 0., 0., 0., 0., 0., 73.62343597412109375, 101.25481414794934664769, 133.00865173339829539145, 165.8683929443359375, 199.5164642333984375, 233.4234466552734375, 267.06292724609375, 0., 0., 0., 174.88555908203125, 196.7857818603515625, 218.7054443359375, 236.8650665283203125, 251.2466278076171875, 261.674041748046875, 267.954254150390625, 270.032501220703125, 267.866485595703125, 261.463897705078125, 250.904052734375, 236.3138885498046875, 218.03132629394514196974, 196.39428710937480104803, 171.74069213867210237368, 144.408447265625, 114.735504150390625, 83.05975341796875, 50.1337127685546875, 16.488407135009765625, 0., 0., 1080., 136.0334320068359375, 69.87154388427734375, 43.66752624511696723175, 18.83897590637226926447, 0.00000000000005484502, 0., 0., 0., 0., 0., 0., 0., 0., 0., 0., 0., 0., 73.566162109375, 101.27004241943359375, 132.99896240234375, 165.8706207275390625, 199.5118865966796875, 233.4264068603515625, 267.062591552734375, 0., 0., 0., 174.8357391357421875, 197.9521636962890625, 218.7069091796875, 236.909637451171875, 251.233154296875, 261.67645263671875, 267.966461181640625, 270.0382080078125]
