last-generated=2015-09-02
statistics-simulation=
{
  "numerical Jacobians": "0", 
  "nonlinear": " ", 
  "number of continuous time states": "7", 
  "linear": "0"
}
TSet.y=[289.149993896484375, 289.149993896484375, 289.149993896484375, 289.149993896484375, 289.149993896484375, 289.149993896484375, 289.149993896484375, 289.149993896484375, 289.149993896484375, 289.149993896484375, 289.149993896484375, 289.149993896484375, 289.149993896484375, 289.149993896484375, 289.149993896484375, 293.149993896484375, 293.149993896484375, 293.149993896484375, 293.149993896484375, 293.149993896484375, 293.149993896484375, 293.149993896484375, 293.149993896484375, 293.149993896484375, 293.149993896484375, 293.149993896484375, 293.149993896484375, 293.149993896484375, 293.149993896484375, 293.149993896484375, 293.149993896484375, 293.149993896484375, 293.149993896484375, 293.149993896484375, 293.149993896484375, 293.149993896484375, 293.149993896484375, 293.149993896484375, 293.149993896484375, 293.149993896484375, 289.149993896484375, 289.149993896484375, 289.149993896484375, 289.149993896484375, 289.149993896484375, 289.149993896484375, 289.149993896484375, 289.149993896484375, 289.149993896484375, 289.149993896484375, 289.149993896484375, 289.149993896484375, 289.149993896484375, 289.149993896484375, 289.149993896484375, 289.149993896484375, 289.149993896484375, 289.149993896484375, 289.149993896484375, 289.149993896484375, 289.149993896484375, 289.149993896484375, 289.149993896484375, 289.149993896484375, 289.149993896484375, 293.149993896484375, 293.149993896484375, 293.149993896484375, 293.149993896484375, 293.149993896484375, 293.149993896484375, 293.149993896484375, 293.149993896484375, 293.149993896484375, 293.149993896484375, 293.149993896484375, 293.149993896484375, 293.149993896484375, 293.149993896484375, 293.149993896484375, 293.149993896484375, 293.149993896484375, 293.149993896484375, 293.149993896484375, 293.149993896484375, 293.149993896484375, 293.149993896484375, 293.149993896484375, 293.149993896484375, 293.149993896484375, 289.149993896484375, 289.149993896484375, 289.149993896484375, 289.149993896484375, 289.149993896484375, 289.149993896484375, 289.149993896484375, 289.149993896484375, 289.149993896484375, 289.149993896484375, 289.149993896484375]
TOut.y=[284.149993896484375, 284.189422607421875, 284.307098388671875, 284.501129150390625, 284.768463134765625, 285.10491943359375, 285.505157470703125, 285.962890625, 286.470855712890625, 287.0211181640625, 287.60491943359375, 288.213104248046875, 288.8360595703125, 289.463958740234375, 290.0869140625, 290.695098876953125, 291.278900146484375, 291.829132080078125, 292.337127685546875, 292.794830322265625, 293.195098876953125, 293.531524658203125, 293.79888916015625, 293.992919921875, 294.110565185546875, 294.149993896484375, 294.110565185546875, 293.992919921875, 293.79888916015625, 293.531524658203125, 293.195098876953125, 292.794830322265625, 292.337127685546875, 291.829132080078125, 291.278900146484375, 290.695098876953125, 290.0869140625, 289.463958740234375, 288.8360595703125, 288.213104248046875, 287.60491943359375, 287.0211181640625, 286.470855712890625, 285.962890625, 285.505157470703125, 285.10491943359375, 284.768463134765625, 284.501129150390625, 284.307098388671875, 284.189422607421875, 284.149993896484375, 284.189422607421875, 284.307098388671875, 284.501129150390625, 284.768463134765625, 285.10491943359375, 285.505157470703125, 285.962890625, 286.470855712890625, 287.0211181640625, 287.60491943359375, 288.213104248046875, 288.8360595703125, 289.463958740234375, 290.0869140625, 290.695098876953125, 291.278900146484375, 291.829132080078125, 292.337127685546875, 292.794830322265625, 293.195098876953125, 293.531524658203125, 293.79888916015625, 293.992919921875, 294.110565185546875, 294.149993896484375, 294.110565185546875, 293.992919921875, 293.79888916015625, 293.531524658203125, 293.195098876953125, 292.794830322265625, 292.337127685546875, 291.829132080078125, 291.278900146484375, 290.695098876953125, 290.0869140625, 289.463958740234375, 288.8360595703125, 288.213104248046875, 287.60491943359375, 287.0211181640625, 286.470855712890625, 285.962890625, 285.505157470703125, 285.10491943359375, 284.768463134765625, 284.501129150390625, 284.307098388671875, 284.189422607421875, 284.149993896484375]
THeaOut.T=[293.149993896484375, 290.2236328125, 290.475860595703125, 290.423309326171875, 290.350250244140625, 290.25823974609375, 290.14874267578125, 290.023529052734375, 289.884521484375, 289.733917236328125, 289.574127197265625, 289.407623291015625, 289.237091064453125, 289.1795654296875, 289.380523681640625, 298.2032470703125, 293.6090087890625, 293.512542724609375, 293.373382568359375, 293.247955322265625, 293.151519775390625, 293.225860595703125, 293.373748779296875, 293.547943115234375, 293.715423583984375, 293.85308837890625, 293.946136474609375, 293.980682373046875, 293.952117919921875, 293.857940673828125, 293.69561767578125, 293.464752197265625, 293.1685791015625, 293.51116943359375, 293.6612548828125, 293.821075439453125, 293.987548828125, 294.158111572265625, 294.330047607421875, 294.500640869140625, 292.329345703125, 290.687957763671875, 289.396759033203125, 290.02117919921875, 290.147216796875, 290.256927490234375, 290.349151611328125, 290.4224853515625, 290.475799560546875, 290.508056640625, 290.51885986328125, 290.508331298828125, 290.47650146484375, 290.42340087890625, 290.350250244140625, 290.25811767578125, 290.148651123046875, 290.023590087890625, 289.884674072265625, 289.733917236328125, 289.574127197265625, 289.407623291015625, 289.237060546875, 289.179595947265625, 289.38055419921875, 298.205108642578125, 293.6102294921875, 293.512542724609375, 293.373382568359375, 293.247955322265625, 293.15155029296875, 293.225860595703125, 293.373748779296875, 293.547943115234375, 293.715576171875, 293.852935791015625, 293.945556640625, 293.9815673828125, 293.95245361328125, 293.857269287109375, 293.695068359375, 293.46490478515625, 293.168670654296875, 293.511199951171875, 293.6612548828125, 293.821075439453125, 293.987548828125, 294.158111572265625, 294.330047607421875, 294.500640869140625, 292.329315185546875, 290.68792724609375, 289.396759033203125, 290.02130126953125, 290.147216796875, 290.256927490234375, 290.349151611328125, 290.4224853515625, 290.475738525390625, 290.50811767578125, 290.51904296875]
TVol.T=[293.149993896484375, 290.222259521484375, 289.149627685546875, 289.150299072265625, 289.150390625, 289.15045166015625, 289.150543212890625, 289.150604248046875, 289.150665283203125, 289.150726318359375, 289.1507568359375, 289.150787353515625, 289.150787353515625, 289.179656982421875, 289.38067626953125, 292.731414794921875, 293.15484619140625, 293.150665283203125, 293.150604248046875, 293.150543212890625, 293.151519775390625, 293.225921630859375, 293.373870849609375, 293.54803466796875, 293.715484619140625, 293.8531494140625, 293.9461669921875, 293.980712890625, 293.95208740234375, 293.85784912109375, 293.69549560546875, 293.464599609375, 293.16839599609375, 293.14935302734375, 293.1492919921875, 293.14923095703125, 293.14923095703125, 293.149200439453125, 293.149200439453125, 293.14923095703125, 292.328277587890625, 290.6871337890625, 289.3961181640625, 289.149444580078125, 289.149444580078125, 289.1495361328125, 289.14959716796875, 289.149688720703125, 289.149810791015625, 289.14990234375, 289.149993896484375, 289.15008544921875, 289.150177001953125, 289.150299072265625, 289.150390625, 289.15045166015625, 289.150543212890625, 289.150604248046875, 289.150665283203125, 289.150726318359375, 289.1507568359375, 289.150787353515625, 289.150787353515625, 289.179656982421875, 289.380706787109375, 292.7332763671875, 293.15447998046875, 293.150665283203125, 293.150604248046875, 293.150543212890625, 293.151519775390625, 293.225921630859375, 293.37384033203125, 293.54803466796875, 293.715667724609375, 293.85302734375, 293.945587158203125, 293.9815673828125, 293.952423095703125, 293.857177734375, 293.6949462890625, 293.464752197265625, 293.168487548828125, 293.14935302734375, 293.1492919921875, 293.14923095703125, 293.14923095703125, 293.149200439453125, 293.149200439453125, 293.14923095703125, 292.3282470703125, 290.687103271484375, 289.396087646484375, 289.149444580078125, 289.149444580078125, 289.1495361328125, 289.14959716796875, 289.149688720703125, 289.1497802734375, 289.14990234375, 289.149993896484375]
time=[0., 172800.]
hea.TSet=[288.149993896484375, 288.149993896484375, 290.476409912109375, 290.422882080078125, 290.349700927734375, 290.257598876953125, 290.147979736328125, 290.022674560546875, 289.883575439453125, 289.73291015625, 289.573089599609375, 289.40655517578125, 289.235992431640625, 288.149993896484375, 288.149993896484375, 303.149993896484375, 293.610076904296875, 293.511627197265625, 293.372528076171875, 293.247222900390625, 293.112548828125, 288.149993896484375, 288.149993896484375, 288.149993896484375, 288.149993896484375, 288.149993896484375, 288.149993896484375, 288.149993896484375, 288.149993896484375, 288.149993896484375, 288.149993896484375, 288.149993896484375, 288.149993896484375, 293.511962890625, 293.662261962890625, 293.822113037109375, 293.9886474609375, 294.159210205078125, 294.33111572265625, 294.501708984375, 288.149993896484375, 288.149993896484375, 288.149993896484375, 290.02203369140625, 290.147979736328125, 290.257568359375, 290.349700927734375, 290.42291259765625, 290.47607421875, 290.5081787109375, 290.51885986328125, 290.508209228515625, 290.476226806640625, 290.423004150390625, 290.349700927734375, 290.257476806640625, 290.147918701171875, 290.022735595703125, 289.88372802734375, 289.732940673828125, 289.57305908203125, 289.40655517578125, 289.235992431640625, 288.149993896484375, 288.149993896484375, 303.149993896484375, 293.611663818359375, 293.511627197265625, 293.372528076171875, 293.247222900390625, 293.112457275390625, 288.149993896484375, 288.149993896484375, 288.149993896484375, 288.149993896484375, 288.149993896484375, 288.149993896484375, 288.149993896484375, 288.149993896484375, 288.149993896484375, 288.149993896484375, 288.149993896484375, 288.149993896484375, 293.51202392578125, 293.662261962890625, 293.822113037109375, 293.9886474609375, 294.159210205078125, 294.33111572265625, 294.501708984375, 288.149993896484375, 288.149993896484375, 288.149993896484375, 290.02215576171875, 290.147979736328125, 290.257568359375, 290.349700927734375, 290.42291259765625, 290.47601318359375, 290.50823974609375, 290.51904296875]
hea.Q_flow=[0., 0.00003834084782283753, 261.57635498046875, 251.063751220703125, 236.635040283203125, 218.4713134765625, 196.8582611083984375, 172.14830017089840907829, 144.71710205078125, 115.0036163330078125, 83.48089599609375, 50.63774871826171875, 16.9973964691162109375, 0.00003834084782283753, 0.00003834084782283753, 1080., 89.58892059326171875, 71.35440063476556815658, 43.92018890380859375, 19.19829559326171875, 0.00003834084782283753, 0.00003834084782283753, 0.00003834084782283753, 0.00003834084782283753, 0.00003834084782283753, 0.00003834084782283753, 0.00003834084782283753, 0.00003834084782283753, 0.00003834084782283753, 0.00003834084782283753, 0.00003834084782283753, 0.00003834084782283753, 0.00003834084782283753, 71.37030029296875, 100.99473571777356539769, 132.51918029785142039145, 165.362457275390625, 199.00262451171875, 232.911163330078125, 266.553466796875, 0.00003834084782283753, 0.00003834084782283753, 0.00003834084782283753, 171.9439544677734375, 196.80206298828125, 218.41851806640625, 236.5923309326171875, 251.037261962890625, 261.52655029296875, 267.865325927734375, 269.978912353515625, 267.87890625, 261.57696533203125, 251.0846710205078125, 236.6344757080078125, 218.44664001464826696974, 196.84130859374980104803, 172.16055297851585237368, 144.746429443359375, 115.004608154296875, 83.4791412353515625, 50.638744354248046875, 16.9972972869873046875, 0.00003834084782283753, 0.00003834084782283753, 1080., 89.91265869140625, 71.35485076904296875, 43.92077255249001410675, 19.19827079772969113947, 0.0000383408478918934, 0.00003834084782283753, 0.00003834084782283753, 0.00003834084782283753, 0.00003834084782283753, 0.00003834084782283753, 0.00003834084782283753, 0.00003834084782283753, 0.00003834084782283753, 0.00003834084782283753, 0.00003834084782283753, 0.00003834084782283753, 0.00003834084782283753, 71.3808441162109375, 100.99347686767578125, 132.5192413330078125, 165.3625640869140625, 199.00262451171875, 232.9110870361328125, 266.55352783203125, 0.00003834084782283753, 0.00003834084782283753, 0.00003834084782283753, 171.971405029296875, 196.8014373779296875, 218.4198760986328125, 236.5933074951171875, 251.0362396240234375, 261.516815185546875, 267.879364013671875, 270.013519287109375]
