last-generated=2016-08-19
statistics-initialization=
{
  "linear": "2, 2, 2, 2, 2, 2, 2, 2"
}
statistics-simulation=
{
  "numerical Jacobians": "0", 
  "nonlinear": "1, 2, 2", 
  "number of continuous time states": "67", 
  "linear": "0, 0, 0, 0, 0, 0, 0, 5, 5, 0, 0, 0, 0, 0, 0, 0, 0, 0, 0, 0, 0, 5, 5, 0, 0, 0, 0,   0, 2, 2"
}
case900_comfort.building.gF.comfort.PPD=[0.74322569370269775391, 0.82639688253402709961, 0.85472291707992553711, 0.87291353940963745117, 0.84989529848098754883, 0.85429823398590087891, 0.8799896240234375, 0.89587473869323730469, 0.9095656275749206543, 0.92314898967742919922, 0.93466114997863769531, 0.94349241256713867188, 0.94152170419692993164, 0.93969649076461791992, 0.9464696049690246582, 0.95415174961090087891, 0.95888870954513549805, 0.96341162919998168945, 0.96613484621047973633, 0.96826189756393432617, 0.96958327293395996094, 0.96115702390670776367, 0.95833897590637207031, 0.96118527650833129883, 0.96391665935516357422, 0.9663257598876953125, 0.96895176172256469727, 0.97206193208694458008, 0.97446465492248535156, 0.97310972213745117188, 0.95572751760482788086, 0.95585209131240844727, 0.96562296152114868164, 0.97106927633285522461, 0.97576129436492919922, 0.98001420497894287109, 0.9832846522331237793, 0.98571592569351196289, 0.91109961271286010742, 0.38308027386665344238, 0.51834130287170410156, 0.8062235713005065918, 0.86543619632720947266, 0.90518772602081298828, 0.93268823623657226562, 0.95044457912445068359, 0.96182972192764282227, 0.9648793339729309082, 0.92080122232437133789, 0.950908660888671875, 0.96312749385833740234, 0.96983474493026733398, 0.9744866490364074707, 0.97797089815139770508, 0.98033404350280761719, 0.97897833585739135742, 0.97172194719314575195, 0.97118997573852539062, 0.9763031005859375, 0.97902536392211914062, 0.98124861717224121094, 0.98362737894058227539, 0.98550939559936523438, 0.98705554008483886719, 0.98198032379150390625, 0.98071932792663574219, 0.98269444704055786133, 0.98585325479507446289, 0.98777532577514648438, 0.98951941728591918945, 0.99081951379776000977, 0.99168813228607177734, 0.99230110645294189453, 0.9891383051872253418, 0.98739415407180786133, 0.9894955754280090332, 0.99053877592086791992, 0.99117749929428100586, 0.99176847934722900391, 0.99214303493499755859, 0.99251610040664672852, 0.99122893810272216797, 0.98760008811950683594, 0.98714822530746459961, 0.98908752202987670898, 0.98956865072250366211, 0.99002325534820556641, 0.99057763814926147461, 0.99101054668426513672, 0.99131035804748535156, 0.96707415580749511719, 0.92558908462524414062, 0.95453858375549316406, 0.96726280450820922852, 0.97427171468734741211, 0.98039203882217407227, 0.98663145303726196289, 0.9907786250114440918, 0.99275392293930053711, 0.96689176559448242188, 0.9851239323616027832]
case900_comfort.building.gF.comfort.PMV=[-1.94722485542297363281, -2.13936758041381835938, -2.2156810760498046875, -2.26940417289733886719, -2.20210623741149902344, -2.21447634696960449219, -2.29157042503356933594, -2.34452986717224121094, -2.39456820487976074219, -2.44952702522277832031, -2.5016422271728515625, -2.54623365402221679688, -2.53587055206298828125, -2.5264949798583984375, -2.56239795684814453125, -2.60739016532897949219, -2.63800048828125, -2.66981410980224609375, -2.69043874740600585938, -2.70745134353637695312, -2.71846699714660644531, -2.65360498428344726562, -2.63431715965270996094, -2.65380382537841796875, -2.67354822158813476562, -2.69193172454833984375, -2.71315741539001464844, -2.74017190933227539062, -2.76269412040710449219, -2.7497997283935546875, -2.61729907989501953125, -2.61809372901916503906, -2.68646764755249023438, -2.73130679130554199219, -2.77554655075073242188, -2.82192277908325195312, -2.8632907867431640625, -2.89851355552673339844, -2.40048146247863769531, -1.26155638694763183594, -1.5171794891357421875, -2.08914995193481445312, -2.24679255485534667969, -2.37805318832397460938, -2.49227595329284667969, -2.5850372314453125, -2.6583652496337890625, -2.68077850341796875, -2.43957781791687011719, -2.58776617050170898438, -2.66773009300231933594, -2.72060489654541015625, -2.76290774345397949219, -2.79875540733337402344, -2.82571840286254882812, -2.80995392799377441406, -2.73710799217224121094, -2.73237156867980957031, -2.78107810020446777344, -2.81048703193664550781, -2.83685040473937988281, -2.86799359321594238281, -2.89534020423889160156, -2.92006063461303710938, -2.84607386589050292969, -2.83035612106323242188, -2.85537075996398925781, -2.90064477920532226562, -2.93240118026733398438, -2.96498775482177734375, -2.99233675003051757812, -3.01246428489685058594, -3.02775239944458007812, -2.95750451087951660156, -2.92579364776611328125, -2.96451282501220703125, -2.98617076873779296875, -3.000431060791015625, -3.0144138336181640625, -3.023715972900390625, -3.03335690498352050781, -3.001617431640625, -2.92934298515319824219, -2.92161726951599121094, -2.95652365684509277344, -2.96597146987915039062, -2.97523379325866699219, -2.98701620101928710938, -2.99662327766418457031, -3.00350475311279296875, -2.6978473663330078125, -2.46009278297424316406, -2.60979890823364257812, -2.69935488700866699219, -2.76082539558410644531, -2.82641148567199707031, -2.91304945945739746094, -2.99142956733703613281, -3.03971695899963378906, -2.6963958740234375, -2.88951420783996582031]
time=[0., 1000000.]
