last-generated=2017-01-02
statistics-simulation=
{
  "numerical Jacobians": "0", 
  "nonlinear": " ", 
  "number of continuous time states": "8", 
  "linear": " "
}
volA.T=[291.149993896484375, 291.230010986328125, 291.3079833984375, 291.38409423828125, 291.458404541015625, 291.531005859375, 291.601959228515625, 291.67138671875, 291.73931884765625, 291.8057861328125, 291.870849609375, 291.934600830078125, 291.997039794921875, 292.0582275390625, 292.11822509765625, 292.17706298828125, 292.23480224609375, 292.291473388671875, 292.347137451171875, 292.401824951171875, 292.45562744140625, 292.508575439453125, 292.560760498046875, 292.6121826171875, 292.66290283203125, 292.713043212890625, 292.762603759765625, 292.8116455078125, 292.860260009765625, 292.90850830078125, 292.956451416015625, 293.004150390625, 293.051666259765625, 293.09906005859375, 293.146392822265625, 293.193695068359375, 293.240936279296875, 293.288055419921875, 293.33502197265625, 293.3817138671875, 293.42816162109375, 293.4742431640625, 293.519927978515625, 293.565185546875, 293.609954833984375, 293.654205322265625, 293.697906494140625, 293.74102783203125, 293.7835693359375, 293.825439453125, 293.86669921875, 293.8603515625, 293.8541259765625, 293.84796142578125, 293.8419189453125, 293.835968017578125, 293.83013916015625, 293.824371337890625, 293.818695068359375, 293.813079833984375, 293.807586669921875, 293.802154541015625, 293.79681396484375, 293.79156494140625, 293.786376953125, 293.781280517578125, 293.7762451171875, 293.77130126953125, 293.76641845703125, 293.7615966796875, 293.756866455078125, 293.752166748046875, 293.74755859375, 293.7430419921875, 293.738555908203125, 293.734130859375, 293.729766845703125, 293.725494384765625, 293.72125244140625, 293.717071533203125, 293.71295166015625, 293.708892822265625, 293.704864501953125, 293.700897216796875, 293.697021484375, 293.693145751953125, 293.689361572265625, 293.68560791015625, 293.681915283203125, 293.678253173828125, 293.674652099609375, 293.67108154296875, 293.667572021484375, 293.664093017578125, 293.660675048828125, 293.65728759765625, 293.6539306640625, 293.650634765625, 293.64739990234375, 293.6441650390625, 293.6409912109375]
volOut.T=[293.149993896484375, 293.149993896484375, 293.149993896484375, 293.149993896484375, 293.149993896484375, 293.149993896484375, 293.149993896484375, 293.149993896484375, 293.149993896484375, 293.149993896484375, 293.149993896484375, 293.149993896484375, 293.149993896484375, 293.149993896484375, 293.149993896484375, 293.149993896484375, 293.149993896484375, 293.149993896484375, 293.149993896484375, 293.149993896484375, 293.149993896484375, 293.149993896484375, 293.149993896484375, 293.149993896484375, 293.149993896484375, 293.149993896484375, 293.149993896484375, 293.149993896484375, 293.149993896484375, 293.149993896484375, 293.149993896484375, 293.149993896484375, 293.149993896484375, 293.149993896484375, 293.149993896484375, 293.149993896484375, 293.149993896484375, 293.149993896484375, 293.149993896484375, 293.149993896484375, 293.149993896484375, 293.149993896484375, 293.149993896484375, 293.149993896484375, 293.149993896484375, 293.149993896484375, 293.149993896484375, 293.149993896484375, 293.149993896484375, 293.149993896484375, 293.149993896484375, 293.149993896484375, 293.149993896484375, 293.149993896484375, 293.149993896484375, 293.149993896484375, 293.149993896484375, 293.149993896484375, 293.149993896484375, 293.149993896484375, 293.149993896484375, 293.149993896484375, 293.149993896484375, 293.149993896484375, 293.149993896484375, 293.149993896484375, 293.149993896484375, 293.149993896484375, 293.149993896484375, 293.149993896484375, 293.149993896484375, 293.149993896484375, 293.149993896484375, 293.149993896484375, 293.149993896484375, 293.149993896484375, 293.149993896484375, 293.149993896484375, 293.149993896484375, 293.149993896484375, 293.149993896484375, 293.149993896484375, 293.149993896484375, 293.149993896484375, 293.149993896484375, 293.149993896484375, 293.149993896484375, 293.149993896484375, 293.149993896484375, 293.149993896484375, 293.149993896484375, 293.149993896484375, 293.149993896484375, 293.149993896484375, 293.149993896484375, 293.149993896484375, 293.149993896484375, 293.149993896484375, 293.149993896484375, 293.149993896484375, 293.149993896484375]
time=[0., 7200.]
oriOutTop.v=[-0.4126987159252166748, -0.28590992093086242676, -0.28000730276107788086, -0.2741266787052154541, -0.26826259493827819824, -0.26240906119346618652, -0.25654387474060058594, -0.25062102079391479492, -0.24458864331245422363, -0.2383947521448135376, -0.23199179768562316895, -0.22534008324146270752, -0.21840356290340423584, -0.21116401255130767822, -0.20360229909420013428, -0.19570963084697723389, -0.18748836219310760498, -0.17894501984119415283, -0.17009469866752624512, -0.16092625260353088379, -0.15148851275444030762, -0.1418056488037109375, -0.13190023601055145264, -0.12179558724164962769, -0.11144238710403442383, -0.10091461241245269775, -0.09033247828483581543, -0.07968608289957043733, -0.06896050274372098055, -0.05813671648502349854, -0.04562276601791381836, -0.03456805646419525146, -0.0236986204981803894, -0.01217743102461099625, -0.00086367479525506496, 0.01044096518307924271, 0.02169816195964813232, 0.03286762535572052002, 0.04390264302492141724, 0.05476371198892593384, 0.06541398167610168457, 0.07581939548254013062, 0.0859508514404296875, 0.09577810764312744141, 0.10528055578470230103, 0.11444252729415893555, 0.12325173616409301758, 0.13169921934604644775, 0.13977921009063720703, 0.14748942852020263672, 0.15483324229717254639, 0.1537205129861831665, 0.15261970460414886475, 0.15153075754642486572, 0.1504535973072052002, 0.14938814938068389893, 0.14833429455757141113, 0.14729194343090057373, 0.14626099169254302979, 0.14524127542972564697, 0.14423269033432006836, 0.14323507249355316162, 0.14224851131439208984, 0.14127267897129058838, 0.14030748605728149414, 0.13935285806655883789, 0.1384086906909942627, 0.13747487962245941162, 0.13655133545398712158, 0.1356379389762878418, 0.13473455607891082764, 0.13384106755256652832, 0.13295733928680419922, 0.13208372890949249268, 0.13121944665908813477, 0.1303644329309463501, 0.12951861321926116943, 0.12868189811706542969, 0.12785422801971435547, 0.12703552842140197754, 0.12622568011283874512, 0.12542462348937988281, 0.12463223934173583984, 0.12384844571352005005, 0.12307313829660415649, 0.1223061978816986084, 0.12154752761125564575, 0.1207970157265663147, 0.12005452811717987061, 0.11931996047496795654, 0.11859317868947982788, 0.11787406355142593384, 0.11716250330209732056, 0.11645843088626861572, 0.1157617419958114624, 0.11507236957550048828, 0.11439021676778793335, 0.1137151867151260376, 0.11304719001054763794, 0.11238613724708557129, 0.11173191666603088379]
oriOutBot.v=[0., 0.28591075539588928223, 0.28000810742378234863, 0.27412745356559753418, 0.26826336979866027832, 0.2624098360538482666, 0.25654461979866027832, 0.25062170624732971191, 0.24458958208560943604, 0.23839649558067321777, 0.23199421167373657227, 0.22534079849720001221, 0.21840754151344299316, 0.21116499602794647217, 0.20360156893730163574, 0.19571070373058319092, 0.18748870491981506348, 0.17893964052200317383, 0.17006860673427581787, 0.1609144359827041626, 0.15146312117576599121, 0.14172829687595367432, 0.13172823190689086914, 0.12148246169090270996, 0.11108331382274627686, 0.10049946606159210205, 0.08965419232845306396, 0.07859916985034938464, 0.06739000231027598986, 0.05608523637056350708, 0.04629018157720565796, 0.0349059663712978363, 0.02324287965893745422, 0.01217741798609495163, 0.00086471834219992161, -0.01044157613068819046, -0.02169920690357685089, -0.03286707401275634766, -0.04390168562531471252, -0.05476303771138191223, -0.06541367620229721069, -0.07581895589828491211, -0.08595032989978790283, -0.0957776978611946106, -0.10528016090393066406, -0.11444208770990371704, -0.12325121462345123291, -0.1316985785961151123, -0.13977843523025512695, -0.14748910069465637207, -0.15483279526233673096, -0.15372040867805480957, -0.15261982381343841553, -0.15153099596500396729, -0.15045386552810668945, -0.14938837289810180664, -0.14833444356918334961, -0.14729201793670654297, -0.14626097679138183594, -0.14524123072624206543, -0.14423267543315887451, -0.14323516190052032471, -0.14224858582019805908, -0.14127273857593536377, -0.14030753076076507568, -0.13935290277004241943, -0.13840875029563903809, -0.13747495412826538086, -0.13655142486095428467, -0.13563804328441619873, -0.13473469018936157227, -0.13384123146533966064, -0.13295753300189971924, -0.1320838630199432373, -0.13121953606605529785, -0.13036447763442993164, -0.12951862812042236328, -0.12868189811706542969, -0.12785422801971435547, -0.12703551352024078369, -0.12622568011283874512, -0.12542462348937988281, -0.12463225424289703369, -0.12384846806526184082, -0.12307316809892654419, -0.12230624258518218994, -0.12154757976531982422, -0.12079706788063049316, -0.120054587721824646, -0.11932001262903213501, -0.11859322339296340942, -0.11787409335374832153, -0.11716253310441970825, -0.11645846068859100342, -0.11576177924871444702, -0.1150724068284034729, -0.11439024657011032104, -0.11371521651744842529, -0.11304721236228942871, -0.11238615214824676514, -0.11173193901777267456]
