last-generated=2017-01-20
statistics-initialization=
{
  "numerical Jacobians": "0", 
  "nonlinear": "6"
}
statistics-simulation=
{
  "numerical Jacobians": "0", 
  "nonlinear": "1", 
  "linear": " "
}
zonLwVieFac.port_a[1].Q_flow=[245.3955535888671875, 240.2447662353515625, 235.104095458984375, 229.9735260009765625, 224.8530731201171875, 219.7426910400390625, 214.6423797607421875, 209.5521392822265625, 204.4719390869140625, 199.401763916015625, 194.34161376953125, 189.2914581298828125, 184.251312255859375, 179.22113037109375, 174.200927734375, 169.1906585693359375, 164.190338134765625, 159.199951171875, 154.2194671630859375, 149.2488861083984375, 144.2881927490234375, 139.337371826171875, 134.39642333984375, 129.465301513671875, 124.54402923583984375, 119.63257598876953125, 114.730926513671875, 109.83907318115234375, 104.95700836181640625, 100.0847015380859375, 95.22216033935546875, 90.369354248046875, 85.52628326416015625, 80.69292449951171875, 75.8692779541015625, 71.0553131103515625, 66.25102996826171875, 61.45641326904296875, 56.67144775390625, 51.896121978759765625, 47.130420684814453125, 42.374332427978515625, 37.62784576416015625, 32.8909454345703125, 28.1636180877685546875, 23.44585418701171875, 18.737636566162109375, 14.03895664215087890625, 9.34979915618896484375, 4.6701507568359375, -0.00000000000014047097, -4.66066694259643554688, -9.31186199188232421875, -13.95359897613525390625, -18.5858898162841796875, -23.2087497711181640625, -27.8221874237060546875, -32.426219940185546875, -37.020854949951171875, -41.606113433837890625, -46.18199920654296875, -50.74852752685546875, -55.30571746826171875, -59.853572845458984375, -64.39211273193359375, -68.92134857177734375, -73.44129180908203125, -77.9519500732421875, -82.45334625244140625, -86.94548797607421875, -91.42838287353515625, -95.9020538330078125, -100.36650848388671875, -104.8217620849609375, -109.267822265625, -113.70470428466796875, -118.13242340087890625, -122.55098724365234375, -126.96041107177734375, -131.3607025146484375, -135.7518768310546875, -140.1339569091796875, -144.5069580078125, -148.8708648681640625, -153.2257080078125, -157.571502685546875, -161.9082489013671875, -166.2359771728515625, -170.5547027587890625, -174.864410400390625, -179.165130615234375, -183.456878662109375, -187.739654541015625, -192.01348876953125, -196.2783660888671875, -200.534332275390625, -204.7813720703125, -209.0195159912109375, -213.248779296875, -217.4691619873046875, -221.6806640625]
intHeaRad.port_a.Q_flow=[245.3955535888671875, 240.2447662353515625, 235.104095458984375, 229.9735260009765625, 224.8530731201171875, 219.7426910400390625, 214.6423797607421875, 209.5521392822265625, 204.4719390869140625, 199.401763916015625, 194.34161376953125, 189.2914581298828125, 184.251312255859375, 179.22113037109375, 174.200927734375, 169.1906585693359375, 164.190338134765625, 159.199951171875, 154.2194671630859375, 149.2488861083984375, 144.2881927490234375, 139.337371826171875, 134.39642333984375, 129.465301513671875, 124.54402923583984375, 119.63257598876953125, 114.730926513671875, 109.83907318115234375, 104.95700836181640625, 100.0847015380859375, 95.22216033935546875, 90.369354248046875, 85.52628326416015625, 80.69292449951171875, 75.8692779541015625, 71.0553131103515625, 66.25102996826171875, 61.45641326904296875, 56.67144775390625, 51.896121978759765625, 47.130420684814453125, 42.374332427978515625, 37.62784576416015625, 32.8909454345703125, 28.1636180877685546875, 23.44585418701171875, 18.737636566162109375, 14.03895664215087890625, 9.34979915618896484375, 4.6701507568359375, 0., -4.66066694259643554688, -9.31186199188232421875, -13.95359897613525390625, -18.5858898162841796875, -23.2087497711181640625, -27.8221874237060546875, -32.426219940185546875, -37.020854949951171875, -41.606113433837890625, -46.18199920654296875, -50.74852752685546875, -55.30571746826171875, -59.853572845458984375, -64.39211273193359375, -68.92134857177734375, -73.44129180908203125, -77.9519500732421875, -82.45334625244140625, -86.94548797607421875, -91.42838287353515625, -95.9020538330078125, -100.36650848388671875, -104.8217620849609375, -109.267822265625, -113.70470428466796875, -118.13242340087890625, -122.55098724365234375, -126.96041107177734375, -131.3607025146484375, -135.7518768310546875, -140.1339569091796875, -144.5069580078125, -148.8708648681640625, -153.2257080078125, -157.571502685546875, -161.9082489013671875, -166.2359771728515625, -170.5547027587890625, -174.864410400390625, -179.165130615234375, -183.456878662109375, -187.739654541015625, -192.01348876953125, -196.2783660888671875, -200.534332275390625, -204.7813720703125, -209.0195159912109375, -213.248779296875, -217.4691619873046875, -221.6806640625]
zonLwDist.port_a[1].Q_flow=[245.3955535888671875, 240.2447662353515625, 235.104095458984375, 229.9735260009765625, 224.8530731201171875, 219.7426910400390625, 214.6423797607421875, 209.5521392822265625, 204.4719390869140625, 199.401763916015625, 194.34161376953125, 189.2914581298828125, 184.251312255859375, 179.22113037109375, 174.200927734375, 169.1906585693359375, 164.190338134765625, 159.199951171875, 154.2194671630859375, 149.2488861083984375, 144.2881927490234375, 139.337371826171875, 134.39642333984375, 129.465301513671875, 124.54402923583984375, 119.63257598876953125, 114.730926513671875, 109.83907318115234375, 104.95700836181640625, 100.0847015380859375, 95.22216033935546875, 90.369354248046875, 85.52628326416015625, 80.69292449951171875, 75.8692779541015625, 71.0553131103515625, 66.25102996826171875, 61.45641326904296875, 56.67144775390625, 51.896121978759765625, 47.130420684814453125, 42.374332427978515625, 37.62784576416015625, 32.8909454345703125, 28.1636180877685546875, 23.44585418701171875, 18.737636566162109375, 14.03895664215087890625, 9.34979915618896484375, 4.6701507568359375, -0., -4.66066694259643554688, -9.31186199188232421875, -13.95359897613525390625, -18.5858898162841796875, -23.2087497711181640625, -27.8221874237060546875, -32.426219940185546875, -37.020854949951171875, -41.606113433837890625, -46.18199920654296875, -50.74852752685546875, -55.30571746826171875, -59.853572845458984375, -64.39211273193359375, -68.92134857177734375, -73.44129180908203125, -77.9519500732421875, -82.45334625244140625, -86.94548797607421875, -91.42838287353515625, -95.9020538330078125, -100.36650848388671875, -104.8217620849609375, -109.267822265625, -113.70470428466796875, -118.13242340087890625, -122.55098724365234375, -126.96041107177734375, -131.3607025146484375, -135.7518768310546875, -140.1339569091796875, -144.5069580078125, -148.8708648681640625, -153.2257080078125, -157.571502685546875, -161.9082489013671875, -166.2359771728515625, -170.5547027587890625, -174.864410400390625, -179.165130615234375, -183.456878662109375, -187.739654541015625, -192.01348876953125, -196.2783660888671875, -200.534332275390625, -204.7813720703125, -209.0195159912109375, -213.248779296875, -217.4691619873046875, -221.6806640625]
time=[0., 1000000.]
