last-generated=2018-06-05
statistics-simulation=
{
  "linear": " ",
  "nonlinear": " ",
  "number of continuous time states": "4",
  "numerical Jacobians": "0"
}
TBrine_out.T=[2.931499938964844e+02, 2.844942321777344e+02, 2.814589233398438e+02, 2.806448669433594e+02, 2.804679260253906e+02, 2.804596252441406e+02, 2.804905090332031e+02, 2.831236572265625e+02, 2.811760864257812e+02, 2.838949584960938e+02, 2.819781188964844e+02, 2.830476989746094e+02, 2.825358276367188e+02, 2.824469604492188e+02, 2.829004516601562e+02, 2.814518127441406e+02, 2.833287353515625e+02, 2.812453918457031e+02, 2.843991394042969e+02, 2.815976257324219e+02, 2.807828979492188e+02, 2.805831298828125e+02, 2.805271911621094e+02, 2.80496826171875e+02, 2.804693298339844e+02, 2.804408264160156e+02, 2.804124755859375e+02, 2.80385986328125e+02, 2.803621826171875e+02, 2.803415222167969e+02, 2.803242797851562e+02, 2.803106079101562e+02, 2.803003234863281e+02, 2.802931823730469e+02, 2.802886962890625e+02, 2.802862548828125e+02, 2.802852478027344e+02, 2.8028515625e+02, 2.80285400390625e+02, 2.8028564453125e+02, 2.802856750488281e+02, 2.802854309082031e+02, 2.802851257324219e+02, 2.802850036621094e+02, 2.802856140136719e+02, 2.802874755859375e+02, 2.802912292480469e+02, 2.802975158691406e+02, 2.803068237304688e+02, 2.803196411132812e+02, 2.80336181640625e+02, 2.829907836914062e+02, 2.838801574707031e+02, 2.841272888183594e+02, 2.841962280273438e+02, 2.842145690917969e+02, 2.842189636230469e+02, 2.842199401855469e+02, 2.842207946777344e+02, 2.842222900390625e+02, 2.842240600585938e+02, 2.842259216308594e+02, 2.842276306152344e+02, 2.842290344238281e+02, 2.842299194335938e+02, 2.842300415039062e+02, 2.842294311523438e+02, 2.842281799316406e+02, 2.842264404296875e+02, 2.842244873046875e+02, 2.842225952148438e+02, 2.842211303710938e+02, 2.84220458984375e+02, 2.842210388183594e+02, 2.842229919433594e+02, 2.842266845703125e+02, 2.84232421875e+02, 2.84239990234375e+02, 2.842496337890625e+02, 2.842611389160156e+02, 2.84274169921875e+02, 2.842883911132812e+02, 2.843033142089844e+02, 2.84318359375e+02, 2.843328857421875e+02, 2.843464050292969e+02, 2.843581237792969e+02, 2.843677978515625e+02, 2.843747253417969e+02, 2.843787536621094e+02, 2.843795776367188e+02, 2.843771667480469e+02, 2.843716430664062e+02, 2.843632507324219e+02, 2.843523864746094e+02, 2.843395690917969e+02, 2.843252868652344e+02, 2.843103332519531e+02, 2.84295166015625e+02, 2.842804870605469e+02, 2.842668762207031e+02]
TWater_out.T=[2.931499938964844e+02, 3.004933776855469e+02, 3.050502624511719e+02, 3.075208740234375e+02, 3.08958251953125e+02, 3.098940734863281e+02, 3.105774536132812e+02, 3.069811401367188e+02, 3.09731201171875e+02, 3.069630126953125e+02, 3.089471130371094e+02, 3.083453979492188e+02, 3.084323120117188e+02, 3.091833801269531e+02, 3.08007568359375e+02, 3.102652893066406e+02, 3.073587341308594e+02, 3.100960693359375e+02, 3.060868530273438e+02, 3.089583435058594e+02, 3.101818542480469e+02, 3.104521179199219e+02, 3.10279541015625e+02, 3.098951721191406e+02, 3.094025268554688e+02, 3.088523864746094e+02, 3.082716369628906e+02, 3.0767626953125e+02, 3.070789489746094e+02, 3.064910278320312e+02, 3.059224548339844e+02, 3.053828430175781e+02, 3.048815002441406e+02, 3.0442724609375e+02, 3.040281066894531e+02, 3.036910400390625e+02, 3.034230346679688e+02, 3.032286987304688e+02, 3.031128540039062e+02, 3.030777893066406e+02, 3.031242980957031e+02, 3.032518615722656e+02, 3.03458251953125e+02, 3.037398681640625e+02, 3.040916442871094e+02, 3.045072631835938e+02, 3.049791259765625e+02, 3.054986877441406e+02, 3.060566711425781e+02, 3.066430969238281e+02, 3.072479858398438e+02, 3.041085510253906e+02, 3.026957397460938e+02, 3.023655700683594e+02, 3.025295104980469e+02, 3.029077453613281e+02, 3.033632202148438e+02, 3.038270874023438e+02, 3.042621765136719e+02, 3.046486511230469e+02, 3.049749145507812e+02, 3.052330017089844e+02, 3.054176330566406e+02, 3.055257568359375e+02, 3.055558776855469e+02, 3.055076599121094e+02, 3.053818359375e+02, 3.0518017578125e+02, 3.049056701660156e+02, 3.045622863769531e+02, 3.041550903320312e+02, 3.036898803710938e+02, 3.031734924316406e+02, 3.026138916015625e+02, 3.020186157226562e+02, 3.013971252441406e+02, 3.007591247558594e+02, 3.001131896972656e+02, 2.994703063964844e+02, 2.98840576171875e+02, 2.982330627441406e+02, 2.976590270996094e+02, 2.971261901855469e+02, 2.966443481445312e+02, 2.962218933105469e+02, 2.95865234375e+02, 2.955817260742188e+02, 2.95375244140625e+02, 2.9525048828125e+02, 2.952092590332031e+02, 2.952528076171875e+02, 2.95380615234375e+02, 2.955905151367188e+02, 2.95879150390625e+02, 2.962415466308594e+02, 2.9667138671875e+02, 2.971616821289062e+02, 2.977034606933594e+02, 2.982882080078125e+02, 2.989055480957031e+02, 2.995448608398438e+02]
heatPump.TSet=[3.081499938964844e+02, 3.081499938964844e+02]
sine.y=[2.931499938964844e+02, 2.937766723632812e+02, 2.943934631347656e+02, 2.949906311035156e+02, 2.955587768554688e+02, 2.960889282226562e+02, 2.965727233886719e+02, 2.970025634765625e+02, 2.973716430664062e+02, 2.976741333007812e+02, 2.979052734375e+02, 2.980614318847656e+02, 2.9814013671875e+02, 2.9814013671875e+02, 2.980614318847656e+02, 2.979052734375e+02, 2.976741333007812e+02, 2.973716430664062e+02, 2.970025634765625e+02, 2.965727233886719e+02, 2.960889282226562e+02, 2.955587768554688e+02, 2.949906311035156e+02, 2.943934631347656e+02, 2.937766723632812e+02, 2.931499938964844e+02, 2.925233459472656e+02, 2.919065551757812e+02, 2.913093872070312e+02, 2.907412414550781e+02, 2.902110595703125e+02, 2.897272644042969e+02, 2.892974243164062e+02, 2.889283752441406e+02, 2.886258544921875e+02, 2.883947143554688e+02, 2.882385559082031e+02, 2.881598815917969e+02, 2.881598815917969e+02, 2.882385559082031e+02, 2.883947143554688e+02, 2.886258544921875e+02, 2.889283752441406e+02, 2.892974243164062e+02, 2.897272644042969e+02, 2.902110595703125e+02, 2.907412414550781e+02, 2.913093872070312e+02, 2.919065551757812e+02, 2.925233459472656e+02, 2.931499938964844e+02, 2.937766723632812e+02, 2.943934631347656e+02, 2.949906311035156e+02, 2.955587768554688e+02, 2.960889282226562e+02, 2.965727233886719e+02, 2.970025634765625e+02, 2.973716430664062e+02, 2.976741333007812e+02, 2.979052734375e+02, 2.980614318847656e+02, 2.9814013671875e+02, 2.9814013671875e+02, 2.980614318847656e+02, 2.979052734375e+02, 2.976741333007812e+02, 2.973716430664062e+02, 2.970025634765625e+02, 2.965727233886719e+02, 2.960889282226562e+02, 2.955587768554688e+02, 2.949906311035156e+02, 2.943934631347656e+02, 2.937766723632812e+02, 2.931499938964844e+02, 2.925233459472656e+02, 2.919065551757812e+02, 2.913093872070312e+02, 2.907412414550781e+02, 2.902110595703125e+02, 2.897272644042969e+02, 2.892974243164062e+02, 2.889283752441406e+02, 2.886258544921875e+02, 2.883947143554688e+02, 2.882385559082031e+02, 2.881598815917969e+02, 2.881598815917969e+02, 2.882385559082031e+02, 2.883947143554688e+02, 2.886258544921875e+02, 2.889283752441406e+02, 2.892974243164062e+02, 2.897272644042969e+02, 2.902110595703125e+02, 2.907412414550781e+02, 2.913093872070312e+02, 2.919065551757812e+02, 2.925233459472656e+02, 2.931499938964844e+02]
time=[0e+00, 1e+03]
heatPump.mod=[1e+00, 1e+00, 1e+00, 1e+00, 1e+00, 1e+00, 1e+00, 1e+00, 1e+00, 1e+00, 1e+00, 1e+00, 1e+00, 1e+00, 1e+00, 1e+00, 1e+00, 1e+00, 1e+00, 1e+00, 1e+00, 1e+00, 1e+00, 1e+00, 1e+00, 1e+00, 1e+00, 1e+00, 1e+00, 1e+00, 1e+00, 1e+00, 1e+00, 1e+00, 1e+00, 1e+00, 1e+00, 1e+00, 1e+00, 1e+00, 1e+00, 1e+00, 1e+00, 1e+00, 1e+00, 1e+00, 1e+00, 1e+00, 1e+00, 1e+00, 1e+00, 5e-01, 5e-01, 5e-01, 5e-01, 5e-01, 5e-01, 5e-01, 5e-01, 5e-01, 5e-01, 5e-01, 5e-01, 5e-01, 5e-01, 5e-01, 5e-01, 5e-01, 5e-01, 5e-01, 5e-01, 5e-01, 5e-01, 5e-01, 5e-01, 5e-01, 5e-01, 5e-01, 5e-01, 5e-01, 5e-01, 5e-01, 5e-01, 5e-01, 5e-01, 5e-01, 5e-01, 5e-01, 5e-01, 5e-01, 5e-01, 5e-01, 5e-01, 5e-01, 5e-01, 5e-01, 5e-01, 5e-01, 5e-01, 5e-01, 5e-01]
