last-generated=2017-08-03
statistics-initialization=
{
  "numerical Jacobians": "0", 
  "nonlinear": "0, 1"
}
statistics-simulation=
{
  "numerical Jacobians": "0", 
  "nonlinear": " ", 
  "number of continuous time states": "1", 
  "linear": " "
}
dyn.Q_flow=[-100., -100., -100., -100., -100., -100., -100., -100., -100., -100., -100., -100., -100., -100., -100., -100., -100., -100., -100., -100., -100., -100., -100., -100., -100., -100., 0., 0., 0., 0., 0., 0., 0., 0., 0., 0., 0., 0., 0., 0., 0., 0., 0., 0., 0., 0., 0., 0., 0., 0., 0., 100., 100., 100., 100., 100., 100., 100., 100., 100., 100., 100., 100., 100., 100., 100., 100., 100., 100., 100., 100., 100., 100., 100., 100., 100., 100., 100., 100., 100., 100., 100., 100., 100., 100., 100., 100., 100., 100., 100., 100., 100., 100., 100., 100., 100., 100., 100., 100., 100., 100.]
time=[0., 3600.]
dyn.medium.T=[293.149993896484375, 293.064361572265625, 292.980224609375, 292.897613525390625, 292.816497802734375, 292.73681640625, 292.6585693359375, 292.581695556640625, 292.506256103515625, 292.43212890625, 292.359344482421875, 292.287872314453125, 292.217681884765625, 292.148712158203125, 292.081024169921875, 292.0145263671875, 291.94921875, 291.885101318359375, 291.822113037109375, 291.76025390625, 291.699493408203125, 291.639862060546875, 291.581268310546875, 291.523712158203125, 291.46722412109375, 291.411712646484375, 291.44287109375, 291.47344970703125, 291.50347900390625, 291.532989501953125, 291.561981201171875, 291.590423583984375, 291.618377685546875, 291.64581298828125, 291.672760009765625, 291.69921875, 291.7252197265625, 291.750732421875, 291.77581787109375, 291.800445556640625, 291.824615478515625, 291.848358154296875, 291.871673583984375, 291.89459228515625, 291.917083740234375, 291.939178466796875, 291.960845947265625, 291.982177734375, 292.003082275390625, 292.023651123046875, 292.0438232421875, 292.1492919921875, 292.25286865234375, 292.354583740234375, 292.454498291015625, 292.5526123046875, 292.648956298828125, 292.74359130859375, 292.836517333984375, 292.92779541015625, 293.017425537109375, 293.105438232421875, 293.191864013671875, 293.276763916015625, 293.360137939453125, 293.442047119140625, 293.5224609375, 293.601409912109375, 293.678985595703125, 293.755157470703125, 293.8299560546875, 293.903411865234375, 293.975555419921875, 294.046417236328125, 294.115997314453125, 294.184356689453125, 294.25146484375, 294.3173828125, 294.382110595703125, 294.4456787109375, 294.50811767578125, 294.569427490234375, 294.629638671875, 294.68878173828125, 294.746856689453125, 294.80389404296875, 294.859893798828125, 294.9149169921875, 294.96893310546875, 295.022003173828125, 295.0740966796875, 295.125274658203125, 295.175537109375, 295.224884033203125, 295.27337646484375, 295.32098388671875, 295.367706298828125, 295.41363525390625, 295.458709716796875, 295.50299072265625, 295.546478271484375]
ste.sta_b.T=[288.369873046875, 288.369873046875, 288.369873046875, 288.369873046875, 288.369873046875, 288.369873046875, 288.369873046875, 288.369873046875, 288.369873046875, 288.369873046875, 288.369873046875, 288.369873046875, 288.369873046875, 288.369873046875, 288.369873046875, 288.369873046875, 288.369873046875, 288.369873046875, 288.369873046875, 288.369873046875, 288.369873046875, 288.369873046875, 288.369873046875, 288.369873046875, 288.369873046875, 288.369873046875, 293.149993896484375, 293.149993896484375, 293.149993896484375, 293.149993896484375, 293.149993896484375, 293.149993896484375, 293.149993896484375, 293.149993896484375, 293.149993896484375, 293.149993896484375, 293.149993896484375, 293.149993896484375, 293.149993896484375, 293.149993896484375, 293.149993896484375, 293.149993896484375, 293.149993896484375, 293.149993896484375, 293.149993896484375, 293.149993896484375, 293.149993896484375, 293.149993896484375, 293.149993896484375, 293.149993896484375, 293.149993896484375, 297.93011474609375, 297.93011474609375, 297.93011474609375, 297.93011474609375, 297.93011474609375, 297.93011474609375, 297.93011474609375, 297.93011474609375, 297.93011474609375, 297.93011474609375, 297.93011474609375, 297.93011474609375, 297.93011474609375, 297.93011474609375, 297.93011474609375, 297.93011474609375, 297.93011474609375, 297.93011474609375, 297.93011474609375, 297.93011474609375, 297.93011474609375, 297.93011474609375, 297.93011474609375, 297.93011474609375, 297.93011474609375, 297.93011474609375, 297.93011474609375, 297.93011474609375, 297.93011474609375, 297.93011474609375, 297.93011474609375, 297.93011474609375, 297.93011474609375, 297.93011474609375, 297.93011474609375, 297.93011474609375, 297.93011474609375, 297.93011474609375, 297.93011474609375, 297.93011474609375, 297.93011474609375, 297.93011474609375, 297.93011474609375, 297.93011474609375, 297.93011474609375, 297.93011474609375, 297.93011474609375, 297.93011474609375, 297.93011474609375, 297.93011474609375]
