last-generated=2016-05-15
statistics-simulation=
{
  "numerical Jacobians": "0", 
  "nonlinear": "1", 
  "number of continuous time states": "41", 
  "linear": " "
}
TBrine_out.T=[293.149993896484375, 286.11932373046875, 283.12152099609375, 281.889923095703125, 281.395538330078125, 281.268157958984375, 281.3887939453125, 281.570281982421875, 283.269989013671875, 284.4442138671875, 283.875885009765625, 286.074615478515625, 283.4288330078125, 285.249664306640625, 285.715972900390625, 283.837249755859375, 283.29852294921875, 283.82965087890625, 283.459869384765625, 280.3182373046875, 280.95330810546875, 281.192596435546875, 278.4002685546875, 278.59600830078125, 279.395538330078125, 276.878570556640625, 276.3619384765625, 276.341278076171875, 276.4638671875, 276.675811767578125, 276.970855712890625, 277.341583251953125, 277.773468017578125, 278.25128173828125, 278.773193359375, 279.3037109375, 279.804229736328125, 280.250701904296875, 280.622100830078125, 280.901123046875, 281.074249267578125, 281.134185791015625, 281.077911376953125, 280.908203125, 280.631805419921875, 280.2611083984375, 279.81182861328125, 279.3055419921875, 278.76702880859375, 278.241119384765625, 277.743743896484375, 277.28802490234375, 276.89483642578125, 276.58355712890625, 276.370025634765625, 276.265594482421875, 277.7366943359375, 278.3311767578125, 276.830230712890625, 279.06219482421875, 280.5096435546875, 278.383880615234375, 281.098052978515625, 282.4957275390625, 283.351043701171875, 281.6890869140625, 284.09893798828125, 285.171875, 285.753631591796875, 283.665008544921875, 285.705841064453125, 285.988128662109375, 283.6781005859375, 285.449432373046875, 282.7447509765625, 283.6507568359375, 282.18896484375, 280.06878662109375, 282.04962158203125, 279.13470458984375, 278.0201416015625, 277.39459228515625, 276.884979248046875, 276.439849853515625, 276.075927734375, 275.81646728515625, 275.678619384765625, 275.67108154296875, 275.79486083984375, 276.0438232421875, 276.40478515625, 276.85870361328125, 277.382232666015625, 277.95074462890625, 278.54595947265625, 279.141754150390625, 279.70892333984375, 280.223175048828125, 280.661651611328125, 281.00689697265625, 281.24609375]
TWater_out.T=[293.149993896484375, 302.782012939453125, 311.1297607421875, 317.623779296875, 322.63897705078125, 326.52886962890625, 329.475982666015625, 331.785400390625, 331.32867431640625, 329.804046630859375, 331.84185791015625, 328.677398681640625, 332.502655029296875, 330.164459228515625, 328.629974365234375, 330.430572509765625, 331.327484130859375, 329.33642578125, 328.380859375, 332.037353515625, 330.57220458984375, 328.567535400390625, 331.6778564453125, 331.158599853515625, 328.4525146484375, 331.811798095703125, 332.85968017578125, 332.986572265625, 332.812286376953125, 332.557220458984375, 332.300506591796875, 332.06805419921875, 331.867034912109375, 331.694305419921875, 331.511749267578125, 331.323974609375, 331.154388427734375, 331.009246826171875, 330.89080810546875, 330.7994384765625, 330.73492431640625, 330.697174072265625, 330.686370849609375, 330.70306396484375, 330.74798583984375, 330.822296142578125, 330.9273681640625, 331.064849853515625, 331.233123779296875, 331.39898681640625, 331.569000244140625, 331.764739990234375, 331.995391845703125, 332.265411376953125, 332.576629638671875, 332.92974853515625, 330.791473388671875, 329.25537109375, 332.59234619140625, 330.203857421875, 328.259124755859375, 332.851959228515625, 330.16192626953125, 328.73297119140625, 328.229278564453125, 332.439117431640625, 329.973114013671875, 328.788909912109375, 328.223724365234375, 332.32470703125, 329.586029052734375, 328.56536865234375, 332.19415283203125, 328.914306640625, 331.813018798828125, 330.066375732421875, 330.440826416015625, 333.016632080078125, 328.452362060546875, 331.175079345703125, 331.98065185546875, 331.859039306640625, 331.419219970703125, 330.91131591796875, 330.434112548828125, 330.023468017578125, 329.692901611328125, 329.4451904296875, 329.2806396484375, 329.198974609375, 329.199859619140625, 329.28399658203125, 329.45220947265625, 329.702667236328125, 330.016204833984375, 330.383026123046875, 330.798370361328125, 331.253875732421875, 331.7386474609375, 332.23956298828125, 332.744476318359375]
heatPump.T_max=[333.149993896484375, 333.149993896484375]
heatPump.T_min=[268.149993896484375, 268.149993896484375]
time=[0., 1000.]
TBrine_out_scaling.T=[293.149993896484375, 283.294219970703125, 282.3631591796875, 281.829376220703125, 281.525115966796875, 281.533172607421875, 281.629486083984375, 282.2999267578125, 282.47735595703125, 283.270843505859375, 284.37030029296875, 286.176177978515625, 285.697540283203125, 283.977752685546875, 285.6956787109375, 284.35455322265625, 284.477325439453125, 283.26373291015625, 282.1051025390625, 282.027313232421875, 279.100494384765625, 280.88385009765625, 279.488525390625, 277.2545166015625, 278.34075927734375, 277.3990478515625, 276.607666015625, 276.315887451171875, 276.495574951171875, 276.74005126953125, 277.067138671875, 277.469329833984375, 277.927886962890625, 278.426483154296875, 278.965911865234375, 279.49700927734375, 279.98583984375, 280.411895751953125, 280.75494384765625, 280.99908447265625, 281.132476806640625, 281.149566650390625, 281.049652099609375, 280.83734130859375, 280.52130126953125, 280.11614990234375, 279.639373779296875, 279.113983154296875, 278.567169189453125, 278.0498046875, 277.56512451171875, 277.12896728515625, 276.764556884765625, 276.489990234375, 276.319305419921875, 276.261749267578125, 277.148345947265625, 278.324249267578125, 276.92047119140625, 279.159698486328125, 280.1771240234375, 278.999603271484375, 282.104339599609375, 281.7225341796875, 283.637481689453125, 283.055511474609375, 284.936370849609375, 283.625457763671875, 285.859588623046875, 284.810211181640625, 285.061920166015625, 285.96240234375, 284.768829345703125, 282.986114501953125, 282.64306640625, 282.83917236328125, 283.044708251953125, 281.807098388671875, 279.099273681640625, 280.51708984375, 277.740753173828125, 277.147979736328125, 276.65594482421875, 276.22515869140625, 275.8929443359375, 275.67962646484375, 275.5966796875, 275.64794921875, 275.830718994140625, 276.135711669921875, 276.546966552734375, 277.042938232421875, 277.598297119140625, 278.1878662109375, 278.796875, 279.395172119140625, 279.95318603515625, 280.448333740234375, 280.859222412109375, 281.16973876953125, 281.368743896484375]
TWater_out_scaling.T=[293.149993896484375, 308.58709716796875, 316.218597412109375, 321.514984130859375, 325.681365966796875, 328.795013427734375, 331.253021240234375, 332.439697265625, 332.61956787109375, 331.982635498046875, 330.73162841796875, 328.51068115234375, 329.553009033203125, 331.880889892578125, 328.3392333984375, 330.257598876953125, 328.41571044921875, 329.96099853515625, 329.80181884765625, 329.431976318359375, 332.612060546875, 328.45953369140625, 330.190887451171875, 332.487518310546875, 329.6329345703125, 331.528350830078125, 331.656097412109375, 332.85284423828125, 332.7100830078125, 332.430511474609375, 332.171600341796875, 331.947418212890625, 331.759124755859375, 331.59771728515625, 331.408660888671875, 331.218780517578125, 331.057861328125, 330.9254150390625, 330.821563720703125, 330.74542236328125, 330.6962890625, 330.67401123046875, 330.6788330078125, 330.711395263671875, 330.772552490234375, 330.863616943359375, 330.985992431640625, 331.14141845703125, 331.3258056640625, 331.489105224609375, 331.6595458984375, 331.865875244140625, 332.111785888671875, 332.39935302734375, 332.729339599609375, 333.1019287109375, 330.753265380859375, 330.1510009765625, 332.79443359375, 329.574951171875, 329.6202392578125, 332.466064453125, 328.48944091796875, 330.8602294921875, 328.376953125, 331.033660888671875, 328.508544921875, 331.758758544921875, 328.5460205078125, 330.988739013671875, 329.935791015625, 328.94744873046875, 330.57525634765625, 332.3646240234375, 331.680450439453125, 330.2593994140625, 328.943115234375, 329.977935791015625, 332.536590576171875, 328.872314453125, 331.820068359375, 331.74798583984375, 331.20343017578125, 330.664947509765625, 330.203125, 329.8258056640625, 329.533447265625, 329.324981689453125, 329.199737548828125, 329.157806396484375, 329.199951171875, 329.327484130859375, 329.54205322265625, 329.84033203125, 330.19195556640625, 330.59033203125, 331.03375244140625, 331.51251220703125, 332.013824462890625, 332.52392578125, 333.030609130859375]
TBrine_out_modSec.T=[293.149993896484375, 283.294219970703125, 282.3631591796875, 281.829376220703125, 281.525115966796875, 281.533172607421875, 281.629486083984375, 282.4493408203125, 283.162689208984375, 283.685821533203125, 284.04437255859375, 284.233001708984375, 284.2493896484375, 284.097503662109375, 283.787689208984375, 283.336517333984375, 282.765960693359375, 282.10235595703125, 281.37579345703125, 280.619964599609375, 279.864776611328125, 279.140899658203125, 278.47674560546875, 277.8968505859375, 277.421051025390625, 277.06378173828125, 276.833740234375, 276.7337646484375, 276.761016845703125, 276.907440185546875, 277.1605224609375, 277.504364013671875, 277.9276123046875, 278.425537109375, 278.966766357421875, 279.496612548828125, 279.986236572265625, 280.410980224609375, 280.7535400390625, 281.00006103515625, 281.13250732421875, 281.149566650390625, 281.049652099609375, 280.83734130859375, 280.52130126953125, 280.11614990234375, 279.639373779296875, 279.113983154296875, 278.567169189453125, 278.0498046875, 277.56512451171875, 277.164825439453125, 276.882965087890625, 276.69818115234375, 276.629486083984375, 276.687255859375, 276.876068115234375, 277.1951904296875, 277.637939453125, 278.191802978515625, 278.83868408203125, 279.555419921875, 280.314697265625, 281.08673095703125, 281.841094970703125, 282.543670654296875, 283.163787841796875, 283.673828125, 284.050323486328125, 284.275054931640625, 284.33599853515625, 284.227783203125, 283.9520263671875, 283.517303466796875, 282.938720703125, 282.237396240234375, 281.4393310546875, 280.57452392578125, 279.676361083984375, 278.782623291015625, 277.9261474609375, 277.177001953125, 276.654998779296875, 276.2247314453125, 275.892822265625, 275.6795654296875, 275.5966796875, 275.64794921875, 275.830718994140625, 276.13568115234375, 276.546966552734375, 277.042938232421875, 277.598297119140625, 278.1878662109375, 278.796875, 279.395172119140625, 279.95318603515625, 280.448333740234375, 280.963592529296875, 281.475006103515625, 281.852142333984375]
TWater_out_modSec.T=[293.149993896484375, 308.58709716796875, 316.218597412109375, 321.514984130859375, 325.681365966796875, 328.795013427734375, 331.253021240234375, 331.953704833984375, 332.02593994140625, 332.0814208984375, 332.124359130859375, 332.1572265625, 332.181640625, 332.198760986328125, 332.20941162109375, 332.214111328125, 332.2132568359375, 332.207122802734375, 332.195465087890625, 332.176025390625, 332.1517333984375, 332.12322998046875, 332.09124755859375, 332.0567626953125, 332.02093505859375, 331.984832763671875, 331.949310302734375, 331.914947509765625, 331.8818359375, 331.849639892578125, 331.81689453125, 331.779144287109375, 331.7169189453125, 331.590606689453125, 331.404632568359375, 331.218017578125, 331.057647705078125, 330.9261474609375, 330.825408935546875, 330.743988037109375, 330.69586181640625, 330.6739501953125, 330.678863525390625, 330.71142578125, 330.7725830078125, 330.863616943359375, 330.985992431640625, 331.14141845703125, 331.3258056640625, 331.489105224609375, 331.6595458984375, 331.799407958984375, 331.840667724609375, 331.876434326171875, 331.91192626953125, 331.9481201171875, 331.98516845703125, 332.0225830078125, 332.059539794921875, 332.094970703125, 332.1278076171875, 332.1571044921875, 332.182220458984375, 332.20208740234375, 332.214813232421875, 332.223052978515625, 332.226806640625, 332.226104736328125, 332.2210693359375, 332.2117919921875, 332.198333740234375, 332.180816650390625, 332.1593017578125, 332.133941650390625, 332.104827880859375, 332.072174072265625, 332.0362548828125, 331.99725341796875, 331.95404052734375, 331.900970458984375, 331.835723876953125, 331.682525634765625, 331.19439697265625, 330.663848876953125, 330.202880859375, 329.82568359375, 329.533416748046875, 329.324981689453125, 329.199737548828125, 329.157806396484375, 329.199920654296875, 329.327484130859375, 329.54205322265625, 329.84033203125, 330.19195556640625, 330.59033203125, 331.03375244140625, 331.51251220703125, 331.832550048828125, 331.873809814453125, 331.90826416015625]
TBrine_out_onOffMod.T=[293.149993896484375, 286.11932373046875, 283.12152099609375, 281.889923095703125, 281.395538330078125, 281.268157958984375, 281.3887939453125, 281.570281982421875, 283.269989013671875, 284.4442138671875, 283.875885009765625, 286.074615478515625, 284.929229736328125, 284.040863037109375, 283.543304443359375, 283.071136474609375, 282.54864501953125, 283.54461669921875, 283.38079833984375, 282.414398193359375, 280.41156005859375, 279.477386474609375, 280.38543701171875, 278.1658935546875, 276.948333740234375, 278.9595947265625, 279.556732177734375, 279.809661865234375, 280.069915771484375, 280.4263916015625, 280.89202880859375, 281.45306396484375, 282.0870361328125, 282.76873779296875, 283.467803955078125, 284.15313720703125, 284.794708251953125, 285.36456298828125, 285.83782958984375, 286.19384765625, 286.416534423828125, 286.497283935546875, 286.4326171875, 286.22601318359375, 285.885467529296875, 285.42584228515625, 284.8658447265625, 284.23114013671875, 283.54888916015625, 282.849090576171875, 282.162506103515625, 279.73468017578125, 278.6761474609375, 278.145477294921875, 277.830078125, 277.668701171875, 277.64715576171875, 277.756439208984375, 277.991455078125, 278.34228515625, 278.79376220703125, 279.638641357421875, 281.58453369140625, 282.630767822265625, 280.63348388671875, 283.154449462890625, 284.51800537109375, 285.28814697265625, 283.34442138671875, 284.967041015625, 286.07659912109375, 285.220733642578125, 284.1441650390625, 283.706268310546875, 283.330718994140625, 282.883087158203125, 284.052337646484375, 283.999420166015625, 283.479156494140625, 282.825347900390625, 282.152862548828125, 281.51507568359375, 280.946380615234375, 280.4735107421875, 280.11767578125, 279.89434814453125, 279.813568115234375, 279.878875732421875, 280.08758544921875, 280.43060302734375, 280.892669677734375, 281.4530029296875, 282.08697509765625, 282.767547607421875, 283.4647216796875, 284.148895263671875, 284.79022216796875, 285.361297607421875, 285.835479736328125, 286.19171142578125, 286.414947509765625]
TWater_out_onOffMod.T=[293.149993896484375, 302.782012939453125, 311.1297607421875, 317.623779296875, 322.63897705078125, 326.52886962890625, 329.475982666015625, 331.785400390625, 331.32867431640625, 329.804046630859375, 331.84185791015625, 328.677398681640625, 330.048675537109375, 331.6754150390625, 332.520660400390625, 332.952423095703125, 333.131927490234375, 330.339630126953125, 328.84149169921875, 328.659881591796875, 330.768035888671875, 331.797119140625, 328.93743896484375, 330.998260498046875, 332.925140380859375, 328.825592041015625, 326.505950927734375, 325.133544921875, 324.188751220703125, 323.43865966796875, 322.779693603515625, 322.170196533203125, 321.597015380859375, 321.057830810546875, 320.555633544921875, 320.096160888671875, 319.68572998046875, 319.330352783203125, 319.03546142578125, 318.8055419921875, 318.64434814453125, 318.55413818359375, 318.53643798828125, 318.59124755859375, 318.7178955078125, 318.914398193359375, 319.177947998046875, 319.504180908203125, 319.888092041015625, 320.323638916015625, 320.803924560546875, 324.219451904296875, 326.222991943359375, 327.384490966796875, 328.1807861328125, 328.80548095703125, 329.3450927734375, 329.852569580078125, 330.345703125, 330.82916259765625, 331.301727294921875, 331.501708984375, 329.218109130859375, 328.299346923828125, 332.606414794921875, 330.488677978515625, 329.049285888671875, 328.364532470703125, 331.818450927734375, 330.625579833984375, 328.7847900390625, 329.54656982421875, 331.19976806640625, 331.67572021484375, 331.5985107421875, 331.249847412109375, 327.848419189453125, 325.752471923828125, 324.47467041015625, 323.570465087890625, 322.840789794921875, 322.199127197265625, 321.610748291015625, 321.064178466796875, 320.55859375, 320.09759521484375, 319.6864013671875, 319.33062744140625, 319.0355224609375, 318.80548095703125, 318.6441650390625, 318.553985595703125, 318.53631591796875, 318.59136962890625, 318.71826171875, 318.9150390625, 319.17864990234375, 319.50506591796875, 319.889129638671875, 320.324462890625, 320.804168701171875]
HP_scaling.PElec.y=[8480., 13350.76171875, 15018.0908203125, 16677.166015625, 18072.1484375, 19161.431640625, 20093.201171875, 0., 20723.513671875, 20579.6953125, 20207.119140625, 19094.060546875, 0., 0., 0., 0., 19255.43359375, 0., 19854.59375, 0., 0., 19190.744140625, 0., 19305.421875, 19183.86328125, 0., 19180.888671875, 19260.904296875, 19382.71875, 19528.2578125, 19687.091796875, 19850.130859375, 20010.9921875, 20100.2109375, 20042.259765625, 19981.58984375, 19927.12109375, 19880.162109375, 19842.07421875, 19813.724609375, 19795.763671875, 19788.640625, 19792.541015625, 19807.337890625, 19832.607421875, 19867.708984375, 19911.802734375, 19964.01953125, 19967.36328125, 19827.771484375, 19680.400390625, 19536.5078125, 19402.724609375, 19287.9453125, 19203.748046875, 19164.392578125, 19177.998046875, 0., 0., 19344.75390625, 0., 0., 0., 0., 0., 0., 0., 0., 0., 0., 19971.619140625, 0., 0., 0., 20451.669921875, 19961.3984375, 19417.423828125, 0., 20388.4375, 19291.240234375, 19715.390625, 19514.32421875, 19335.201171875, 19229.892578125, 19181.10546875, 19167.296875, 19171.333984375, 19182.2421875, 19195.875, 19214.85546875, 19247.892578125, 19308.552734375, 19413.455078125, 19547.162109375, 19653.26953125, 19784.451171875, 19940.3046875, 20116.615234375, 20306.767578125, 20502.623046875, 20695.923828125]
heatPump.PElec.y=[4240., 5973.3115234375, 6864.2734375, 7695.9228515625, 8533.375, 9183.509765625, 9711.5986328125, 10146.7373046875, 0., 9828.7841796875, 0., 0., 10330.7001953125, 0., 0., 9973.80078125, 0., 0., 0., 10032.3037109375, 0., 0., 9698.6015625, 0., 9584.4990234375, 9583.0869140625, 9592.16796875, 9631.71875, 9694.166015625, 9770.2919921875, 9853.14453125, 9937.595703125, 10020.1328125, 10065.6904296875, 10038.58984375, 10008.9375, 9980.5732421875, 9955.1220703125, 9933.60546875, 9916.70703125, 9904.87109375, 9898.3828125, 9897.3818359375, 9901.8408203125, 9911.5830078125, 9926.3173828125, 9945.642578125, 9969.142578125, 9969.681640625, 9903.439453125, 9832.4189453125, 9762.3818359375, 9697.3681640625, 9641.810546875, 9601.2060546875, 9582.275390625, 0., 9595.76171875, 9694.505859375, 0., 9551.0703125, 0., 0., 0., 9534.01171875, 0., 0., 0., 9479.8173828125, 0., 0., 9600.0634765625, 0., 0., 10176.7998046875, 0., 9932.1162109375, 10308.7041015625, 9564.0986328125, 9893.939453125, 9867.0634765625, 9764.224609375, 9675.107421875, 9618.8544921875, 9591.52734375, 9583.55078125, 9585.939453125, 9592.392578125, 9599.98828125, 9609.2177734375, 9623.625, 9649.2470703125, 9693.720703125, 9750.548828125, 9796.5908203125, 9855.779296875, 9927.7255859375, 10010.7666015625, 10102.076171875, 10197.8583984375, 10294.0673828125]
