last-generated=2017-01-23
statistics-initialization=
{
  "numerical Jacobians": "0", 
  "nonlinear": "2, 2"
}
statistics-simulation=
{
  "numerical Jacobians": "0", 
  "nonlinear": "1", 
  "number of continuous time states": "4", 
  "linear": " "
}
building.TSensor[1]=[292., 291.1480712890625, 291.14805772569445707632, 291.14802042643231061447, 291.14798312717016415263, 291.14794921875, 291.14794921875, 291.147918701171875, 291.147918701171875, 291.14788818359375, 291.14788140190972853816, 291.147857666015625, 291.147857666015625, 290.46608140733508207632, 289.14874267578125, 289.14875284830731061447, 289.14882066514758207632, 289.14886474609375, 289.14892578125, 289.14899359809027146184, 289.14906141493054292368, 289.14912923177081438553, 289.14916653103296084737, 289.149200439453125, 289.149200439453125, 289.149200439453125, 289.149200439453125, 289.149169921875, 289.14913262261285353816, 289.14909532335070707632, 289.1490478515625, 293.15455118815106061447, 294.14825100368921084737, 294.148193359375, 294.14814588758679292368, 294.14810858832464646184, 294.1480712890625, 294.14801025390625, 294.14796617296008207632, 294.14792887369793561447, 292.97650146484375, 291.14767116970483584737, 291.147613525390625, 291.14756605360241792368, 291.14746771918402146184, 291.14739990234375, 291.14733208550347853816, 291.14727783203125, 291.14725748697918561447, 291.14722018771703915263, 291.147186279296875, 291.14715576171875, 291.14710828993054292368, 291.1470947265625, 291.147064208984375, 291.14703369140625, 290.64497205946179292368, 289.14786783854168561447, 289.147857666015625, 289.14788818359375, 289.147918701171875, 289.14794921875, 289.14794921875, 289.147979736328125, 289.14798651801214646184, 289.14801025390625, 289.14801025390625, 289.14801025390625, 289.14801025390625, 289.14801025390625, 289.147979736328125, 289.14794921875, 289.147918701171875, 289.14788818359375, 290.93434312608508207632, 294.147125244140625, 294.1470947265625, 294.14706081814233584737, 294.14703369140625, 294.14703369140625, 294.147003173828125, 294.14697265625, 294.14691162109375, 293.36963229709203915263, 291.14664713541668561447, 291.1466064453125, 291.14670138888891415263, 291.146728515625, 291.146728515625, 291.146728515625, 291.146728515625, 291.146697998046875, 291.146697998046875, 291.146697998046875, 291.146728515625, 291.14673190646703915263, 291.146759033203125, 291.146759033203125, 291.146759033203125, 291.146759033203125, 289.14764404296875]
time=[0., 200000.]
building.heatPortCon[1].Q_flow=[100., 2562.41642252604151508422, 2591.86637369791651508422, 2630.935546875, 2671.242919921875, 2711.29966905381934338948, 2735.92610677083348491578, 2755.36537000868065661052, 2774.80438910590282830526, 2794.24365234375, 2815.62065972222217169474, 2830.32847764756934338948, 2830.69978841145848491578, 669.91731770833348491578, 2010.01216634114575754211, 1991.4188232421875, 1921.63441297743065661052, 1842.460693359375, 1764.7041015625, 1686.9476318359375, 1609.191162109375, 1531.43461100260424245789, 1458.51405164930565661052, 1420.93282063802075754211, 1410.326171875, 1413.56172688802075754211, 1420.5560302734375, 1449.680908203125, 1507.97211371527805567894, 1566.28944227430542923685, 1624.60689290364575754211, 13517.7330322265625, 3250.99275716145848491578, 3309.31013997395848491578, 3367.62749565972217169474, 3425.94485134548631322104, 3484.26220703125, 3542.57956271701368677896, 3600.89705403645848491578, 3659.21435546875, 499.35609266493020186317, 3085.79161241319434338948, 3149.73453776041651508422, 3231.44585503472217169474, 3325.83034939236131322104, 3423.9931640625, 3512.0947265625, 3571.77517361111131322104, 3610.66748046875, 3649.54581705729151508422, 3688.42390950520848491578, 3736.72135416666651508422, 3797.80107964409717169474, 3826.45260959201368677896, 3843.957763671875, 3882.83308919270848491578, 2352.17664930549881319166, 3123.83430989583303016843, 3126.80672200520848491578, 3105.36170789930565661052, 3069.99405924479151508422, 3031.40093315972217169474, 3008.75005425347217169474, 2989.31103515625, 2967.933837890625, 2953.22620985243065661052, 2952.854736328125, 2954.30099826388868677896, 2954.30126953125, 2958.66219075520848491578, 2982.45355902777782830526, 3020.35555013020848491578, 3059.233642578125, 3098.11197916666651508422, 8405.11922200520893966313, 4685.61946614583303016843, 4724.49799262152737355791, 4763.37603081597262644209, 4794.09977213541696983157, 4810.37906901041696983157, 4840.93446180555565661052, 4883.8935546875, 4939.84901258680565661052, 2816.02647569444434338948, 4396.81282552083303016843, 4429.68939887152737355791, 4334.34136284722262644209, 4298.85107421875, 4298.85107421875, 4298.85107421875, 4298.85107421875, 4322.70149739583303016843, 4329.95811631944434338948, 4310.53401692708303016843, 4291.09499782986131322104, 4271.65597873263868677896, 4260.37125651041696983157, 4263.53119574652737355791, 4249.79551866319434338948, 4228.89111328125, 3415.6923828125]
building.heatPortRad[1].Q_flow=[100., 1155.32132975260424245789, 1167.94276258680565661052, 1184.68660481770825754211, 1201.96119520399315661052, 1219.12844509548608584737, 1229.68265787760424245789, 1238.01369900173608584737, 1246.34474012586815661052, 1254.67578125, 1263.83744303385424245789, 1270.14078776041674245789, 1270.2999267578125, 496.6312255859375, 1090.00518120659717169474, 1082.03662109375, 1052.12904188368065661052, 1018.19742838541662877105, 984.87322998046875, 951.54898410373266415263, 918.22479926215282830526, 884.90055338541662877105, 853.64889865451391415263, 837.54260932074657830526, 832.99692789713537877105, 834.38358561197912877105, 837.38113742404516415263, 849.86328125, 874.84519449869799245789, 899.83833821614575754211, 924.83152262369787877105, 6326.64748806423631322104, 1964.71120876736108584737, 1989.70430501302075754211, 2014.69752332899315661052, 2039.69061957465282830526, 2064.683837890625, 2089.67702907986131322104, 2114.67022026909717169474, 2139.663330078125, 328.29546440972217169474, 1379.62502712673608584737, 1407.02909342447924245789, 1442.04825846354174245789, 1482.49876573350684338948, 1524.5684814453125, 1562.32634819878467169474, 1587.90364583333325754211, 1604.57173665364575754211, 1621.23391384548608584737, 1637.89596896701391415263, 1658.5948486328125, 1684.77189127604174245789, 1697.05118815104174245789, 1704.5533447265625, 1721.21417914496532830526, 1141.40903049042981365346, 1567.3575439453125, 1568.63151041666674245789, 1559.44071451822924245789, 1544.28316243489575754211, 1527.74320475260424245789, 1518.03575303819434338948, 1509.7047119140625, 1500.54307725694434338948, 1494.23977322048608584737, 1494.08056640625, 1494.700439453125, 1494.7005615234375, 1496.56949869791674245789, 1506.76580132378467169474, 1523.00945366753467169474, 1539.671630859375, 1556.33368598090282830526, 3983.1463623046875, 2579.55126953125, 2596.21329752604151508422, 2612.87556966145848491578, 2626.04288736979151508422, 2633.01955837673631322104, 2646.11485460069434338948, 2664.52587890625, 2688.5068359375, 1549.72561306423608584737, 1941.49125162760424245789, 1955.58119032118065661052, 1914.71762424045141415263, 1899.5076904296875, 1899.5076904296875, 1899.5076904296875, 1899.5076904296875, 1909.72923448350684338948, 1912.83921983506934338948, 1904.5146484375, 1896.18363444010424245789, 1887.85249837239575754211, 1883.01627604166674245789, 1884.3704833984375, 1878.48380533854174245789, 1869.5247802734375, 1692.4395751953125]
