last-generated=2016-12-20
statistics-initialization=
{
  "numerical Jacobians": "0", 
  "nonlinear": "5, 5, 5, 5, 5, 5, 8", 
  "linear": "0, 0, 0, 0, 0, 0, 0, 0, 0, 0, 0, 0, 0, 0, 0, 0, 0, 0, 0, 0, 0, 0, 0, 0, 0, 0, 0,   0, 0, 0"
}
statistics-simulation=
{
  "numerical Jacobians": "0", 
  "nonlinear": "8, 1", 
  "number of continuous time states": "356", 
  "linear": "0, 0, 0, 0, 0, 0, 0, 0, 0, 0, 0, 0, 0, 0, 0, 5, 5, 0, 0, 0, 0, 0, 0, 0, 0, 0, 0,   0, 0, 0, 0, 0, 0, 0, 0, 0, 0, 0, 0, 0, 0, 0, 0, 8, 0, 0, 0, 0, 0, 0, 0, 0, 0,   0, 0, 0, 0, 0, 0, 0, 0, 0, 0, 0, 0, 0, 0, 0, 0, 8, 0, 0, 0, 0, 0, 8, 0, 0, 8,   0, 8, 0, 0, 0, 0, 0, 0, 0, 0, 0, 0, 0, 0, 0, 5, 8, 0, 0, 0, 0, 0, 0, 0, 0, 0,   0, 0, 0, 0, 0, 0, 0, 0, 0, 0, 0, 0"
}
bathRoom.TSensor=[293.149993896484375, 295.31581542968751818989, 294.32200439453123408384, 294.33862182617190228484, 294.35848876953127728484, 294.33755187988282386868, 294.19999023437497953637, 294.02521423339845796363, 294.12731689453124772626, 294.237152099609375, 294.32166137695310226263, 294.35801391601563636868, 294.33238769531249090505, 294.17919128417969432121, 293.93271606445313182121, 293.94208679199221023737, 294.00681030273437954747, 294.07107055664062045253, 294.13355102539060226263, 294.19483886718751364242, 294.25206298828123863132, 294.29995788574217385758, 294.34127563476562272626, 294.37333068847658523737, 294.42439941406252046363, 294.424896240234375, 294.37688354492189546363, 294.26684387207029658384, 294.09411499023440228484, 293.9369354248046875, 293.848876953125, 293.82284118652341931011, 293.83260131835936590505, 293.84875671386720341616, 293.86102172851559544142, 293.88356933593752273737, 293.8971899414062249889, 293.90599304199218977374, 293.91594848632814773737, 293.91849853515623181011, 293.92511596679685226263, 293.97001953124998863132, 294.01446044921874545253, 294.04300964355468295253, 294.07627563476563636868, 294.10477905273438636868, 294.11704711914063636868, 294.13253845214842385758, 294.1441650390625, 294.15798828125002728484, 294.16717529296875, 294.17129028320312045253, 294.17432495117185453637, 294.17318847656252955858, 294.17107055664064318989, 294.16452941894533523737, 294.15441284179684089395, 294.13816284179688409495, 294.14755981445313182121, 294.25085937500000454747, 294.29655761718748863132, 294.32980529785157841616, 294.35072509765626591616, 294.35239685058593295253, 294.35612548828123635758, 294.35666198730467613132, 294.356964111328125, 294.3550531005859625111, 294.34941894531249317879, 294.33703369140624772626, 294.31511230468748863132, 294.28858276367185453637, 294.24882690429689091616, 294.20416748046875454747, 294.14779052734371589395, 294.1918792724609375, 294.83649414062500682121, 294.61280761718751364242, 294.49592163085935681011, 294.31263916015626591616, 294.25607910156247726263, 294.00700500488284205858, 293.97919677734375909495, 294.03480834960936363132, 294.07856201171875909495, 294.11488037109376136868, 294.14378784179689318989, 294.16191345214843977374, 294.17195434570311363132, 294.17219604492186135758, 294.16494140625002273737, 294.14699096679686363132, 294.12339843749998635758, 294.14226501464844432121, 294.11391967773437272626, 294.10264892578123863132, 294.19598999023435226263, 294.18486633300778976263, 294.14683959960939318989, 294.11867187500001818989, 294.08941650390625]
bedRoom1.TSensor=[293.149993896484375, 294.54364562988280340505, 294.08350219726560226263, 294.05339599609374090505, 294.09017456054687045253, 294.1090850830078125, 294.10292602539061590505, 294.09325744628904431011, 294.0917626953125250111, 294.0878332519530999889, 294.06254882812498863132, 294.00698608398437272626, 293.93965454101561363132, 293.87110961914061135758, 293.81256835937500682121, 293.864227294921875, 294.00510253906247726263, 294.0698126220702874889, 294.05801269531252728484, 293.99438232421874772626, 293.89611206054689773737, 293.77634765624998181011, 293.76749267578122726263, 293.98060852050781477374, 294.05710449218747726263, 294.03265380859375, 293.96061645507813864242, 293.85366699218747044142, 293.73246215820313409495, 293.83146484374998408384, 294.01547851562497726263, 294.00763061523434771516, 293.89979614257811135758, 293.74695922851560681011, 293.68696411132810908384, 293.94383850097653976263, 294.00274902343750227374, 293.9042700195312249889, 293.74518920898435681011, 293.64956420898437272626, 293.91840209960935226263, 293.99027832031248408384, 293.92160888671872953637, 293.8057592773437249889, 293.68549682617185681011, 293.801727294921875, 293.98483764648437954747, 293.96174560546876364242, 293.84254516601561135758, 293.68515869140622953637, 293.71783447265625, 293.96249816894533068989, 293.95404296875000227374, 293.81505432128903976263, 293.63447875976561363132, 293.7886199951171875, 293.97600097656248863132, 293.88711853027342613132, 293.70597778320313864242, 293.64311767578124090505, 293.938629150390625, 294.03348388671872726263, 293.96183959960939091616, 293.79435791015623635758, 293.62620727539064091616, 293.86178894042967613132, 293.98308837890624545253, 293.86729858398439318989, 293.66073730468747271516, 293.69171813964840112021, 293.96690063476563636868, 293.87539428710937272626, 293.63894531249997044142, 293.67027221679688864242, 293.94745483398435226263, 293.8137359619140625, 293.60572875976561135758, 293.70199951171878183231, 293.98343749999997953637, 294.00767395019528294142, 293.89014282226560226263, 293.68682250976559089395, 293.65563842773434544142, 293.94950927734373635758, 293.93951904296875454747, 293.77167053222655113132, 293.58031249999999090505, 293.85531433105467158384, 293.95268920898439546363, 293.78790893554685226263, 293.55765991210938636868, 293.82581237792970796363, 293.93115234375, 293.76052246093746589395, 293.54631225585939091616, 293.85478515624998863132, 293.99441284179687272626, 293.86815856933594659495, 293.61767089843749545253, 293.70800964355470341616, 293.942169189453125]
bedRoom2.TSensor=[293.149993896484375, 294.51028625488282841616, 294.10829956054686817879, 294.08545593261720796363, 294.10082275390624317879, 294.08161315917971023737, 294.02886840820315228484, 293.96660583496094432121, 293.90992065429685453637, 293.8598822021484124889, 293.81232910156251136868, 293.83564575195310908384, 293.96817993164063409495, 294.05479492187498635758, 294.06326782226562954747, 294.01884155273438636868, 293.93894775390623408384, 293.83689208984372953637, 293.73890136718750909495, 293.87411193847657386868, 294.038177490234375, 294.03154663085939546363, 293.92704711914063864242, 293.77789123535154658384, 293.67955200195314091616, 293.9114532470703125, 294.0404626464844000111, 293.99670654296875227374, 293.87389648437499545253, 293.71352294921877046363, 293.72694702148436363132, 293.98692749023439318989, 293.99723999023439091616, 293.869415283203125, 293.68669433593748863132, 293.7047576904296875, 293.9798242187500250111, 293.97231567382812045253, 293.82550537109375454747, 293.64010925292967613132, 293.76021728515627273737, 293.98928222656252273737, 293.95108764648438182121, 293.82307861328126818989, 293.67696166992186590505, 293.73981933593751136868, 293.98095825195309771516, 293.98483581542967613132, 293.86926757812500454747, 293.7053411865234124889, 293.695892333984375, 293.96963745117187727374, 293.97569335937498635758, 293.83020568847655340505, 293.63444824218748863132, 293.78721008300783523737, 293.98800415039062272626, 293.88148010253905795253, 293.67188110351560226263, 293.65350402832029885758, 293.97046508789060226263, 293.98366516113281932121, 293.85487792968751818989, 293.66893737792969432121, 293.73395385742190910605, 293.99363403320313636868, 293.93607421874997953637, 293.74113586425778521516, 293.59973632812500454747, 293.94545776367186817879, 293.92940063476561363132, 293.69525573730470568989, 293.57944458007813182121, 293.94338439941407159495, 293.82628051757814091616, 293.530975341796875, 293.75482299804684771516, 293.94828247070313409495, 293.83587646484375, 293.66465209960938409495, 293.64604492187498863132, 293.96397277832033978484, 293.94725341796873863132, 293.77205322265626818989, 293.58159667968749317879, 293.878509521484375, 293.96412109375000909495, 293.78539978027345114242, 293.54998535156249772626, 293.86303894042970341616, 293.92921142578126136868, 293.70505676269527839395, 293.529052734375, 293.91859191894531022626, 293.85584716796876136868, 293.60237731933591476263, 293.64701904296873635758, 293.95778076171876591616, 293.85472534179689318989, 293.61074768066407614242, 293.666473388671875]
bedRoom3.TSensor=[293.149993896484375, 294.4672698974609375, 294.1691857910156500111, 294.14226989746094886868, 294.13605346679685226263, 294.1117095947265625, 294.07649047851560908384, 294.10746582031248408384, 294.11321044921874090505, 294.12489990234377046363, 294.1177978515625, 294.08653564453123863132, 294.04753540039064318989, 294.00882080078122271516, 293.966522216796875, 293.9416351318359375, 293.98582031249998181011, 294.08628295898438409495, 294.15565917968751818989, 294.17228637695313864242, 294.14754638671877273737, 294.09497619628905340505, 294.02539550781250454747, 293.94429321289061363132, 293.91995727539062954747, 293.9699554443359375, 294.08029296875002955858, 294.16320190429689773737, 294.19008911132812045253, 294.17270324707033068989, 294.12282104492186363132, 294.04869689941403976263, 293.95921020507813636868, 293.87191345214841931011, 293.97101318359375454747, 294.11751098632811363132, 294.14160888671875682121, 294.08735107421875909495, 293.99425537109374317879, 293.88544433593750682121, 293.85911254882813636868, 294.0642242431640625, 294.150909423828125, 294.16097412109377273737, 294.13895874023438636868, 294.09088745117185226263, 294.01023071289063182121, 293.92350036621093067879, 293.87397583007810908384, 294.01101745605467385758, 294.131866455078125, 294.13284545898437727374, 294.07251464843750454747, 293.97457702636717158384, 293.86298461914060453637, 293.91539916992189773737, 294.11099609375003183231, 294.13457763671874545253, 294.08479003906251136868, 294.08968505859377273737, 294.04142456054688636868, 293.99393371582033296363, 293.9403076171875, 293.96777038574219886868, 294.11557128906252955858, 294.17077331542969886868, 294.1326330566405999889, 294.03723266601559771516, 293.90589721679685908384, 293.84307617187499772626, 294.07610473632814773737, 294.14357727050781932121, 294.05330688476561817879, 293.89814086914060453637, 293.80318725585937045253, 294.121124267578125, 294.36335327148435681011, 294.51540649414062045253, 294.47298950195312272626, 294.3187371826172125111, 294.16042480468752273737, 294.26442138671876591616, 294.24071289062499090505, 294.17656738281249317879, 294.09055908203123408384, 293.98682861328126136868, 293.89218872070313182121, 294.00095031738283068989, 294.16665527343747044142, 294.17544616699217385758, 294.09404296874998863132, 293.96422607421874317879, 293.82902832031248863132, 293.9802972412109625111, 294.15347045898437272626, 294.16023864746091476263, 294.1916162109375250111, 294.09559204101560681011, 293.94461547851562954747, 293.85364379882810226263, 294.038299560546875]
Porch.TSensor=[293.149993896484375, 290.62401733398439773737, 289.30788452148436817879, 288.49463134765625227374, 287.89036621093748635758, 287.39193115234377273737, 287.093414306640625, 288.53771118164064546363, 289.29179809570314318989, 289.82534667968752728484, 289.56629028320310226263, 288.56487121582028976263, 287.50777465820311817879, 286.89424743652341476263, 286.42560913085935681011, 286.01047973632813636868, 285.60719848632811590505, 285.22156860351560681011, 284.83219726562498408384, 284.45689636230468977374, 284.13402099609373863132, 283.82811523437499090505, 283.54779174804684771516, 283.28666198730468295253, 284.00413452148438864242, 284.7617950439453125, 285.15133422851562272626, 285.02733642578124317879, 284.47958129882812272626, 283.66799743652342158384, 283.17923583984372726263, 282.81433959960935453637, 282.52503784179685908384, 282.24614562988278976263, 281.92975708007810453637, 281.73470458984377273737, 281.58787719726564091616, 281.43222778320313182121, 281.3146093749999749889, 281.21670043945312045253, 281.14008178710935226263, 281.715362548828125, 282.91916381835937954747, 283.34943237304685226263, 283.57051391601561363132, 283.46898803710939773737, 282.76917358398435453637, 282.30380310058592385758, 282.04224487304685453637, 281.803863525390625, 281.59344482421875, 281.41041748046876591616, 281.20939575195313864242, 280.99379028320311135758, 280.76722045898435453637, 280.58170166015622726263, 280.38885375976559544142, 280.20450500488283296363, 280.52137451171876136868, 283.34960021972653976263, 284.17449340820314773737, 284.5920446777343499889, 284.27929199218749545253, 283.06075744628907386868, 281.96667602539059771516, 281.360931396484375, 280.88226440429684771516, 280.4678155517578375111, 280.08493896484372953637, 279.72561157226562045253, 279.43143310546872726263, 279.11418334960939091616, 278.82485351562502273737, 278.57864562988282841616, 278.36144531249999545253, 279.3175811767578125, 289.4683264160155999889, 295.97567138671877273737, 297.55288208007812045253, 294.10027709960934316769, 289.62442626953122726263, 286.3009069824218499889, 284.72614868164060908384, 283.75001831054686363132, 282.99185668945312954747, 282.34353332519532386868, 281.78777099609374090505, 281.2986334228515374889, 280.83878540039063409495, 280.44338745117187272626, 280.09159545898438636868, 279.80500000000000682121, 279.55731201171875, 280.19413574218748408384, 280.22258178710939091616, 280.43133850097655113132, 283.84191528320309316769, 283.48057128906248181011, 281.67508422851562954747, 280.63616149902344432121, 280.10125732421875]
living.TSensor=[293.149993896484375, 294.24345886230469204747, 293.44244140624999772626, 293.35429138183593522626, 293.18107055664063409495, 292.95233154296875, 293.11660522460937272626, 293.07035278320313409495, 292.85920898437501591616, 292.99676330566404658384, 293.01594238281251136868, 292.77239685058594886868, 292.92812377929686817879, 292.91473571777345341616, 292.6747094726562750111, 292.93898315429686363132, 292.80354125976560908384, 292.67782348632812272626, 292.91175537109376136868, 292.64327270507811817879, 292.826080322265625, 292.79454589843749090505, 292.576080322265625, 292.87360107421875454747, 292.60510742187500454747, 292.7839508056640625, 292.78038940429689773737, 292.54923095703122726263, 292.849334716796875, 292.55395996093750454747, 292.76594238281251136868, 292.68659362792971023737, 292.55183349609376364242, 292.78356445312499545253, 292.4566650390625, 292.801239013671875, 292.54491455078124317879, 292.69020324707031477374, 292.66572753906251591616, 292.49401733398434544142, 292.74898681640627273737, 292.42255493164060453637, 292.7850915527344000111, 292.53815612792971023737, 292.67138671875, 292.66403808593747726263, 292.47517578125001591616, 292.7359277343750250111, 292.40364746093752046363, 292.75843383789060681011, 292.469573974609375, 292.68907592773439318989, 292.57834472656247726263, 292.54205932617185226263, 292.66538085937497726263, 292.4088134765625, 292.72192016601559316769, 292.36664550781250682121, 292.74599975585937272626, 292.44121704101564773737, 292.71284790039061363132, 292.5858612060546875, 292.55615600585940683231, 292.66361755371093522626, 292.40377929687502955858, 292.71272888183591476263, 292.3565405273437249889, 292.73511657714846023737, 292.38298828124999317879, 292.71300354003903976263, 292.43765869140622726263, 292.65889404296876818989, 292.49857299804688182121, 292.5691870117187249889, 292.54850463867188636868, 292.485687255859375, 292.62344482421877955858, 292.40646118164062272626, 292.7273901367187249889, 292.38029357910153294142, 292.73143920898439773737, 292.40031311035153294142, 292.68547119140623635758, 292.47991760253904658384, 292.60243286132811135758, 292.55487060546875, 292.49619018554687954747, 292.61439697265626591616, 292.40480957031252273737, 292.65814636230470568989, 292.341400146484375, 292.68656860351563864242, 292.31087036132811363132, 292.70747558593751591616, 292.32871337890622953637, 292.71425781250002273737, 292.42002685546873408384, 292.68675109863283978484, 292.46716430664065455858, 292.59107482910155795253, 292.51861572265625]
time=[0., 500010.]
Diner.TSensor=[293.149993896484375, 292.46517272949216703637, 291.99888061523438409495, 291.61894042968748408384, 291.27729858398436135758, 290.96195373535158523737, 290.67112670898438864242, 290.43152038574220341616, 290.24285034179689546363, 290.08595031738281022626, 289.93633422851564773737, 289.77352783203127728484, 289.58320922851561363132, 289.38439270019529203637, 289.18577636718748635758, 288.98940429687502273737, 288.79460571289064318989, 288.60115478515626818989, 288.40525512695313636868, 288.21077270507811363132, 288.02478637695310226263, 287.8416595458984375, 287.66429321289064091616, 287.49040466308593977374, 287.33669067382811590505, 287.2208404541015625, 287.12473876953123408384, 287.03364990234376818989, 286.93552734374998181011, 286.81758850097656932121, 286.6878662109375, 286.55511413574220114242, 286.42347900390626591616, 286.29050354003908296363, 286.15352294921876818989, 286.03285522460936363132, 285.91425781250001136868, 285.7982672119140374889, 285.69069458007811590505, 285.58820800781251136868, 285.49127807617185226263, 285.40670104980466703637, 285.37083251953123408384, 285.35901000976559771516, 285.34936645507809771516, 285.33783569335935226263, 285.30396484375000909495, 285.25001647949216021516, 285.18940185546875909495, 285.12434448242186135758, 285.05438232421875, 284.98461608886719886868, 284.91182739257811817879, 284.83315979003907614242, 284.75148315429686363132, 284.67106323242188636868, 284.59049682617188636868, 284.51108703613283523737, 284.43477172851561363132, 284.42997558593748408384, 284.46398315429689773737, 284.51053588867188182121, 284.54946655273437272626, 284.55053283691404431011, 284.50638305664062954747, 284.440582275390625, 284.36159179687501818989, 284.27491821289061135758, 284.18171020507810453637, 284.08334228515627728484, 283.983673095703125, 283.88124511718751818989, 283.78150024414060226263, 283.67989501953127273737, 283.58072387695312954747, 283.4865570068359375, 283.55779052734374090505, 283.83027526855471478484, 284.18187988281249545253, 284.48857727050778976263, 284.65045166015625, 284.67066528320310681011, 284.63290649414062727374, 284.56374206542966476263, 284.47463134765627046363, 284.37384948730471023737, 284.27192993164061363132, 284.16989746093747726263, 284.06867553710935681011, 283.97062927246093977374, 283.87193603515623863132, 283.77478881835935453637, 283.68003784179688864242, 283.60470336914062272626, 283.55127197265625227374, 283.49567260742185226263, 283.51478149414060681011, 283.56789550781252273737, 283.56291259765623635758, 283.51955993652342158384, 283.460540771484375]
stairWay.TSensor=[293.149993896484375, 292.90855957031249090505, 292.89569824218750682121, 292.89150939941407614242, 292.87205200195313636868, 292.83814697265626136868, 292.80404785156247271516, 292.9230310058594000111, 292.94126831054688864242, 292.95217407226562045253, 292.92875366210938636868, 292.86907653808594886868, 292.79575195312497726263, 292.73515624999998863132, 292.67799316406251364242, 292.621063232421875, 292.5643041992187249889, 292.50680114746091931011, 292.44365844726564773737, 292.37750976562500682121, 292.31636352539061363132, 292.25427734375000454747, 292.19454223632811817879, 292.1360589599609625111, 292.16445190429686817879, 292.1670684814453125, 292.15013793945314546363, 292.11722656249997953637, 292.06761230468748635758, 292.00023986816404431011, 291.94228515625002273737, 291.88950500488283523737, 291.84070678710935453637, 291.79115112304685908384, 291.73850341796872953637, 291.70227661132810226263, 291.66517089843750909495, 291.62711547851563409495, 291.59450683593752273737, 291.56381896972658296363, 291.53464355468747726263, 291.56873657226560681011, 291.63291870117188864242, 291.63816223144533523737, 291.64461303710936590505, 291.64257507324219886868, 291.60767944335935908384, 291.57505310058593295253, 291.54805175781251591616, 291.52240478515625454747, 291.494354248046875, 291.46739929199219432121, 291.43842163085935226263, 291.4039764404296875, 291.36712646484375, 291.33100585937501136868, 291.29536254882810908384, 291.26259948730466931011, 291.27582031250000227374, 291.52732238769533523737, 291.55126953125, 291.56453369140626818989, 291.55345947265624317879, 291.4990197753906500111, 291.43781127929685226263, 291.38929443359376136868, 291.34172485351564318989, 291.29445556640627046363, 291.24420898437500682121, 291.19135620117185681011, 291.13676147460938636868, 291.08020996093750909495, 291.02813598632815228484, 290.9736749267578375111, 290.92097290039060908384, 291.169891357421875, 292.922698974609375, 293.96036254882812954747, 293.85563476562498408384, 293.10913269042970341616, 292.64116210937498863132, 292.40876037597655567879, 292.26967773437502273737, 292.15906799316405795253, 292.05607543945313864242, 291.95669860839842613132, 291.8618432617187750111, 291.76723937988282386868, 291.67426391601560453637, 291.58766357421876591616, 291.50426635742189773737, 291.42485778808594432121, 291.3489416503905999889, 291.35763671874997271516, 291.30023071289065228484, 291.28618774414064773737, 291.49064697265623635758, 291.40963867187497271516, 291.30300415039062045253, 291.22853576660156704747, 291.17205810546875]
hallway.TSensor=[293.149993896484375, 292.93248840332029203637, 292.9124792480468499889, 292.88836914062500227374, 292.84912597656250454747, 292.79617614746092613132, 292.73552734374999317879, 292.67810302734375227374, 292.62315307617188864242, 292.57020690917966021516, 292.513916015625, 292.45394104003906932121, 292.38799316406249317879, 292.32001281738280340505, 292.25109985351559771516, 292.18134460449221023737, 292.11102050781249772626, 292.040008544921875, 291.96492553710936590505, 291.889678955078125, 291.8182373046875, 291.7452392578125, 291.674285888671875, 291.60286804199216703637, 291.53735839843750454747, 291.4772796630859375, 291.41916870117188409495, 291.36243103027345568989, 291.30650634765623863132, 291.24782775878907159495, 291.18816528320314773737, 291.12835632324220114242, 291.07044677734376136868, 291.01082397460936590505, 290.94860229492189773737, 290.9000396728515625, 290.8491857910155999889, 290.79782226562497271516, 290.75105712890626818989, 290.70539611816406022626, 290.661529541015625, 290.62181884765624317879, 290.59311767578122953637, 290.56904418945310908384, 290.54247070312499090505, 290.51671752929689773737, 290.48639038085934771516, 290.45584289550782841616, 290.42447753906247953637, 290.39209777832030567879, 290.358062744140625, 290.32490966796876818989, 290.29105346679688182121, 290.25262207031249772626, 290.21418823242186135758, 290.17719726562501136868, 290.13983154296875, 290.1037139892578125, 290.06865844726564773737, 290.04785278320309771516, 290.03059692382811363132, 290.01480041503907614242, 290.00006591796875454747, 289.97952209472657614242, 289.95366699218749317879, 289.92482604980466476263, 289.89318115234374317879, 289.86024719238281477374, 289.824676513671875, 289.78731445312502046363, 289.74936523437497726263, 289.7088165283203125, 289.67052368164064546363, 289.63020996093752046363, 289.59079711914063182121, 289.5527801513671875, 289.54928466796877728484, 289.56650085449217613132, 289.58463256835938182121, 289.58923461914059771516, 289.57950439453122726263, 289.55565124511718977374, 289.54325195312497953637, 289.52991943359376136868, 289.5141943359374749889, 289.49669189453123863132, 289.47911132812498635758, 289.45846252441407386868, 289.43602294921873863132, 289.41501770019533523737, 289.39300537109375, 289.37077941894528976263, 289.34837036132813636868, 289.33198242187501136868, 289.31761596679689318989, 289.30105285644532386868, 289.30102783203125227374, 289.30290893554689546363, 289.29218017578125454747, 289.28032165527343977374, 289.26715087890625]
valGnd.m_flow=[0.03864437341690063477, -0., 0.00097276434535160136, 0.00000132272749851838, 0.00000003050336744082, 0.00731764696538448299, 0.00031629416742362635, 0.00000003482599467475, 0.00507965583354238505, 0.00238970048027110351, 0.00000004761484007076, 0.0050204431591555276, 0.00167971831047911461, 0.00000003658105669047, 0.00926270820200453433, 0.0000716542856025626, 0.00000003057790820549, 0.01155635645613067863, 0.00000052744130925929, 0.00433001271449018604, 0.00253403414972126501, 0.00000003463193763764, 0.01301340952515601251, 0.00000208482650918991, 0.00364613091107445246, 0.003540988196618855, 0.0000000361666670301, 0.01320220636203890165, 0.00000254515985034195, 0.00466453962028014722, 0.00204947716556489433, 0.00000003246904093146, 0.013254056796431447, 0.00000019044982636272, 0.01161066114902528645, 0.00004498509679251584, 0.00173519077245158442, 0.00471800835803124277, 0.00000003520052274553, 0.01419996231794362976, 0.00000023226580196933, 0.0119027415290471391, 0.00003283896534413021, 0.00139426279347373318, 0.00511396312154841545, 0.00000003589451544883, 0.01418085310608144939, 0.00000026818410873377, 0.01200085788965206575, 0.00002626727035021895, 0.0041454327292740345, 0.00239831329789000607, 0.00000260829023275852, 0.01135520869866035731, 0.00000005528598506998, 0.01562893604859709809, 0.00000061772225308208, 0.01304372245445776721, 0.00001665856863838067, 0.00552367881871690738, 0.00145419796463102107, 0.00000121058603063741, 0.01105892539024328457, 0.0000000548798691824, 0.015577462874352941, 0.00000053451006749583, 0.01363649349659739468, 0.00001363186732305455, 0.00828919969499210957, 0.00030684192257482272, 0.0032393548171967268, 0.00269849747652226241, 0.0001437493024968956, 0.00806315161287816766, 0.00000003572147079467, 0.01279085176065564156, 0.0000000505387696137, 0.01582263417541978842, 0.00000048365127327092, 0.0118278240226213447, 0.00003742877997865434, 0.00610191152431144562, 0.00083905158797332774, 0.00064620048564381421, 0.00592753458768205399, 0.00000003645274837538, 0.01239897187799267504, 0.00000005082260479128, 0.01605395562946806617, 0.00000014732639613156, 0.01681151762604713579, 0.00000081027194596549, 0.0153138934820891727, 0.0000064343265785247, 0.0115263785421841243, 0.00005991869948047677, 0.00555691594257902259, 0.0012446183827704673, 0.00063295402680515567, 0.00585368614643757505, 0.00000024122877562149]
valBed1.m_flow=[0.04261446371674537659, 0., 0.00021127516578417155, 0.0002528705890290465, 0.0000112555718806105, 0.00000024027708462881, 0.0000000397073580416, 0.00000003068175750798, 0.00000002997155718276, 0.00000002989884457349, 0.00000002987444531755, 0.00000002981316029604, 0.0000000298647680097, 0.00014329954603455259, 0.004741217605769712, 0.0057246807031333443, 0.00018453059135934476, 0.00000066327428498873, 0.00000003632295616285, 0.00000002996160873181, 0.00000002986462774857, 0.00144969713641316224, 0.00777736108750105414, 0.00019095445793936526, 0.00000017483511555839, 0.00000003133713200043, 0.0000000298987589531, 0.00000002977452929542, 0.00509710049256703514, 0.00528725149109968498, 0.00000672050305183802, 0.00000003837623090419, 0.00000002979746689391, 0.00011953679226284374, 0.00888073213398452369, 0.0001934912106662523, 0.00000008208106805796, 0.0000000300636465056, 0.00000562221691808307, 0.00871008599177001096, 0.00023686437634751201, 0.00000007666354036929, 0.00000003010313108121, 0.00000002987015932376, 0.00504172177985303359, 0.00531956423074007, 0.00000480969380987489, 0.00000003505455005382, 0.00000002975382521697, 0.00144356799195511699, 0.00778641412034630775, 0.00001369753638755265, 0.00000003629936344396, 0.00000002982117464967, 0.00456085575744543965, 0.00440996419638395309, 0.00000056781535931783, 0.00000003041353402011, 0.0000059394504724246, 0.00909925069659934908, 0.00027542786410776897, 0.00000013329350039728, 0.00000003038446777737, 0.00000002984692528685, 0.00718348378315597936, 0.00138381188153289267, 0.00000015862434736385, 0.00000003014672749657, 0.00069599245092893936, 0.00851543206721589938, 0.00000251817082244088, 0.0000000308500188595, 0.00042127902008366416, 0.00867262705229245728, 0.00000102074575806874, 0.00000003014812754998, 0.00204537674784611078, 0.00818834137171492275, 0.00001805687812520956, 0.0000000449984248263, 0.00000002989244407559, 0.00029118486330868137, 0.00941129237413421832, 0.00002378418657827106, 0.00000003644824587923, 0.00000002989203160553, 0.00750109657645193616, 0.00094508953159658802, 0.0000000818806287839, 0.00000002994962073899, 0.00665235156193375553, 0.00147676040301987716, 0.00000007295232279602, 0.00000002991395938068, 0.00767769269645162278, 0.00074415267445147024, 0.00000009443189611603, 0.00000003005256388633, 0.001982664386741626, 0.00666125812567720799, 0.00000056557155403425]
valBed3.m_flow=[0.04826773330569267273, 0., 0.00000215439613384659, 0.00000055154465201213, 0.00000004598555833013, 0.00000003049827626, 0.00000002990415040927, 0.00000002987581915193, 0.00000002985936163213, 0.00000002986812027927, 0.0000000298626531503, 0.00000002982151833919, 0.0000000298681581512, 0.00001037396733409164, 0.00124887648038573239, 0.00474132425151765381, 0.00496918607503172693, 0.00042999283701642327, 0.00000305568368275993, 0.00000006549338976925, 0.00000003124108118868, 0.0000000299224699063, 0.00000002971810566521, 0.00018167692367570577, 0.00444344682618969845, 0.00598640041425824165, 0.00139011173509056142, 0.00002672585789695908, 0.00000035384047407656, 0.00000003693511970937, 0.00000002997881622946, 0.00000002985182888438, 0.00000074226748182591, 0.00496116230264323759, 0.00468988908454736567, 0.00002179390603487264, 0.00000006660591566287, 0.00000003028211509104, 0.00000002988109443436, 0.00061548581928940664, 0.00717878174036741274, 0.00038171542575590604, 0.00000201427052616077, 0.00000005556948039498, 0.0000000307571245628, 0.00000002985046414494, 0.00000002979653800139, 0.00028220091073298282, 0.00620392030104987245, 0.00209858313435697368, 0.00000285609053207736, 0.00000004444643820989, 0.00000003004753523328, 0.00000002982269812435, 0.00306709269993044129, 0.00640835701487958449, 0.00002409307453489251, 0.00000005453081179497, 0.000000030073095445, 0.00000002966723435804, 0.0000000298702779844, 0.00027455508970882235, 0.00463541451841603669, 0.00629732503555726752, 0.00015788383287140516, 0.00000027883450997024, 0.00000003188461590753, 0.00000002990091417132, 0.00011657420269346516, 0.00806550034321830249, 0.00025187418214045465, 0.00000009033000395676, 0.00000003010077548993, 0.00000705399970598525, 0.0086399712041021811, 0.0001347799516224768, 0.00005936761175690717, 0.00000002966861295306, 0.00000002987526684706, 0.0000000383509231483, 0.00408513508737087284, 0.0000006464013631556, 0.0000000341987072261, 0.00000003001391590374, 0.0000000298007546462, 0.00001248548239090041, 0.00582817362621403361, 0.00483534280210715702, 0.00001233137867530028, 0.00000005108502278972, 0.0000000298830670431, 0.00000002987291182421, 0.00575622199103249538, 0.00471900585107427623, 0.00000467640642000462, 0.00000003742842480392, 0.00000002992996755324, 0.00000002987962517409, 0.00006361884130455129, 0.00735526462085560155, 0.00119409547187387943]
pump.m_flow=[0.26363280415534973145, -0., 0.00122392942663281492, 0.0002730700184474727, 0.00001171758223790659, 0.00731863393448293174, 0.00066749333171175085, 0.00039079374837458795, 0.00507980532012883637, 0.00252397796604779835, 0.00413733320310711878, 0.01127448715269563882, 0.0023783702263609147, 0.00059915390214883291, 0.02383708961308034918, 0.01085290620103478501, 0.00515383677557106068, 0.01198906315490592261, 0.00589745663106444346, 0.00846379188820718491, 0.0025394510477781294, 0.00144986078608766726, 0.02079088926315307215, 0.00038472163258121119, 0.01610124025493836486, 0.01079577114433050156, 0.00139505213825026901, 0.01339972535148265149, 0.00823435693979243828, 0.02125156808644532505, 0.02144474722445011139, 0.00802116457372917431, 0.01640508145093936415, 0.00595542706549210838, 0.0265099690854554218, 0.00903963204473257065, 0.00175344569142920183, 0.00471816576085957833, 0.00000577695556728375, 0.02729678288102139333, 0.01351810600608587334, 0.01228654742240878513, 0.00003497520814562858, 0.00139443788561022068, 0.01287824384868139181, 0.01289738761261105537, 0.01420255698263641307, 0.00028260441322335429, 0.01820489764213535991, 0.0041148644266649605, 0.02078020945191383362, 0.00244527101283880614, 0.00000277476938890805, 0.01135535771027229579, 0.01191356200724949001, 0.03138494435697793822, 0.00002592196309705051, 0.01304389681667018561, 0.00015955895578371069, 0.02431652769446309911, 0.00175345944007858638, 0.00027599799381271864, 0.01569445990025983284, 0.00829391423612821539, 0.03060099408030502594, 0.00138860094593837866, 0.01363677717745362221, 0.00001378299406496642, 0.01940572299063399175, 0.0169559349864726247, 0.00349384387955069525, 0.00269880930427500053, 0.0120360843464732848, 0.01675090571865494107, 0.00864111885428442764, 0.0172637617215514183, 0.00609251573681832224, 0.02401123832911236308, 0.00001867986837169341, 0.01511481951922169498, 0.0162442173808813109, 0.0170273220911631544, 0.01064669184386780355, 0.00067010429716890464, 0.01403136424720319818, 0.00081367801176384096, 0.02572837330400941022, 0.00578057303093339886, 0.02396717242896548306, 0.00074142425553860706, 0.02346401251852512498, 0.00147769027855204193, 0.03254429936409024282, 0.00475238081067720988, 0.01920883804559585586, 0.00116112243849784144, 0.0152005342021582935, 0.00124790952249885664, 0.00267932805698336846, 0.02052297517657215159, 0.00972946919500827789]
valBat2.m_flow=[0.04682510346174240112, 0., 0.00000002986919199088, 0.00000002988784011393, 0.00000003297363065258, 0.00000033981439315767, 0.00017556884617079351, 0.00019536215768313367, 0.00000002984769039927, 0.0000000298625641193, 0.00000002988141076798, 0.0000000335375808902, 0.00000051088399345646, 0.00022145064081996257, 0.00429657831788066852, 0.00015763007177156397, 0.00000002985783822851, 0.00000002979053974173, 0.00000002985504536923, 0.00000002983267947343, 0.00000002986562321894, 0.00000002989506086237, 0.00000002984350018664, 0.00000003074800794423, 0.00000003417206698941, 0.00000010549323192777, 0.00000218508870375436, 0.0000853703853499483, 0.00156840829178670578, 0.00503669513389471985, 0.00551001932471990603, 0.00400106949266053162, 0.00157632265705629306, 0.00043739424989336844, 0.00008411965172863217, 0.00000135629922262126, 0.00000005346248201477, 0.00000002984984043053, 0.00000002987529370557, 0.00000002956434233425, 0.00000002980075528569, 0.00000002978718040225, 0.00000002987515429709, 0.00000002986822664752, 0.00000002978571863821, 0.0000000297958564488, 0.00000002976486335626, 0.00000002987517881081, 0.00000002972565482651, 0.00000002986099282509, 0.00000002969374257589, 0.00000002986630164514, 0.00000002987890226791, 0.00000002980002118846, 0.00000002980769423289, 0.00000002949492827753, 0.00000002987746583472, 0.00000002977949961291, 0.00000002987583087588, 0.0000000296339808159, 0.00000002987268175048, 0.00000002990742778763, 0.00000002989609470205, 0.00000003023496304877, 0.00000003010728022446, 0.00000003068620273439, 0.00000003058969127778, 0.00000003059916352299, 0.00000003024229528137, 0.00000003008740392829, 0.00000003004925588357, 0.00000002994178856852, 0.00000002984919817095, 0.00000002974181604998, 0.00000002984392750705, 0.00000002973524537708, 0.00000002985083980889, 0.00000002961711125238, 0.00000003968928382392, 0.00155055867042364634, 0.00122869105543941268, 0.00531472588889299758, 0.00019816103187612999, 0.00000002987192615933, 0.00000002978383911056, 0.00000002987294500656, 0.00000002959818260706, 0.00000002985356303498, 0.00000002963542087286, 0.00000002987369846608, 0.00000002962738818724, 0.00000002986843611552, 0.0000000294797931133, 0.00000002985998420968, 0.00000002969611102799, 0.00000002987042364566, 0.00000002977291053696, 0.00000002986959692919, 0.0000000298624119921, 0.00000002969343515957, 0.0000000298335436355]
valBat1.m_flow=[0.04261446371674537659, 0., 0.00000002986918929082, 0.00000002988783961655, 0.00000003297362880517, 0.00000033981428799734, 0.00017553058685735169, 0.0001953063214023258, 0.00000002984769039927, 0.00000002986256205872, 0.00000002988140792581, 0.00000003353757797697, 0.00000051088370128128, 0.00022140280183520676, 0.00428765693679455679, 0.00015758664740133098, 0.00000002985783822851, 0.00000002979053878249, 0.00000002985504536923, 0.00000002983267869183, 0.00000002986562321894, 0.00000002989506086237, 0.00000002984350018664, 0.00000003074800531522, 0.00000003417206386303, 0.00000010549322126963, 0.00000218508402667786, 0.00008536103610821196, 0.00156591938110048172, 0.00502454455941919297, 0.00549544012174010311, 0.00399196853395558313, 0.0015738860424609391, 0.00043711324397019771, 0.00008410134018058536, 0.0000013562966760361, 0.00000005346247505145, 0.00000002984984043053, 0.00000002987529214238, 0.00000002956434087764, 0.00000002980075528569, 0.00000002978717965618, 0.00000002987515415498, 0.00000002986822430273, 0.00000002978571558288, 0.00000002979585627116, 0.00000002976486250361, 0.00000002987517881081, 0.00000002972565305015, 0.00000002986099282509, 0.00000002969374079953, 0.00000002986630164514, 0.00000002987890226791, 0.00000002980002118846, 0.00000002980769423289, 0.00000002949492969861, 0.00000002987746327676, 0.00000002977949900895, 0.00000002987583087588, 0.00000002963397829348, 0.00000002987268175048, 0.00000002990742487441, 0.00000002989609271253, 0.00000003023495636967, 0.00000003010728022446, 0.00000003068620024749, 0.00000003058968800929, 0.00000003059916352299, 0.00000003024229229709, 0.00000003008740392829, 0.00000003004925588357, 0.00000002994178508686, 0.00000002984919589721, 0.00000002974181558812, 0.00000002984392438066, 0.00000002973524271255, 0.0000000298508366825, 0.00000002961711032867, 0.00000003968928254494, 0.00154834533808725135, 0.00122704866807907828, 0.00530122900381683245, 0.00019811777106942423, 0.00000002987192424087, 0.00000002978383569996, 0.00000002987294145385, 0.00000002959818019121, 0.00000002985356303498, 0.00000002963542087286, 0.00000002987369782659, 0.00000002962738818724, 0.00000002986843050223, 0.00000002947979133694, 0.00000002985998300176, 0.00000002969611053061, 0.00000002987042329039, 0.00000002977291053696, 0.00000002986959692919, 0.0000000298624119921, 0.00000002969343405823, 0.0000000298335436355]
valBed2.m_flow=[0.04466666653752326965, -0., 0.00003767570844502167, 0.00001826538798923159, 0.00000031957365081325, 0.00000003634986782686, 0.00000003011218908, 0.00000002988215939581, 0.00000002985885970475, 0.00013415803732641767, 0.0041371662169694904, 0.00625391713343560925, 0.00069757040590049573, 0.00000259036708484923, 0.00000005241433257197, 0.00000003038807996347, 0.00000002987125640175, 0.000001990797254479, 0.00589377742260697394, 0.00413362361490736147, 0.00000529596454725834, 0.00000003926613651117, 0.00000002980291796462, 0.00000994392796201385, 0.00801141863688821163, 0.0012681402440648526, 0.00000050412035648149, 0.00000003178334502252, 0.00000002985993745597, 0.00123849964467803199, 0.00838306043297052349, 0.00002802578412229069, 0.00000004363407271057, 0.00000002991970262656, 0.00116046456154477243, 0.00877664927393198048, 0.0000179993145138715, 0.00000003744845436415, 0.00000002990642585132, 0.00377118957694610709, 0.00610216846689581871, 0.00000195463067825625, 0.00000003212007428033, 0.00000002988411218041, 0.00272246850654472242, 0.00757769797928631306, 0.00001680444584053376, 0.00000004051734372013, 0.00000002980777587425, 0.00054638636094746034, 0.0088454466313123703, 0.00003315599595225429, 0.0000000403744350308, 0.00000002985794068877, 0.00428549886681177036, 0.00493762586265802418, 0.00000058359625427307, 0.00000003035846148691, 0.00013687111106263104, 0.00969350989907999568, 0.00002374406103626825, 0.00000003922059683248, 0.00000002982164147625, 0.00199644390260777507, 0.00768210407346453083, 0.00000391440370322016, 0.00000003204180771377, 0.00000002988101840629, 0.01030389551073327553, 0.00006810098435383823, 0.00000003656511680106, 0.00000013073828277642, 0.01147096630185840717, 0.0000080128722765956, 0.00000003092068936894, 0.00433804001659154892, 0.00398766126483727969, 0.00000017332826644177, 0.00000003008512592828, 0.00018800819376342109, 0.00966588389128446648, 0.00001762532450811231, 0.00000003566857898818, 0.00000002988997238162, 0.00810370370745615298, 0.00080106641398742791, 0.00000007228034462515, 0.00000002991821027365, 0.00790074378252010601, 0.00074113612179631933, 0.00000005382803465181, 0.00000002989697698297, 0.01147405218333007529, 0.00002685122064575213, 0.00000003216919168381, 0.00035695386450242952, 0.00964343395084175416, 0.00000317147117129909, 0.0000000310090298683, 0.000652707423432974, 0.0085345068946480751]
