last-generated=2016-02-08
statistics-simulation=
{
  "numerical Jacobians": "0", 
  "nonlinear": " ", 
  "number of continuous time states": "47", 
  "linear": "0, 0, 0, 0, 0, 0, 0, 0, 0, 0, 0, 0, 0, 0, 0, 0, 0, 0, 0, 0"
}
TSen_pri.T=[283.149993896484375, 280.363739013671875, 279.849029541015625, 279.9466552734375, 282.27008056640625, 282.5936279296875, 281.760589599609375, 279.9932861328125, 279.566986083984375, 280.631744384765625, 282.133331298828125, 282.439666748046875, 280.946075439453125, 279.801544189453125, 279.416473388671875, 280.989166259765625, 282.076171875, 282.358551025390625, 280.502960205078125, 279.6630859375, 279.31268310546875, 281.205810546875, 282.048919677734375, 282.308929443359375, 280.22100830078125, 279.551544189453125, 279.23358154296875, 281.35186767578125, 282.034759521484375, 282.274444580078125, 280.023345947265625, 279.454437255859375, 279.167938232421875, 281.453643798828125, 282.024993896484375, 282.2467041015625, 279.87225341796875, 279.366241455078125, 279.11065673828125, 281.527313232421875, 282.016632080078125, 282.222503662109375, 279.74951171875, 279.285491943359375, 279.060211181640625, 281.582763671875, 282.0089111328125, 282.2008056640625, 279.642913818359375, 279.211669921875, 279.01568603515625, 281.625213623046875, 282.00128173828125, 281.805908203125, 279.547149658203125, 279.1444091796875, 279.83905029296880684342, 281.658599853515625, 281.99407958984375, 280.818115234375, 279.458831787109375, 279.083251953125, 280.433441162109375, 281.684967041015625, 281.987030029296875, 280.322845458984375, 279.375518798828125, 279.027557373046875, 280.76092529296875, 281.70556640625, 281.97998046875, 280.025665283203125, 279.296173095703125, 278.976654052734375, 280.972412109375, 281.7218017578125, 281.972930908203125, 279.822601318359375, 279.220672607421875, 278.93011474609375, 281.117156982421875, 281.734649658203125, 281.965850830078125, 279.673675537109375, 279.1490478515625, 278.8875732421875, 281.220550537109375, 281.74462890625, 281.958740234375, 279.5557861328125, 279.0816650390625, 278.848846435546875, 281.299468994140625, 281.75250244140625, 281.951629638671875, 279.457122802734375, 279.019012451171875, 278.814361572265625, 281.360809326171875, 281.758697509765625, 281.944580078125]
TSen_sec.T=[283.149993896484375, 309.059722900390625, 302.19873046875, 302.615936279296875, 306.78314208984375, 299.7908935546875, 305.35455322265625, 308.6220703125, 301.63165283203125, 303.6185302734375, 306.2529296875, 299.3565673828125, 306.27984619140625, 307.983673095703125, 301.301177978515625, 304.5916748046875, 305.5277099609375, 299.16058349609375, 307.174530029296875, 307.175506591796875, 301.221038818359375, 305.4742431640625, 304.653106689453125, 299.21527099609375, 307.963165283203125, 306.245635986328125, 301.394195556640625, 306.210662841796875, 303.68408203124994315658, 299.517181396484375, 308.5888671875, 305.2508544921875, 301.808441162109375, 306.75482177734375, 302.68145751953125, 300.04736328125, 309.008941650390625, 304.25274658203125, 302.436614990234375, 307.072509765625, 301.70831298828125, 300.772491455078125, 309.1951904296875, 303.313690185546875, 303.2384033203125, 307.143707275390625, 300.825714111328125, 301.64703369140625, 309.13458251953125, 302.49267578125, 304.162628173828125, 306.9639892578125, 300.08917236328125, 304.86322021484375, 308.829864501953125, 301.84158325195306815658, 303.11697387695318184342, 306.54461669921880684342, 299.544952392578125, 305.781646728515625, 308.299224853515625, 301.40155029296875, 304.112701416015625, 305.911956787109375, 299.227264404296875, 306.7105712890625, 307.574859619140625, 301.200439453125, 305.047882080078125, 305.105743408203125, 299.156036376953125, 307.56463623046875, 306.70135498046875, 301.25091552734375, 305.86383056640625, 304.1766357421875, 299.335784912109375, 308.28070068359375, 305.732696533203125, 301.549560546875, 306.50921630859375, 303.183013916015625, 299.75518798828125, 308.8099365234375, 304.7291259765625, 302.077117919921875, 306.94342041015625, 302.187347412109375, 300.38787841796875, 309.116973876953125, 303.75341796875, 302.7998046875, 307.139556884765625, 301.25213623046875, 301.19415283203125, 309.181396484375, 302.86688232421875, 303.671539306640625, 307.0845947265625, 300.436187744140625, 302.123291015625]
time=[0., 1700000.]
heatPumpOnOff.P=[3510.22216796875, 4083.469970703125, 3626.23095703125, 0., 0., 0., 3960.497314453125, 4037.10278320312454525265, 3565.451904296875, 0., 0., 0., 3956.572509765625, 3986.311767578125, 3530.75732421875, 0., 0., 0., 3980.7021484375, 3926.66357421875, 3516.39453125, 0., 0., 0., 4011.35400390625, 3859.84326171875, 3520.979736328125, 0., 0., 0., 4038.570068359375, 3788.8369140625, 3542.909423828125, 0., 0., 0., 4056.450927734375, 3717.384765625, 3580.072265625, 0., 0., 0., 4061.52978515625, 3649.605224609375, 3629.728515625, 0., 0., 0., 4051.85595703125, 3589.5390625, 3688.399169921875, 0., 0., 3934.8349609375, 4026.9609374999981810106, 3540.81591796874772626325, 0., 0., 0., 3918.97607421875, 3987.5419921875, 3506.378173828125, 0., 0., 0., 3941.66748046875, 3935.33154296875, 3488.254150390625, 0., 0., 0., 3975.68603515625, 3873.011962890625, 3487.4384765625, 0., 0., 0., 4008.607421875, 3804.03125, 3503.82763671875, 0., 0., 0., 4033.804931640625, 3732.352783203125, 3536.216064453125, 0., 0., 0., 4046.993408203125, 3662.230224609375, 3582.385986328125, 0., 0., 0., 4045.7294921875, 3597.91796875, 3639.270263671875, 0., 0., 0.]
multipleBoreholes.Q_flow=[100416., -16955.69140625, -17551.853515625, -48.84709930419921875, -2.22569727897644042969, -0.69733345508575439453, -18462.923828125, -16820.3046875, -17382.814453125, -14.85892009735107421875, -1.99286365509033203125, -0.70447152853012084961, -17782.1875, -16814.31640625, -17289.029296875, -8.48521327972412109375, -1.76432597637176513672, -0.67629456520080566406, -17360., -16854.9296875, -17213.970703125, -5.65774488449096679688, -1.57093119621276855469, -0.64179885387420654297, -17059.138671875, -16914.41015625, -17143.9609375, -4.14398622512814096552, -1.40881490707390777395, -0.60566282272337479409, -16837.1640625, -16973.859375, -17070.71875, -3.14821600914001464844, -1.27397823333740234375, -0.57102072238922119141, -16678.2109375, -17021.125, -16988.884765625, -2.50024819374084472656, -1.16091907024383544922, -0.53919130563735961914, -16576.900390625, -17050.279296875, -16895.232421875, -2.05127573013305664062, -1.06504666805267333984, -0.51030582189559936523, -16528.138671875, -17059.947265625, -16787.919921875, -1.73691868782043457031, -0.99791836738586425781, -18519.033203125, -16526.12304687500363797881, -17051.990234375, -24.33625984191521496314, -1.49180352687837003423, -0.92916309833510457583, -17766.955078125, -16561.6015625, -17029.935546875, -12.910980224609375, -1.29570102691650390625, -0.86473608016967773438, -17316.212890625, -16622.298828125, -16997.23046875, -8.15615558624267578125, -1.13863134384155273438, -0.80744498968124389648, -17003.212890625, -16694.923828125, -16956.083984375, -5.73346090316772460938, -1.01144158840179443359, -0.75620669126510620117, -16768.837890625, -16766.939453125, -16906.798828125, -4.29048776626586914062, -0.90771555900573730469, -0.71023398637771606445, -16596.091796875, -16828.05859375, -16847.77734375, -3.29666447639465332031, -0.82262068986892700195, -0.66904652118682861328, -16478.31640625, -16871.763671875, -16776.443359375, -2.74899959564208984375, -0.75133013725280761719, -0.6319624781608581543, -16412.896484375, -16895.650390625, -16690.71484375, -2.31477618217468261719, -0.69063287973403930664, -0.59675204753875732422]
