last-generated=2017-01-19
statistics-simulation=
{
  "numerical Jacobians": "0", 
  "nonlinear": "1, 1, 1", 
  "number of continuous time states": "9", 
  "linear": " "
}
HP_recomp.P_evap=[55328.1328125, 25638.947265625, 25917.46875, 26152.74609375, 26299.484375, 26352.484375, 26395.875, 26348.8984375, 26201.453125, 25955.5859375, 25618.9609375, 25205.9140625, 24734.017578125, 24225.71875, 23674.23046875, 23137.080078125, 22694.916015625, 22373.77734375, 22077.98046875, 21861.037109375, 21745.1328125, 21741.359375, 21856.814453125, 22093.880859375, 22449.91015625, 22917.087890625, 23482.818359375, 24129.7265625, 24836.89257812500363797881, 25580.48828125, 26334.513671875, 27072.080078125, 27787.716796875, 28501.337890625, 29112.42187500000363797881, 29596.55078125, 29934.42578125, 30112.62890625, 30124.12890625, 29968.494140625, 29651.953125, 29187.15234375, 28592.701171875, 27890.05078125, 27181.09765625, 26444.1953125, 25692.8828125, 24947.08984375, 24234.236328125, 23578.67578125, 23001.853515625, 22521.501953125, 22150.916015625, 21898.525390625, 21767.61328125, 21756.357421875, 21858.14453125, 22062.10156249999636202119, 22357.423828125, 22665.294921875, 23091.458984375, 23616.21484375, 24164.7578125, 24673.591796875, 25148.009765625, 25566.638671875, 25910.576171875, 26165.712890625, 26323.490234375, 26381.513671875, 26341.76171875, 26290.53515625, 26153.09765625, 25928.673828125, 25652.8125, 25351.27734375, 25026.6015625, 24699.849609375, 24394.009765625, 24131.68359375, 23933.91015625, 23818.53515625, 23799.2890625, 23884.638671875, 24077.150390625, 24373.1953125, 24762.9375, 25230.6796875, 25755.59375, 26312.744140625, 26874.568359375, 27412.0390625, 27918.494140625, 28410.396484375, 28778.216796875, 29003.0234375, 29073.875, 28986.712890625, 28744.642578125, 28356.955078125, 27838.47265625]
HP_nom_recomp.P_evap=[55328.1328125, 26608.73046875, 26898.0390625, 27108.654296875, 27229.546875, 27321.328125, 27380.49609375, 27338.771484375, 27190.056640625, 26936.095703125, 26585.25390625, 26152.970703125, 25658.103515625, 25124.619140625, 24578.388671875, 24046.662109375, 23515.021484375, 23118.162109375, 22841.697265625, 22626.48828125, 22515.080078125, 22519.3515625, 22646.595703125, 22899.2578125, 23274.537109375, 23764.328125, 24355.52734375, 25030.103515625, 25766.35351562500363797881, 26539.556640625, 27322.455078125, 28184.876953125, 29004.951171875, 29746.078125, 30379.78710937500363797881, 30881.056640625, 31230.048828125, 31413.126953125, 31423.189453125, 31259.87890625, 30929.64453125, 30445.5078125, 29826.591796875, 29097.361328125, 28286.67578125, 27425.71484375, 26640.677734375, 25867.267578125, 25127.23828125, 24446.330078125, 23846.748046875, 23346.759765625, 22960.017578125, 22695.12109375, 22555.337890625, 22538.658203125, 22638.146484375, 22842.93945312499636202119, 23107.759765625, 23493.353515625, 24008.712890625, 24535.677734375, 25077.609375, 25608.837890625, 26103.73828125, 26538.71875, 26893.830078125, 27153.953125, 27310.05078125, 27359.68359375, 27307.279296875, 27202.423828125, 27086.658203125, 26885.314453125, 26602.578125, 26252.900390625, 25927.20703125, 25601.056640625, 25295.751953125, 25034.48828125, 24838.962890625, 24727.66796875, 24714.837890625, 24809.2578125, 25013.55078125, 25323.857421875, 25729.828125, 26214.9921875, 26757.556640625, 27331.5078125, 27907.396484375, 28567.591796875, 29157.638671875, 29642.28515625, 29996.19921875, 30201.361328125, 30247.302734375, 30131.068359375, 29856.78515625, 29434.771484375, 28880.755859375]
HP_nom.P_evap=[27208.048828125, 26653.5703125, 26938.33984375, 27143.90234375, 27258.51953125, 27343.30859375, 27395.50390625, 27345.439453125, 27187.892578125, 26925.064453125, 26566.08203125, 26126.119140625, 25625.32421875, 25087.390625, 24538.181640625, 24005.150390625, 23473.056640625, 23081.041015625, 22808.65234375, 22598.0234375, 22492.69921875, 22504.09765625, 22639.18359375, 22900.048828125, 23283.490234375, 23781.0390625, 24379.126953125, 25059.583984375, 25800.40625000000363797881, 26576.55078125, 27361.533203125, 28227.666015625, 29044.6484375, 29781.384765625, 30409.07421875000363797881, 30902.98828125, 31243.751953125, 31418.0390625, 31419.0859375, 31246.931640625, 30908.41015625, 30416.91015625, 29791.869140625, 29058.033203125, 28244.44921875, 27382.958984375, 26603.85546875, 25832.791015625, 25097.091796875, 24421.951171875, 23829.265625, 23336.978515625, 22958.404296875, 22701.7421875, 22569.87109375, 22560.416015625, 22666.099609375, 22875.71484374999636202119, 23147.544921875, 23534.931640625, 24053.103515625, 24576.091796875, 25115.2265625, 25642.025390625, 26130.94140625, 26558.685546875, 26905.6015625, 27157.037109375, 27304.326171875, 27345.474609375, 27285.216796875, 27172.8046875, 27052.359375, 26845.482421875, 26558.982421875, 26207.392578125, 25885.537109375, 25561.70703125, 25260.455078125, 25004.8125, 24816.18359375, 24712.86328125, 24708.681640625, 24812.013671875, 25025.091796875, 25343.64453125, 25756.931640625, 26248.15625, 26795.259765625, 27372.08203125, 27950.041015625, 28614.423828125, 29201.236328125, 29680.78125, 30028.306640625, 30226.001953125, 30263.779296875, 30139.07421875, 29856.31640625, 29426.171875, 28864.65625]
HP.P_evap=[27204.548828125, 26651.9921875, 26936.814453125, 27142.4296875, 27257.091796875, 27341.787109375, 27393.962890625, 27343.8828125, 27186.32421875, 26923.494140625, 26564.509765625, 26124.552734375, 25623.763671875, 25085.83984375, 24536.640625, 24003.634765625, 23471.49609375, 23079.609375, 22807.21484375, 22596.572265625, 22491.234375, 22502.62109375, 22637.6953125, 22898.55078125, 23281.984375, 23779.525390625, 24377.607421875, 25058.0625, 25798.88085937500363797881, 26575.0234375, 27359.73046875, 28225.890625, 29042.876953125, 29779.615234375, 30407.31054687500363797881, 30901.2265625, 31241.994140625, 31416.283203125, 31417.330078125, 31245.171875, 30906.6484375, 30415.14453125, 29790.099609375, 29056.259765625, 28242.671875, 27381.177734375, 26602.328125, 25831.263671875, 25095.56640625, 24420.4296875, 23827.75, 23335.470703125, 22956.904296875, 22700.251953125, 22568.392578125, 22558.94921875, 22664.646484375, 22874.27343749999636202119, 23146.11328125, 23533.37890625, 24051.619140625, 24574.552734375, 25113.67578125, 25640.46484375, 26129.373046875, 26557.11328125, 26904.029296875, 27155.46875, 27302.767578125, 27343.9296875, 27283.69140625, 27171.3984375, 27050.890625, 26843.96484375, 26557.41015625, 26205.7578125, 25884.04296875, 25560.193359375, 25258.921875, 25003.263671875, 24814.619140625, 24711.287109375, 24707.09765625, 24810.421875, 25023.49609375, 25342.046875, 25755.3359375, 26246.564453125, 26793.673828125, 27370.50390625, 27948.158203125, 28612.591796875, 29199.443359375, 29679.02734375, 30026.595703125, 30224.330078125, 30262.142578125, 30137.470703125, 29854.744140625, 29424.625, 28863.12890625]
time=[0., 10000.]
HP_recomp.cop=[9.311634063720703125, 3.84290051460266113281, 3.83649206161499023438, 3.82767701148986816406, 3.81264424324035644531, 3.79120016098022460938, 3.7701053619384765625, 3.74257969856262207031, 3.70914888381958007812, 3.67073965072631835938, 3.62835693359375, 3.58321356773376464844, 3.53645658493041992188, 3.48949480056762695312, 3.4447269439697265625, 3.40514302253723144531, 3.36893010139465332031, 3.33808350563049316406, 3.32203054428100585938, 3.3192653656005859375, 3.32938718795776367188, 3.35345172882080078125, 3.39212965965270996094, 3.44559073448181152344, 3.5134410858154296875, 3.59466886520385742188, 3.68765544891357421875, 3.7901477813720703125, 3.89939880371093794409, 4.01223850250244140625, 4.12517070770263671875, 4.23455667495727539062, 4.339084625244140625, 4.43923044204711914062, 4.52447795867919921875, 4.59169673919677734375, 4.63842296600341796875, 4.66293621063232421875, 4.66434764862060546875, 4.64262104034423828125, 4.59857845306396484375, 4.53387022018432617188, 4.45091152191162109375, 4.35237073898315429688, 4.25022125244140625, 4.14114713668823242188, 4.02914476394653320312, 3.91655206680297851562, 3.80711388587951660156, 3.70404410362243652344, 3.61013936996459960938, 3.52768421173095703125, 3.45837259292602539062, 3.40328264236450195312, 3.36287665367126464844, 3.33704113960266113281, 3.32515454292297363281, 3.32617115974426269531, 3.33924365043640136719, 3.3675251007080078125, 3.40387439727783203125, 3.44373726844787597656, 3.48624777793884277344, 3.5324993133544921875, 3.57842183113098144531, 3.62278723716735839844, 3.66436505317687988281, 3.70208764076232910156, 3.73499369621276899878, 3.76225233078002885279, 3.78290843963623046875, 3.80393743515014648438, 3.81860756874084472656, 3.82738852500915527344, 3.83317804336547851562, 3.83775663375854492188, 3.84129500389099121094, 3.84527301788330078125, 3.85138535499572753906, 3.86126255989074707031, 3.87638568878173828125, 3.89792847633361860815, 3.926647186279296875, 3.96275806427001953125, 4.00587224960327148438, 4.05497312545776367188, 4.10844755172729492188, 4.16416788101196289062, 4.21962213516235351562, 4.27206945419311523438, 4.3187255859375, 4.35684490203857421875, 4.38655710220336914062, 4.40917921066284179688, 4.41495466232299804688, 4.40293979644775390625, 4.37305545806884765625, 4.3258571624755859375, 4.26257753372192382812, 4.18499755859375, 4.09537029266357421875]
HP_nom.cop=[7.9667873382568359375, 3.94414186477661132812, 3.93751621246337890625, 3.92562627792358398438, 3.90735626220703125, 3.88708257675170898438, 3.86308050155639648438, 3.832729339599609375, 3.7966632843017578125, 3.75581812858581542969, 3.71127772331237792969, 3.66420984268188476562, 3.61587691307067871094, 3.56765031814575195312, 3.52105236053466796875, 3.47792077064514160156, 3.44235849380493164062, 3.41301274299621582031, 3.3938388824462890625, 3.39191865921020507812, 3.40334534645080566406, 3.42921757698059082031, 3.47017979621887207031, 3.52636408805847167969, 3.59730362892150878906, 3.68190860748291015625, 3.77844643592834472656, 3.88457536697387695312, 3.99743247032165571753, 4.1137180328369140625, 4.2298603057861328125, 4.35212182998657226562, 4.46632146835327148438, 4.56864690780639648438, 4.65544891357421875, 4.72355604171752929688, 4.77049398422241210938, 4.794559478759765625, 4.79489278793334960938, 4.77150630950927734375, 4.72528076171875, 4.65793561935424804688, 4.57196044921875, 4.47052335739135742188, 4.35733747482299804688, 4.23642253875732421875, 4.12174749374389648438, 4.00653839111328125, 3.89463329315185546875, 3.7893829345703125, 3.69363522529602050781, 3.60969877243041992188, 3.53927659988403320312, 3.48343420028686523438, 3.44260692596435546875, 3.41664075851440429688, 3.40486407279968261719, 3.40624332427978515625, 3.42187261581420898438, 3.451801300048828125, 3.48657298088073730469, 3.52807903289794921875, 3.57296466827392578125, 3.61916685104370117188, 3.66519117355346679688, 3.70972084999084472656, 3.75158286094665527344, 3.78972887992858886719, 3.82320809364318892065, 3.85118722915649369654, 3.872982025146484375, 3.89115667343139648438, 3.90753722190856933594, 3.91818475723266601562, 3.92322874069213867188, 3.92358922958374023438, 3.92793750762939453125, 3.93257927894592285156, 3.93957805633544921875, 3.9505825042724609375, 3.96708416938781738281, 3.99027514457702681128, 4.02089023590087890625, 4.05910825729370117188, 4.10448455810546875, 4.155925750732421875, 4.21172380447387695312, 4.26965045928955078125, 4.32709169387817382812, 4.3812160491943359375, 4.42899417877197265625, 4.47984600067138671875, 4.51656484603881835938, 4.537349700927734375, 4.54064798355102539062, 4.52560377120971679688, 4.49216747283935546875, 4.44102430343627929688, 4.37350988388061523438, 4.29152202606201171875, 4.197418212890625]
HP.cop=[7.96614408493041992188, 3.94398522377014160156, 3.93736505508422851562, 3.92548060417175292969, 3.907215118408203125, 3.88693857192993164062, 3.8629398345947265625, 3.83259105682373046875, 3.79652690887451171875, 3.75568270683288574219, 3.71114277839660644531, 3.66407418251037597656, 3.61574006080627441406, 3.56751155853271484375, 3.52091121673583984375, 3.477779388427734375, 3.44221925735473632812, 3.41286754608154296875, 3.39369726181030273438, 3.39177560806274414062, 3.40320038795471191406, 3.42907094955444335938, 3.47003149986267089844, 3.52621412277221679688, 3.59715223312377929688, 3.68175601959228515625, 3.77829289436340332031, 3.88442111015319824219, 3.99727773666381880346, 4.11356258392333984375, 4.22967290878295898438, 4.35194253921508789062, 4.46614313125610351562, 4.56846857070922851562, 4.6552715301513671875, 4.72337865829467773438, 4.77031660079956054688, 4.79438257217407226562, 4.79471588134765625, 4.77132940292358398438, 4.7251033782958984375, 4.65775775909423828125, 4.57178211212158203125, 4.47034454345703125, 4.35715818405151367188, 4.23624181747436523438, 4.12159204483032226562, 4.00638341903686523438, 3.89447879791259765625, 3.78922915458679199219, 3.69348263740539550781, 3.60954713821411132812, 3.53912639617919921875, 3.48328566551208496094, 3.44245982170104980469, 3.41649580001831054688, 3.40472102165222167969, 3.406101226806640625, 3.42172455787658691406, 3.45165920257568359375, 3.48643636703491210938, 3.52793741226196289062, 3.57282567024230957031, 3.61902976036071777344, 3.66505551338195800781, 3.70958590507507324219, 3.7514476776123046875, 3.78959298133850097656, 3.82307076454162642065, 3.85104727745056107935, 3.8728389739990234375, 3.89101910591125488281, 3.90739178657531738281, 3.91803431510925292969, 3.92307257652282714844, 3.92342591285705566406, 3.92778682708740234375, 3.93242597579956054688, 3.93942213058471679688, 3.9504241943359375, 3.96692371368408203125, 3.99011278152465864721, 4.02072668075561523438, 4.05894327163696289062, 4.10431909561157226562, 4.1557598114013671875, 4.21155834197998046875, 4.26948595046997070312, 4.32692861557006835938, 4.381053924560546875, 4.428798675537109375, 4.4796600341796875, 4.51638364791870117188, 4.53717327117919921875, 4.54047632217407226562, 4.52543592453002929688, 4.49200391769409179688, 4.44086408615112304688, 4.37335300445556640625, 4.29136753082275390625, 4.19726610183715820312]
HP_nom_recomp.cop=[9.311634063720703125, 3.93966126441955566406, 3.93353271484375, 3.92214989662170410156, 3.90450334548950195312, 3.88503479957580566406, 3.86173486709594726562, 3.83216023445129394531, 3.79687595367431640625, 3.75679254531860351562, 3.71294426918029785156, 3.66655421257019042969, 3.61876511573791503906, 3.57098460197448730469, 3.52473425865173339844, 3.48179697990417480469, 3.44609332084655761719, 3.41676259040832519531, 3.39708018302917480469, 3.39471364021301269531, 3.40554475784301757812, 3.4307155609130859375, 3.47090077400207519531, 3.52626585960388183594, 3.59638524055480957031, 3.68020582199096679688, 3.77604532241821289062, 3.88157415390014648438, 3.99396347999572798315, 4.1099491119384765625, 4.22588682174682617188, 4.34779691696166992188, 4.4623279571533203125, 4.5651035308837890625, 4.65252065658569335938, 4.72137546539306640625, 4.76914548873901367188, 4.79409742355346679688, 4.79533863067626953125, 4.77284097671508789062, 4.72744798660278320312, 4.66084051132202148438, 4.5754795074462890625, 4.4745025634765625, 4.361606597900390625, 4.24074459075927734375, 4.12547731399536132812, 4.0100307464599609375, 3.89767551422119140625, 3.79183197021484375, 3.69537973403930664062, 3.61066222190856933594, 3.53941869735717773438, 3.48275542259216308594, 3.44114661216735839844, 3.41447329521179199219, 3.40209555625915527344, 3.40300416946411132812, 3.41772794723510742188, 3.44798707962036132812, 3.48296093940734863281, 3.52436661720275878906, 3.56959652900695800781, 3.61625981330871582031, 3.66284942626953125, 3.70802378654479980469, 3.75059342384338378906, 3.78948497772216796875, 3.82373690605163618628, 3.85249638557434037622, 3.87507200241088867188, 3.89410805702209472656, 3.91094136238098144531, 3.92214035987854003906, 3.92756199836730957031, 3.92813134193420410156, 3.93213653564453125, 3.93655347824096679688, 3.94315171241760253906, 3.95359349250793457031, 3.96939802169799804688, 3.99177360534668013159, 4.0214977264404296875, 4.05879354476928710938, 4.10325908660888671875, 4.15384721755981445312, 4.20889377593994140625, 4.266204833984375, 4.32319355010986328125, 4.37703943252563476562, 4.42471647262573242188, 4.47509908676147460938, 4.51217126846313476562, 4.53349065780639648438, 4.537445068359375, 4.52315759658813476562, 4.49054384231567382812, 4.44024944305419921875, 4.37358140945434570312, 4.2924022674560546875, 4.1990413665771484375]
