<<<<<<< HEAD
last-generated=2015-07-04
statistics-simulation={'numerical Jacobians': '0', 'nonlinear': ' ', 'number of continuous time states': '3', 'linear': ' '}
del.T=[283.149993896484375, 283.53521728515625, 284.004180908203125, 284.450286865234375, 284.874603271484375, 285.2781982421875, 285.662078857421875, 286.0272216796875, 286.37457275390625, 286.70501708984375, 287.01934814453125, 287.318328857421875, 287.602752685546875, 287.873291015625, 288.130615234375, 288.375396728515625, 288.608245849609375, 288.829742431640625, 289.040435791015625, 289.240875244140625, 289.4315185546875, 289.61285400390625, 289.785369873046875, 289.949432373046875, 290.10552978515625, 290.253997802734375, 290.395233154296875, 290.529571533203125, 290.657379150390625, 290.7789306640625, 290.894561767578125, 291.004547119140625, 291.109161376953125, 291.208709716796875, 291.303375244140625, 291.3934326171875, 291.479095458984375, 291.560577392578125, 291.638092041015625, 291.711822509765625, 291.781951904296875, 291.848663330078125, 291.912139892578125, 291.972503662109375, 292.029937744140625, 292.084564208984375, 292.136505126953125, 292.185943603515625, 292.232940673828125, 292.277679443359375, 292.320220947265625, 292.360687255859375, 292.399169921875, 292.435791015625, 292.470611572265625, 292.503753662109375, 292.5352783203125, 292.56524658203125, 292.59375, 292.620880126953125, 292.646697998046875, 292.671234130859375, 292.694580078125, 292.716796875, 292.7379150390625, 292.758026123046875, 292.777130126953125, 292.795318603515625, 292.8126220703125, 292.829071044921875, 292.8447265625, 292.859619140625, 292.873779296875, 292.887237548828125, 292.900054931640625, 292.9122314453125, 292.923828125, 292.93487548828125, 292.94537353515625, 292.955352783203125, 292.96484375, 292.973876953125, 292.982452392578125, 292.990631103515625, 292.998382568359375, 293.00579833984375, 293.0128173828125, 293.019500732421875, 293.02587890625, 293.03192138671875, 293.03765869140625, 293.04315185546875, 293.04833984375, 293.053314208984375, 293.058013916015625, 293.0625, 293.0667724609375, 293.07080078125, 293.074676513671875, 293.078338623046875, 293.08184814453125]
=======
last-generated=2015-06-27
statistics-initialization={'numerical Jacobians': '0', 'nonlinear': '3', 'linear': '3'}
statistics-simulation={'numerical Jacobians': '0', 'nonlinear': '3', 'number of continuous time states': '2', 'linear': '3'}
del.T=[283.149993896484375, 283.5133056640625, 283.961334228515625, 284.3896484375, 284.798919677734375, 285.189910888671875, 285.563323974609375, 285.919891357421875, 286.260223388671875, 286.58502197265625, 286.89495849609375, 287.190704345703125, 287.47283935546875, 287.7420654296875, 287.998809814453125, 288.24371337890625, 288.47723388671875, 288.699920654296875, 288.912261962890625, 289.114654541015625, 289.3076171875, 289.4915771484375, 289.6668701171875, 289.833892822265625, 289.9930419921875, 290.1446533203125, 290.28912353515625, 290.426727294921875, 290.55780029296875, 290.682647705078125, 290.80157470703125, 290.914794921875, 291.02264404296875, 291.125335693359375, 291.223114013671875, 291.31622314453125, 291.404876708984375, 291.4892578125, 291.569610595703125, 291.6461181640625, 291.71893310546875, 291.78826904296875, 291.854248046875, 291.91705322265625, 291.976837158203125, 292.033721923828125, 292.087860107421875, 292.139404296875, 292.188446044921875, 292.235107421875, 292.279510498046875, 292.32177734375, 292.361968994140625, 292.400238037109375, 292.4366455078125, 292.471282958984375, 292.5042724609375, 292.53564453125, 292.565460205078125, 292.5938720703125, 292.620880126953125, 292.646575927734375, 292.671051025390625, 292.6943359375, 292.71649169921875, 292.737579345703125, 292.75762939453125, 292.776702880859375, 292.79486083984375, 292.8121337890625, 292.82861328125, 292.84423828125, 292.859130859375, 292.873291015625, 292.886749267578125, 292.899566650390625, 292.911773681640625, 292.92340087890625, 292.934417724609375, 292.944915771484375, 292.954925537109375, 292.96441650390625, 292.97344970703125, 292.9820556640625, 292.990234375, 292.998016357421875, 293.00543212890625, 293.012451171875, 293.0191650390625, 293.0255126953125, 293.031585693359375, 293.037353515625, 293.0428466796875, 293.048065185546875, 293.05303955078125, 293.0577392578125, 293.062225341796875, 293.0665283203125, 293.070587158203125, 293.074462890625, 293.078155517578125]
>>>>>>> OMcompatibility
time=[0., 300.]
