last-generated=2018-06-13
statistics-simulation=
{
  "linear": " ",
  "nonlinear": " ",
  "numerical Jacobians": "0"
}
cheOpaSkyCov.nOut=[8.999999761581421e-01, 3.00000011920929e-01, 1e+00, 1e+00, 1.099999994039536e-02, 2.000000029802322e-01, 1.099999994039536e-02, 1.099999994039536e-02, 1.099999994039536e-02, 1e+00, 1e+00, 1.099999994039536e-02, 1.099999994039536e-02, 1e+00, 1.099999994039536e-02, 1.099999994039536e-02, 1e+00, 1e+00, 1e+00, 1e+00, 1e+00, 1e+00, 1.099999994039536e-02, 1.099999994039536e-02, 1e+00, 1e+00, 1.000000014901161e-01, 1e+00, 1e+00, 1.099999994039536e-02, 1e+00, 1e+00, 1.099999994039536e-02, 8.999999761581421e-01, 1e+00, 1.099999994039536e-02, 1.099999994039536e-02, 1.099999994039536e-02, 1e+00, 1.000000014901161e-01, 1.099999994039536e-02, 1.099999994039536e-02, 1e+00, 1e+00, 1e+00, 1e+00, 1.099999994039536e-02, 1.099999994039536e-02, 1e+00, 5e-01, 1e+00, 6.99999988079071e-01, 1.099999994039536e-02, 1e+00, 1e+00, 1e+00, 5e-01, 1e+00, 1e+00, 1.099999994039536e-02, 1.099999994039536e-02, 8.999999761581421e-01, 1e+00, 6.99999988079071e-01, 1e+00, 8.999999761581421e-01, 2.000000029802322e-01, 1.099999994039536e-02, 1.099999994039536e-02, 1e+00, 1e+00, 1e+00, 4.000000059604645e-01, 1.099999994039536e-02, 1.099999994039536e-02, 1.000000014901161e-01, 1.099999994039536e-02, 1.099999994039536e-02, 1.099999994039536e-02, 1.099999994039536e-02, 1.099999994039536e-02, 1e+00, 1e+00, 1e+00, 1.099999994039536e-02, 1e+00, 1e+00, 1e+00, 1e+00, 1e+00, 1e+00, 1e+00, 1e+00, 1e+00, 5e-01, 5e-01, 8.999999761581421e-01, 1e+00, 1e+00, 1.099999994039536e-02, 5e-01]
cheTotSkyCov.nOut=[8.999999761581421e-01, 3.00000011920929e-01, 1e+00, 1e+00, 1.099999994039536e-02, 2.000000029802322e-01, 1.099999994039536e-02, 1.099999994039536e-02, 1.099999994039536e-02, 1e+00, 1e+00, 1.099999994039536e-02, 1.099999994039536e-02, 1e+00, 1.099999994039536e-02, 1.099999994039536e-02, 1e+00, 1e+00, 1e+00, 1e+00, 1e+00, 1e+00, 3.00000011920929e-01, 1.099999994039536e-02, 1e+00, 1e+00, 1.000000014901161e-01, 1e+00, 1e+00, 1.099999994039536e-02, 1e+00, 1e+00, 1.099999994039536e-02, 1e+00, 1e+00, 1.099999994039536e-02, 1.099999994039536e-02, 1.099999994039536e-02, 1e+00, 2.000000029802322e-01, 1.099999994039536e-02, 1.099999994039536e-02, 1e+00, 1e+00, 1e+00, 1e+00, 1.099999994039536e-02, 1.099999994039536e-02, 1e+00, 5e-01, 1e+00, 6.99999988079071e-01, 1.099999994039536e-02, 1e+00, 1e+00, 1e+00, 5e-01, 1e+00, 1e+00, 1.099999994039536e-02, 1.099999994039536e-02, 1e+00, 1e+00, 6.99999988079071e-01, 1e+00, 1e+00, 1e+00, 1.099999994039536e-02, 1.099999994039536e-02, 1e+00, 1e+00, 1e+00, 4.000000059604645e-01, 1.099999994039536e-02, 1.099999994039536e-02, 1.000000014901161e-01, 1.099999994039536e-02, 1.099999994039536e-02, 1.099999994039536e-02, 1.099999994039536e-02, 1.099999994039536e-02, 1e+00, 1e+00, 1e+00, 1.099999994039536e-02, 1e+00, 1e+00, 1e+00, 1e+00, 1e+00, 1e+00, 1e+00, 1e+00, 1e+00, 5e-01, 5e-01, 1e+00, 1e+00, 1e+00, 1.099999994039536e-02, 8.999999761581421e-01]
time=[0e+00, 8.64e+06]
