last-generated=2018-06-13
statistics-simulation=
{
  "linear": " ",
  "nonlinear": "1",
  "numerical Jacobians": "0"
}
briCoe.F1=[0e+00, 0e+00, 0e+00, 0e+00, 0e+00, 0e+00, 0e+00, 0e+00, 0e+00, 0e+00, 0e+00, 0e+00, 0e+00, 0e+00, 0e+00, 0e+00, 0e+00, 0e+00, 0e+00, 0e+00, 0e+00, 0e+00, 0e+00, 0e+00, 0e+00, 0e+00, 0e+00, 0e+00, 0e+00, 0e+00, 0e+00, 0e+00, 0e+00, 0e+00, 0e+00, 0e+00, 0e+00, 0e+00, 0e+00, 0e+00, 0e+00, 0e+00, 0e+00, 0e+00, 0e+00, 0e+00, 0e+00, 0e+00, 0e+00, 0e+00, 0e+00, 0e+00, 0e+00, 0e+00, 0e+00, 0e+00, 0e+00, 0e+00, 0e+00, 0e+00, 0e+00, 0e+00, 0e+00, 0e+00, 0e+00, 0e+00, 0e+00, 0e+00, 0e+00, 0e+00, 0e+00, 0e+00, 0e+00, 0e+00, 0e+00, 0e+00, 0e+00, 0e+00, 0e+00, 0e+00, 0e+00, 0e+00, 0e+00, 0e+00, 0e+00, 0e+00, 0e+00, 0e+00, 0e+00, 0e+00, 0e+00, 0e+00, 0e+00, 0e+00, 0e+00, 0e+00, 0e+00, 0e+00, 0e+00, 0e+00, 0e+00]
time=[0e+00, 8.64e+06]
briCoe.F2=[-1.233246251940727e-01, -1.232882291078568e-01, -1.232490390539169e-01, -1.232071071863174e-01, -1.231624707579613e-01, -1.231151670217514e-01, -1.230652332305908e-01, -1.230127140879631e-01, -1.229576617479324e-01, -1.229001134634018e-01, -1.228401064872742e-01, -1.227776855230331e-01, -1.227128952741623e-01, -1.226457804441452e-01, -1.225763857364655e-01, -1.22504748404026e-01, -1.224309056997299e-01, -1.223549097776413e-01, -1.222767978906631e-01, -1.221965998411179e-01, -1.221143752336502e-01, -1.22030146420002e-01, -1.219439581036568e-01, -1.218558475375175e-01, -1.217658519744873e-01, -1.216740012168884e-01, -1.215803474187851e-01, -1.214849129319191e-01, -1.21387742459774e-01, -1.212888583540916e-01, -1.21188297867775e-01, -1.21086098253727e-01, -1.2098228931427e-01, -1.208769083023071e-01, -1.207699775695801e-01, -1.206615343689919e-01, -1.205516010522842e-01, -1.204402223229408e-01, -1.203274205327034e-01, -1.202132254838943e-01, -1.200976595282555e-01, -1.199807599186897e-01, -1.198625564575195e-01, -1.197430714964867e-01, -1.196223348379135e-01, -1.195003762841225e-01, -1.193772256374359e-01, -1.192529052495956e-01, -1.191274374723434e-01, -1.190008670091629e-01, -1.188732013106346e-01, -1.187444850802422e-01, -1.186147406697273e-01, -1.184839829802513e-01, -1.183522567152977e-01, -1.182195767760277e-01, -1.180859804153442e-01, -1.179514899849892e-01, -1.178161278367043e-01, -1.176799312233925e-01, -1.175429299473763e-01, -1.174051463603973e-01, -1.172666028141975e-01, -1.171273440122604e-01, -1.169873848557472e-01, -1.168467625975609e-01, -1.167054995894432e-01, -1.165636330842972e-01, -1.164211928844452e-01, -1.162782087922096e-01, -1.161347106099129e-01, -1.159907206892967e-01, -1.158462911844254e-01, -1.157014295458794e-01, -1.155561879277229e-01, -1.154105961322784e-01, -1.152646765112877e-01, -1.151184663176537e-01, -1.149720028042793e-01, -1.148253232240677e-01, -1.146784573793411e-01, -1.14531435072422e-01, -1.14384301006794e-01, -1.142370849847794e-01, -1.140898242592812e-01, -1.13942563533783e-01, -1.137953251600266e-01, -1.136481538414955e-01, -1.135010868310928e-01, -1.133541613817215e-01, -1.132074147462845e-01, -1.130608916282654e-01, -1.12914614379406e-01, -1.12768642604351e-01, -1.126229986548424e-01, -1.124777272343636e-01, -1.123328730463982e-01, -1.121884733438492e-01, -1.120445653796196e-01, -1.11901193857193e-01, -1.117583960294724e-01]
