last-generated=2017-08-03
statistics-simulation=
{
  "numerical Jacobians": "0", 
  "nonlinear": "1", 
  "number of continuous time states": "24", 
  "linear": "0"
}
embeddedPipe.dp=[0., 170352.34375, 36737.37890625, 22485.203125, 20191.5078125, 19769.517578125, 19692.08984375, 19676.669921875, 19671.46484375, 19671.240234375, 19671.205078125, 19671.171875, 19671.16796875, 19671.1640625, 19671.16015625, 19671.15625, 19671.15625, 19671.15625, 19671.154296875, 19671.154296875, 19671.154296875, 19671.154296875, 19671.154296875, 19671.154296875, 19671.154296875, 19671.154296875, 19671.154296875, 19671.154296875, 19671.154296875, 19671.154296875, 19671.154296875, 19671.154296875, 19671.154296875, 19671.154296875, 19671.154296875, 19671.154296875, 19671.154296875, 917.73455810546875, 76.06253814697265625, 13.65618801116943359375, 2.62059259414672851562, 0.46454200148582458496, 0.05547361448407173157, -0.02155251428484916687, -0.03053402155637741089, -0.02125639654695987701, -0.01177977677434682846, -0.00531666912138462067, -0.00428202329203486443, -0.00324737699702382088, -0.00221273093484342098, -0.00117808463983237743, -0.00059322541346773505, -0.00053348368965089321, -0.00047374202404171228, -0.00041400035843253136, -0.00035425863461568897, -0.00029451696900650913, -0.00023477528884541243, -0.00017503360868431628, -0.00011529191397130489, -0.00005555023381020874, -0.00003465477493591607, -0.00003287872823420912, -0.00003110266698058695, -0.00002932662027888, -0.00002755055902525783, -0.00002577451232355088, -0.00002399846562184392, -0.00002222240436822178, -0.00002044635766651481, -0.00001867031096480787, -0.00001689424971118569, 12093.8974609375, 18106.416015625, 19370.453125, 19611.193359375, 19661.15234375, 19666.71484375, 19669.037109375, 19670.173828125, 19670.69140625, 19670.857421875, 19671.0234375, 19671.06640625, 19671.083984375, 19671.099609375, 19671.1171875, 19671.1328125, 19671.14453125, 19671.14453125, 19671.146484375, 19671.146484375, 19671.146484375, 19671.1484375, 19671.1484375, 19671.150390625, 19671.150390625, 19671.15234375, 19671.15234375, 19671.15234375]
time=[0., 10000.]
