last-generated=2017-08-03
statistics-simulation=
{
  "numerical Jacobians": "0", 
  "nonlinear": "1, 1", 
  "number of continuous time states": "3", 
  "linear": " "
}
embeddedPipe.dp=[0., 64.910308837890625, 194.2923431396484375, 426.302825927734375, 757.8717041015625, 1184.174560546875, 1705.2113037109375, 2320.9821777343759094947, 3031.48681640625, 3836.7255859375, 4736.6982421875, 4736.6982421875, 4736.6982421875, 4736.6982421875, 4736.6982421875, 4736.6982421875, 4736.6982421875, 4736.6982421875, 4736.6982421875, 4736.6982421875, 4736.6982421875, 3836.7255859375, 3031.48681640625, 2320.982177734375, 1705.2113037109375, 1184.174560546875, 757.8717041015625, 426.302825927734375, 194.29234313964767011385, 64.910308837890625, 0., 0., 0., 0., 0., 0., 0., 0., 0., 0., 0., 0., 0., 0., 0., 0., 0., 0., 0., 0., 0., 64.910308837890625, 194.2923431396484375, 426.302825927734375, 757.8717041015625, 1184.174560546875, 1705.21130371094272959454, 2320.98217773436908828444, 3031.48681640625, 3836.7255859375, 4736.6982421875, 4736.6982421875, 4736.6982421875, 4736.6982421875, 4736.6982421875, 4736.6982421875, 4736.6982421875, 4736.6982421875, 4736.6982421875, 4736.6982421875, 4736.6982421875, 3836.7255859375, 3031.48681640625, 2320.982177734375, 1705.2113037109375, 1184.174560546875, 757.8717041015625, 426.302825927734375, 194.2923431396484375, 64.910308837890625, 0.00000026641646400094, 0., 0., 0., 0., 0., 0., 0., 0., 0., 0., 0., 0., 0., 0., 0., 0., 0., 0., 0., 0.]
time=[0., 10000.]
embeddedPipe.m_flow=[0., 0.10000000149011611938, 0.20000000298023223877, 0.30000001192092895508, 0.40000000596046447754, 0.5, 0.60000002384185791016, 0.69999998807907115594, 0.80000001192092895508, 0.89999997615814208984, 1., 1., 1., 1., 1., 1., 1., 1., 1., 1., 1., 0.89999997615814208984, 0.80000001192092895508, 0.69999998807907104492, 0.60000002384185791016, 0.5, 0.40000000596046447754, 0.30000001192092895508, 0.20000000298023179468, 0.10000000149011611938, 0., 0., 0., 0., 0., 0., 0., 0., 0., 0., 0., 0., 0., 0., 0., 0., 0., 0., 0., 0., 0., 0.10000000149011611938, 0.20000000298023223877, 0.30000001192092895508, 0.40000000596046447754, 0.5, 0.60000002384185879833, 0.69999998807907015674, 0.80000001192092895508, 0.89999997615814208984, 1., 1., 1., 1., 1., 1., 1., 1., 1., 1., 1., 0.89999997615814208984, 0.80000001192092895508, 0.69999998807907104492, 0.60000002384185791016, 0.5, 0.40000000596046447754, 0.30000001192092895508, 0.20000000298023223877, 0.10000000149011611938, 0.00000000050000015239, 0., 0., 0., 0., 0., 0., 0., 0., 0., 0., 0., 0., 0., 0., 0., 0., 0., 0., 0., 0.]
embeddedPipe.R_c=[0.05000000074505805969, 0.05000000074505805969]
embeddedPipe.R_x_val=[0.01653829775750637054, 0.01653829775750637054]
embeddedPipe.R_w_val=[0.02661453932523727417, 0.02661453932523727417, 0.02661453932523727417, 0.02661453932523727417, 0.02661453932523727417, 0.01925062015652656555, 0.00200921413488686085, 0.00146404642146080711, 0.0013034724397584796, 0.00117651955224573612, 0.00107347057200968266, 0.00107347057200968266, 0.00107347057200968266, 0.00107347057200968266, 0.00107347057200968266, 0.00107347057200968266, 0.00107347057200968266, 0.00107347057200968266, 0.00107347057200968266, 0.00107347057200968266, 0.00107347057200968266, 0.00117651955224573612, 0.0013034724397584796, 0.00146404642146080732, 0.00200921413488686085, 0.01925062015652656555, 0.02661453932523727417, 0.02661453932523727417, 0.02661453932523727417, 0.02661453932523727417, 0.02661453932523727417, 0.02661453932523727417, 0.02661453932523727417, 0.02661453932523727417, 0.02661453932523727417, 0.02661453932523727417, 0.02661453932523727417, 0.02661453932523727417, 0.02661453932523727417, 0.02661453932523727417, 0.02661453932523727417, 0.02661453932523727417, 0.02661453932523727417, 0.02661453932523727417, 0.02661453932523727417, 0.02661453932523727417, 0.02661453932523727417, 0.02661453932523727417, 0.02661453932523727417, 0.02661453932523727417, 0.02661453932523727417, 0.02661453932523727417, 0.02661453932523727417, 0.02661453932523727417, 0.02661453932523727417, 0.01925062015652656555, 0.0020092141348868435, 0.00146404642146080906, 0.0013034724397584796, 0.00117651955224573612, 0.00107347057200968266, 0.00107347057200968266, 0.00107347057200968266, 0.00107347057200968266, 0.00107347057200968266, 0.00107347057200968266, 0.00107347057200968266, 0.00107347057200968266, 0.00107347057200968266, 0.00107347057200968266, 0.00107347057200968266, 0.00117651955224573612, 0.0013034724397584796, 0.00146404642146080732, 0.00200921413488686085, 0.01925062015652656555, 0.02661453932523727417, 0.02661453932523727417, 0.02661453932523727417, 0.02661453932523727417, 0.02661453932523727417, 0.02661453932523727417, 0.02661453932523727417, 0.02661453932523727417, 0.02661453932523727417, 0.02661453932523727417, 0.02661453932523727417, 0.02661453932523727417, 0.02661453932523727417, 0.02661453932523727417, 0.02661453932523727417, 0.02661453932523727417, 0.02661453932523727417, 0.02661453932523727417, 0.02661453932523727417, 0.02661453932523727417, 0.02661453932523727417, 0.02661453932523727417, 0.02661453932523727417, 0.02661453932523727417, 0.02661453932523727417]
embeddedPipe.R_r_val=[0.01578417792916297913, 0.01578417792916297913]
embeddedPipe.heatPortEmb[2].T=[283.149993896484375, 285.23724365234375, 286.66766357421875, 288.248870849609375, 289.15618896484375, 290.069549560546875, 291.481353759765625, 291.927825927734375, 292.289154052734375, 292.579864501953125, 292.819122314453125, 292.830047607421875, 292.830047607421875, 292.830047607421875, 292.830047607421875, 292.830047607421875, 292.830047607421875, 292.830047607421875, 292.830047607421875, 292.830047607421875, 292.830047607421875, 292.608154296875, 292.32843017578125, 291.98419189453125, 291.526031494140625, 290.08349609375, 289.323638916015625, 288.62451171875, 287.54669189453125, 285.80023193359375, 283.149993896484375, 283.149993896484375, 283.149993896484375, 283.149993896484375, 283.149993896484375, 283.149993896484375, 283.149993896484375, 283.149993896484375, 283.149993896484375, 283.149993896484375, 283.149993896484375, 283.149993896484375, 283.149993896484375, 283.149993896484375, 283.149993896484375, 283.149993896484375, 283.149993896484375, 283.149993896484375, 283.149993896484375, 283.149993896484375, 283.149993896484375, 284.792938232421875, 286.58538818359375, 288.2452392578125, 289.156219482421875, 290.0706787109375, 291.4810791015625, 291.927764892578125, 292.289031982421875, 292.579803466796875, 292.819061279296875, 292.830047607421875, 292.830047607421875, 292.830047607421875, 292.830047607421875, 292.830047607421875, 292.830047607421875, 292.830047607421875, 292.830047607421875, 292.830047607421875, 292.830047607421875, 292.608154296875, 292.32843017578125, 291.98419189453125, 291.526031494140625, 290.08349609375, 289.323638916015625, 288.62451171875, 287.54669189453125, 285.80023193359375, 283.149993896484375, 283.149993896484375, 283.149993896484375, 283.149993896484375, 283.149993896484375, 283.149993896484375, 283.149993896484375, 283.149993896484375, 283.149993896484375, 283.149993896484375, 283.149993896484375, 283.149993896484375, 283.149993896484375, 283.149993896484375, 283.149993896484375, 283.149993896484375, 283.149993896484375, 283.149993896484375, 283.149993896484375, 283.149993896484375, 283.149993896484375]
embeddedPipe.heatPortEmb[1].T=[283.149993896484375, 288.724151611328125, 290.21563720703125, 290.83843994140625, 291.178466796875, 291.922576904296875, 293.711669921875, 293.947723388671875, 294.100860595703125, 294.222503662109375, 294.32147216796875, 294.32147216796875, 294.32147216796875, 294.32147216796875, 294.32147216796875, 294.32147216796875, 294.32147216796875, 294.32147216796875, 294.32147216796875, 294.32147216796875, 294.32147216796875, 294.222503662109375, 294.100860595703125, 293.947723388671875, 293.711669921875, 291.922576904296875, 291.178466796875, 290.83843994140625, 290.21563720703125, 288.724151611328125, 283.149993896484375, 283.149993896484375, 283.149993896484375, 283.149993896484375, 283.149993896484375, 283.149993896484375, 283.149993896484375, 283.149993896484375, 283.149993896484375, 283.149993896484375, 283.149993896484375, 283.149993896484375, 283.149993896484375, 283.149993896484375, 283.149993896484375, 283.149993896484375, 283.149993896484375, 283.149993896484375, 283.149993896484375, 283.149993896484375, 283.149993896484375, 288.724151611328125, 290.21563720703125, 290.83843994140625, 291.178466796875, 291.922576904296875, 293.711669921875, 293.947723388671875, 294.100860595703125, 294.222503662109375, 294.32147216796875, 294.32147216796875, 294.32147216796875, 294.32147216796875, 294.32147216796875, 294.32147216796875, 294.32147216796875, 294.32147216796875, 294.32147216796875, 294.32147216796875, 294.32147216796875, 294.222503662109375, 294.100860595703125, 293.947723388671875, 293.711669921875, 291.922576904296875, 291.178466796875, 290.83843994140625, 290.21563720703125, 288.724151611328125, 283.149993896484375, 283.149993896484375, 283.149993896484375, 283.149993896484375, 283.149993896484375, 283.149993896484375, 283.149993896484375, 283.149993896484375, 283.149993896484375, 283.149993896484375, 283.149993896484375, 283.149993896484375, 283.149993896484375, 283.149993896484375, 283.149993896484375, 283.149993896484375, 283.149993896484375, 283.149993896484375, 283.149993896484375, 283.149993896484375, 283.149993896484375]
fixedTemperature.T=[283.149993896484375, 283.149993896484375]
boundary.T=[303.149993896484375, 303.149993896484375]
