last-generated=2016-12-22
statistics-initialization=
{
  "linear": "0"
}
statistics-simulation=
{
  "numerical Jacobians": "0", 
  "nonlinear": "1", 
  "number of continuous time states": "3", 
  "linear": "0"
}
zone.propsBus[1].iSolDir.T=[299.149993896484375, 299.149993896484375]
zone.propsBus[2].surfCon.T=[293.149993896484375, 293.22882080078125, 293.3013916015625, 293.368255615234375, 293.42987060546875, 293.48663330078125, 293.53875732421875, 293.586669921875, 293.630828857421875, 293.671356201171875, 293.7086181640625, 293.74285888671875, 293.774261474609375, 293.803070068359375, 293.829559326171875, 293.8538818359375, 293.8763427734375, 293.89691162109375, 293.91583251953125, 293.933319091796875, 293.9493408203125, 293.964080810546875, 293.97772216796875, 293.990234375, 294.001739501953125, 294.01239013671875, 294.02215576171875, 294.0311279296875, 294.0394287109375, 294.04705810546875, 294.0540771484375, 294.060546875, 294.066497802734375, 294.071990966796875, 294.077056884765625, 294.081695556640625, 294.08599853515625, 294.089935302734375, 294.093597412109375, 294.096954345703125, 294.10003662109375, 294.1029052734375, 294.10552978515625, 294.10797119140625, 294.1102294921875, 294.1123046875, 294.11419677734375, 294.115936279296875, 294.117523193359375, 294.118988037109375, 294.12030029296875, 294.121490478515625, 294.122589111328125, 294.123565673828125, 294.124481201171875, 294.12530517578125, 294.126068115234375, 294.126739501953125, 294.12738037109375, 294.1279296875, 294.12847900390625, 294.12896728515625, 294.12945556640625, 294.129913330078125, 294.130279541015625, 294.130615234375, 294.130950927734375, 294.131256103515625, 294.131561279296875, 294.1318359375, 294.132110595703125, 294.13232421875, 294.132537841796875, 294.13275146484375, 294.1329345703125, 294.13311767578125, 294.13330078125, 294.1334228515625, 294.133575439453125, 294.133697509765625, 294.133819580078125, 294.133941650390625, 294.134033203125, 294.1341552734375, 294.13421630859375, 294.134307861328125, 294.1343994140625, 294.13446044921875, 294.134521484375, 294.13458251953125, 294.1346435546875, 294.134674072265625, 294.134735107421875, 294.134765625, 294.13482666015625, 294.134857177734375, 294.1348876953125, 294.134918212890625, 294.134918212890625, 294.13494873046875, 294.134979248046875]
zone.propsBus[1].surfCon.T=[293.149993896484375, 293.22882080078125, 293.3013916015625, 293.368255615234375, 293.42987060546875, 293.48663330078125, 293.53875732421875, 293.586669921875, 293.630828857421875, 293.671356201171875, 293.7086181640625, 293.74285888671875, 293.774261474609375, 293.803070068359375, 293.829559326171875, 293.8538818359375, 293.8763427734375, 293.89691162109375, 293.91583251953125, 293.933319091796875, 293.9493408203125, 293.964080810546875, 293.97772216796875, 293.990234375, 294.001739501953125, 294.01239013671875, 294.02215576171875, 294.0311279296875, 294.0394287109375, 294.04705810546875, 294.0540771484375, 294.060546875, 294.066497802734375, 294.071990966796875, 294.077056884765625, 294.081695556640625, 294.08599853515625, 294.089935302734375, 294.093597412109375, 294.096954345703125, 294.10003662109375, 294.1029052734375, 294.10552978515625, 294.10797119140625, 294.1102294921875, 294.1123046875, 294.11419677734375, 294.115936279296875, 294.117523193359375, 294.118988037109375, 294.12030029296875, 294.121490478515625, 294.122589111328125, 294.123565673828125, 294.124481201171875, 294.12530517578125, 294.126068115234375, 294.126739501953125, 294.12738037109375, 294.1279296875, 294.12847900390625, 294.12896728515625, 294.12945556640625, 294.129913330078125, 294.130279541015625, 294.130615234375, 294.130950927734375, 294.131256103515625, 294.131561279296875, 294.1318359375, 294.132110595703125, 294.13232421875, 294.132537841796875, 294.13275146484375, 294.1329345703125, 294.13311767578125, 294.13330078125, 294.1334228515625, 294.133575439453125, 294.133697509765625, 294.133819580078125, 294.133941650390625, 294.134033203125, 294.1341552734375, 294.13421630859375, 294.134307861328125, 294.1343994140625, 294.13446044921875, 294.134521484375, 294.13458251953125, 294.1346435546875, 294.134674072265625, 294.134735107421875, 294.134765625, 294.13482666015625, 294.134857177734375, 294.1348876953125, 294.134918212890625, 294.134918212890625, 294.13494873046875, 294.134979248046875]
zone.propsBus[1].iSolDif.T=[299.149993896484375, 299.149993896484375]
time=[0., 10000.]
zone.gainRad.T=[299.149993896484375, 299.149993896484375]
zone.propsBus[2].surfRad.T=[293.149993896484375, 293.149993896484375]
zone.propsBus[1].surfRad.T=[303.149993896484375, 303.149993896484375]
zone.propsBus[2].surfCon.Q_flow=[100., 100., 100., 100., 100., 100., 100., 100., 100., 100., 100., 100., 100., 100., 100., 100., 100., 100., 100., 100., 100., 100., 100., 100., 100., 100., 100., 100., 100., 100., 100., 100., 100., 100., 100., 100., 100., 100., 100., 100., 100., 100., 100., 100., 100., 100., 100., 100., 100., 100., 100., 100., 100., 100., 100., 100., 100., 100., 100., 100., 100., 100., 100., 100., 100., 100., 100., 100., 100., 100., 100., 100., 100., 100., 100., 100., 100., 100., 100., 100., 100., 100., 100., 100., 100., 100., 100., 100., 100., 100., 100., 100., 100., 100., 100., 100., 100., 100., 100., 100., 100.]
zone.propsBus[1].surfRad.Q_flow=[2471.2099609375, 2471.2099609375]
zone.propsBus[2].surfRad.Q_flow=[-2581.2099609375, -2581.2099609375]
zone.propsBus[1].surfCon.Q_flow=[0., 0., 0., 0., 0., 0., 0., 0., 0., 0., 0., 0., 0., 0., 0., 0., 0., 0., 0., 0., 0., 0., 0., 0., 0., 0., 0., 0., 0., 0., 0., 0., 0., 0., 0., 0., 0., 0., 0., 0., 0., 0., 0., 0., 0., 0., 0., 0., 0., 0., 0., 0., 0., 0., 0., 0., 0., 0., 0., 0., 0., 0., 0., 0., 0., 0., 0., 0., 0., 0., 0., 0., 0., 0., 0., 0., 0., 0., 0., 0., 0., 0., 0., 0., 0., 0., 0., 0., 0., 0., 0., 0., 0., 0., 0., 0., 0., 0., 0., 0., 0.]
