last-generated=2017-08-03
statistics-initialization=
{
  "numerical Jacobians": "0", 
  "nonlinear": "1, 5, 1, 1, 1, 1, 1"
}
statistics-simulation=
{
  "numerical Jacobians": "0", 
  "nonlinear": "0, 5, 1, 1, 0, 1, 1", 
  "number of continuous time states": "3", 
  "linear": "27"
}
pmpSouth.m_flow=[0., 5.0185794830322265625, 4.72824239730834960938, 4.816677093505859375, 4.89613103866577148438, 4.9674777984619140625, 5.031513214111328125, 5.08895730972290039062, 5.14045763015747070312, 5.18659114837646484375, 5.22787237167358398438, 5.26475763320922851562, 5.29764890670776367188, 5.32690191268920898438, 5.35282754898071289062, 5.37569856643676757812, 5.395751953125, 5.41319322586059570312, 5.42819929122924804688, 5.44091939926147460938, 5.45147991180419921875, 5.45998430252075195312, 5.46651506423950195312, 5.47113561630249023438, 5.47389078140258789062, 5.4748058319091796875, 5.47389078140258789062, 6.153408050537109375, 6.14683103561401367188, 6.13754177093505859375, 6.12545824050903320312, 6.11047124862670898438, 6.09244775772094726562, 6.07122468948364257812, 6.0466098785400390625, 6.01837825775146484375, 5.98627185821533203125, 5.94999408721923828125, 5.90920877456665039062, 5.86353731155395507812, 5.81255435943603515625, 5.7557849884033203125, 5.69270277023315429688, 5.6227264404296875, 5.5452175140380859375, 5.45948171615600585938, 5.36476993560791015625, 5.26028108596801757812, 5.1451740264892578125, 5.0185794830322265625, 4.87962198257446289062, 0., 0., 0., 0., 0., 0., 0., 0., 0., 0., 0., 0., 0., 0., 0., 0., 0., 0., 0., 0., 0., 0., 0., 0., 0., 0., 0., 0., 0., 0., 0., 0., 0., 0., 0., 0., 0., 0., 0., 0., 0., 0., 0., 0., 0., 0., 0., 0., 0., -0.]
pmpNorth.m_flow=[0., 5.476596832275390625, 5.13487291336059570312, 5.241344451904296875, 5.33672475814819335938, 5.42204523086547851562, 5.49827814102172851562, 5.5663242340087890625, 5.62700700759887695312, 5.68107175827026367188, 5.72918558120727539062, 5.77194499969482421875, 5.80987548828125, 5.84344148635864257812, 5.87305021286010742188, 5.89905500411987304688, 5.92176485061645507812, 5.94144344329833984375, 5.9583187103271484375, 5.97258281707763671875, 5.98439502716064453125, 5.99388790130615234375, 6.00116586685180664062, 6.00630903244018554688, 6.00937223434448242188, 6.01038980484008789062, 6.00937223434448242188, 6.84251356124877929688, 6.83491849899291992188, 6.82418012619018554688, 6.81019306182861328125, 6.79281663894653320312, 6.771877288818359375, 6.74716424942016601562, 6.71842670440673828125, 6.68537044525146484375, 6.64765644073486328125, 6.60489559173583984375, 6.55664491653442382812, 6.50240373611450195312, 6.44161224365234375, 6.37364482879638671875, 6.2978115081787109375, 6.21335697174072265625, 6.1194629669189453125, 6.01525354385375976562, 5.89980840682983398438, 5.77217864990234375, 5.63141393661499023438, 5.476596832275390625, 5.30688905715942382812, 0., 0., 0., 0., 0., 0., 0., 0., 0., 0., 0., 0., 0., 0., 0., 0., 0., 0., 0., 0., 0., 0., 0., 0., 0., 0., 0., 0., 0., 0., 0., 0., 0., 0., 0., 0., 0., 0., 0., 0., 0., 0., 0., 0., 0., 0., 0., 0., 0., -0.]
time=[0., 1000.]
