last-generated=2018-06-13
statistics-simulation=
{
  "linear": " ",
  "nonlinear": " ",
  "number of continuous time states": "2",
  "numerical Jacobians": "0"
}
y=[1.580082654953003e+00, 1.548793762881875e+00, 1.517498645982701e+00, 1.486196998513257e+00, 1.454888556100808e+00, 1.42357353129078e+00, 1.392251379805699e+00, 1.360922075748323e+00, 1.329585593311082e+00, 1.298241626505833e+00, 1.2668899110817e+00, 1.235530540507477e+00, 1.204162970242718e+00, 1.172787174519927e+00, 1.141402795712088e+00, 1.110009927390029e+00, 1.078607905599804e+00, 1.047196704675384e+00, 1.015776060646556e+00, 9.843454882058335e-01, 9.529047829547515e-01, 9.214536810145086e-01, 8.89991696898918e-01, 8.588177235535164e-01, 8.292804633010195e-01, 8.024266958236694e-01, 7.787678957537741e-01, 7.584497256056165e-01, 7.413793821121605e-01, 7.273179377460443e-01, 7.159467906024932e-01, 7.069139500101573e-01, 6.998653368889565e-01, 6.944646231144825e-01, 6.904051316705493e-01, 6.874158367794608e-01, 6.852636336243416e-01, 6.837522989731314e-01, 6.827207210021871e-01, 6.820392012934525e-01, 6.816058158396229e-01, 6.813424228948294e-01, 6.811910271855091e-01, 6.811097264274135e-01, 6.81069791320823e-01, 6.810523867600011e-01, 6.810458898547775e-01, 6.810439825058583e-01, 6.810436248779297e-01, 6.810435652732849e-01, 6.810435652732849e-01, 6.810435652732849e-01, 6.810436248779297e-01, 6.810439825058583e-01, 6.810458898547775e-01, 6.810523867600011e-01, 6.81069791320823e-01, 6.811097264274135e-01, 6.811910271855091e-01, 6.813424228948294e-01, 6.816058158396229e-01, 6.820392012934525e-01, 6.827207210021871e-01, 6.837522989731314e-01, 6.852636336243416e-01, 6.874158367794608e-01, 6.904051316705494e-01, 6.944646231144825e-01, 6.998653368889566e-01, 7.069139500101573e-01, 7.159467906024932e-01, 7.273179377460443e-01, 7.413793821121605e-01, 7.584497256056165e-01, 7.787678957537741e-01, 8.024266958236694e-01, 8.292804633010195e-01, 8.588177235535164e-01, 8.89991696898918e-01, 9.214536810145086e-01, 9.529047829547517e-01, 9.843454882058336e-01, 1.015776060646556e+00, 1.047196704675384e+00, 1.078607905599804e+00, 1.110009927390029e+00, 1.141402795712088e+00, 1.172787174519927e+00, 1.204162970242718e+00, 1.235530540507477e+00, 1.2668899110817e+00, 1.298241626505833e+00, 1.329585593311082e+00, 1.360922075748323e+00, 1.392251379805699e+00, 1.42357353129078e+00, 1.454888556100808e+00, 1.486196998513257e+00, 1.517498645982701e+00, 1.548793762881875e+00, 1.580082654953003e+00]
x=[-4e+00, -3.764767666287514e+00, -3.538944244260847e+00, -3.322335983868475e+00, -3.114751885440883e+00, -2.916000122148529e+00, -2.72588805835286e+00, -2.544223897447779e+00, -2.370816215475829e+00, -2.205472050486915e+00, -2.048000006179123e+00, -1.89820823206722e+00, -1.75590402572383e+00, -1.6208959194591e+00, -1.492991866503889e+00, -1.372000049515519e+00, -1.257727941158629e+00, -1.149983865853903e+00, -1.04857606810546e+00, -9.533119579167549e-01, -8.639999200997946e-01, -7.804480873413104e-01, -7.024639755812427e-01, -6.2985591588018e-01, -5.624320534670788e-01, -5e-01, -4.423680306566664e-01, -3.893439857718144e-01, -3.407360073194027e-01, -2.963520270672523e-01, -2.560000008293225e-01, -2.194880032591948e-01, -1.866239834358742e-01, -1.572159926738453e-01, -1.310720085684448e-01, -1.079999900977393e-01, -8.780799695560675e-02, -7.030400674335453e-02, -5.529600386324331e-02, -4.259200092127691e-02, -3.200000011782754e-02, -2.332799796004312e-02, -1.638400108495947e-02, -1.097599962142445e-02, -6.912000490759383e-03, -4.000000018233038e-03, -2.048000139139251e-03, -8.640000633404392e-04, -2.56000018293633e-04, -3.200000252273844e-05, 0e+00, 3.200000252273844e-05, 2.560000182936331e-04, 8.640000633404392e-04, 2.04800013913926e-03, 4.000000018233051e-03, 6.912000490759402e-03, 1.097599962142442e-02, 1.638400108495943e-02, 2.332799796004308e-02, 3.200000011782754e-02, 4.259200092127691e-02, 5.529600386324331e-02, 7.030400674335453e-02, 8.780799695560675e-02, 1.079999900977393e-01, 1.310720085684449e-01, 1.572159926738455e-01, 1.866239834358744e-01, 2.194880032591946e-01, 2.560000008293223e-01, 2.963520270672521e-01, 3.407360073194027e-01, 3.893439857718144e-01, 4.423680306566664e-01, 5e-01, 5.624320534670788e-01, 6.2985591588018e-01, 7.024639755812427e-01, 7.804480873413104e-01, 8.639999200997951e-01, 9.533119579167554e-01, 1.04857606810546e+00, 1.149983865853903e+00, 1.257727941158629e+00, 1.372000049515519e+00, 1.492991866503889e+00, 1.6208959194591e+00, 1.75590402572383e+00, 1.89820823206722e+00, 2.048000006179123e+00, 2.205472050486915e+00, 2.37081621547583e+00, 2.54422389744778e+00, 2.725888058352859e+00, 2.916000122148528e+00, 3.114751885440882e+00, 3.322335983868475e+00, 3.538944244260847e+00, 3.764767666287514e+00, 4e+00]
time=[-1e+00, 1e+00]
der(y)=[-1.564281821250916e+00, -1.564597845382763e+00, -1.564920544275169e+00, -1.565250039060999e+00, -1.565586686418839e+00, -1.565930842939026e+00, -1.566282749091329e+00, -1.566642880701095e+00, -1.567011594283842e+00, -1.567389249665212e+00, -1.567776322598931e+00, -1.568173288725178e+00, -1.568580627245297e+00, -1.568999052250376e+00, -1.569428921371694e+00, -1.569871186943275e+00, -1.570326328443215e+00, -1.570795179039449e+00, -1.571278571732507e+00, -1.571777582289797e+00, -1.572293043763294e+00, -1.572826146628345e+00, -1.573378085256268e+00, -1.529249569914654e+00, -1.415943391371655e+00, -1.265307784080505e+00, -1.099465102636829e+00, -9.331989804460167e-01, -7.758798780680235e-01, -6.329587995966225e-01, -5.071164026486276e-01, -3.991333784778927e-01, -3.085397203016487e-01, -2.340924175727897e-01, -1.741176442957404e-01, -1.267517115851783e-01, -9.010457807638229e-02, -6.236577461358307e-02, -4.186960419191831e-02, -2.713055612207104e-02, -1.685831947768128e-02, -9.959107235853542e-03, -5.528014802493953e-03, -2.83575750774623e-03, -1.312092685413466e-03, -5.273160860480633e-04, -1.727928679108674e-04, -4.100469028050078e-05, -5.399798110538254e-06, -1.687436959952214e-07, 0e+00, 1.687436959952214e-07, 5.399798110538254e-06, 4.100469028050078e-05, 1.727928679108687e-04, 5.27316086048066e-04, 1.312092685413473e-03, 2.835757507746219e-03, 5.528014802493932e-03, 9.959107235853512e-03, 1.685831947768128e-02, 2.713055612207104e-02, 4.186960419191831e-02, 6.236577461358307e-02, 9.010457807638229e-02, 1.267517115851783e-01, 1.741176442957407e-01, 2.340924175727901e-01, 3.085397203016492e-01, 3.991333784778921e-01, 5.07116402648627e-01, 6.329587995966217e-01, 7.758798780680235e-01, 9.331989804460167e-01, 1.099465102636829e+00, 1.265307784080505e+00, 1.415943391371655e+00, 1.529249569914654e+00, 1.573378085256268e+00, 1.572826146628345e+00, 1.572293043763294e+00, 1.571777582289797e+00, 1.571278571732507e+00, 1.570795179039449e+00, 1.570326328443215e+00, 1.569871186943275e+00, 1.569428921371694e+00, 1.568999052250376e+00, 1.568580627245297e+00, 1.568173288725178e+00, 1.567776322598931e+00, 1.567389249665212e+00, 1.567011594283842e+00, 1.566642880701095e+00, 1.566282749091329e+00, 1.565930842939026e+00, 1.565586686418839e+00, 1.565250039060999e+00, 1.564920544275169e+00, 1.564597845382763e+00, 1.564281821250916e+00]
der(x)=[1.2e+01, 1.152479985290483e+01, 1.10592007822785e+01, 1.060320001270293e+01, 1.015679990238227e+01, 9.720000783154637e+00, 9.292800050582651e+00, 8.875199977036488e+00, 8.46720080920756e+00, 8.068800113639156e+00, 7.679999600030337e+00, 7.300800383606933e+00, 6.931200201873581e+00, 6.571199725036991e+00, 6.220799429934321e+00, 5.880000315283941e+00, 5.548799875221853e+00, 5.227199617119354e+00, 4.915200453871088e+00, 4.612800050582934e+00, 4.319999829481741e+00, 4.036800140799852e+00, 3.763200012702933e+00, 3.499199828605463e+00, 3.244800329741991e+00, 3e+00, 2.764800195827338e+00, 2.53919997579601e+00, 2.323200012702932e+00, 2.116800202616874e+00, 1.919999900150403e+00, 1.732800050582793e+00, 1.555199857826345e+00, 1.387199968891155e+00, 1.228800113639581e+00, 1.079999957656784e+00, 9.408000032043503e-01, 8.11200082664292e-01, 6.912000490855313e-01, 5.808000032043322e-01, 4.799999751091431e-01, 3.887999646282889e-01, 3.072000284957465e-01, 2.352000008153887e-01, 1.728000123357758e-01, 1.199999938130395e-01, 7.680000716685866e-02, 4.320000311612893e-02, 1.920000181317297e-02, 4.800000464022106e-03, 0e+00, 4.800000464022106e-03, 1.920000181317297e-02, 4.320000311612893e-02, 7.680000716685888e-02, 1.199999938130397e-01, 1.728000123357762e-01, 2.352000008153884e-01, 3.072000284957461e-01, 3.887999646282884e-01, 4.799999751091431e-01, 5.808000032043322e-01, 6.912000490855313e-01, 8.11200082664292e-01, 9.408000032043503e-01, 1.079999957656784e+00, 1.228800113639581e+00, 1.387199968891156e+00, 1.555199857826346e+00, 1.732800050582792e+00, 1.919999900150402e+00, 2.116800202616872e+00, 2.323200012702932e+00, 2.53919997579601e+00, 2.764800195827338e+00, 3e+00, 3.244800329741991e+00, 3.499199828605463e+00, 3.763200012702933e+00, 4.036800140799852e+00, 4.319999829481743e+00, 4.612800050582936e+00, 4.915200453871086e+00, 5.227199617119354e+00, 5.548799875221853e+00, 5.880000315283941e+00, 6.220799429934321e+00, 6.571199725036991e+00, 6.931200201873581e+00, 7.300800383606933e+00, 7.679999600030337e+00, 8.068800113639156e+00, 8.467200809207561e+00, 8.875199977036489e+00, 9.292800050582649e+00, 9.720000783154635e+00, 1.015679990238227e+01, 1.060320001270293e+01, 1.10592007822785e+01, 1.152479985290483e+01, 1.2e+01]
