last-generated=2018-06-13
statistics-simulation=
{
  "linear": " ",
  "nonlinear": " ",
  "number of continuous time states": "3",
  "numerical Jacobians": "0"
}
ori.V_flow=[1.678292751312256e-01, 1.678292751312256e-01, 1.678292751312256e-01, 1.678292751312256e-01, 1.678292751312256e-01, 1.678292751312256e-01, 1.678292751312256e-01, 1.678292751312256e-01, 1.678292751312256e-01, 1.678292751312256e-01, 1.678292751312256e-01, 1.678292751312256e-01, 1.678292751312256e-01, 1.678292751312256e-01, 1.678292751312256e-01, 1.678292751312256e-01, 1.678292751312256e-01, 1.678292751312256e-01, 1.678292751312256e-01, 1.678292751312256e-01, 1.678292751312256e-01, 1.678292751312256e-01, 1.678292751312256e-01, 1.678292751312256e-01, 1.678292751312256e-01, 1.678292751312256e-01, 1.644384381217985e-01, 1.60976190141127e-01, 1.574378166878239e-01, 1.538180678251626e-01, 1.501110687773968e-01, 1.463101664400685e-01, 1.424078614949011e-01, 1.383955680899634e-01, 1.342634275612853e-01, 1.299999926401067e-01, 1.255919401209637e-01, 1.210234187302452e-01, 1.162755317138935e-01, 1.11325338661509e-01, 1.061445580607419e-01, 1.006975675371638e-01, 9.493856839139425e-02, 8.880690935755073e-02, 8.221921905048979e-02, 7.505552311884732e-02, 6.713171994967766e-02, 5.813776584187443e-02, 4.732449380110407e-02, 2.920709702121355e-02, 0e+00, -2.920709702088563e-02, -4.732453164878822e-02, -5.813779429140827e-02, -6.713169479601931e-02, -7.505552311898205e-02, -8.221921905046528e-02, -8.880690935748357e-02, -9.4938586063018e-02, -1.006975841398851e-01, -1.061445421959653e-01, -1.113253386616174e-01, -1.162755317139281e-01, -1.210234187302123e-01, -1.255919401208684e-01, -1.300000055288171e-01, -1.342634150273326e-01, -1.383955559547391e-01, -1.424078614949434e-01, -1.463101664400821e-01, -1.501110687773303e-01, -1.538180787283552e-01, -1.574378060020396e-01, -1.609761797054712e-01, -1.644384381218472e-01, -1.678292751312256e-01, -1.678292751312256e-01, -1.678292751312256e-01, -1.678292751312256e-01, -1.678292751312256e-01, -1.678292751312256e-01, -1.678292751312256e-01, -1.678292751312256e-01, -1.678292751312256e-01, -1.678292751312256e-01, -1.678292751312256e-01, -1.678292751312256e-01, -1.678292751312256e-01, -1.678292751312256e-01, -1.678292751312256e-01, -1.678292751312256e-01, -1.678292751312256e-01, -1.678292751312256e-01, -1.678292751312256e-01, -1.678292751312256e-01, -1.678292751312256e-01, -1.678292751312256e-01, -1.678292751312256e-01, -1.678292751312256e-01, -1.678292751312256e-01, -1.678292751312256e-01]
time=[0e+00, 1e+00]
ori.dp=[1e+00, 1e+00, 1e+00, 1e+00, 1e+00, 1e+00, 1e+00, 1e+00, 1e+00, 1e+00, 1e+00, 1e+00, 1e+00, 1e+00, 1e+00, 1e+00, 1e+00, 1e+00, 1e+00, 1e+00, 1e+00, 1e+00, 1e+00, 1e+00, 1e+00, 1e+00, 9.599999403956394e-01, 9.20000059604325e-01, 8.799999999999999e-01, 8.39999940395604e-01, 8.000000596046448e-01, 7.6e-01, 7.2e-01, 6.800000596046447e-01, 6.399999999999999e-01, 6.000000000000001e-01, 5.600000596046448e-01, 5.2e-01, 4.799999701977486e-01, 4.399999403955683e-01, 4.000000298022335e-01, 3.600000000000001e-01, 3.199999403955507e-01, 2.800000298022158e-01, 2.399999850988566e-01, 1.999999552966052e-01, 1.600000298022601e-01, 1.199999925494328e-01, 7.999995529659643e-02, 4.000003725283197e-02, 0e+00, -4.000003725226355e-02, -8.000007450452709e-02, -1.200001117568972e-01, -1.599999105944718e-01, -1.99999955297316e-01, -2.399999850987147e-01, -2.800000298017893e-01, -3.200000596036499e-01, -3.600001192073355e-01, -3.999999105944538e-01, -4.39999940396421e-01, -4.799999701980329e-01, -5.199999999997158e-01, -5.600000596037922e-01, -6.00000119207158e-01, -6.399998807930554e-01, -6.799999403963501e-01, -7.200000000004265e-01, -7.600000000001419e-01, -8.000000596039341e-01, -8.400000596033657e-01, -8.799998807924156e-01, -9.19999940396492e-01, -9.599999403962078e-01, -1e+00, -1e+00, -1e+00, -1e+00, -1e+00, -1e+00, -1e+00, -1e+00, -1e+00, -1e+00, -1e+00, -1e+00, -1e+00, -1e+00, -1e+00, -1e+00, -1e+00, -1e+00, -1e+00, -1e+00, -1e+00, -1e+00, -1e+00, -1e+00, -1e+00, -1e+00]
ori.v=[8.391463756561279e-01, 8.391463756561279e-01, 8.391463756561279e-01, 8.391463756561279e-01, 8.391463756561279e-01, 8.391463756561279e-01, 8.391463756561279e-01, 8.391463756561279e-01, 8.391463756561279e-01, 8.391463756561279e-01, 8.391463756561279e-01, 8.391463756561279e-01, 8.391463756561279e-01, 8.391463756561279e-01, 8.391463756561279e-01, 8.391463756561279e-01, 8.391463756561279e-01, 8.391463756561279e-01, 8.391463756561279e-01, 8.391463756561279e-01, 8.391463756561279e-01, 8.391463756561279e-01, 8.391463756561279e-01, 8.391463756561279e-01, 8.391463756561279e-01, 8.391463756561279e-01, 8.221921757079022e-01, 8.04880935804474e-01, 7.871890685379938e-01, 7.69090339125813e-01, 7.505553587881454e-01, 7.315508769037726e-01, 7.120393372767214e-01, 6.91977885153203e-01, 6.71317108004131e-01, 6.499999632005334e-01, 6.279597006047118e-01, 6.051170936511372e-01, 5.813776734705933e-01, 5.566267007582323e-01, 5.307228126552737e-01, 5.034878153341174e-01, 4.746928419570201e-01, 4.440345691394155e-01, 4.110960878018684e-01, 3.752776230447728e-01, 3.356585848473204e-01, 2.906888366599439e-01, 2.366224690056002e-01, 1.460354832434137e-01, 0e+00, -1.460354832417741e-01, -2.366226582440122e-01, -2.906889789074621e-01, -3.356584590790153e-01, -3.752776230454464e-01, -4.110960878017458e-01, -4.440345691390797e-01, -4.746929303152765e-01, -5.034878983474882e-01, -5.307227333308581e-01, -5.566267007587741e-01, -5.813776734707661e-01, -6.051170936509724e-01, -6.279597006042354e-01, -6.500000276439077e-01, -6.713170453341455e-01, -6.919778244769302e-01, -7.120393372769329e-01, -7.315508769038408e-01, -7.505553587878128e-01, -7.690903936412966e-01, -7.871890151086107e-01, -8.04880883626763e-01, -8.221921757081461e-01, -8.391463756561279e-01, -8.391463756561279e-01, -8.391463756561279e-01, -8.391463756561279e-01, -8.391463756561279e-01, -8.391463756561279e-01, -8.391463756561279e-01, -8.391463756561279e-01, -8.391463756561279e-01, -8.391463756561279e-01, -8.391463756561279e-01, -8.391463756561279e-01, -8.391463756561279e-01, -8.391463756561279e-01, -8.391463756561279e-01, -8.391463756561279e-01, -8.391463756561279e-01, -8.391463756561279e-01, -8.391463756561279e-01, -8.391463756561279e-01, -8.391463756561279e-01, -8.391463756561279e-01, -8.391463756561279e-01, -8.391463756561279e-01, -8.391463756561279e-01, -8.391463756561279e-01]
