<<<<<<< HEAD
last-generated=2015-07-04
statistics-initialization={'numerical Jacobians': '0', 'nonlinear': '1'}
statistics-simulation={'numerical Jacobians': '0', 'nonlinear': '0', 'linear': ' '}
res.m_flow=[0.00006944444612599909, 0.00006944444612599909, 0.00006944444612599909, 0.00006944444612599909, 0.00006944444612599909, 0.00006944444612599909, 0.00006944444612599909, 0.00006944444612599909, 0.00006944444612599909, 0.00006944444612599909, 0.00006944444612599909, 0.00006944444612599909, 0.00006944444612599909, 0.00006944444612599909, 0.00006944444612599909, 0.00006944444612599909, 0.00006944444612599909, 0.00006944444612599909, 0.00006944444612599909, 0.00006944444612599909, 0.00006944444612599909, 0.00078895692988402335, 0.00560161045709458693, 0.02483666433030172135, 0.0684757445319523067, 0.11706917732954025269, 0.15749685453692516268, 0.20830315447213892943, 0.26611202260620814286, 0.31797118260177281712, 0.37221082125973914412, 0.43570290385400478606, 0.51002550001683288894, 0.59702586910437560608, 0.69886710344935987216, 0.81808050328379311456, 0.95762899140052970548, 1.12098220643872270585, 1.31220040796304338038, 1.53425358173511816595, 1.78504773224238078022, 2.06601058236999302054, 2.37872954083678411763, 2.72450254494067145572, 3.10426912317857395252, 3.51853064895218059505, 3.96728119407193124957, 4.44994407922449930481, 4.96530542467363300574, 5.51146549424600795675, 6.08580636978149414062, 6.08580636978149414062, 6.08580636978149414062, 6.08580636978149414062, 6.08580636978149414062, 6.08580636978149414062, 6.08580636978149414062, 6.08580636978149414062, 6.08580636978149414062, 6.08580636978149414062, 6.08580636978149414062, 6.08580636978149414062, 6.08580636978149414062, 6.08580636978149414062, 6.08580636978149414062, 6.08580636978149414062, 6.08580636978149414062, 6.08580636978149414062, 6.08580636978149414062, 6.08580636978149414062, 6.08580636978149414062, 6.08580636978149414062, 6.08580636978149414062, 6.08580636978149414062, 6.08580636978149414062, 6.08580636978149414062, 6.08580636978149414062, 6.08580636978149414062, 6.08580636978149414062, 6.08580636978149414062, 6.08580636978149414062, 6.08580636978149414062, 6.08580636978149414062, 6.08580636978149414062, 6.08580636978149414062, 6.08580636978149414062, 6.08580636978149414062, 6.08580636978149414062, 6.08580636978149414062, 6.08580636978149414062, 6.08580636978149414062, 6.08580636978149414062, 6.08580636978149414062, 6.08580636978149414062, 6.08580636978149414062, 6.08580636978149414062, 6.08580636978149414062, 6.08580636978149414062, 6.08580636978149414062, 6.08580636978149414062, 6.08580636978149414062]
=======
last-generated=2015-06-27
statistics-initialization={'numerical Jacobians': '0', 'nonlinear': '1'}
statistics-simulation={'numerical Jacobians': '0', 'nonlinear': '0', 'linear': ' '}
res.m_flow=[0.00006962787301745266, 0.00006962787301745266, 0.00006962787301745266, 0.00006962787301745266, 0.00006962787301745266, 0.00006962787301745266, 0.00006962787301745266, 0.00006962787301745266, 0.00006962787301745266, 0.00006962787301745266, 0.00006962787301745266, 0.00006962787301745266, 0.00006962787301745266, 0.00006962787301745266, 0.00006962787301745266, 0.00006962787301745266, 0.00006962787301745266, 0.00006962787301745266, 0.00006962787301745266, 0.00006962787301745266, 0.00006962787301745266, 0.00079104088422644729, 0.00561640545102988758, 0.0249021511772517419, 0.06865414875648780113, 0.11736553162336349487, 0.15787975485987193469, 0.20876816003217521511, 0.26659574410503950048, 0.31839085896159147193, 0.3727020826512063012, 0.43627793964323013931, 0.51069867495187781792, 0.59781384234807921629, 0.69978948527610007613, 0.81916018192246065066, 0.95889284800825169697, 1.12246171282191409269, 1.31393228065379763514, 1.53627847117933202803, 1.78740366522536064942, 2.06873737580071725972, 2.38186903726164755923, 2.72809837361132689892, 3.10836634658634203277, 3.52317456671946160895, 3.97251710397826451882, 4.45581728258109954766, 4.97185907533057136476, 5.51873964439181374786, 6.09383821487426757812, 6.09383821487426757812, 6.09383821487426757812, 6.09383821487426757812, 6.09383821487426757812, 6.09383821487426757812, 6.09383821487426757812, 6.09383821487426757812, 6.09383821487426757812, 6.09383821487426757812, 6.09383821487426757812, 6.09383821487426757812, 6.09383821487426757812, 6.09383821487426757812, 6.09383821487426757812, 6.09383821487426757812, 6.09383821487426757812, 6.09383821487426757812, 6.09383821487426757812, 6.09383821487426757812, 6.09383821487426757812, 6.09383821487426757812, 6.09383821487426757812, 6.09383821487426757812, 6.09383821487426757812, 6.09383821487426757812, 6.09383821487426757812, 6.09383821487426757812, 6.09383821487426757812, 6.09383821487426757812, 6.09383821487426757812, 6.09383821487426757812, 6.09383821487426757812, 6.09383821487426757812, 6.09383821487426757812, 6.09383821487426757812, 6.09383821487426757812, 6.09383821487426757812, 6.09383821487426757812, 6.09383821487426757812, 6.09383821487426757812, 6.09383821487426757812, 6.09383821487426757812, 6.09383821487426757812, 6.09383821487426757812, 6.09383821487426757812, 6.09383821487426757812, 6.09383821487426757812, 6.09383821487426757812, 6.09383821487426757812, 6.09383821487426757812]
>>>>>>> OMcompatibility
time=[0., 1.]
