last-generated=2018-06-07
statistics-simulation=
{
  "linear": " ",
  "nonlinear": "1",
  "number of continuous time states": "24",
  "numerical Jacobians": "0"
}
TBrine_out.T=[2.931499938964844e+02, 2.862645263671875e+02, 2.828798217773438e+02, 2.816020812988281e+02, 2.811539001464844e+02, 2.811169738769531e+02, 2.812814636230469e+02, 2.814975891113281e+02, 2.842333374023438e+02, 2.83564453125e+02, 2.846883239746094e+02, 2.862012939453125e+02, 2.836782836914062e+02, 2.855785522460938e+02, 2.857967529296875e+02, 2.827348937988281e+02, 2.838323974609375e+02, 2.839733276367188e+02, 2.834970092773438e+02, 2.799651489257812e+02, 2.812950744628906e+02, 2.812864074707031e+02, 2.78096923828125e+02, 2.790874938964844e+02, 2.787567443847656e+02, 2.767289428710938e+02, 2.763516845703125e+02, 2.763494873046875e+02, 2.764701232910156e+02, 2.766788024902344e+02, 2.769721984863281e+02, 2.773421325683594e+02, 2.77773681640625e+02, 2.782513427734375e+02, 2.787732238769531e+02, 2.793037414550781e+02, 2.798042297363281e+02, 2.802507019042969e+02, 2.806221008300781e+02, 2.80901123046875e+02, 2.810742492675781e+02, 2.811341857910156e+02, 2.810779113769531e+02, 2.80908203125e+02, 2.806316833496094e+02, 2.802607421875e+02, 2.798113708496094e+02, 2.79304931640625e+02, 2.78766845703125e+02, 2.782397155761719e+02, 2.777428588867188e+02, 2.772874145507812e+02, 2.768944091796875e+02, 2.76583251953125e+02, 2.763698120117188e+02, 2.762653198242188e+02, 2.777366943359375e+02, 2.783309326171875e+02, 2.768301391601562e+02, 2.790621337890625e+02, 2.805095825195312e+02, 2.783841247558594e+02, 2.810979614257812e+02, 2.824956970214844e+02, 2.833514404296875e+02, 2.816885986328125e+02, 2.840987548828125e+02, 2.851718139648438e+02, 2.8575390625e+02, 2.836646118164062e+02, 2.857056884765625e+02, 2.859845581054688e+02, 2.836774291992188e+02, 2.854490356445312e+02, 2.827457275390625e+02, 2.836497802734375e+02, 2.821894226074219e+02, 2.800690307617188e+02, 2.820502624511719e+02, 2.791352844238281e+02, 2.780202026367188e+02, 2.773945922851562e+02, 2.76885009765625e+02, 2.764398803710938e+02, 2.76075927734375e+02, 2.758164672851562e+02, 2.756785583496094e+02, 2.756710205078125e+02, 2.757947387695312e+02, 2.760436706542969e+02, 2.764047546386719e+02, 2.768586730957031e+02, 2.773822326660156e+02, 2.779507141113281e+02, 2.78546142578125e+02, 2.791421813964844e+02, 2.797094421386719e+02, 2.802236022949219e+02, 2.806611328125e+02, 2.810049133300781e+02, 2.812445068359375e+02]
TWater_out.T=[2.931499938964844e+02, 3.034556579589844e+02, 3.124800415039062e+02, 3.190311889648438e+02, 3.238684692382812e+02, 3.274759216308594e+02, 3.301919860839844e+02, 3.323157653808594e+02, 3.299585876464844e+02, 3.311337280273438e+02, 3.30735595703125e+02, 3.283288269042969e+02, 3.324706115722656e+02, 3.295808410644531e+02, 3.283871765136719e+02, 3.323181762695312e+02, 3.305353698730469e+02, 3.28983154296875e+02, 3.282252807617188e+02, 3.328710021972656e+02, 3.299726257324219e+02, 3.282945861816406e+02, 3.32337646484375e+02, 3.303191223144531e+02, 3.292702026367188e+02, 3.322079467773438e+02, 3.330015563964844e+02, 3.330377197265625e+02, 3.328305358886719e+02, 3.325641479492188e+02, 3.323034362792969e+02, 3.320692138671875e+02, 3.318675231933594e+02, 3.316945495605469e+02, 3.315118713378906e+02, 3.313240356445312e+02, 3.311544189453125e+02, 3.3100927734375e+02, 3.308908386230469e+02, 3.307994384765625e+02, 3.307349243164062e+02, 3.306971740722656e+02, 3.306863708496094e+02, 3.307030639648438e+02, 3.307479553222656e+02, 3.30822265625e+02, 3.309273071289062e+02, 3.310647888183594e+02, 3.312325439453125e+02, 3.313997192382812e+02, 3.315691833496094e+02, 3.317647094726562e+02, 3.319953308105469e+02, 3.322653503417969e+02, 3.325765991210938e+02, 3.329297180175781e+02, 3.307911987304688e+02, 3.292555236816406e+02, 3.325924377441406e+02, 3.302037658691406e+02, 3.282591247558594e+02, 3.328517456054688e+02, 3.301622009277344e+02, 3.287330932617188e+02, 3.282287902832031e+02, 3.324396667480469e+02, 3.299735412597656e+02, 3.287890625e+02, 3.282234191894531e+02, 3.323251647949219e+02, 3.295863342285156e+02, 3.285699462890625e+02, 3.321950073242188e+02, 3.289148864746094e+02, 3.3181201171875e+02, 3.300681457519531e+02, 3.304402465820312e+02, 3.330159606933594e+02, 3.284520874023438e+02, 3.311739807128906e+02, 3.31980224609375e+02, 3.3185888671875e+02, 3.314190673828125e+02, 3.309111328125e+02, 3.304341430664062e+02, 3.300234680175781e+02, 3.296928100585938e+02, 3.294451599121094e+02, 3.292805480957031e+02, 3.291988830566406e+02, 3.291998596191406e+02, 3.292839965820312e+02, 3.294521789550781e+02, 3.297027282714844e+02, 3.300163269042969e+02, 3.303831787109375e+02, 3.307985229492188e+02, 3.312541198730469e+02, 3.317389831542969e+02, 3.322400817871094e+02, 3.327449340820312e+02]
heatPump.T_max=[3.331499938964844e+02, 3.331499938964844e+02]
heatPump.T_min=[2.681499938964844e+02, 2.681499938964844e+02]
time=[0e+00, 1e+03]
TBrine_out_scaling.T=[2.931499938964844e+02, 2.840105285644531e+02, 2.821142883300781e+02, 2.815149536132812e+02, 2.813278503417969e+02, 2.813879699707031e+02, 2.815261840820312e+02, 2.842509765625e+02, 2.836814880371094e+02, 2.836215515136719e+02, 2.83427490234375e+02, 2.8434228515625e+02, 2.861458435058594e+02, 2.850793762207031e+02, 2.840843505859375e+02, 2.848585815429688e+02, 2.824016418457031e+02, 2.836575927734375e+02, 2.806130981445312e+02, 2.822975463867188e+02, 2.799698486328125e+02, 2.797075805664062e+02, 2.800050048828125e+02, 2.775188293457031e+02, 2.774645385742188e+02, 2.785170288085938e+02, 2.763740539550781e+02, 2.763322143554688e+02, 2.76501220703125e+02, 2.767408752441406e+02, 2.770674438476562e+02, 2.774693603515625e+02, 2.779278869628906e+02, 2.784264831542969e+02, 2.789659118652344e+02, 2.794970092773438e+02, 2.7998583984375e+02, 2.804118957519531e+02, 2.807549438476562e+02, 2.809990844726562e+02, 2.811324768066406e+02, 2.811495666503906e+02, 2.810496520996094e+02, 2.808373413085938e+02, 2.805211791992188e+02, 2.801158142089844e+02, 2.79638916015625e+02, 2.791134033203125e+02, 2.78567138671875e+02, 2.780484313964844e+02, 2.775643310546875e+02, 2.771284790039062e+02, 2.767641906738281e+02, 2.764897155761719e+02, 2.763191223144531e+02, 2.762615661621094e+02, 2.771474914550781e+02, 2.783248901367188e+02, 2.769203796386719e+02, 2.791446228027344e+02, 2.801771850585938e+02, 2.789997863769531e+02, 2.821043090820312e+02, 2.817178039550781e+02, 2.836373901367188e+02, 2.830542297363281e+02, 2.849365539550781e+02, 2.836240234375e+02, 2.858594055175781e+02, 2.848089904785156e+02, 2.850591735839844e+02, 2.859599304199219e+02, 2.847656860351562e+02, 2.82982177734375e+02, 2.826446838378906e+02, 2.82845947265625e+02, 2.830510864257812e+02, 2.817986145019531e+02, 2.791004943847656e+02, 2.8053564453125e+02, 2.777421569824219e+02, 2.771477661132812e+02, 2.766558532714844e+02, 2.7622509765625e+02, 2.758929443359375e+02, 2.756796264648438e+02, 2.755966491699219e+02, 2.756479187011719e+02, 2.758306274414062e+02, 2.761355895996094e+02, 2.765469360351562e+02, 2.770429382324219e+02, 2.775982666015625e+02, 2.781878356933594e+02, 2.787970886230469e+02, 2.793955993652344e+02, 2.799536743164062e+02, 2.804486999511719e+02, 2.808585815429688e+02, 2.81167724609375e+02, 2.813672790527344e+02]
TWater_out_scaling.T=[2.931499938964844e+02, 3.089126892089844e+02, 3.176605224609375e+02, 3.229862060546875e+02, 3.26785400390625e+02, 3.296010437011719e+02, 3.318386535644531e+02, 3.295157470703125e+02, 3.312230834960938e+02, 3.319220581054688e+02, 3.324969482421875e+02, 3.310330505371094e+02, 3.286296691894531e+02, 3.303531494140625e+02, 3.305632934570312e+02, 3.292898559570312e+02, 3.315968933105469e+02, 3.291378784179688e+02, 3.324034118652344e+02, 3.2877783203125e+02, 3.316097106933594e+02, 3.301104431152344e+02, 3.291610412597656e+02, 3.324087219238281e+02, 3.3104296875e+02, 3.294750671386719e+02, 3.323375244140625e+02, 3.329405212402344e+02, 3.32719970703125e+02, 3.324327697753906e+02, 3.321723022460938e+02, 3.319476013183594e+02, 3.317592163085938e+02, 3.315978088378906e+02, 3.314087219238281e+02, 3.312188110351562e+02, 3.310578918457031e+02, 3.309254150390625e+02, 3.308215942382812e+02, 3.307454528808594e+02, 3.306962890625e+02, 3.306740112304688e+02, 3.306788635253906e+02, 3.307113952636719e+02, 3.307725524902344e+02, 3.308635864257812e+02, 3.309859313964844e+02, 3.31141357421875e+02, 3.313249206542969e+02, 3.314902038574219e+02, 3.3165966796875e+02, 3.318657836914062e+02, 3.321117248535156e+02, 3.323992919921875e+02, 3.327292785644531e+02, 3.331019287109375e+02, 3.307546081542969e+02, 3.301497802734375e+02, 3.327947998046875e+02, 3.295963134765625e+02, 3.296197509765625e+02, 3.324680786132812e+02, 3.28489990234375e+02, 3.308668518066406e+02, 3.283773193359375e+02, 3.310357360839844e+02, 3.285088806152344e+02, 3.31759765625e+02, 3.285465393066406e+02, 3.309903869628906e+02, 3.299390563964844e+02, 3.289499816894531e+02, 3.305798950195312e+02, 3.323685913085938e+02, 3.316699523925781e+02, 3.302492370605469e+02, 3.289353332519531e+02, 3.299922485351562e+02, 3.325324401855469e+02, 3.288582763671875e+02, 3.318128662109375e+02, 3.317469787597656e+02, 3.312030639648438e+02, 3.306647644042969e+02, 3.30203125e+02, 3.298258056640625e+02, 3.295334167480469e+02, 3.29324951171875e+02, 3.2919970703125e+02, 3.291577758789062e+02, 3.291998901367188e+02, 3.293274841308594e+02, 3.295420532226562e+02, 3.298404541015625e+02, 3.301920776367188e+02, 3.305904541015625e+02, 3.31033935546875e+02, 3.315127563476562e+02, 3.320140991210938e+02, 3.325242614746094e+02, 3.330309448242188e+02]
TBrine_out_modSec.T=[2.931499938964844e+02, 2.840105285644531e+02, 2.821142883300781e+02, 2.815149536132812e+02, 2.813278503417969e+02, 2.813879699707031e+02, 2.815662231445312e+02, 2.825340270996094e+02, 2.832053527832031e+02, 2.837145690917969e+02, 2.840645446777344e+02, 2.842471923828125e+02, 2.842593994140625e+02, 2.841045227050781e+02, 2.837926025390625e+02, 2.833399658203125e+02, 2.827683410644531e+02, 2.8210400390625e+02, 2.813769226074219e+02, 2.806207580566406e+02, 2.798652954101562e+02, 2.791412963867188e+02, 2.784770202636719e+02, 2.778970336914062e+02, 2.774211730957031e+02, 2.770638732910156e+02, 2.768338012695312e+02, 2.767338256835938e+02, 2.767610473632812e+02, 2.76907470703125e+02, 2.771605529785156e+02, 2.7750439453125e+02, 2.779276123046875e+02, 2.78425537109375e+02, 2.789667663574219e+02, 2.794966125488281e+02, 2.799862365722656e+02, 2.804109802246094e+02, 2.807535400390625e+02, 2.810000610351562e+02, 2.811325073242188e+02, 2.811495666503906e+02, 2.810496520996094e+02, 2.808373413085938e+02, 2.805211791992188e+02, 2.801158142089844e+02, 2.79638916015625e+02, 2.791134033203125e+02, 2.78567138671875e+02, 2.780484313964844e+02, 2.775643310546875e+02, 2.771641235351562e+02, 2.768825988769531e+02, 2.766978454589844e+02, 2.766292724609375e+02, 2.766870727539062e+02, 2.768759460449219e+02, 2.771950988769531e+02, 2.776378784179688e+02, 2.781917419433594e+02, 2.788386535644531e+02, 2.795553894042969e+02, 2.80314697265625e+02, 2.810867309570312e+02, 2.818410949707031e+02, 2.825436401367188e+02, 2.831637878417969e+02, 2.83673828125e+02, 2.840503234863281e+02, 2.842750549316406e+02, 2.843359985351562e+02, 2.84227783203125e+02, 2.839520263671875e+02, 2.835173034667969e+02, 2.82938720703125e+02, 2.822373962402344e+02, 2.814393310546875e+02, 2.805745239257812e+02, 2.796763610839844e+02, 2.787826232910156e+02, 2.779261474609375e+02, 2.77177001953125e+02, 2.766549377441406e+02, 2.762247924804688e+02, 2.758928527832031e+02, 2.756795349121094e+02, 2.755966186523438e+02, 2.756479187011719e+02, 2.758306274414062e+02, 2.761355590820312e+02, 2.765469360351562e+02, 2.770429382324219e+02, 2.775982666015625e+02, 2.781878356933594e+02, 2.787970886230469e+02, 2.793955993652344e+02, 2.799536743164062e+02, 2.804488525390625e+02, 2.809630126953125e+02, 2.81471923828125e+02, 2.818504638671875e+02]
TWater_out_modSec.T=[2.931499938964844e+02, 3.089126892089844e+02, 3.176605224609375e+02, 3.229862060546875e+02, 3.26785400390625e+02, 3.296010437011719e+02, 3.317777709960938e+02, 3.319732360839844e+02, 3.320398254394531e+02, 3.320914001464844e+02, 3.32131591796875e+02, 3.321624450683594e+02, 3.321854248046875e+02, 3.322015075683594e+02, 3.322113952636719e+02, 3.32215576171875e+02, 3.322143249511719e+02, 3.322078857421875e+02, 3.321960144042969e+02, 3.321764221191406e+02, 3.321520385742188e+02, 3.321234436035156e+02, 3.320914001464844e+02, 3.32056884765625e+02, 3.320210266113281e+02, 3.319848937988281e+02, 3.319493408203125e+02, 3.319149780273438e+02, 3.318818664550781e+02, 3.318496398925781e+02, 3.318169250488281e+02, 3.317791442871094e+02, 3.317169494628906e+02, 3.315906982421875e+02, 3.314046936035156e+02, 3.312180786132812e+02, 3.310576782226562e+02, 3.309261779785156e+02, 3.30825439453125e+02, 3.307439880371094e+02, 3.306958923339844e+02, 3.306739501953125e+02, 3.306788635253906e+02, 3.3071142578125e+02, 3.307725524902344e+02, 3.308635864257812e+02, 3.309859313964844e+02, 3.31141357421875e+02, 3.313249206542969e+02, 3.314902038574219e+02, 3.3165966796875e+02, 3.317997741699219e+02, 3.318406372070312e+02, 3.318765258789062e+02, 3.319119262695312e+02, 3.319481201171875e+02, 3.319851684570312e+02, 3.320225830078125e+02, 3.320595397949219e+02, 3.32094970703125e+02, 3.321278076171875e+02, 3.321571044921875e+02, 3.321822204589844e+02, 3.322020874023438e+02, 3.322148132324219e+02, 3.322230529785156e+02, 3.32226806640625e+02, 3.322261047363281e+02, 3.322210693359375e+02, 3.322117919921875e+02, 3.321983337402344e+02, 3.321808166503906e+02, 3.321593017578125e+02, 3.321339416503906e+02, 3.321048278808594e+02, 3.320721740722656e+02, 3.320362548828125e+02, 3.319972534179688e+02, 3.319540405273438e+02, 3.319009704589844e+02, 3.318357238769531e+02, 3.316825256347656e+02, 3.311943664550781e+02, 3.306636962890625e+02, 3.30202880859375e+02, 3.298257446289062e+02, 3.295334167480469e+02, 3.29324951171875e+02, 3.2919970703125e+02, 3.291577758789062e+02, 3.291998901367188e+02, 3.293274841308594e+02, 3.295420532226562e+02, 3.298404541015625e+02, 3.301920776367188e+02, 3.305904541015625e+02, 3.31033935546875e+02, 3.315125427246094e+02, 3.318309936523438e+02, 3.318738098144531e+02, 3.319082641601562e+02]
TBrine_out_onOffMod.T=[2.931499938964844e+02, 2.862645263671875e+02, 2.828798217773438e+02, 2.816020812988281e+02, 2.811539001464844e+02, 2.811169738769531e+02, 2.812814636230469e+02, 2.814975891113281e+02, 2.842333374023438e+02, 2.83564453125e+02, 2.846883239746094e+02, 2.862383728027344e+02, 2.846297607421875e+02, 2.839587097167969e+02, 2.835189208984375e+02, 2.830620422363281e+02, 2.834149780273438e+02, 2.838565979003906e+02, 2.834646301269531e+02, 2.817462158203125e+02, 2.802531127929688e+02, 2.797176513671875e+02, 2.804534912109375e+02, 2.780318603515625e+02, 2.772001953125e+02, 2.790666198730469e+02, 2.79586181640625e+02, 2.798176879882812e+02, 2.800718078613281e+02, 2.804268798828125e+02, 2.808922119140625e+02, 2.814530639648438e+02, 2.820870361328125e+02, 2.827687072753906e+02, 2.834678039550781e+02, 2.841531372070312e+02, 2.847947082519531e+02, 2.853645324707031e+02, 2.858378295898438e+02, 2.8619384765625e+02, 2.864165344238281e+02, 2.864972839355469e+02, 2.864326171875e+02, 2.862260131835938e+02, 2.858853454589844e+02, 2.854254150390625e+02, 2.848652648925781e+02, 2.842304382324219e+02, 2.835483093261719e+02, 2.828479614257812e+02, 2.821615600585938e+02, 2.797362670898438e+02, 2.786748962402344e+02, 2.781445007324219e+02, 2.778294677734375e+02, 2.776687622070312e+02, 2.776470031738281e+02, 2.777562866210938e+02, 2.779913330078125e+02, 2.783421936035156e+02, 2.787937316894531e+02, 2.7963916015625e+02, 2.815844116210938e+02, 2.826307373046875e+02, 2.806337890625e+02, 2.831542358398438e+02, 2.845179748535156e+02, 2.852881164550781e+02, 2.833448181152344e+02, 2.849668579101562e+02, 2.860765380859375e+02, 2.852210693359375e+02, 2.84144287109375e+02, 2.837063293457031e+02, 2.833307495117188e+02, 2.828830871582031e+02, 2.840522766113281e+02, 2.839993896484375e+02, 2.834791564941406e+02, 2.828253479003906e+02, 2.821528625488281e+02, 2.815150756835938e+02, 2.809463806152344e+02, 2.804735107421875e+02, 2.8011767578125e+02, 2.798943481445312e+02, 2.798135070800781e+02, 2.798788452148438e+02, 2.800874633789062e+02, 2.804304504394531e+02, 2.808926086425781e+02, 2.814529724121094e+02, 2.820869750976562e+02, 2.82767578125e+02, 2.834649353027344e+02, 2.841493835449219e+02, 2.847908020019531e+02, 2.8536181640625e+02, 2.858347473144531e+02, 2.861891784667969e+02, 2.864129028320312e+02]
TWater_out_onOffMod.T=[2.931499938964844e+02, 3.034556579589844e+02, 3.124800415039062e+02, 3.190311889648438e+02, 3.238684692382812e+02, 3.274759216308594e+02, 3.301919860839844e+02, 3.323157653808594e+02, 3.299585876464844e+02, 3.311337280273438e+02, 3.30735595703125e+02, 3.282784729003906e+02, 3.305891418457031e+02, 3.319456176757812e+02, 3.326618957519531e+02, 3.330304260253906e+02, 3.317936096191406e+02, 3.295629272460938e+02, 3.28491455078125e+02, 3.29637939453125e+02, 3.311948547363281e+02, 3.314891662597656e+02, 3.287926635742188e+02, 3.312507629394531e+02, 3.32578125e+02, 3.285762023925781e+02, 3.263920288085938e+02, 3.250815734863281e+02, 3.241655578613281e+02, 3.234281005859375e+02, 3.22774658203125e+02, 3.221679992675781e+02, 3.215961303710938e+02, 3.210574645996094e+02, 3.205554809570312e+02, 3.200960998535156e+02, 3.196857299804688e+02, 3.193303833007812e+02, 3.190354614257812e+02, 3.188055419921875e+02, 3.186443481445312e+02, 3.185541381835938e+02, 3.185364379882812e+02, 3.185912780761719e+02, 3.187179260253906e+02, 3.189144897460938e+02, 3.191780395507812e+02, 3.195043029785156e+02, 3.198882141113281e+02, 3.203238830566406e+02, 3.208041381835938e+02, 3.242181091308594e+02, 3.262231750488281e+02, 3.273847351074219e+02, 3.28180908203125e+02, 3.288038940429688e+02, 3.293444519042969e+02, 3.298523559570312e+02, 3.303456420898438e+02, 3.308291931152344e+02, 3.313017272949219e+02, 3.315006408691406e+02, 3.292182006835938e+02, 3.282994079589844e+02, 3.326057739257812e+02, 3.304889831542969e+02, 3.290494079589844e+02, 3.283645935058594e+02, 3.318177490234375e+02, 3.306258850097656e+02, 3.28784912109375e+02, 3.295462036132812e+02, 3.311995239257812e+02, 3.316755676269531e+02, 3.315984497070312e+02, 3.312498168945312e+02, 3.278484497070312e+02, 3.257525024414062e+02, 3.244746704101562e+02, 3.235704650878906e+02, 3.228407897949219e+02, 3.221991271972656e+02, 3.216107482910156e+02, 3.21064208984375e+02, 3.2055859375e+02, 3.200975952148438e+02, 3.196864013671875e+02, 3.193306274414062e+02, 3.190355224609375e+02, 3.188054809570312e+02, 3.186441345214844e+02, 3.185539855957031e+02, 3.185363159179688e+02, 3.185913696289062e+02, 3.1871826171875e+02, 3.189150695800781e+02, 3.191787414550781e+02, 3.195051574707031e+02, 3.198896789550781e+02, 3.203257751464844e+02, 3.208053283691406e+02]
HP_scaling.PElec.y=[9.9595e+03, 1.3361423828125e+04, 1.5421876953125e+04, 1.717951171875e+04, 1.845031640625e+04, 1.94708359375e+04, 2.03084609375e+04, 0e+00, 0e+00, 0e+00, 0e+00, 2.0337462890625e+04, 0e+00, 0e+00, 2.0193958984375e+04, 0e+00, 2.0489845703125e+04, 0e+00, 0e+00, 0e+00, 0e+00, 1.94439609375e+04, 0e+00, 0e+00, 1.919503125e+04, 0e+00, 1.9182853515625e+04, 1.9262392578125e+04, 1.938308984375e+04, 1.9528404296875e+04, 1.968716796875e+04, 1.9850158203125e+04, 2.0011009765625e+04, 2.0100232421875e+04, 2.004227734375e+04, 1.9981603515625e+04, 1.9927130859375e+04, 1.988016796875e+04, 1.9842080078125e+04, 1.98137265625e+04, 1.9795765625e+04, 1.9788642578125e+04, 1.979254296875e+04, 1.980733984375e+04, 1.9832603515625e+04, 1.9867697265625e+04, 1.991178515625e+04, 1.9964e+04, 1.9966982421875e+04, 1.9827697265625e+04, 1.968020703125e+04, 1.9536326171875e+04, 1.940258984375e+04, 1.9287841796875e+04, 1.920366796875e+04, 1.916429296875e+04, 1.917795703125e+04, 0e+00, 0e+00, 1.9344740234375e+04, 0e+00, 0e+00, 0e+00, 0e+00, 0e+00, 0e+00, 0e+00, 0e+00, 0e+00, 0e+00, 1.9970123046875e+04, 0e+00, 0e+00, 0e+00, 2.0448826171875e+04, 1.995783984375e+04, 1.9412904296875e+04, 0e+00, 2.0387427734375e+04, 1.9282466796875e+04, 1.971443359375e+04, 1.9514232421875e+04, 1.9335181640625e+04, 1.922988671875e+04, 1.9181107421875e+04, 1.9167294921875e+04, 1.9171330078125e+04, 1.9182240234375e+04, 1.9195869140625e+04, 1.9214845703125e+04, 1.924788671875e+04, 1.9308548828125e+04, 1.9413451171875e+04, 1.9547203125e+04, 1.965330078125e+04, 1.9784490234375e+04, 1.99403671875e+04, 2.0116703125e+04, 2.0306841796875e+04, 2.050268359375e+04, 2.0695990234375e+04]
heatPump.PElec.y=[4.97975e+03, 5.98354833984375e+03, 7.028109375e+03, 7.936798828125e+03, 8.744091796875e+03, 9.3459716796875e+03, 9.846916015625e+03, 1.024425e+04, 0e+00, 1.0072048828125e+04, 0e+00, 9.491240234375e+03, 0e+00, 0e+00, 0e+00, 1.02809306640625e+04, 0e+00, 0e+00, 0e+00, 0e+00, 0e+00, 0e+00, 9.718740234375e+03, 0e+00, 9.588921875e+03, 9.582912109375e+03, 9.592361328125e+03, 9.632193359375e+03, 9.694580078125e+03, 9.770578125e+03, 9.8533359375e+03, 9.937701171875e+03, 1.00201904296875e+04, 1.00657255859375e+04, 1.00386103515625e+04, 1.000894921875e+04, 9.9805810546875e+03, 9.955126953125e+03, 9.933609375e+03, 9.916708984375e+03, 9.904873046875e+03, 9.8983837890625e+03, 9.8973828125e+03, 9.901841796875e+03, 9.91158203125e+03, 9.9263115234375e+03, 9.945634765625e+03, 9.9691328125e+03, 9.969533203125e+03, 9.9033896484375e+03, 9.832328125e+03, 9.7622978515625e+03, 9.697302734375e+03, 9.6417607421875e+03, 9.60116796875e+03, 9.5822265625e+03, 0e+00, 9.5957578125e+03, 9.694490234375e+03, 0e+00, 9.5510556640625e+03, 0e+00, 0e+00, 0e+00, 9.5337265625e+03, 0e+00, 0e+00, 0e+00, 9.479560546875e+03, 0e+00, 0e+00, 9.5997451171875e+03, 0e+00, 0e+00, 1.0176560546875e+04, 0e+00, 9.9318564453125e+03, 1.03086005859375e+04, 9.5637451171875e+03, 9.893826171875e+03, 9.86703125e+03, 9.764216796875e+03, 9.6751015625e+03, 9.6188515625e+03, 9.5915283203125e+03, 9.5835498046875e+03, 9.5859375e+03, 9.592390625e+03, 9.599984375e+03, 9.6092099609375e+03, 9.6236240234375e+03, 9.64924609375e+03, 9.6937197265625e+03, 9.750560546875e+03, 9.796609375e+03, 9.855802734375e+03, 9.927755859375e+03, 1.00108115234375e+04, 1.01021328125e+04, 1.01979267578125e+04, 1.029412890625e+04]
