last-generated=2017-12-20
statistics-simulation=
{
  "numerical Jacobians": "0", 
  "nonlinear": " ", 
  "number of continuous time states": "8", 
  "linear": "0"
}
storageTank.T[1]=[3.4e+02, 3.399956665039062e+02, 3.399913024902344e+02, 3.399869689941406e+02, 3.399826354980469e+02, 3.399783325195312e+02, 3.399740600585938e+02, 3.399698181152344e+02, 3.39965576171875e+02, 3.399613647460938e+02, 3.399571838378906e+02, 3.399530029296875e+02, 3.399488525390625e+02, 3.399447326660156e+02, 3.399406127929688e+02, 3.399365539550781e+02, 3.399324645996094e+02, 3.399284057617188e+02, 3.399244079589844e+02, 3.3992041015625e+02, 3.399164123535156e+02, 3.399124450683594e+02, 3.399085388183594e+02, 3.399046020507812e+02, 3.399006958007812e+02, 3.398968200683594e+02, 3.398929748535156e+02, 3.3988916015625e+02, 3.398853149414062e+02, 3.398815307617188e+02, 3.398777770996094e+02, 3.398740539550781e+02, 3.398703002929688e+02, 3.398666076660156e+02, 3.398629455566406e+02, 3.398592834472656e+02, 3.398556518554688e+02, 3.398521423339844e+02, 3.398485717773438e+02, 3.398450317382812e+02, 3.398414611816406e+02, 3.398408203125e+02, 3.398373413085938e+02, 3.398338623046875e+02, 3.398303833007812e+02, 3.398341064453125e+02, 3.398307189941406e+02, 3.398273315429688e+02, 3.39823974609375e+02, 3.398334655761719e+02, 3.398301696777344e+02, 3.398268737792969e+02, 3.398236083984375e+02, 3.398404541015625e+02, 3.398372497558594e+02, 3.398340759277344e+02, 3.398308715820312e+02, 3.398551025390625e+02, 3.398520202636719e+02, 3.398489074707031e+02, 3.398458251953125e+02, 3.398806457519531e+02, 3.398776245117188e+02, 3.398746032714844e+02, 3.398716125488281e+02, 3.399176635742188e+02, 3.399147338867188e+02, 3.399118347167969e+02, 3.399089050292969e+02, 3.399684753417969e+02, 3.399656372070312e+02, 3.399628295898438e+02, 3.399599914550781e+02, 3.400326232910156e+02, 3.400298767089844e+02, 3.400271301269531e+02, 3.400243835449219e+02, 3.401100158691406e+02, 3.401073303222656e+02, 3.401046752929688e+02, 3.401020202636719e+02, 3.40204345703125e+02, 3.402017517089844e+02, 3.401991882324219e+02, 3.401965942382812e+02, 3.403193359375e+02, 3.4031689453125e+02, 3.403143920898438e+02, 3.403118896484375e+02, 3.404517517089844e+02, 3.404492797851562e+02, 3.404468688964844e+02, 3.404444274902344e+02, 3.406018371582031e+02, 3.405994567871094e+02, 3.405971069335938e+02, 3.405947570800781e+02, 3.407685852050781e+02, 3.407662963867188e+02, 3.407640075683594e+02, 3.407616882324219e+02]
heatedPipe.heatPort.T=[2.781499938964844e+02, 3.011314086914062e+02, 3.039035339355469e+02, 3.158538208007812e+02, 3.278041076660156e+02, 3.068872375488281e+02, 3.059750671386719e+02, 3.179253540039062e+02, 3.298756408691406e+02, 3.086815795898438e+02, 3.077339477539062e+02, 3.196842346191406e+02, 3.31634521484375e+02, 3.103660583496094e+02, 3.093799438476562e+02, 3.213302307128906e+02, 3.33280517578125e+02, 3.119507141113281e+02, 3.109347534179688e+02, 3.228850402832031e+02, 3.348353271484375e+02, 3.134371643066406e+02, 3.123706665039062e+02, 3.243209533691406e+02, 3.36271240234375e+02, 3.148285522460938e+02, 3.137362365722656e+02, 3.256865234375e+02, 3.376368103027341e+02, 3.16145751953125e+02, 3.149958190917969e+02, 3.269461059570312e+02, 3.388963928222656e+02, 3.173641052246094e+02, 3.161482543945313e+02, 3.280985412597656e+02, 3.40048828125e+02, 3.184952087402344e+02, 3.172399597167969e+02, 3.291902465820312e+02, 3.411405334472656e+02, 3.19556640625e+02, 3.182442016601562e+02, 3.301944885253906e+02, 3.42144775390625e+02, 3.2054443359375e+02, 3.191915283203125e+02, 3.311418151855469e+02, 3.430921020507812e+02, 3.214765319824219e+02, 3.200816955566406e+02, 3.32031982421875e+02, 3.439822692871094e+02, 3.223532104492188e+02, 3.209264831542969e+02, 3.328767700195312e+02, 3.448270568847652e+02, 3.231774597167969e+02, 3.2173828125e+02, 3.336885681152344e+02, 3.456388549804688e+02, 3.239802551269531e+02, 3.2252685546875e+02, 3.344771423339844e+02, 3.464274291992188e+02, 3.247338562011719e+02, 3.232841186523438e+02, 3.352344055175781e+02, 3.47184692382812e+02, 3.254684753417969e+02, 3.2402490234375e+02, 3.359751892089844e+02, 3.479254760742188e+02, 3.262208251953125e+02, 3.247782592773438e+02, 3.367285461425781e+02, 3.486788330078125e+02, 3.269651489257812e+02, 3.255300598144531e+02, 3.374803466796875e+02, 3.494306335449219e+02, 3.277161560058593e+02, 3.262823791503906e+02, 3.38232666015625e+02, 3.501829528808594e+02, 3.284593505859375e+02, 3.270121154785156e+02, 3.3896240234375e+02, 3.509126892089844e+02, 3.291808166503906e+02, 3.277379455566406e+02, 3.39688232421875e+02, 3.516385192871094e+02, 3.299003601074219e+02, 3.284391479492188e+02, 3.403894348144531e+02, 3.523397216796875e+02, 3.305982360839844e+02, 3.291300354003906e+02, 3.41080322265625e+02, 3.530306091308594e+02]
storageTank.T[5]=[3e+02, 2.992291259765625e+02, 2.996764221191406e+02, 2.996811218261719e+02, 2.996858215332031e+02, 3.00877197265625e+02, 3.014998168945312e+02, 3.015041198730469e+02, 3.015084228515625e+02, 3.026316833496094e+02, 3.032557373046875e+02, 3.032596740722656e+02, 3.032636108398438e+02, 3.042710876464844e+02, 3.048969421386719e+02, 3.049005737304688e+02, 3.049042053222656e+02, 3.058209533691406e+02, 3.064481506347656e+02, 3.064514770507812e+02, 3.064548034667969e+02, 3.072447814941406e+02, 3.078747863769531e+02, 3.078778686523438e+02, 3.078809509277344e+02, 3.086037902832031e+02, 3.092350158691406e+02, 3.092378540039062e+02, 3.0924072265625e+02, 3.098514709472656e+02, 3.104864807128906e+02, 3.104891357421875e+02, 3.104917907714844e+02, 3.109836730957031e+02, 3.116253662109375e+02, 3.116278381347656e+02, 3.116303405761719e+02, 3.120685424804688e+02, 3.127111511230469e+02, 3.127135009765625e+02, 3.127158508300781e+02, 3.130887145996094e+02, 3.137090454101562e+02, 3.137112731933594e+02, 3.137135009765625e+02, 3.140618591308594e+02, 3.14638916015625e+02, 3.146410522460938e+02, 3.146431884765625e+02, 3.149779052734375e+02, 3.155180358886719e+02, 3.155200805664062e+02, 3.155221557617188e+02, 3.158503723144531e+02, 3.163399047851562e+02, 3.163419189453125e+02, 3.163439025878906e+02, 3.166758117675781e+02, 3.171360778808594e+02, 3.171380310058594e+02, 3.171399536132812e+02, 3.174785766601562e+02, 3.178767395019531e+02, 3.17878662109375e+02, 3.178805541992188e+02, 3.182339477539062e+02, 3.185998840332031e+02, 3.186017456054688e+02, 3.186036071777344e+02, 3.189713134765625e+02, 3.19346435546875e+02, 3.193482666015625e+02, 3.1935009765625e+02, 3.197225646972656e+02, 3.200998229980469e+02, 3.201015930175781e+02, 3.201033630371094e+02, 3.20475830078125e+02, 3.208524169921875e+02, 3.208541259765625e+02, 3.208558654785156e+02, 3.212251281738281e+02, 3.215962524414062e+02, 3.215979309082031e+02, 3.215995788574219e+02, 3.219620971679688e+02, 3.223253173828125e+02, 3.223269348144531e+02, 3.223285522460938e+02, 3.226839294433594e+02, 3.2304150390625e+02, 3.230430908203125e+02, 3.230446472167969e+02, 3.233934326171875e+02, 3.237426147460938e+02, 3.23744140625e+02, 3.237456359863281e+02, 3.240865783691406e+02, 3.244270935058594e+02, 3.244285583496094e+02, 3.244300231933594e+02]
time=[0e+00, 1e+04]
