last-generated=2018-06-13
statistics-simulation=
{
  "linear": " ",
  "nonlinear": " ",
  "numerical Jacobians": "0"
}
splice.x=[0e+00, 6.279052189025491e-02, 1.25333237452147e-01, 1.87381316384595e-01, 2.486898953400374e-01, 3.090169981213638e-01, 3.681245524355013e-01, 4.257792813474344e-01, 4.817536869409441e-01, 5.358267832061716e-01, 5.877852363791168e-01, 6.374239950275338e-01, 6.845471385054688e-01, 7.289686406719382e-01, 7.705132341174212e-01, 8.090169803797332e-01, 8.443279385564225e-01, 8.763066475484895e-01, 9.048270389253867e-01, 9.297764951615509e-01, 9.510565341141564e-01, 9.685831765931435e-01, 9.822872294647284e-01, 9.921147192796552e-01, 9.980267305350982e-01, 1e+00, 9.980267244918735e-01, 9.921147307571708e-01, 9.822872294647284e-01, 9.685831532414171e-01, 9.510565627098908e-01, 9.297764951615509e-01, 9.048270389253867e-01, 8.763066922604196e-01, 8.443279385564224e-01, 8.090169803797334e-01, 7.70513293378626e-01, 7.289686406719382e-01, 6.845471043245245e-01, 6.374239225441147e-01, 5.877852741471399e-01, 5.358267832061717e-01, 4.817536046821024e-01, 4.257793235890364e-01, 3.681245306579511e-01, 3.09016931203703e-01, 2.4868994060828e-01, 1.873813048850161e-01, 1.25333167736893e-01, 6.279058026677091e-02, 1.224646852585168e-16, -6.279058026588016e-02, -1.253333534655283e-01, -1.873814886111367e-01, -2.486897591159556e-01, -3.09016931204767e-01, -3.681245306577434e-01, -4.25779323588432e-01, -4.817537686995679e-01, -5.358269408238375e-01, -5.877851222471265e-01, -6.37423922545152e-01, -6.845471043248518e-01, -7.289686406716347e-01, -7.705132933777787e-01, -8.09017089869116e-01, -8.4432783747032e-01, -8.763066019302793e-01, -9.048270389256758e-01, -9.297764951616316e-01, -9.510565627095525e-01, -9.685831993059969e-01, -9.822871933156057e-01, -9.921147069617686e-01, -9.980267244919351e-01, -1e+00, -9.980267244919351e-01, -9.921147069617686e-01, -9.822871933156057e-01, -9.685831993059969e-01, -9.510565627095525e-01, -9.297764951616316e-01, -9.048270389256758e-01, -8.763066019302793e-01, -8.4432783747032e-01, -8.09017089869116e-01, -7.705132933777787e-01, -7.289686406716347e-01, -6.845471043248518e-01, -6.37423922545152e-01, -5.877851222471265e-01, -5.358269408238375e-01, -4.817537686995679e-01, -4.25779323588432e-01, -3.681245306577434e-01, -3.09016931204767e-01, -2.486897591159556e-01, -1.873814886111366e-01, -1.253333534655283e-01, -6.279058026588016e-02, -2.449293705170336e-16]
splice.y=[0e+00, 2.455270194545078e-01, 4.530344659679404e-01, 5e-01, 5e-01, 5e-01, 5e-01, 5e-01, 5e-01, 5e-01, 5e-01, 5e-01, 5e-01, 5e-01, 5e-01, 5e-01, 5e-01, 5e-01, 5e-01, 5e-01, 5e-01, 5e-01, 5e-01, 5e-01, 5e-01, 5e-01, 5e-01, 5e-01, 5e-01, 5e-01, 5e-01, 5e-01, 5e-01, 5e-01, 5e-01, 5e-01, 5e-01, 5e-01, 5e-01, 5e-01, 5e-01, 5e-01, 5e-01, 5e-01, 5e-01, 5e-01, 5e-01, 4.999999999746159e-01, 4.530342867243008e-01, 2.455272410454747e-01, 4.440892098500626e-16, -2.455272410420936e-01, -4.530346919371536e-01, -5e-01, -5e-01, -5e-01, -5e-01, -5e-01, -5e-01, -5e-01, -5e-01, -5e-01, -5e-01, -5e-01, -5e-01, -5e-01, -5e-01, -5e-01, -5e-01, -5e-01, -5e-01, -5e-01, -5e-01, -5e-01, -5e-01, -5e-01, -5e-01, -5e-01, -5e-01, -5e-01, -5e-01, -5e-01, -5e-01, -5e-01, -5e-01, -5e-01, -5e-01, -5e-01, -5e-01, -5e-01, -5e-01, -5e-01, -5e-01, -5e-01, -5e-01, -5e-01, -5e-01, -5e-01, -4.530346919371536e-01, -2.455272410420936e-01, -9.159339953157541e-16]
time=[0e+00, 2e+00]
