last-generated=2018-06-13
statistics-simulation=
{
  "linear": " ",
  "nonlinear": " ",
  "number of continuous time states": "5",
  "numerical Jacobians": "0"
}
der(hLiqCod)=[0e+00, 3.389040083644252e+02, 1.355616030427679e+03, 3.050136127224734e+03, 5.422464115650643e+03, 8.472599361922088e+03, 1.220054449980936e+04, 1.660629673561789e+04, 2.168985645048017e+04, 2.745122245199274e+04, 3.389039743759046e+04, 4.100738326094488e+04, 4.880217798105507e+04, 5.72747815777108e+04, 6.642518693843343e+04, 7.625339241783888e+04, 8.675942577769003e+04, 9.794325576419753e+04, 1.098048897594818e+05, 1.223443468365923e+05, 1.355615897301638e+05, 1.494566656269697e+05, 1.64029533035705e+05, 1.792802122738148e+05, 1.952087118878429e+05, 2.11815e+05, 2.290991262462095e+05, 2.470609960631026e+05, 2.657007477456452e+05, 2.850182664591373e+05, 3.0501356959061e+05, 3.25686745006482e+05, 3.470377030622569e+05, 3.690664395080206e+05, 3.917730230325665e+05, 4.151574204305681e+05, 4.392195589410324e+05, 4.639595505738053e+05, 4.893773873140711e+05, 5.154730066618301e+05, 5.422463588803291e+05, 5.696976349627099e+05, 5.978266624191613e+05, 6.266334792017464e+05, 6.561181321266894e+05, 6.862806614410884e+05, 7.171208490385418e+05, 7.486389413057115e+05, 7.808348474786169e+05, 8.137084683908268e+05, 8.4726e+05, 8.814893455308449e+05, 9.163965048544927e+05, 9.519814154718374e+05, 9.882439841084043e+05, 1.025184580640739e+06, 1.062802990966204e+06, 1.101099152681716e+06, 1.140073065722396e+06, 1.179724980054835e+06, 1.220054278202205e+06, 1.261061690952168e+06, 1.30274697999404e+06, 1.345110020393682e+06, 1.388150812151095e+06, 1.431869480201907e+06, 1.476265757856802e+06, 1.521339924323648e+06, 1.567092092082253e+06, 1.613522011166776e+06, 1.66062968164059e+06, 1.708415228406795e+06, 1.756878235572195e+06, 1.806019280755923e+06, 1.855838202231262e+06, 1.906335e+06, 1.957509549190881e+06, 2.009361974673968e+06, 2.061892026451051e+06, 2.115099635248994e+06, 2.168985435441812e+06, 2.223549236926149e+06, 2.27879053980152e+06, 2.334709844000894e+06, 2.391306649495753e+06, 2.448581362801371e+06, 2.506533916711668e+06, 2.565164471913575e+06, 2.624472528473849e+06, 2.684458586390702e+06, 2.745122645599762e+06, 2.806463838417524e+06, 2.868483396042021e+06, 2.931180704962003e+06, 2.994555765206831e+06, 3.058608576841007e+06, 3.123339389767546e+06, 3.188747562091193e+06, 3.254833873435256e+06, 3.321597936071524e+06, 3.38904e+06]
der(hLiqSym)=[0e+00, 3.389040083644252e+02, 1.355616030427679e+03, 3.050136127224734e+03, 5.422464115650643e+03, 8.472599361922088e+03, 1.220054449980936e+04, 1.660629673561789e+04, 2.168985645048017e+04, 2.745122245199274e+04, 3.389039743759046e+04, 4.100738326094488e+04, 4.880217798105507e+04, 5.72747815777108e+04, 6.642518693843343e+04, 7.625339241783888e+04, 8.675942577769003e+04, 9.794325576419753e+04, 1.098048897594818e+05, 1.223443468365923e+05, 1.355615897301638e+05, 1.494566656269697e+05, 1.64029533035705e+05, 1.792802122738148e+05, 1.952087118878429e+05, 2.11815e+05, 2.290991262462095e+05, 2.470609960631026e+05, 2.657007477456452e+05, 2.850182664591373e+05, 3.0501356959061e+05, 3.25686745006482e+05, 3.470377030622569e+05, 3.690664395080206e+05, 3.917730230325665e+05, 4.151574204305681e+05, 4.392195589410324e+05, 4.639595505738053e+05, 4.893773873140711e+05, 5.154730066618301e+05, 5.422463588803291e+05, 5.696976349627099e+05, 5.978266624191613e+05, 6.266334792017464e+05, 6.561181321266894e+05, 6.862806614410884e+05, 7.171208490385418e+05, 7.486389413057115e+05, 7.808348474786169e+05, 8.137084683908268e+05, 8.4726e+05, 8.814893455308449e+05, 9.163965048544927e+05, 9.519814154718374e+05, 9.882439841084043e+05, 1.025184580640739e+06, 1.062802990966204e+06, 1.101099152681716e+06, 1.140073065722396e+06, 1.179724980054835e+06, 1.220054278202205e+06, 1.261061690952168e+06, 1.30274697999404e+06, 1.345110020393682e+06, 1.388150812151095e+06, 1.431869480201907e+06, 1.476265757856802e+06, 1.521339924323648e+06, 1.567092092082253e+06, 1.613522011166776e+06, 1.66062968164059e+06, 1.708415228406795e+06, 1.756878235572195e+06, 1.806019280755923e+06, 1.855838202231262e+06, 1.906335e+06, 1.957509549190881e+06, 2.009361974673968e+06, 2.061892026451051e+06, 2.115099635248994e+06, 2.168985435441812e+06, 2.223549236926149e+06, 2.27879053980152e+06, 2.334709844000894e+06, 2.391306649495753e+06, 2.448581362801371e+06, 2.506533916711668e+06, 2.565164471913575e+06, 2.624472528473849e+06, 2.684458586390702e+06, 2.745122645599762e+06, 2.806463838417524e+06, 2.868483396042021e+06, 2.931180704962003e+06, 2.994555765206831e+06, 3.058608576841007e+06, 3.123339389767546e+06, 3.188747562091193e+06, 3.254833873435256e+06, 3.321597936071524e+06, 3.38904e+06]
der(hSteCod)=[0e+00, 1.506600110706366e+02, 6.026400429355416e+02, 1.355940004041958e+03, 2.410560169048116e+03, 3.766499889994543e+03, 5.423760012127236e+03, 7.382339781787696e+03, 9.642240670803225e+03, 1.22034590018716e+04, 1.506599955548937e+04, 1.822985957435676e+04, 2.169504004042514e+04, 2.546154094471308e+04, 2.952935912535542e+04, 3.389849732395478e+04, 3.856896267243868e+04, 4.354073737067681e+04, 4.8813835985931e+04, 5.438826309089271e+04, 6.026399821297605e+04, 6.644106666852387e+04, 7.291943829383446e+04, 7.96991377460037e+04, 8.678016014554446e+04, 9.41625e+04, 1.018461637501118e+05, 1.098311319287512e+05, 1.181174364978338e+05, 1.26705069816907e+05, 1.355939892599167e+05, 1.447842634051412e+05, 1.542758506681853e+05, 1.640687213755141e+05, 1.741629494719505e+05, 1.8455850630397e+05, 1.952553439005852e+05, 2.062535415731776e+05, 2.175530523491912e+05, 2.29153876228738e+05, 2.41055992833953e+05, 2.532594575539607e+05, 2.657642666344492e+05, 2.78570334504109e+05, 2.916777531681667e+05, 3.050865161999508e+05, 3.187965509588505e+05, 3.328079391918371e+05, 3.471206405499076e+05, 3.617346421980844e+05, 3.7665e+05, 3.918666709339517e+05, 4.073846549427806e+05, 4.232039832760394e+05, 4.393245276509835e+05, 4.557464802801372e+05, 4.724697459840854e+05, 4.894943560559901e+05, 5.068202792169944e+05, 5.244474842028759e+05, 5.423759569684101e+05, 5.606058487501118e+05, 5.791370536062435e+05, 5.979695715660111e+05, 6.171034026294145e+05, 6.365385467672478e+05, 6.562748854241545e+05, 6.763127163575474e+05, 6.966517978665625e+05, 7.172922549642366e+05, 7.382340251795559e+05, 7.594771084696021e+05, 7.810213755169869e+05, 8.028670831034123e+05, 8.250141662641186e+05, 8.474625e+05, 8.702122093676799e+05, 8.93263169310535e+05, 9.166155048276711e+05, 9.402690114872598e+05, 9.642239713004769e+05, 9.884802441880254e+05, 1.01303783019401e+06, 1.03789679178878e+06, 1.063057066457309e+06, 1.088518439009089e+06, 1.114281337973625e+06, 1.140345487514528e+06, 1.166711012658024e+06, 1.193377913405007e+06, 1.220346064726568e+06, 1.247615428168082e+06, 1.275186203786023e+06, 1.303058354978543e+06, 1.331231756760297e+06, 1.359706534159589e+06, 1.388482562133661e+06, 1.417559916464908e+06, 1.44693856873536e+06, 1.47661859658039e+06, 1.5066e+06]
der(cvCod)=[0e+00, 2.038583725352956e-03, 8.154334883185572e-03, 1.834725487048014e-02, 3.261733949628896e-02, 5.096459239884224e-02, 7.338901942724496e-02, 9.989059632621793e-02, 1.304693579122432e-01, 1.651252676415279e-01, 2.038583695346288e-01, 2.46668624595192e-01, 2.935560775996027e-01, 3.44520653920588e-01, 3.995623852805837e-01, 4.586812789740998e-01, 5.218774315032229e-01, 5.891506548695526e-01, 6.605010702743987e-01, 7.359287328418752e-01, 8.154334780170125e-01, 8.990154830401622e-01, 9.866744983321492e-01, 1.078410705711343e+00, 1.174224310179546e+00, 1.274114847183228e+00, 1.378082615293828e+00, 1.48612737809685e+00, 1.598249541073769e+00, 1.714449027838268e+00, 1.834725115410389e+00, 1.959078877929617e+00, 2.087509725721285e+00, 2.220017495688596e+00, 2.356602619332407e+00, 2.497265185778187e+00, 2.642004280515236e+00, 2.790821003700362e+00, 2.943714931173381e+00, 3.100686062932589e+00, 3.261733911825045e+00, 3.426859200324166e+00, 3.596061931625256e+00, 3.769341105286597e+00, 3.946697993231536e+00, 4.128132085657068e+00, 4.313642822505163e+00, 4.503231548313361e+00, 4.696897240280776e+00, 4.894639301898609e+00, 5.09645938873291e+00, 5.302356441820668e+00, 5.512330460391659e+00, 5.726382398106555e+00, 5.944509511517051e+00, 6.166715355118384e+00, 6.392998164197349e+00, 6.623358416177461e+00, 6.857796110666769e+00, 7.096310293803856e+00, 7.338900460678212e+00, 7.585569503362977e+00, 7.836315511526426e+00, 8.091138962394522e+00, 8.350038902299769e+00, 8.613016761344372e+00, 8.880069981689408e+00, 9.151201746632955e+00, 9.42641047704268e+00, 9.705697126801805e+00, 9.98906074261882e+00, 1.027650132391652e+01, 1.056801712090019e+01, 1.086361160809115e+01, 1.116328401441692e+01, 1.146703338623047e+01, 1.177485972430031e+01, 1.208676302784883e+01, 1.240274425055035e+01, 1.272280051823882e+01, 1.304693564681996e+01, 1.337514774087744e+01, 1.370743680100149e+01, 1.40438037804706e+01, 1.43842477254184e+01, 1.472876656974664e+01, 1.507736442057405e+01, 1.543004019055219e+01, 1.578679197273033e+01, 1.614762167444344e+01, 1.651252834164888e+01, 1.688151071626734e+01, 1.725457128935354e+01, 1.763170978157681e+01, 1.80129261931559e+01, 1.839821861711598e+01, 1.878758896022041e+01, 1.918103295782479e+01, 1.957855720681452e+01, 1.998015746763591e+01, 2.038583755493164e+01]
der(cpSym)=[0e+00, 2.562000076541291e-03, 1.024800028325922e-02, 2.305800015449143e-02, 4.099200108722437e-02, 6.404999456498199e-02, 9.223200054925215e-02, 1.255380053712216e-01, 1.639680042572636e-01, 2.075219885336771e-01, 2.561999781835975e-01, 3.10002002529876e-01, 3.689280020595476e-01, 4.329780362244753e-01, 5.021520214543622e-01, 5.764499447659046e-01, 6.558720168457881e-01, 7.404180014260642e-01, 8.300879537681759e-01, 9.248820180578814e-01, 1.024799912581668e+00, 1.12984211380938e+00, 1.240008010058433e+00, 1.355297993339363e+00, 1.475712007963531e+00, 1.601250052452087e+00, 1.731912144409049e+00, 1.867697806297089e+00, 2.008608085756343e+00, 2.154642229527841e+00, 2.305799778452553e+00, 2.462081871430618e+00, 2.623488067016513e+00, 2.790017860606405e+00, 2.96167200552115e+00, 3.138450014503642e+00, 3.320351814339425e+00, 3.507378011190281e+00, 3.699528071987099e+00, 3.896802235148459e+00, 4.099199650021851e+00, 4.306722239468588e+00, 4.519368454563784e+00, 4.737137637267756e+00, 4.960032040111519e+00, 5.188050068728796e+00, 5.421191972929705e+00, 5.659458189170207e+00, 5.902848031304163e+00, 6.151361703335653e+00, 6.40500020980835e+00, 6.663762342292423e+00, 6.927648576650903e+00, 7.196658912883788e+00, 7.470791224099827e+00, 7.750049732562382e+00, 8.034432342901855e+00, 8.323938579015342e+00, 8.618568917248469e+00, 8.918322403686231e+00, 9.22319911260467e+00, 9.533201724939598e+00, 9.848327485481436e+00, 1.016857830205857e+01, 1.049395226732918e+01, 1.082445033447875e+01, 1.116007144109447e+01, 1.150081768046689e+01, 1.184668802172167e+01, 1.219768246509324e+01, 1.255380005739428e+01, 1.291504270525111e+01, 1.328140725590003e+01, 1.365289712231903e+01, 1.402951204427765e+01, 1.441125011444092e+01, 1.479811228745628e+01, 1.51900985623415e+01, 1.558720893911022e+01, 1.598944100416352e+01, 1.639679859948645e+01, 1.680928220402266e+01, 1.722688895750152e+01, 1.764961885943219e+01, 1.807747381690021e+01, 1.851044932598898e+01, 1.894855054835054e+01, 1.939177873360036e+01, 1.98401281601973e+01, 2.029360264283864e+01, 2.075220027367097e+01, 2.12159201804809e+01, 2.168476789087902e+01, 2.215873684214906e+01, 2.26378327565609e+01, 2.312204991256084e+01, 2.361139212410611e+01, 2.410585642861446e+01, 2.460544681237462e+01, 2.511016225170624e+01, 2.56200008392334e+01]
time=[0e+00, 1e+00]
der(cpCod)=[0e+00, 2.562000076541291e-03, 1.024800028325922e-02, 2.305800015449143e-02, 4.099200108722437e-02, 6.404999456498199e-02, 9.223200054925215e-02, 1.255380053712216e-01, 1.639680042572636e-01, 2.075219885336771e-01, 2.561999781835975e-01, 3.10002002529876e-01, 3.689280020595476e-01, 4.329780362244753e-01, 5.021520214543622e-01, 5.764499447659046e-01, 6.558720168457881e-01, 7.404180014260642e-01, 8.300879537681759e-01, 9.248820180578814e-01, 1.024799912581668e+00, 1.12984211380938e+00, 1.240008010058433e+00, 1.355297993339363e+00, 1.475712007963531e+00, 1.601250052452087e+00, 1.731912144409049e+00, 1.867697806297089e+00, 2.008608085756343e+00, 2.154642229527841e+00, 2.305799778452553e+00, 2.462081871430618e+00, 2.623488067016513e+00, 2.790017860606405e+00, 2.96167200552115e+00, 3.138450014503642e+00, 3.320351814339425e+00, 3.507378011190281e+00, 3.699528071987099e+00, 3.896802235148459e+00, 4.099199650021851e+00, 4.306722239468588e+00, 4.519368454563784e+00, 4.737137637267756e+00, 4.960032040111519e+00, 5.188050068728796e+00, 5.421191972929705e+00, 5.659458189170207e+00, 5.902848031304163e+00, 6.151361703335653e+00, 6.40500020980835e+00, 6.663762342292423e+00, 6.927648576650903e+00, 7.196658912883788e+00, 7.470791224099827e+00, 7.750049732562382e+00, 8.034432342901855e+00, 8.323938579015342e+00, 8.618568917248469e+00, 8.918322403686231e+00, 9.22319911260467e+00, 9.533201724939598e+00, 9.848327485481436e+00, 1.016857830205857e+01, 1.049395226732918e+01, 1.082445033447875e+01, 1.116007144109447e+01, 1.150081768046689e+01, 1.184668802172167e+01, 1.219768246509324e+01, 1.255380005739428e+01, 1.291504270525111e+01, 1.328140725590003e+01, 1.365289712231903e+01, 1.402951204427765e+01, 1.441125011444092e+01, 1.479811228745628e+01, 1.51900985623415e+01, 1.558720893911022e+01, 1.598944100416352e+01, 1.639679859948645e+01, 1.680928220402266e+01, 1.722688895750152e+01, 1.764961885943219e+01, 1.807747381690021e+01, 1.851044932598898e+01, 1.894855054835054e+01, 1.939177873360036e+01, 1.98401281601973e+01, 2.029360264283864e+01, 2.075220027367097e+01, 2.12159201804809e+01, 2.168476789087902e+01, 2.215873684214906e+01, 2.26378327565609e+01, 2.312204991256084e+01, 2.361139212410611e+01, 2.410585642861446e+01, 2.460544681237462e+01, 2.511016225170624e+01, 2.56200008392334e+01]
der(cvSym)=[0e+00, 2.038583725352956e-03, 8.154334883185572e-03, 1.834725487048014e-02, 3.261733949628896e-02, 5.096459239884224e-02, 7.338901942724496e-02, 9.989059632621793e-02, 1.304693579122432e-01, 1.651252676415279e-01, 2.038583695346288e-01, 2.46668624595192e-01, 2.935560775996027e-01, 3.44520653920588e-01, 3.995623852805837e-01, 4.586812789740998e-01, 5.218774315032229e-01, 5.891506548695526e-01, 6.605010702743987e-01, 7.359287328418752e-01, 8.154334780170125e-01, 8.990154830401622e-01, 9.866744983321492e-01, 1.078410705711343e+00, 1.174224310179546e+00, 1.274114847183228e+00, 1.378082615293828e+00, 1.48612737809685e+00, 1.598249541073769e+00, 1.714449027838268e+00, 1.834725115410389e+00, 1.959078877929617e+00, 2.087509725721285e+00, 2.220017495688596e+00, 2.356602619332407e+00, 2.497265185778187e+00, 2.642004280515236e+00, 2.790821003700362e+00, 2.943714931173381e+00, 3.100686062932589e+00, 3.261733911825045e+00, 3.426859200324166e+00, 3.596061931625256e+00, 3.769341105286597e+00, 3.946697993231536e+00, 4.128132085657068e+00, 4.313642822505163e+00, 4.503231548313361e+00, 4.696897240280776e+00, 4.894639301898609e+00, 5.09645938873291e+00, 5.302356441820668e+00, 5.512330460391659e+00, 5.726382398106555e+00, 5.944509511517051e+00, 6.166715355118384e+00, 6.392998164197349e+00, 6.623358416177461e+00, 6.857796110666769e+00, 7.096310293803856e+00, 7.338900460678212e+00, 7.585569503362977e+00, 7.836315511526426e+00, 8.091138962394522e+00, 8.350038902299769e+00, 8.613016761344372e+00, 8.880069981689408e+00, 9.151201746632955e+00, 9.42641047704268e+00, 9.705697126801805e+00, 9.98906074261882e+00, 1.027650132391652e+01, 1.056801712090019e+01, 1.086361160809115e+01, 1.116328401441692e+01, 1.146703338623047e+01, 1.177485972430031e+01, 1.208676302784883e+01, 1.240274425055035e+01, 1.272280051823882e+01, 1.304693564681996e+01, 1.337514774087744e+01, 1.370743680100149e+01, 1.40438037804706e+01, 1.43842477254184e+01, 1.472876656974664e+01, 1.507736442057405e+01, 1.543004019055219e+01, 1.578679197273033e+01, 1.614762167444344e+01, 1.651252834164888e+01, 1.688151071626734e+01, 1.725457128935354e+01, 1.763170978157681e+01, 1.80129261931559e+01, 1.839821861711598e+01, 1.878758896022041e+01, 1.918103295782479e+01, 1.957855720681452e+01, 1.998015746763591e+01, 2.038583755493164e+01]
der(hSteSym)=[0e+00, 1.506600110706366e+02, 6.026400429355416e+02, 1.355940004041958e+03, 2.410560169048116e+03, 3.766499889994543e+03, 5.423760012127236e+03, 7.382339781787696e+03, 9.642240670803225e+03, 1.22034590018716e+04, 1.506599955548937e+04, 1.822985957435676e+04, 2.169504004042514e+04, 2.546154094471308e+04, 2.952935912535542e+04, 3.389849732395478e+04, 3.856896267243868e+04, 4.354073737067681e+04, 4.8813835985931e+04, 5.438826309089271e+04, 6.026399821297605e+04, 6.644106666852387e+04, 7.291943829383446e+04, 7.96991377460037e+04, 8.678016014554446e+04, 9.41625e+04, 1.018461637501118e+05, 1.098311319287512e+05, 1.181174364978338e+05, 1.26705069816907e+05, 1.355939892599167e+05, 1.447842634051412e+05, 1.542758506681853e+05, 1.640687213755141e+05, 1.741629494719505e+05, 1.8455850630397e+05, 1.952553439005852e+05, 2.062535415731776e+05, 2.175530523491912e+05, 2.29153876228738e+05, 2.41055992833953e+05, 2.532594575539607e+05, 2.657642666344492e+05, 2.78570334504109e+05, 2.916777531681667e+05, 3.050865161999508e+05, 3.187965509588505e+05, 3.328079391918371e+05, 3.471206405499076e+05, 3.617346421980844e+05, 3.7665e+05, 3.918666709339517e+05, 4.073846549427806e+05, 4.232039832760394e+05, 4.393245276509835e+05, 4.557464802801372e+05, 4.724697459840854e+05, 4.894943560559901e+05, 5.068202792169944e+05, 5.244474842028759e+05, 5.423759569684101e+05, 5.606058487501118e+05, 5.791370536062435e+05, 5.979695715660111e+05, 6.171034026294145e+05, 6.365385467672478e+05, 6.562748854241545e+05, 6.763127163575474e+05, 6.966517978665625e+05, 7.172922549642366e+05, 7.382340251795559e+05, 7.594771084696021e+05, 7.810213755169869e+05, 8.028670831034123e+05, 8.250141662641186e+05, 8.474625e+05, 8.702122093676799e+05, 8.93263169310535e+05, 9.166155048276711e+05, 9.402690114872598e+05, 9.642239713004769e+05, 9.884802441880254e+05, 1.01303783019401e+06, 1.03789679178878e+06, 1.063057066457309e+06, 1.088518439009089e+06, 1.114281337973625e+06, 1.140345487514528e+06, 1.166711012658024e+06, 1.193377913405007e+06, 1.220346064726568e+06, 1.247615428168082e+06, 1.275186203786023e+06, 1.303058354978543e+06, 1.331231756760297e+06, 1.359706534159589e+06, 1.388482562133661e+06, 1.417559916464908e+06, 1.44693856873536e+06, 1.47661859658039e+06, 1.5066e+06]
