last-generated=2018-06-13
statistics-simulation=
{
  "linear": " ",
  "nonlinear": " ",
  "numerical Jacobians": "0"
}
cheWinDir.nOut=[4.71238899230957e+00, 3.316125631332397e+00, 5.585053443908691e+00, 2.792526721954346e+00, 5.061454772949219e+00, 4.886921882629395e+00, 6.108652591705322e+00, 5.235987663269043e+00, 4.014257431030273e+00, 4.71238899230957e+00, 4.537856101989746e+00, 4.537856101989746e+00, 5.759586334228516e+00, 3.316125631332397e+00, 4.71238899230957e+00, 2.96705961227417e+00, 3.665191411972046e+00, 3.316125631332397e+00, 6.282185077667236e+00, 5.759586334228516e+00, 3.141592741012573e+00, 4.363323211669922e+00, 5.235987663269043e+00, 2.443460941314697e+00, 3.141592741012573e+00, 5.235987663269043e+00, 5.93411922454834e+00, 4.886921882629395e+00, 2.96705961227417e+00, 5.410520553588867e+00, 1.000000047497451e-03, 1.919862151145935e+00, 3.83972430229187e+00, 4.188790321350098e+00, 4.363323211669922e+00, 5.585053443908691e+00, 4.886921882629395e+00, 4.188790321350098e+00, 3.316125631332397e+00, 3.665191411972046e+00, 3.665191411972046e+00, 4.014257431030273e+00, 3.141592741012573e+00, 4.71238899230957e+00, 5.061454772949219e+00, 6.282185077667236e+00, 5.759586334228516e+00, 3.490658521652222e+00, 3.141592741012573e+00, 4.363323211669922e+00, 4.188790321350098e+00, 8.726646304130554e-01, 3.141592741012573e+00, 5.235987901687622e-01, 2.96705961227417e+00, 4.014257431030273e+00, 4.363323211669922e+00, 1.745329201221466e-01, 4.363323211669922e+00, 4.71238899230957e+00, 5.235987663269043e+00, 1.047197580337524e+00, 1.919862151145935e+00, 4.537856101989746e+00, 5.585053443908691e+00, 3.141592741012573e+00, 4.537856101989746e+00, 4.71238899230957e+00, 4.014257431030273e+00, 3.665191411972046e+00, 5.410520553588867e+00, 2.617993831634521e+00, 4.363323211669922e+00, 5.235987663269043e+00, 3.316125631332397e+00, 4.71238899230957e+00, 5.061454772949219e+00, 3.490658521652222e+00, 5.93411922454834e+00, 6.981316804885864e-01, 1.570796370506287e+00, 2.094395160675049e+00, 3.83972430229187e+00, 8.726646304130554e-01, 2.617993831634521e+00, 3.490658521652222e+00, 2.96705961227417e+00, 4.71238899230957e+00, 5.235987901687622e-01, 1.396263360977173e+00, 4.537856101989746e+00, 1.396263360977173e+00, 6.282185077667236e+00, 5.93411922454834e+00, 1.000000047497451e-03, 1.000000047497451e-03, 2.96705961227417e+00, 3.665191411972046e+00, 5.93411922454834e+00, 2.96705961227417e+00, 2.96705961227417e+00]
cheWinDir.nIn=[4.71238899230957e+00, 3.316125631332397e+00, 5.585053443908691e+00, 2.792526721954346e+00, 5.061454772949219e+00, 4.886921882629395e+00, 6.108652591705322e+00, 5.235987663269043e+00, 4.014257431030273e+00, 4.71238899230957e+00, 4.537856101989746e+00, 4.537856101989746e+00, 5.759586334228516e+00, 3.316125631332397e+00, 4.71238899230957e+00, 2.96705961227417e+00, 3.665191411972046e+00, 3.316125631332397e+00, 6.283185482025146e+00, 5.759586334228516e+00, 3.141592741012573e+00, 4.363323211669922e+00, 5.235987663269043e+00, 2.443460941314697e+00, 3.141592741012573e+00, 5.235987663269043e+00, 5.93411922454834e+00, 4.886921882629395e+00, 2.96705961227417e+00, 5.410520553588867e+00, 0e+00, 1.919862151145935e+00, 3.83972430229187e+00, 4.188790321350098e+00, 4.363323211669922e+00, 5.585053443908691e+00, 4.886921882629395e+00, 4.188790321350098e+00, 3.316125631332397e+00, 3.665191411972046e+00, 3.665191411972046e+00, 4.014257431030273e+00, 3.141592741012573e+00, 4.71238899230957e+00, 5.061454772949219e+00, 6.283185482025146e+00, 5.759586334228516e+00, 3.490658521652222e+00, 3.141592741012573e+00, 4.363323211669922e+00, 4.188790321350098e+00, 8.726646304130554e-01, 3.141592741012573e+00, 5.235987901687622e-01, 2.96705961227417e+00, 4.014257431030273e+00, 4.363323211669922e+00, 1.745329201221466e-01, 4.363323211669922e+00, 4.71238899230957e+00, 5.235987663269043e+00, 1.047197580337524e+00, 1.919862151145935e+00, 4.537856101989746e+00, 5.585053443908691e+00, 3.141592741012573e+00, 4.537856101989746e+00, 4.71238899230957e+00, 4.014257431030273e+00, 3.665191411972046e+00, 5.410520553588867e+00, 2.617993831634521e+00, 4.363323211669922e+00, 5.235987663269043e+00, 3.316125631332397e+00, 4.71238899230957e+00, 5.061454772949219e+00, 3.490658521652222e+00, 5.93411922454834e+00, 6.981316804885864e-01, 1.570796370506287e+00, 2.094395160675049e+00, 3.83972430229187e+00, 8.726646304130554e-01, 2.617993831634521e+00, 3.490658521652222e+00, 2.96705961227417e+00, 4.71238899230957e+00, 5.235987901687622e-01, 1.396263360977173e+00, 4.537856101989746e+00, 1.396263360977173e+00, 6.283185482025146e+00, 5.93411922454834e+00, 0e+00, 0e+00, 2.96705961227417e+00, 3.665191411972046e+00, 5.93411922454834e+00, 2.96705961227417e+00, 2.96705961227417e+00]
time=[0e+00, 8.64e+06]
