last-generated=2018-06-13
statistics-simulation=
{
  "linear": " ",
  "nonlinear": "1",
  "numerical Jacobians": "0"
}
HDirRoo.H=[0e+00, 0e+00, 0e+00, 0e+00, 0e+00, 0e+00, 0e+00, 0e+00, 0e+00, 0e+00, 0e+00, 0e+00, 0e+00, 0e+00, 0e+00, 0e+00, 0e+00, 0e+00, 0e+00, 0e+00, 0e+00, 7.351112571996055e-07, 6.34253304451704e-03, 1.257330179214478e-01, 3.289544105529785e+00, 1.32149076461792e+01, 3.026376342773438e+01, 5.233366394042969e+01, 7.870415496826172e+01, 1.115793685913086e+02, 1.48875244140625e+02, 1.8735302734375e+02, 2.238092651367188e+02, 2.584881591796875e+02, 2.916388854980469e+02, 3.238439025878906e+02, 3.56054931640625e+02, 3.88540771484375e+02, 4.203414306640625e+02, 4.50298828125e+02, 4.772783203125e+02, 5.016060180664062e+02, 5.23630126953125e+02, 5.435905151367188e+02, 5.617175903320312e+02, 5.766976928710938e+02, 5.88313232421875e+02, 5.9711962890625e+02, 6.037011108398438e+02, 6.034962158203125e+02, 5.9326611328125e+02, 5.736624145507812e+02, 5.454853515625e+02, 4.898997497558594e+02, 3.998942260742188e+02, 3.069031677246094e+02, 2.41017333984375e+02, 2.124703979492188e+02, 1.898268585205078e+02, 1.685606689453125e+02, 1.460751953125e+02, 1.204508819580078e+02, 9.332006072998047e+01, 6.786277008056641e+01, 4.675843811035156e+01, 3.190117454528809e+01, 2.215958786010742e+01, 1.598244762420654e+01, 1.220950412750244e+01, 9.850457191467285e+00, 8.11099910736084e+00, 6.633194923400879e+00, 5.223796844482422e+00, 3.78003191947937e+00, 2.260517835617065e+00, 9.879007935523987e-01, 2.304883599281311e-01, 1.003168988972902e-03, 3.745135472854599e-06, 0e+00, 0e+00, 0e+00, 0e+00, 0e+00, 0e+00, 0e+00, 0e+00, 0e+00, 0e+00, 0e+00, 0e+00, 0e+00, 0e+00, 0e+00, 0e+00, 0e+00, 0e+00, 0e+00, 0e+00, 0e+00, 0e+00]
HDirWal.H=[0e+00, 0e+00, 0e+00, 0e+00, 0e+00, 0e+00, 0e+00, 0e+00, 0e+00, 0e+00, 0e+00, 0e+00, 0e+00, 0e+00, 0e+00, 0e+00, 0e+00, 0e+00, 0e+00, 0e+00, 0e+00, 0e+00, 0e+00, 0e+00, 0e+00, 0e+00, 0e+00, 0e+00, 0e+00, 0e+00, 0e+00, 0e+00, 0e+00, 0e+00, 0e+00, 0e+00, 0e+00, 0e+00, 0e+00, 0e+00, 0e+00, 0e+00, 0e+00, 0e+00, 0e+00, 5.105920314788818e+00, 3.53624382019043e+01, 6.527964782714844e+01, 9.468052673339844e+01, 1.224697799682617e+02, 1.470692443847656e+02, 1.674968414306641e+02, 1.829642944335938e+02, 1.853991241455078e+02, 1.684718322753906e+02, 1.424625091552734e+02, 1.222907867431641e+02, 1.171033325195312e+02, 1.130888061523438e+02, 1.081310501098633e+02, 1.006104049682617e+02, 8.888663482666016e+01, 7.368260192871094e+01, 5.729113388061523e+01, 4.220664978027344e+01, 3.081062698364258e+01, 2.293365669250488e+01, 1.776651763916016e+01, 1.462829399108887e+01, 1.27805700302124e+01, 1.147020435333252e+01, 1.03141565322876e+01, 9.039593696594238e+00, 7.40418004989624e+00, 5.137665271759033e+00, 2.706944942474365e+00, 8.123742938041687e-01, 5.1694898866117e-03, 4.033894583699293e-05, 3.690571247716434e-05, 3.325739453430288e-05, 2.940839476650581e-05, 2.537391083023977e-05, 2.116986797773279e-05, 1.681286630628165e-05, 1.232010527019156e-05, 7.709325473115314e-06, 2.998729542014189e-06, 0e+00, 0e+00, 0e+00, 0e+00, 0e+00, 0e+00, 0e+00, 0e+00, 0e+00, 0e+00, 0e+00, 0e+00, 0e+00]
HDirFlo.H=[5.689401950803585e-05, 5.670095924870111e-05, 5.620945012196898e-05, 5.542142753256485e-05, 5.434000195236877e-05, 5.296944800647907e-05, 5.13151717314031e-05, 4.938371057505719e-05, 4.718268246506341e-05, 4.472077853279188e-05, 4.200771945761517e-05, 3.905421908712015e-05, 3.587192986742593e-05, 3.247342101531103e-05, 2.887210757762659e-05, 2.508220859454013e-05, 2.111868525389582e-05, 1.699718632153235e-05, 1.273398538614856e-05, 8.345914466190152e-06, 3.8502985262312e-06, 0e+00, 0e+00, 0e+00, 0e+00, 0e+00, 0e+00, 0e+00, 0e+00, 0e+00, 0e+00, 0e+00, 0e+00, 0e+00, 0e+00, 0e+00, 0e+00, 0e+00, 0e+00, 0e+00, 0e+00, 0e+00, 0e+00, 0e+00, 0e+00, 0e+00, 0e+00, 0e+00, 0e+00, 0e+00, 0e+00, 0e+00, 0e+00, 0e+00, 0e+00, 0e+00, 0e+00, 0e+00, 0e+00, 0e+00, 0e+00, 0e+00, 0e+00, 0e+00, 0e+00, 0e+00, 0e+00, 0e+00, 0e+00, 0e+00, 0e+00, 0e+00, 0e+00, 0e+00, 0e+00, 0e+00, 0e+00, 0e+00, 0e+00, 9.006421350932214e-07, 5.469130883284379e-06, 9.942306860466488e-06, 1.4302521776699e-05, 1.853257344919257e-05, 2.261577355966438e-05, 2.653600859048311e-05, 3.027781531272922e-05, 3.382642535143532e-05, 3.716783976415172e-05, 4.028887633467093e-05, 4.317721322877333e-05, 4.58214599348139e-05, 4.821118272957392e-05, 5.033694833400659e-05, 5.219037120696157e-05, 5.37641353730578e-05, 5.505203444045037e-05, 5.604898615274578e-05, 5.675105785485357e-05, 5.715547740692273e-05, 5.726065137423575e-05]
time=[1.82304e+07, 1.83168e+07]
