last-generated=2018-05-23
statistics-initialization=
{
  "numerical Jacobians": "0", 
  "nonlinear": "6"
}
statistics-simulation=
{
  "numerical Jacobians": "0", 
  "nonlinear": "1", 
  "linear": " "
}
zonLwVieFac.port_a[1].Q_flow=[2.453955535888672e+02, 2.402447662353516e+02, 2.351040954589844e+02, 2.299735260009766e+02, 2.248530731201172e+02, 2.197426910400391e+02, 2.146423797607422e+02, 2.095521392822266e+02, 2.044719390869141e+02, 1.994017639160156e+02, 1.943416137695312e+02, 1.892914581298828e+02, 1.842513122558594e+02, 1.792211303710938e+02, 1.74200927734375e+02, 1.691906585693359e+02, 1.641903381347656e+02, 1.59199951171875e+02, 1.542194671630859e+02, 1.492488861083984e+02, 1.442881927490234e+02, 1.393373718261719e+02, 1.343964233398438e+02, 1.294653015136719e+02, 1.245440292358398e+02, 1.196325759887695e+02, 1.147309265136719e+02, 1.098390731811523e+02, 1.049570083618164e+02, 1.000847015380859e+02, 9.522216033935547e+01, 9.036935424804688e+01, 8.552628326416016e+01, 8.069292449951172e+01, 7.586927795410156e+01, 7.105531311035156e+01, 6.625102996826172e+01, 6.145641326904297e+01, 5.667144775390625e+01, 5.189612197875977e+01, 4.713042068481445e+01, 4.237433242797852e+01, 3.762784576416016e+01, 3.289094543457031e+01, 2.816361808776855e+01, 2.344585418701172e+01, 1.873763656616211e+01, 1.403895664215088e+01, 9.349799156188965e+00, 4.670150756835938e+00, -1.13686837721616e-13, -4.660666942596436e+00, -9.311861991882324e+00, -1.395359897613525e+01, -1.858588981628418e+01, -2.320874977111816e+01, -2.782218742370605e+01, -3.242621994018555e+01, -3.702085494995117e+01, -4.160611343383789e+01, -4.618199920654297e+01, -5.074852752685547e+01, -5.530571746826172e+01, -5.985357284545898e+01, -6.439211273193359e+01, -6.892134857177734e+01, -7.344129180908203e+01, -7.795195007324219e+01, -8.245334625244141e+01, -8.694548797607422e+01, -9.142838287353516e+01, -9.590205383300781e+01, -1.003665084838867e+02, -1.048217620849609e+02, -1.09267822265625e+02, -1.13704704284668e+02, -1.181324234008789e+02, -1.225509872436523e+02, -1.269604110717773e+02, -1.313607025146484e+02, -1.357518768310547e+02, -1.401339569091797e+02, -1.445069580078125e+02, -1.488708648681641e+02, -1.532257080078125e+02, -1.575715026855469e+02, -1.619082489013672e+02, -1.662359771728516e+02, -1.705547027587891e+02, -1.748644104003906e+02, -1.791651306152344e+02, -1.834568786621094e+02, -1.877396545410156e+02, -1.920134887695312e+02, -1.962783660888672e+02, -2.005343322753906e+02, -2.047813720703125e+02, -2.090195159912109e+02, -2.13248779296875e+02, -2.174691619873047e+02, -2.216806640625e+02]
intHeaRad.port_a.Q_flow=[2.453955535888672e+02, 2.402447662353516e+02, 2.351040954589844e+02, 2.299735260009766e+02, 2.248530731201172e+02, 2.197426910400391e+02, 2.146423797607422e+02, 2.095521392822266e+02, 2.044719390869141e+02, 1.994017639160156e+02, 1.943416137695312e+02, 1.892914581298828e+02, 1.842513122558594e+02, 1.792211303710938e+02, 1.74200927734375e+02, 1.691906585693359e+02, 1.641903381347656e+02, 1.59199951171875e+02, 1.542194671630859e+02, 1.492488861083984e+02, 1.442881927490234e+02, 1.393373718261719e+02, 1.343964233398438e+02, 1.294653015136719e+02, 1.245440292358398e+02, 1.196325759887695e+02, 1.147309265136719e+02, 1.098390731811523e+02, 1.049570083618164e+02, 1.000847015380859e+02, 9.522216033935547e+01, 9.036935424804688e+01, 8.552628326416016e+01, 8.069292449951172e+01, 7.586927795410156e+01, 7.105531311035156e+01, 6.625102996826172e+01, 6.145641326904297e+01, 5.667144775390625e+01, 5.189612197875977e+01, 4.713042068481445e+01, 4.237433242797852e+01, 3.762784576416016e+01, 3.289094543457031e+01, 2.816361808776855e+01, 2.344585418701172e+01, 1.873763656616211e+01, 1.403895664215088e+01, 9.349799156188965e+00, 4.670150756835938e+00, 0e+00, -4.660666942596436e+00, -9.311861991882324e+00, -1.395359897613525e+01, -1.858588981628418e+01, -2.320874977111816e+01, -2.782218742370605e+01, -3.242621994018555e+01, -3.702085494995117e+01, -4.160611343383789e+01, -4.618199920654297e+01, -5.074852752685547e+01, -5.530571746826172e+01, -5.985357284545898e+01, -6.439211273193359e+01, -6.892134857177734e+01, -7.344129180908203e+01, -7.795195007324219e+01, -8.245334625244141e+01, -8.694548797607422e+01, -9.142838287353516e+01, -9.590205383300781e+01, -1.003665084838867e+02, -1.048217620849609e+02, -1.09267822265625e+02, -1.13704704284668e+02, -1.181324234008789e+02, -1.225509872436523e+02, -1.269604110717773e+02, -1.313607025146484e+02, -1.357518768310547e+02, -1.401339569091797e+02, -1.445069580078125e+02, -1.488708648681641e+02, -1.532257080078125e+02, -1.575715026855469e+02, -1.619082489013672e+02, -1.662359771728516e+02, -1.705547027587891e+02, -1.748644104003906e+02, -1.791651306152344e+02, -1.834568786621094e+02, -1.877396545410156e+02, -1.920134887695312e+02, -1.962783660888672e+02, -2.005343322753906e+02, -2.047813720703125e+02, -2.090195159912109e+02, -2.13248779296875e+02, -2.174691619873047e+02, -2.216806640625e+02]
zonLwDist.port_a[1].Q_flow=[2.453955535888672e+02, 2.402447662353516e+02, 2.351040954589844e+02, 2.299735260009766e+02, 2.248530731201172e+02, 2.197426910400391e+02, 2.146423797607422e+02, 2.095521392822266e+02, 2.044719390869141e+02, 1.994017639160156e+02, 1.943416137695312e+02, 1.892914581298828e+02, 1.842513122558594e+02, 1.792211303710938e+02, 1.74200927734375e+02, 1.691906585693359e+02, 1.641903381347656e+02, 1.59199951171875e+02, 1.542194671630859e+02, 1.492488861083984e+02, 1.442881927490234e+02, 1.393373718261719e+02, 1.343964233398438e+02, 1.294653015136719e+02, 1.245440292358398e+02, 1.196325759887695e+02, 1.147309265136719e+02, 1.098390731811523e+02, 1.049570083618164e+02, 1.000847015380859e+02, 9.522216033935547e+01, 9.036935424804688e+01, 8.552628326416016e+01, 8.069292449951172e+01, 7.586927795410156e+01, 7.105531311035156e+01, 6.625102996826172e+01, 6.145641326904297e+01, 5.667144775390625e+01, 5.189612197875977e+01, 4.713042068481445e+01, 4.237433242797852e+01, 3.762784576416016e+01, 3.289094543457031e+01, 2.816361808776855e+01, 2.344585418701172e+01, 1.873763656616211e+01, 1.403895664215088e+01, 9.349799156188965e+00, 4.670150756835938e+00, -0e+00, -4.660666942596436e+00, -9.311861991882324e+00, -1.395359897613525e+01, -1.858588981628418e+01, -2.320874977111816e+01, -2.782218742370605e+01, -3.242621994018555e+01, -3.702085494995117e+01, -4.160611343383789e+01, -4.618199920654297e+01, -5.074852752685547e+01, -5.530571746826172e+01, -5.985357284545898e+01, -6.439211273193359e+01, -6.892134857177734e+01, -7.344129180908203e+01, -7.795195007324219e+01, -8.245334625244141e+01, -8.694548797607422e+01, -9.142838287353516e+01, -9.590205383300781e+01, -1.003665084838867e+02, -1.048217620849609e+02, -1.09267822265625e+02, -1.13704704284668e+02, -1.181324234008789e+02, -1.225509872436523e+02, -1.269604110717773e+02, -1.313607025146484e+02, -1.357518768310547e+02, -1.401339569091797e+02, -1.445069580078125e+02, -1.488708648681641e+02, -1.532257080078125e+02, -1.575715026855469e+02, -1.619082489013672e+02, -1.662359771728516e+02, -1.705547027587891e+02, -1.748644104003906e+02, -1.791651306152344e+02, -1.834568786621094e+02, -1.877396545410156e+02, -1.920134887695312e+02, -1.962783660888672e+02, -2.005343322753906e+02, -2.047813720703125e+02, -2.090195159912109e+02, -2.13248779296875e+02, -2.174691619873047e+02, -2.216806640625e+02]
time=[0e+00, 1e+06]
