last-generated=2018-06-13
statistics-simulation=
{
  "linear": " ",
  "nonlinear": " ",
  "numerical Jacobians": "0"
}
T=[2.931499938964844e+02, 2.931499938964844e+02, 2.931499938964844e+02, 2.931499938964844e+02, 2.931499938964844e+02, 2.931499938964844e+02, 2.931499938964844e+02, 2.931499938964844e+02, 2.931499938964844e+02, 2.931499938964844e+02, 2.931499938964844e+02, 2.931499938964844e+02, 2.931499938964844e+02, 2.931499938964844e+02, 2.931499938964844e+02, 2.931499938964844e+02, 2.931499938964844e+02, 2.931499938964844e+02, 2.931499938964844e+02, 2.931499938964844e+02, 2.931499938964844e+02, 2.931499938964844e+02, 2.931499938964844e+02, 2.931499938964844e+02, 2.931499938964844e+02, 2.931499938964844e+02, 2.931499938964844e+02, 2.931499938964844e+02, 2.931499938964844e+02, 2.931499938964844e+02, 2.931499938964844e+02, 2.931499938964844e+02, 2.931499938964844e+02, 2.931499938964844e+02, 2.931499938964844e+02, 2.931499938964844e+02, 2.931499938964844e+02, 2.931499938964844e+02, 2.931499938964844e+02, 2.931499938964844e+02, 2.931499938964844e+02, 2.931499938964844e+02, 2.931499938964844e+02, 2.931499938964844e+02, 2.931499938964844e+02, 2.931499938964844e+02, 2.931499938964844e+02, 2.931499938964844e+02, 2.931499938964844e+02, 2.931499938964844e+02, 2.931499938964844e+02, 2.932499085424336e+02, 2.933497926710956e+02, 2.934497073167537e+02, 2.935495908503253e+02, 2.936495054960926e+02, 2.937493896246448e+02, 2.938493042707038e+02, 2.939491883992204e+02, 2.940491030453151e+02, 2.941489865784865e+02, 2.942489012242174e+02, 2.943487853528067e+02, 2.944486999988286e+02, 2.94548614644705e+02, 2.946484987734398e+02, 2.947484128238256e+02, 2.948482969523421e+02, 2.949482115984368e+02, 2.95048095726954e+02, 2.951480103728662e+02, 2.952478945015646e+02, 2.953478085519503e+02, 2.954476926807579e+02, 2.955476073265615e+02, 2.956474914550781e+02, 2.957474061011728e+02, 2.958472902296893e+02, 2.959472048757841e+02, 2.960470884089191e+02, 2.961470030546863e+02, 2.962468871832386e+02, 2.963468018292976e+02, 2.964466859578141e+02, 2.965466006039088e+02, 2.966465146542945e+02, 2.967463987828111e+02, 2.968463134289058e+02, 2.969461975574224e+02, 2.970461122032987e+02, 2.971459963320336e+02, 2.972459103824193e+02, 2.973457945109359e+02, 2.974457091570305e+02, 2.975455932855478e+02, 2.976455079314599e+02, 2.977453920601583e+02, 2.978453061105441e+02, 2.979451902393517e+02, 2.980451048851553e+02, 2.981449890136719e+02]
time=[0e+00, 1e+00]
X_w=[0e+00, 1.999999994179225e-04, 3.999999988358483e-04, 6.000000419094861e-04, 7.999999976716967e-04, 1.000000032596266e-03, 1.200000083818997e-03, 1.399999944120642e-03, 1.599999995343379e-03, 1.799999897554742e-03, 2.000000065192587e-03, 2.199999999999997e-03, 2.400000167637739e-03, 2.600000102445461e-03, 2.799999888241363e-03, 2.99999990686777e-03, 3.199999990686758e-03, 3.400000009313234e-03, 3.599999795109899e-03, 3.80000011175842e-03, 4.000000130384828e-03, 4.199999981374281e-03, 4.399999999999855e-03, 4.600000018625985e-03, 4.800000335275477e-03, 4.999999888241291e-03, 5.200000204889812e-03, 5.399999925492996e-03, 5.599999776482727e-03, 5.80000009313319e-03, 5.999999813736928e-03, 6.200000130384894e-03, 6.399999981374348e-03, 6.599999701978364e-03, 6.800000018626053e-03, 7.000000335275405e-03, 7.199999590219799e-03, 7.39999990686832e-03, 7.60000022351684e-03, 7.800000074507405e-03, 8.000000260769656e-03, 8.200000111759108e-03, 8.399999962748561e-03, 8.600000149010812e-03, 8.800000000000266e-03, 8.999999850989721e-03, 9.20000003725197e-03, 9.399999888241424e-03, 9.600000670548456e-03, 9.799999925493129e-03, 9.999999776482582e-03, 9.999999776482582e-03, 9.999999776482582e-03, 9.999999776482582e-03, 9.999999776482582e-03, 9.999999776482582e-03, 9.999999776482582e-03, 9.999999776482582e-03, 9.999999776482582e-03, 9.999999776482582e-03, 9.999999776482582e-03, 9.999999776482582e-03, 9.999999776482582e-03, 9.999999776482582e-03, 9.999999776482582e-03, 9.999999776482582e-03, 9.999999776482582e-03, 9.999999776482582e-03, 9.999999776482582e-03, 9.999999776482582e-03, 9.999999776482582e-03, 9.999999776482582e-03, 9.999999776482582e-03, 9.999999776482582e-03, 9.999999776482582e-03, 9.999999776482582e-03, 9.999999776482582e-03, 9.999999776482582e-03, 9.999999776482582e-03, 9.999999776482582e-03, 9.999999776482582e-03, 9.999999776482582e-03, 9.999999776482582e-03, 9.999999776482582e-03, 9.999999776482582e-03, 9.999999776482582e-03, 9.999999776482582e-03, 9.999999776482582e-03, 9.999999776482582e-03, 9.999999776482582e-03, 9.999999776482582e-03, 9.999999776482582e-03, 9.999999776482582e-03, 9.999999776482582e-03, 9.999999776482582e-03, 9.999999776482582e-03, 9.999999776482582e-03, 9.999999776482582e-03, 9.999999776482582e-03, 9.999999776482582e-03, 9.999999776482582e-03]
phi=[0e+00, 1.392299526753188e-02, 2.784260610867649e-02, 4.175883624872324e-02, 5.567168196238361e-02, 6.958114252179054e-02, 8.348723687434836e-02, 9.738994348343041e-02, 1.112892727072142e-01, 1.251852313657057e-01, 1.390778103632917e-01, 1.529670216969957e-01, 1.668528653667511e-01, 1.807353264715212e-01, 1.946144244743752e-01, 2.084901399169156e-01, 2.223625232709422e-01, 2.36231503391101e-01, 2.500971158522406e-01, 2.639594111109464e-01, 2.778183180518136e-01, 2.916738779775951e-01, 3.055260495960896e-01, 3.193748535554849e-01, 3.332203402871513e-01, 3.470624685287476e-01, 3.609012199275429e-01, 3.747365922325602e-01, 3.885686679088314e-01, 4.023973759159226e-01, 4.162227048588654e-01, 4.300447371433616e-01, 4.438634017586422e-01, 4.576786873396171e-01, 4.714906762323381e-01, 4.852992974559324e-01, 4.991045396750283e-01, 5.12906485175832e-01, 5.267050928099914e-01, 5.405003625775064e-01, 5.54292253380775e-01, 5.680808474254107e-01, 5.818661036033308e-01, 5.956480404515987e-01, 6.094266209069237e-01, 6.232018634956042e-01, 6.369737867838003e-01, 6.507423536499213e-01, 6.645076422535807e-01, 6.782695519823089e-01, 6.920281648635864e-01, 6.877627928282213e-01, 6.835269847523703e-01, 6.793205022174543e-01, 6.751431912162978e-01, 6.709947039327506e-01, 6.668749461432225e-01, 6.627835602229548e-01, 6.587204865638376e-01, 6.546854271404151e-01, 6.506781673339027e-01, 6.466984805613156e-01, 6.427462119776203e-01, 6.388210635620086e-01, 6.349229757089833e-01, 6.310515907872648e-01, 6.272068124232394e-01, 6.233883563648338e-01, 6.195960667957191e-01, 6.158297649023607e-01, 6.120892122686753e-01, 6.083742300757459e-01, 6.046846614254869e-01, 6.010202835165003e-01, 5.973808800022748e-01, 5.937662720680237e-01, 5.901762809037914e-01, 5.866107872946041e-01, 5.83069493217238e-01, 5.795523003504433e-01, 5.760589879558474e-01, 5.725893982553706e-01, 5.691432928333444e-01, 5.657206120822136e-01, 5.623210579775926e-01, 5.589445313627897e-01, 5.555908727803612e-01, 5.522598640068582e-01, 5.489513262294832e-01, 5.456650806338754e-01, 5.424010676126902e-01, 5.391590680039385e-01, 5.359388047409314e-01, 5.327402972147621e-01, 5.295632474031083e-01, 5.264075957025293e-01, 5.232730440865364e-01, 5.201596110488456e-01, 5.170670210536769e-01, 5.13995173514964e-01, 5.109438896179199e-01]
