last-generated=2018-06-13
statistics-simulation=
{
  "linear": " ",
  "nonlinear": " ",
  "numerical Jacobians": "0"
}
cheWinSpe.winSpeOut=[2.599999904632568e+00, 2.599999904632568e+00, 2.599999904632568e+00, 4.099999904632568e+00, 5.199999809265137e+00, 5.199999809265137e+00, 4.599999904632568e+00, 2.099999904632568e+00, 6.199999809265137e+00, 6.699999809265137e+00, 4.599999904632568e+00, 6.699999809265137e+00, 6.699999809265137e+00, 3.099999904632568e+00, 2.099999904632568e+00, 2.099999904632568e+00, 7.199999809265137e+00, 4.599999904632568e+00, 6.199999809265137e+00, 3.099999904632568e+00, 5.699999809265137e+00, 6.699999809265137e+00, 2.099999904632568e+00, 2.099999904632568e+00, 6.199999809265137e+00, 6.699999809265137e+00, 8.199999809265137e+00, 4.099999904632568e+00, 3.099999904632568e+00, 3.599999904632568e+00, 9.999999974752427e-07, 6.099999904632568e+00, 2.599999904632568e+00, 7.699999809265137e+00, 3.099999904632568e+00, 5.199999809265137e+00, 3.099999904632568e+00, 1.5e+00, 3.099999904632568e+00, 7.199999809265137e+00, 2.099999904632568e+00, 5.199999809265137e+00, 2.599999904632568e+00, 7.699999809265137e+00, 2.599999904632568e+00, 7.199999809265137e+00, 2.599999904632568e+00, 2.099999904632568e+00, 4.099999904632568e+00, 2.599999904632568e+00, 2.099999904632568e+00, 2.599999904632568e+00, 6.699999809265137e+00, 2.099999904632568e+00, 8.199999809265137e+00, 9.300000190734863e+00, 2.099999904632568e+00, 1.030000019073486e+01, 4.099999904632568e+00, 4.199999809265137e+00, 4.099999904632568e+00, 5.699999809265137e+00, 6.699999809265137e+00, 1.239999961853027e+01, 2.599999904632568e+00, 5.199999809265137e+00, 4.599999904632568e+00, 3.099999904632568e+00, 1.5e+00, 5.699999809265137e+00, 1.030000019073486e+01, 3.099999904632568e+00, 4.599999904632568e+00, 2.599999904632568e+00, 3.099999904632568e+00, 3.099999904632568e+00, 2.099999904632568e+00, 6.199999809265137e+00, 4.599999904632568e+00, 3.099999904632568e+00, 4.599999904632568e+00, 4.599999904632568e+00, 4.599999904632568e+00, 6.699999809265137e+00, 2.599999904632568e+00, 8.800000190734863e+00, 3.599999904632568e+00, 5.199999809265137e+00, 7.699999809265137e+00, 7.199999809265137e+00, 7.199999809265137e+00, 5.199999809265137e+00, 4.099999904632568e+00, 4.099999904632568e+00, 9.999999974752427e-07, 9.999999974752427e-07, 9.300000190734863e+00, 5.699999809265137e+00, 6.199999809265137e+00, 2.599999904632568e+00, 5.699999809265137e+00]
cheWinSpe.winSpeIn=[2.599999904632568e+00, 2.599999904632568e+00, 2.599999904632568e+00, 4.099999904632568e+00, 5.199999809265137e+00, 5.199999809265137e+00, 4.599999904632568e+00, 2.099999904632568e+00, 6.199999809265137e+00, 6.699999809265137e+00, 4.599999904632568e+00, 6.699999809265137e+00, 6.699999809265137e+00, 3.099999904632568e+00, 2.099999904632568e+00, 2.099999904632568e+00, 7.199999809265137e+00, 4.599999904632568e+00, 6.199999809265137e+00, 3.099999904632568e+00, 5.699999809265137e+00, 6.699999809265137e+00, 2.099999904632568e+00, 2.099999904632568e+00, 6.199999809265137e+00, 6.699999809265137e+00, 8.199999809265137e+00, 4.099999904632568e+00, 3.099999904632568e+00, 3.599999904632568e+00, 0e+00, 6.099999904632568e+00, 2.599999904632568e+00, 7.699999809265137e+00, 3.099999904632568e+00, 5.199999809265137e+00, 3.099999904632568e+00, 1.5e+00, 3.099999904632568e+00, 7.199999809265137e+00, 2.099999904632568e+00, 5.199999809265137e+00, 2.599999904632568e+00, 7.699999809265137e+00, 2.599999904632568e+00, 7.199999809265137e+00, 2.599999904632568e+00, 2.099999904632568e+00, 4.099999904632568e+00, 2.599999904632568e+00, 2.099999904632568e+00, 2.599999904632568e+00, 6.699999809265137e+00, 2.099999904632568e+00, 8.199999809265137e+00, 9.300000190734863e+00, 2.099999904632568e+00, 1.030000019073486e+01, 4.099999904632568e+00, 4.199999809265137e+00, 4.099999904632568e+00, 5.699999809265137e+00, 6.699999809265137e+00, 1.239999961853027e+01, 2.599999904632568e+00, 5.199999809265137e+00, 4.599999904632568e+00, 3.099999904632568e+00, 1.5e+00, 5.699999809265137e+00, 1.030000019073486e+01, 3.099999904632568e+00, 4.599999904632568e+00, 2.599999904632568e+00, 3.099999904632568e+00, 3.099999904632568e+00, 2.099999904632568e+00, 6.199999809265137e+00, 4.599999904632568e+00, 3.099999904632568e+00, 4.599999904632568e+00, 4.599999904632568e+00, 4.599999904632568e+00, 6.699999809265137e+00, 2.599999904632568e+00, 8.800000190734863e+00, 3.599999904632568e+00, 5.199999809265137e+00, 7.699999809265137e+00, 7.199999809265137e+00, 7.199999809265137e+00, 5.199999809265137e+00, 4.099999904632568e+00, 4.099999904632568e+00, 0e+00, 0e+00, 9.300000190734863e+00, 5.699999809265137e+00, 6.199999809265137e+00, 2.599999904632568e+00, 5.699999809265137e+00]
time=[0e+00, 8.64e+06]
