last-generated=2019-01-31
statistics-initialization=
{
  "nonlinear": "2, 8, 8, 8, 2",
  "numerical Jacobians": "0"
}
statistics-simulation=
{
  "linear": "0, 0, 0, 0, 0, 0, 0, 0, 0, 0, 0, 0, 0, 0, 0, 0, 0, 0, 0, 0, 0, 0, 0, 0, 0, 0, 0,   0, 0, 0, 0, 0, 0, 0, 0, 0, 0, 0, 5, 5, 5, 0, 0, 0, 5, 5, 5, 0, 0, 0, 0, 0, 0,   5, 5, 5, 0, 0, 0",
  "nonlinear": "1",
  "number of continuous time states": "119",
  "numerical Jacobians": "0"
}
structure.TSensor[1]=[2.931499938964844e+02, 2.929420471191406e+02, 2.928778991699219e+02, 2.9270703125e+02, 2.924662475585938e+02, 2.922407531738281e+02, 2.920598449707031e+02, 2.919415893554688e+02, 2.916951293945312e+02, 2.914847717285156e+02, 2.91293212890625e+02, 2.912342224121094e+02, 2.910322570800781e+02, 2.908419189453125e+02, 2.906458435058594e+02, 2.906360778808594e+02, 2.904475402832031e+02, 2.902086791992188e+02, 2.899827575683594e+02, 2.902662658691406e+02, 2.905184020996094e+02, 2.9003125e+02, 2.897768859863281e+02, 2.895510559082031e+02, 2.895238037109375e+02, 2.893008728027344e+02, 2.890808715820312e+02, 2.888853759765625e+02, 2.88833740234375e+02, 2.886619873046875e+02, 2.884570922851562e+02, 2.882572937011719e+02, 2.881452941894531e+02, 2.880386657714844e+02, 2.877865295410156e+02, 2.875738525390625e+02, 2.873713684082031e+02, 2.873406982421875e+02, 2.870997314453125e+02, 2.869025268554688e+02, 2.867177429199219e+02, 2.866707458496094e+02, 2.865023803710938e+02, 2.863173828125e+02, 2.861488342285156e+02, 2.8627099609375e+02, 2.862620849609375e+02, 2.859945983886719e+02, 2.857752075195312e+02, 2.855379638671875e+02, 2.856387329101562e+02, 2.852685241699219e+02, 2.85005859375e+02, 2.847821350097656e+02, 2.851174621582031e+02, 2.848224182128906e+02, 2.846054077148438e+02, 2.84418701171875e+02, 2.843284912109375e+02, 2.842239074707031e+02, 2.840015258789062e+02, 2.838030700683594e+02, 2.836124267578125e+02, 2.835180969238281e+02, 2.833013305664062e+02, 2.831361999511719e+02, 2.829902954101562e+02, 2.829889831542969e+02, 2.828532409667969e+02, 2.827246704101562e+02, 2.826062316894531e+02, 2.825131530761719e+02, 2.826801452636719e+02, 2.824754638671875e+02, 2.823696899414062e+02, 2.822784729003906e+02, 2.824742126464844e+02, 2.823393249511719e+02, 2.822453002929688e+02, 2.821672668457031e+02, 2.8222119140625e+02, 2.823332214355469e+02, 2.822040100097656e+02, 2.820981750488281e+02, 2.830397033691406e+02, 2.827998962402344e+02, 2.824994201660156e+02, 2.823934020996094e+02, 2.82558349609375e+02, 2.829423522949219e+02, 2.827548522949219e+02, 2.826799011230469e+02, 2.826279907226562e+02, 2.827333984375e+02, 2.826848449707031e+02, 2.826171264648438e+02, 2.825507202148438e+02, 2.825097351074219e+02, 2.824634399414062e+02, 2.823685913085938e+02, 2.822593994140625e+02]
structure.TSensor[2]=[2.931499938964844e+02, 2.929503173828125e+02, 2.929605102539062e+02, 2.928687744140625e+02, 2.926992797851562e+02, 2.925378723144531e+02, 2.92408203125e+02, 2.923244323730469e+02, 2.920942687988281e+02, 2.919007873535156e+02, 2.917182922363281e+02, 2.91664794921875e+02, 2.914477233886719e+02, 2.912460632324219e+02, 2.910383605957031e+02, 2.9102294921875e+02, 2.908051452636719e+02, 2.905406799316406e+02, 2.902991333007812e+02, 2.906021423339844e+02, 2.907438659667969e+02, 2.902179565429688e+02, 2.899621276855469e+02, 2.8973583984375e+02, 2.897091064453125e+02, 2.894589538574219e+02, 2.892167053222656e+02, 2.890063171386719e+02, 2.889447631835938e+02, 2.887444152832031e+02, 2.8851171875e+02, 2.882919616699219e+02, 2.881645202636719e+02, 2.880382385253906e+02, 2.877532958984375e+02, 2.875205993652344e+02, 2.872998657226562e+02, 2.872570190429688e+02, 2.869823303222656e+02, 2.867611694335938e+02, 2.865561828613281e+02, 2.864952087402344e+02, 2.862969665527344e+02, 2.860835266113281e+02, 2.858952331542969e+02, 2.860129089355469e+02, 2.859645385742188e+02, 2.856618347167969e+02, 2.854312744140625e+02, 2.851883239746094e+02, 2.852973937988281e+02, 2.848893737792969e+02, 2.846191101074219e+02, 2.843915710449219e+02, 2.847460632324219e+02, 2.843875427246094e+02, 2.841337585449219e+02, 2.839325561523438e+02, 2.838321838378906e+02, 2.837109680175781e+02, 2.834600524902344e+02, 2.832453002929688e+02, 2.830407104492188e+02, 2.829361267089844e+02, 2.826961669921875e+02, 2.825140075683594e+02, 2.823519287109375e+02, 2.823397521972656e+02, 2.821775817871094e+02, 2.820254211425781e+02, 2.8189208984375e+02, 2.817873840332031e+02, 2.819413757324219e+02, 2.817060852050781e+02, 2.815983276367188e+02, 2.815085144042969e+02, 2.817061767578125e+02, 2.815390319824219e+02, 2.814508361816406e+02, 2.813873291015625e+02, 2.814564208984375e+02, 2.81565673828125e+02, 2.814326171875e+02, 2.813529968261719e+02, 2.823714599609375e+02, 2.820737609863281e+02, 2.817577819824219e+02, 2.816918640136719e+02, 2.819089660644531e+02, 2.823077087402344e+02, 2.821109008789062e+02, 2.820602111816406e+02, 2.820455932617188e+02, 2.821903381347656e+02, 2.821604614257812e+02, 2.821175231933594e+02, 2.820802612304688e+02, 2.820691223144531e+02, 2.820446166992188e+02, 2.819678344726562e+02, 2.818743591308594e+02]
structure.TSensor[3]=[2.931499938964844e+02, 2.929245910644531e+02, 2.928392333984375e+02, 2.926141967773438e+02, 2.923247375488281e+02, 2.920425415039062e+02, 2.917843933105469e+02, 2.915751342773438e+02, 2.912364196777344e+02, 2.909377136230469e+02, 2.906439514160156e+02, 2.904951171875e+02, 2.9021875e+02, 2.899856567382812e+02, 2.897415466308594e+02, 2.896879272460938e+02, 2.894293212890625e+02, 2.891481628417969e+02, 2.888601684570312e+02, 2.891331787109375e+02, 2.892356567382812e+02, 2.887135925292969e+02, 2.884577331542969e+02, 2.881964721679688e+02, 2.881316528320312e+02, 2.878497619628906e+02, 2.875921020507812e+02, 2.873465270996094e+02, 2.872506713867188e+02, 2.870311279296875e+02, 2.868130798339844e+02, 2.865921936035156e+02, 2.864463500976562e+02, 2.862879028320312e+02, 2.859963989257812e+02, 2.857480773925781e+02, 2.854947814941406e+02, 2.854216918945312e+02, 2.851347045898438e+02, 2.849098205566406e+02, 2.8469140625e+02, 2.846205749511719e+02, 2.844266357421875e+02, 2.842438354492188e+02, 2.840743103027344e+02, 2.842187805175781e+02, 2.842046203613281e+02, 2.839745178222656e+02, 2.837955932617188e+02, 2.835450134277344e+02, 2.836018676757812e+02, 2.831260681152344e+02, 2.827615966796875e+02, 2.824212341308594e+02, 2.827146606445312e+02, 2.823460998535156e+02, 2.821397399902344e+02, 2.819601440429688e+02, 2.8186474609375e+02, 2.817369689941406e+02, 2.815021057128906e+02, 2.812859802246094e+02, 2.810580444335938e+02, 2.809251403808594e+02, 2.8066357421875e+02, 2.804662780761719e+02, 2.803021545410156e+02, 2.803083801269531e+02, 2.801890869140625e+02, 2.801028747558594e+02, 2.800244750976562e+02, 2.799674072265625e+02, 2.802022094726562e+02, 2.800391845703125e+02, 2.800038757324219e+02, 2.799723510742188e+02, 2.802507934570312e+02, 2.801692504882812e+02, 2.801640319824219e+02, 2.80169921875e+02, 2.803047180175781e+02, 2.805277709960938e+02, 2.804618835449219e+02, 2.804251403808594e+02, 2.816013793945312e+02, 2.813414611816406e+02, 2.810298156738281e+02, 2.809610900878906e+02, 2.811843566894531e+02, 2.816976928710938e+02, 2.815734252929688e+02, 2.815751342773438e+02, 2.8159619140625e+02, 2.817768859863281e+02, 2.817844543457031e+02, 2.817617797851562e+02, 2.817213439941406e+02, 2.816828002929688e+02, 2.81619140625e+02, 2.814977111816406e+02, 2.813476867675781e+02]
time=[0e+00, 2e+06]
