last-generated=2017-01-12
statistics-initialization=
{
  "linear": "2, 2, 2, 2, 2, 2, 2, 2"
}
statistics-simulation=
{
  "numerical Jacobians": "0", 
  "nonlinear": "1, 2, 2", 
  "number of continuous time states": "67", 
  "linear": "0, 0, 0, 0, 0, 0, 0, 5, 5, 0, 0, 0, 0, 0, 0, 0, 0, 0, 0, 0, 0, 5, 5, 0, 0, 0, 0,   0, 2, 2"
}
case900WithFloor.building.floor.propsBus_a.surfRad.Q_flow=[33.566539764404296875, -103.88824462890625, -123.64670562744140625, -118.80846405029296875, 5.83789396286010742188, -101.4618072509765625, -82.53816986083984375, 48.69195556640612210231, -58.634723663330078125, -73.64559173583984375, 126.15869903564453125, -111.37863922119140625, -118.007293701171875, 2638.2763671875, -485.26422119140573840923, -284.2392578125, 490.13983154296875, -194.50932312011698854803, -119.24681854248046875, -27.5309085845947265625, -91.09455108642578125, -92.3245391845703125, -84.271453857421875, -105.38422393798828125, -80.5435791015625, -92.31038665771484375, -78.54343414306640625, 60.565517425537109375, -77.94863891601555394573, -67.69525909423829546085, 572.89739990234375, -207.35906982421875, -193.1681671142578125, 572.704833984375, -248.55606079101525551778, -148.507568359375, 753.031982421875, -239.952423095703125, -146.8797454833984375, 7.53750276565551757812, -119.97319793701171875, -117.5739898681640625, -54.237537384033203125, -76.47658538818359375, -46.246952056884765625, -14.43279361724853515625, -44.939258575439453125, -48.143863677978515625, -76.02655792236328125, -124.978240966796875, -64.25936126708984375, -259.068603515625, -134.43585205078125, -54.84578704833984375, -341.8699951171875, -203.15937805175730090923, 1141.51867675775815769157, -440.19964599609613742359, -233.81521606445434713351, 37.926136016845703125, -342.94146728515625, -200.9403839111328125, 48.758350372314453125, -114.86456298828125, -109.8053436279296875, -59.458431243896484375, -92.9682159423828125, -113.19746398925714458983, -64.15500640869360893248, -127.27566528320315342171, -95.3988494873046875, -458.525970458984375, -209.2051544189453125, 549.5784912109375, -420.784088134765625, -282.991668701171875, 1902.23291015625, -943.44122314453125, -503.76483154296875, -319.893524169921875, -362.143524169921875, -242.4173736572265625, 1860.9515380859375, -475.328948974609375, -286.558197021484375, 416.019775390625, -231.7931671142578125, -162.0140228271484375, 2624.8291015625, -432.083465576171875, -305.808135986328125, 2413.361083984375, -588.7626953125, -418.927764892578125, 824.7235107421875, -588.1153564453125, -98.1985931396484375, -743.55731201171875, -590.79156494140625, -9.25089263916015625, -410.978302001953125]
case900WithoutFloor.building.floor.propsBus_a.surfRad.Q_flow=[33.566539764404296875, -120.37583160400390625, -149.5367279052734375, -172.7263031005859375, -79.47048187255859375, -200.7584228515625, -205.187347412109375, -86.86470794677745743684, -190.6627655029296875, -215.5290069580078125, -12.72800922393798828125, -243.8397369384765625, -275.733367919921875, 1843.15576171875, -476.93927001953079525265, -323.751007080078125, 280.579925537109375, -276.02273559570306815658, -256.804779052734375, -174.3609161376953125, -251.6072235107421875, -273.64276123046875, -258.967437744140625, -296.54644775390625, -293.588592529296875, -296.191925048828125, -293.01580810546875, -163.408660888671875, -284.32626342773431815658, -279.398223876953125, 292.767303466796875, -300.20452880859375, -336.773193359375, 287.717193603515625, -421.30267333984369315658, -384.66650390625, 414.637969970703125, -356.817138671875, -327.226837158203125, -194.0831146240234375, -336.56353759765625, -362.13995361328125, -311.383026123046875, -345.88128662109375, -319.91851806640625, -260.438995361328125, -281.394805908203125, -282.779144287109375, -203.2856903076171875, -268.777374267578125, -237.4382781982421875, -292.4539794921875, -237.471710205078125, -193.4324493408203125, -309.6563720703125, -261.86611938476568184342, 962.14910888667543531483, -398.76803588867312555521, -264.30279541015693212103, 60.98633575439453125, -314.930267333984375, -213.2608642578125, 2.85453200340270996094, -178.31201171875, -203.4893798828125, -176.9230194091796875, -230.9686737060546875, -276.40866088867142025265, -234.26774597168198965846, -321.32879638671852262632, -317.13409423828125, -420.9300537109375, -260.23431396484375, 306.43634033203125, -363.146514892578125, -294.589935302734375, 1186.2828369140625, -738.69781494140625, -618.49505615234375, -390.7403564453125, -367.413421630859375, -295.37103271484375, 1331.1063232421875, -461.204437255859375, -301.971527099609375, 319.818206787109375, -240.283538818359375, -223.543121337890625, 1785.384521484375, -443.26812744140625, -341.927093505859375, 1938.1533203125, -660.62603759765625, -544.9896240234375, 680.9849853515625, -728.86981201171875, -321.719268798828125, -464.326934814453125, -763.39422607421875, -121.77663421630859375, -462.475433349609375]
time=[0., 3000000.]
case900WithoutFloor.building.wall[1].propsBus_a.surfRad.Q_flow=[15.10494232177734375, 8.9431438446044921875, 11.8141689300537109375, 10.28950786590576171875, 61.0056610107421875, 21.2375335693359375, 26.3699398040771484375, 74.72066497802730111744, 28.342075347900390625, 22.7990665435791015625, 113.73931121826171875, 22.04427337646484375, 20.38396453857421875, 909.22320556640625, 20.22418022155754968594, 5.9885711669921875, 233.847412109375, 22.62995910644532315814, 29.7186717987060546875, 60.53137969970703125, 28.0796794891357421875, 29.9387912750244140625, 41.058135986328125, 27.2047901153564453125, 35.44754791259765625, 35.398807525634765625, 33.643527984619140625, 87.60242462158203125, 34.27380752563475141415, 32.665317535400390625, 257.637939453125, 26.1091670989990234375, 9.24488925933837890625, 285.433624267578125, 24.20128440856936791192, 39.092578887939453125, 362.51202392578125, 32.4615020751953125, 31.32501220703125, 87.89968109130859375, 32.33074188232421875, 32.33592987060546875, 58.5943756103515625, 42.02271270751953125, 45.414478302001953125, 58.464878082275390625, 40.209468841552734375, 38.322284698486328125, 82.6632080078125, 30.8450450897216796875, 38.430202484130859375, 35.70121002197265625, 24.76981353759765625, 39.0295562744140625, 29.0390758514404296875, 11.2778463363647603046, 504.54821777342260702426, 19.15117263793966273511, 13.01117134094232241637, 161.958221435546875, 20.8294277191162109375, 7.56681060791015625, 85.7999420166015625, 14.33479404449462890625, 16.113780975341796875, 37.137775421142578125, 24.7574405670166015625, 24.59143066406281619152, 52.94639205932531211829, 27.25603675842284445707, 36.02283477783203125, 51.517192840576171875, 29.071868896484375, 247.50537109375, 45.78802490234375, 0.18505014479160308838, 580.4134521484375, 77.52581024169921875, 1.6718597412109375, 2.48112177848815917969, 2.87309718132019042969, 4.48355960845947265625, 665.364990234375, 22.41677093505859375, 1.85007810592651367188, 235.8116302490234375, 9.46036815643310546875, 11.87339305877685546875, 848.01507568359375, 24.3594989776611328125, -6.82108592987060546875, 986.20758056640625, 21.4344997406005859375, -9.358386993408203125, 620.1080322265625, 13.47303485870361328125, 110.68381500244140625, 154.767852783203125, 4.9553470611572265625, 154.7573394775390625, -3.03755354881286621094]
case900WithFloor.building.wall[1].propsBus_a.surfRad.Q_flow=[15.10494232177734375, 5.57143735885620117188, 6.98665904998779296875, 0.42858231067657470703, 45.769344329833984375, 4.46394014358520507812, 5.78449869155883789062, 52.21161270141597299244, 7.48072528839111328125, 0.3583870232105255127, 91.5095367431640625, 1.80158960819244384766, -4.71578502655029296875, 712.83795166015625, 36.06242370605458802402, 4.70534086227416992188, 190.626953125, 11.02616119384763848643, 6.64653301239013671875, 36.407440185546875, 2.27071094512939453125, 0.61341315507888793945, 13.608142852783203125, -2.99274778366088867188, 1.36048388481140136719, 3.56309485435485839844, -0.06444543600082397461, 52.106964111328125, 2.62453889846800025865, -0.25535061955451382465, 207.650115966796875, 17.4389896392822265625, -12.1686553955078125, 229.411865234375, -2.43925929069521796322, 0.28560915589332580566, 298.48382568359375, 19.014896392822265625, 2.92784738540649414062, 55.166683197021484375, -2.13392090797424316406, -6.80849885940551757812, 17.54340362548828125, -0.62700247764587402344, 2.20949101448059082031, 20.54205322265625, 3.89324116706848144531, 2.04956078529357910156, 68.5458221435546875, 11.1973285675048828125, 11.488983154296875, 41.19417572021484375, 10.95462894439697265625, 17.0857391357421875, 48.690273284912109375, 4.8744311332701473205, 446.77783203123851762939, 39.13232421875054711791, 11.30396842956551495263, 171.1938323974609375, 34.7941741943359375, 8.44367504119873046875, 78.26668548583984375, 3.7512874603271484375, 0.11454264074563980103, 17.310153961181640625, 1.87305605411529541016, -2.19760060310335791911, 25.53280258178623896015, -3.93646907806393242524, 0.14836400747299194336, 76.32721710205078125, 25.96752166748046875, 202.642730712890625, 67.020355224609375, 4.0746612548828125, 414.7816162109375, 158.5576934814453125, -24.4107341766357421875, -9.468654632568359375, 8.00399017333984375, -2.96766066551208496094, 534.31671142578125, 34.784450531005859375, 3.67702794075012207031, 214.0825347900390625, 10.8298969268798828125, 1.35858237743377685547, 656.29901123046875, 29.78392791748046875, -11.3130168914794921875, 864.18353271484375, 12.79088306427001953125, -41.52809906005859375, 581.830810546875, -13.505245208740234375, 58.647674560546875, 225.1225128173828125, -31.6801300048828125, 137.686492919921875, -4.9147777557373046875]
