last-generated=2018-08-10
statistics-initialization=
{
  "nonlinear": "9, 7",
  "numerical Jacobians": "0"
}
statistics-simulation=
{
  "linear": "0, 0, 0, 0, 0, 5, 0, 0, 0, 0, 0, 0, 0, 0, 0, 0, 0, 0, 0, 0, 5, 0, 0, 0, 0, 0, 0,   0",
  "nonlinear": "1",
  "number of continuous time states": "68",
  "numerical Jacobians": "0"
}
zoneIntWal.TSensor=[2.931499938964844e+02, 2.924413146972656e+02, 2.922146606445312e+02, 2.920116271972656e+02, 2.918138732910156e+02, 2.916388854980469e+02, 2.916761169433594e+02, 2.916516723632812e+02, 2.915708618164062e+02, 2.913976440429688e+02, 2.911880493164062e+02, 2.909992980957031e+02, 2.908065185546875e+02, 2.906105651855469e+02, 2.904060974121094e+02, 2.901749877929688e+02, 2.89945556640625e+02, 2.897241516113281e+02, 2.895032348632812e+02, 2.892867736816406e+02, 2.892009887695312e+02, 2.890971984863281e+02, 2.889466857910156e+02, 2.887661437988281e+02, 2.8853857421875e+02, 2.8832763671875e+02, 2.881227111816406e+02, 2.879190673828125e+02, 2.876968994140625e+02, 2.875129699707031e+02, 2.87322265625e+02, 2.871355590820312e+02, 2.869609680175781e+02, 2.867886962890625e+02, 2.86726318359375e+02, 2.867000122070312e+02, 2.866240539550781e+02, 2.865357055664062e+02, 2.863681640625e+02, 2.862083435058594e+02, 2.860570068359375e+02, 2.858968505859375e+02, 2.857410278320312e+02, 2.855746154785156e+02, 2.853889770507812e+02, 2.852069091796875e+02, 2.850284729003906e+02, 2.848569946289062e+02, 2.847568969726562e+02, 2.849394226074219e+02, 2.849397583007812e+02, 2.8488134765625e+02, 2.84705078125e+02, 2.844977111816406e+02, 2.843106079101562e+02, 2.841162414550781e+02, 2.839178466796875e+02, 2.83707763671875e+02, 2.834981384277344e+02, 2.832864379882812e+02, 2.830764465332031e+02, 2.828707885742188e+02, 2.82740478515625e+02, 2.838359069824219e+02, 2.852463989257812e+02, 2.863990478515625e+02, 2.862412719726562e+02, 2.855613098144531e+02, 2.8526171875e+02, 2.850194702148438e+02, 2.847905578613281e+02, 2.845709228515625e+02, 2.843514709472656e+02, 2.841338500976562e+02, 2.839273986816406e+02, 2.837277526855469e+02, 2.835336608886719e+02, 2.83453857421875e+02, 2.832932739257812e+02, 2.835747985839844e+02, 2.837955627441406e+02, 2.834911193847656e+02, 2.832613525390625e+02, 2.830795593261719e+02, 2.829036865234375e+02, 2.827320556640625e+02, 2.825656127929688e+02, 2.824029235839844e+02, 2.822477416992188e+02, 2.820972900390625e+02, 2.819480895996094e+02, 2.81898681640625e+02, 2.81972412109375e+02, 2.819808959960938e+02, 2.819470520019531e+02, 2.818048706054688e+02, 2.816493225097656e+02, 2.815075378417969e+02, 2.813743591308594e+02, 2.812371826171875e+02, 2.810858459472656e+02]
zone.TSensor=[2.931499938964844e+02, 2.919551696777344e+02, 2.915362854003906e+02, 2.911618041992188e+02, 2.90802001953125e+02, 2.904856262207031e+02, 2.905725402832031e+02, 2.905456237792969e+02, 2.904256896972656e+02, 2.901373596191406e+02, 2.8978271484375e+02, 2.894710083007812e+02, 2.891571350097656e+02, 2.888390502929688e+02, 2.885100402832031e+02, 2.881430358886719e+02, 2.877800903320312e+02, 2.8743505859375e+02, 2.870930786132812e+02, 2.867608947753906e+02, 2.866682739257812e+02, 2.86554931640625e+02, 2.863621520996094e+02, 2.861093139648438e+02, 2.857752075195312e+02, 2.854714050292969e+02, 2.851779479980469e+02, 2.84889892578125e+02, 2.845703430175781e+02, 2.8431787109375e+02, 2.840633239746094e+02, 2.838163452148438e+02, 2.835941772460938e+02, 2.833819580078125e+02, 2.833573303222656e+02, 2.83433349609375e+02, 2.834066162109375e+02, 2.833542785644531e+02, 2.83165283203125e+02, 2.829898071289062e+02, 2.828220520019531e+02, 2.826414794921875e+02, 2.824683837890625e+02, 2.82275390625e+02, 2.820514526367188e+02, 2.818350524902344e+02, 2.816220397949219e+02, 2.814155883789062e+02, 2.8132861328125e+02, 2.817961120605469e+02, 2.819082336425781e+02, 2.819104614257812e+02, 2.81693603515625e+02, 2.814179992675781e+02, 2.811807556152344e+02, 2.809287414550781e+02, 2.806719970703125e+02, 2.803959655761719e+02, 2.801262512207031e+02, 2.7984619140625e+02, 2.795767211914062e+02, 2.793144226074219e+02, 2.791721496582031e+02, 2.812825927734375e+02, 2.839933166503906e+02, 2.861978759765625e+02, 2.859633178710938e+02, 2.847960205078125e+02, 2.8427783203125e+02, 2.838492431640625e+02, 2.834580993652344e+02, 2.830890502929688e+02, 2.827247619628906e+02, 2.823668823242188e+02, 2.820326843261719e+02, 2.817149658203125e+02, 2.814121704101562e+02, 2.813162841796875e+02, 2.810859069824219e+02, 2.81643310546875e+02, 2.821493225097656e+02, 2.816568908691406e+02, 2.812833862304688e+02, 2.810059814453125e+02, 2.807426452636719e+02, 2.804884033203125e+02, 2.802459106445312e+02, 2.800126647949219e+02, 2.797982788085938e+02, 2.795934448242188e+02, 2.793944396972656e+02, 2.793589782714844e+02, 2.795843200683594e+02, 2.796806030273438e+02, 2.797032470703125e+02, 2.795263366699219e+02, 2.793203430175781e+02, 2.791403198242188e+02, 2.789734802246094e+02, 2.78801513671875e+02, 2.786046447753906e+02]
time=[0e+00, 6.048e+05]
