last-generated=2017-01-23
statistics-simulation=
{
  "numerical Jacobians": "0", 
  "nonlinear": "1, 2", 
  "number of continuous time states": "24", 
  "linear": "0, 0, 2"
}
building.TSensor[1]=[292., 290.99452039930554292368, 290.561767578125, 290.59806315104168561447, 290.92395358615453915263, 291.35993448893231061447, 291.64548746744793561447, 291.71729532877606061447, 291.65533786349828915263, 291.5384521484375, 291.39204576280383207632, 291.23990546332464646184, 291.09757486979168561447, 291.14800347222222853816, 291.32310655381945707632, 291.37626139322918561447, 291.37122260199652146184, 291.33911810980902146184, 291.301239013671875, 291.26344129774304292368, 291.22898017035589646184, 291.19837443033856061447, 291.17142401801214646184, 291.13556247287328915263, 291.081573486328125, 291.01178995768231061447, 290.93034532335070707632, 290.8377685546875, 290.72699652777777146184, 290.60226101345483584737, 290.46995035807293561447, 290.55441623263891415263, 290.90893893771703915263, 291.35111490885418561447, 291.86725192599828915263, 292.42016940646703915263, 292.977569580078125, 293.53023274739581438553, 294.07242160373266415263, 294.544158935546875, 294.42102389865453915263, 293.90033976236981061447, 293.54398600260418561447, 293.23944769965277146184, 292.95481024848089646184, 292.67236328125, 292.39263576931421084737, 292.12557305230035353816, 291.8768310546875, 291.64217461480035353816, 291.41508992513018938553, 291.19038899739581438553, 290.98089938693578915263, 290.95915391710070707632, 291.191131591796875, 291.41929117838543561447, 291.49035305447046084737, 291.577484130859375, 291.50243801540796084737, 291.36703152126733584737, 291.222503662109375, 291.08216688368054292368, 290.94247097439233584737, 290.800140380859375, 290.65813191731768938553, 290.51748996310766415263, 290.37351481119793561447, 290.22523328993054292368, 290.07700263129339646184, 289.92986043294268938553, 289.77689615885418561447, 289.61418660481768938553, 289.44500732421875, 289.27282036675347853816, 289.21708170572918561447, 289.55873616536456438553, 289.95421006944445707632, 290.432220458984375, 290.95360310872393938553, 291.49236043294268938553, 292.03222995334203915263, 292.557403564453125, 293.06321885850695707632, 293.3856201171875, 293.15419514973956438553, 292.95418972439233584737, 292.76067776150171084737, 292.575408935546875, 292.366119384765625, 292.14160495334203915263, 291.914581298828125, 291.68233235677081438553, 291.44784884982641415263, 291.22652180989581438553, 291.03321329752606061447, 291.01860894097222853816, 291.212799072265625, 291.36710951063366792368, 291.35855441623266415263, 291.252197265625, 291.309967041015625]
time=[0., 200000.]
