last-generated=2018-08-30
statistics-initialization=
{
  "nonlinear": "8, 8",
  "numerical Jacobians": "0"
}
statistics-simulation=
{
  "linear": "0, 0, 0, 0, 0, 5, 0, 0, 0, 0, 0, 0, 0, 0, 0, 0, 0, 0, 0, 0, 0, 0, 0, 0, 5, 0, 0,   0, 0, 0",
  "nonlinear": "1",
  "number of continuous time states": "72",
  "numerical Jacobians": "0"
}
zoneIntWal.TSensor=[2.931499938964844e+02, 2.920265502929688e+02, 2.9162548828125e+02, 2.912630615234375e+02, 2.9091357421875e+02, 2.906039428710938e+02, 2.906676330566406e+02, 2.906279907226562e+02, 2.905031433105469e+02, 2.902230529785156e+02, 2.89881591796875e+02, 2.89579345703125e+02, 2.892744750976562e+02, 2.889652404785156e+02, 2.886452026367188e+02, 2.882885131835938e+02, 2.879352416992188e+02, 2.875980224609375e+02, 2.872634582519531e+02, 2.869378051757812e+02, 2.868337707519531e+02, 2.867113037109375e+02, 2.865158386230469e+02, 2.862655029296875e+02, 2.8593994140625e+02, 2.85642333984375e+02, 2.853543395996094e+02, 2.850709228515625e+02, 2.847579956054688e+02, 2.845078735351562e+02, 2.842550048828125e+02, 2.84009765625e+02, 2.837877502441406e+02, 2.835753173828125e+02, 2.835373229980469e+02, 2.835938110351562e+02, 2.835572814941406e+02, 2.834979553222656e+02, 2.833119812011719e+02, 2.831387023925781e+02, 2.829724731445312e+02, 2.827939453125e+02, 2.826221923828125e+02, 2.824317626953125e+02, 2.822117004394531e+02, 2.819984436035156e+02, 2.817881164550781e+02, 2.815838928222656e+02, 2.814900512695312e+02, 2.819100341796875e+02, 2.820042419433594e+02, 2.819975891113281e+02, 2.817882080078125e+02, 2.815241088867188e+02, 2.81294189453125e+02, 2.810498657226562e+02, 2.808001098632812e+02, 2.805317077636719e+02, 2.802681274414062e+02, 2.799949340820312e+02, 2.79730712890625e+02, 2.794730529785156e+02, 2.793262634277344e+02, 2.812660217285156e+02, 2.837722778320312e+02, 2.8582177734375e+02, 2.856219482421875e+02, 2.845468139648438e+02, 2.840631103515625e+02, 2.836622314453125e+02, 2.832948913574219e+02, 2.829481506347656e+02, 2.826052856445312e+02, 2.82267578125e+02, 2.819511413574219e+02, 2.816494750976562e+02, 2.813612060546875e+02, 2.812644958496094e+02, 2.8104345703125e+02, 2.815513000488281e+02, 2.820137329101562e+02, 2.815538330078125e+02, 2.81203125e+02, 2.809404907226562e+02, 2.806903381347656e+02, 2.804480895996094e+02, 2.802166748046875e+02, 2.799932556152344e+02, 2.797875366210938e+02, 2.795904846191406e+02, 2.79398681640625e+02, 2.793587036132812e+02, 2.795620422363281e+02, 2.796480407714844e+02, 2.79666748046875e+02, 2.794999389648438e+02, 2.793056945800781e+02, 2.791347961425781e+02, 2.789757080078125e+02, 2.788111877441406e+02, 2.786227416992188e+02]
zone.TSensor=[2.931499938964844e+02, 2.920265502929688e+02, 2.9162548828125e+02, 2.912630615234375e+02, 2.9091357421875e+02, 2.906039428710938e+02, 2.906676330566406e+02, 2.906279907226562e+02, 2.905031433105469e+02, 2.902230529785156e+02, 2.89881591796875e+02, 2.89579345703125e+02, 2.892744750976562e+02, 2.889652404785156e+02, 2.886452026367188e+02, 2.882885131835938e+02, 2.879352416992188e+02, 2.875980224609375e+02, 2.872634582519531e+02, 2.869378051757812e+02, 2.868337707519531e+02, 2.867113037109375e+02, 2.865158386230469e+02, 2.862655029296875e+02, 2.8593994140625e+02, 2.85642333984375e+02, 2.853543395996094e+02, 2.850709228515625e+02, 2.847579956054688e+02, 2.845078735351562e+02, 2.842550048828125e+02, 2.84009765625e+02, 2.837877502441406e+02, 2.835753173828125e+02, 2.835373229980469e+02, 2.835938110351562e+02, 2.835572814941406e+02, 2.834979553222656e+02, 2.833119812011719e+02, 2.831387023925781e+02, 2.829724731445312e+02, 2.827939453125e+02, 2.826221923828125e+02, 2.824317626953125e+02, 2.822117004394531e+02, 2.819984436035156e+02, 2.817881164550781e+02, 2.815838928222656e+02, 2.814900512695312e+02, 2.819100341796875e+02, 2.820042419433594e+02, 2.819975891113281e+02, 2.817882080078125e+02, 2.815241088867188e+02, 2.81294189453125e+02, 2.810498657226562e+02, 2.808001098632812e+02, 2.805317077636719e+02, 2.802681274414062e+02, 2.799949340820312e+02, 2.79730712890625e+02, 2.794730529785156e+02, 2.793262634277344e+02, 2.812660217285156e+02, 2.837722778320312e+02, 2.8582177734375e+02, 2.856219482421875e+02, 2.845468139648438e+02, 2.840631103515625e+02, 2.836622314453125e+02, 2.832948913574219e+02, 2.829481506347656e+02, 2.826052856445312e+02, 2.82267578125e+02, 2.819511413574219e+02, 2.816494750976562e+02, 2.813612060546875e+02, 2.812644958496094e+02, 2.8104345703125e+02, 2.815513000488281e+02, 2.820137329101562e+02, 2.815538330078125e+02, 2.81203125e+02, 2.809404907226562e+02, 2.806903381347656e+02, 2.804480895996094e+02, 2.802166748046875e+02, 2.799932556152344e+02, 2.797875366210938e+02, 2.795904846191406e+02, 2.79398681640625e+02, 2.793587036132812e+02, 2.795620422363281e+02, 2.796480407714844e+02, 2.79666748046875e+02, 2.794999389648438e+02, 2.793056945800781e+02, 2.791347961425781e+02, 2.789757080078125e+02, 2.788111877441406e+02, 2.786227416992188e+02]
time=[0e+00, 6.048e+05]
