last-generated=2018-06-13
statistics-simulation=
{
  "linear": " ",
  "nonlinear": " ",
  "number of continuous time states": "1",
  "numerical Jacobians": "0"
}
y=[1.000000047497451e-03, 1.842354629364198e-02, 2.162615772409517e-02, 2.248911192976044e-02, 2.338655859996545e-02, 2.431990944235736e-02, 2.529051168176253e-02, 2.629974295124144e-02, 2.734911647276089e-02, 2.844031674266736e-02, 2.95749975513639e-02, 3.07549350683621e-02, 3.198196400120311e-02, 3.325793581901289e-02, 3.458481646491912e-02, 3.596463715940282e-02, 3.739952348549807e-02, 3.889165791590986e-02, 4.044332987591976e-02, 4.205691481275329e-02, 4.37348479913832e-02, 4.547972349216874e-02, 4.729422949045458e-02, 4.918110290673779e-02, 5.114324498640802e-02, 5.318370088934898e-02, 5.530554263311706e-02, 5.751200152389124e-02, 5.980654405587028e-02, 6.219261343454038e-02, 6.467382309409585e-02, 6.725410309533812e-02, 6.993729817633067e-02, 7.272747532438072e-02, 7.562900974257883e-02, 7.864628171247627e-02, 8.17838787147508e-02, 8.504665484952377e-02, 8.843959288514489e-02, 9.196787099148926e-02, 9.563690201839144e-02, 9.945232560841059e-02, 1.034199648711221e-01, 1.075458869165729e-01, 1.118364493589837e-01, 1.162981966941597e-01, 1.209379320754502e-01, 1.257627910303031e-01, 1.307801808387955e-01, 1.359977373604653e-01, 1.414234638214111e-01, 1.470656152016323e-01, 1.529328937648466e-01, 1.590342849372592e-01, 1.653790484668956e-01, 1.719769308550528e-01, 1.788379980399632e-01, 1.859728448178867e-01, 1.933923043407141e-01, 2.01107716412076e-01, 2.09130819084445e-01, 2.174741504560052e-01, 2.261502998770482e-01, 2.351725592545542e-01, 2.445547271074863e-01, 2.543112873732644e-01, 2.644570199600224e-01, 2.750075876681892e-01, 2.859790245458171e-01, 2.973882583808137e-01, 3.092526938262985e-01, 3.215904208820847e-01, 3.344202562867395e-01, 3.4776211180461e-01, 3.61636267574511e-01, 3.760638833045959e-01, 3.91067012890212e-01, 4.066688126966329e-01, 4.228930650470403e-01, 4.397644330920202e-01, 4.573088969949496e-01, 4.755534783526728e-01, 4.945258935127718e-01, 5.14255140155496e-01, 5.347715570977468e-01, 5.561063965087035e-01, 5.782925164208222e-01, 6.013637073358682e-01, 6.253554342076207e-01, 6.503043540085753e-01, 6.762485541300489e-01, 7.032275673324564e-01, 7.312832595178329e-01, 7.60458269381875e-01, 7.907971217769855e-01, 8.223463681887769e-01, 8.551543479588183e-01, 8.892709813535772e-01, 9.247488288220022e-01, 9.616420507696057e-01, 1.000006914138794e+00]
x=[1.000000047497451e-03, 1.84248669090403e-02, 2.162765342814001e-02, 2.249049960039225e-02, 2.338776931928331e-02, 2.432083517702497e-02, 2.529112821727195e-02, 2.630013038143942e-02, 2.734938655628755e-02, 2.844050486984409e-02, 2.957515215091823e-02, 3.075506917881118e-02, 3.198205713345058e-02, 3.325799914892132e-02, 3.458484254195121e-02, 3.596462225827493e-02, 3.739944897966545e-02, 3.889151635488852e-02, 4.044311380913574e-02, 4.205661306422135e-02, 4.37344829129506e-02, 4.547929508372335e-02, 4.729371167509421e-02, 4.918051803617647e-02, 5.114260051113643e-02, 5.318295955657959e-02, 5.530472306919811e-02, 5.751112608081099e-02, 5.980556430453289e-02, 6.219154055087225e-02, 6.467269805651453e-02, 6.725285139782448e-02, 6.993594217058209e-02, 7.2726059714165e-02, 7.562750472533822e-02, 7.864470963994812e-02, 8.178226938939516e-02, 8.504502317237304e-02, 8.843793885625237e-02, 9.196621696259674e-02, 9.563524798949892e-02, 9.94506641289508e-02, 1.034183033916979e-01, 1.075442254370998e-01, 1.118347580771793e-01, 1.162964681594168e-01, 1.209361588373303e-01, 1.257609730886375e-01, 1.307782734900828e-01, 1.359957257038462e-01, 1.414213627576828e-01, 1.47063439632027e-01, 1.529306138868997e-01, 1.590318560477714e-01, 1.6537648546749e-01, 1.719742784484491e-01, 1.788352711275003e-01, 1.859700135972066e-01, 1.933893837129957e-01, 2.011047510809984e-01, 2.09127898456851e-01, 2.174711553228184e-01, 2.261472898424871e-01, 2.351695641211543e-01, 2.445517766775699e-01, 2.543083071410256e-01, 2.644540099250704e-01, 2.750045478313056e-01, 2.859759847091468e-01, 2.973851589392498e-01, 3.092495049776254e-01, 3.215871724289445e-01, 3.344170078335993e-01, 3.477587441424644e-01, 3.616327807027916e-01, 3.760603070259094e-01, 3.910634366113833e-01, 4.066651172083726e-01, 4.228892503493484e-01, 4.3976055878979e-01, 4.573050226930392e-01, 4.755494550392215e-01, 4.945217807921757e-01, 5.142509678298643e-01, 5.347673251679678e-01, 5.561019857657007e-01, 5.782879864682456e-01, 6.013591177782205e-01, 6.253506658360387e-01, 6.502993472184142e-01, 6.762434281298877e-01, 7.032223221237162e-01, 7.31277775891011e-01, 7.604524877315449e-01, 7.907911613125079e-01, 8.223401693057203e-01, 8.551479106565431e-01, 8.892643056333623e-01, 9.247419742884214e-01, 9.61635077026167e-01, 1e+00]
time=[0e+00, 1e+00]
der(y)=[1.979791045188904e+00, 1.030775385431838e+00, 8.460787698579639e-02, 8.798334770723312e-02, 9.149348767935955e-02, 9.514366807732581e-02, 9.893947146790685e-02, 1.028867139217484e-01, 1.06991433358538e-01, 1.112599059335513e-01, 1.156986796098223e-01, 1.203145387604921e-01, 1.251145465440602e-01, 1.301060492323622e-01, 1.35296702070703e-01, 1.406944212421783e-01, 1.463075002715677e-01, 1.521445055135539e-01, 1.582143858681722e-01, 1.645264342931694e-01, 1.710903028646143e-01, 1.779160396374358e-01, 1.850140848477082e-01, 1.923953114461946e-01, 2.000710261295818e-01, 2.080529630184174e-01, 2.163533500403623e-01, 2.249848450537057e-01, 2.339607466319937e-01, 2.432947387558657e-01, 2.530010821117326e-01, 2.630946909780199e-01, 2.735909896456534e-01, 2.845060381945974e-01, 2.958565611140051e-01, 3.076599014299393e-01, 3.199341416830569e-01, 3.326980707815023e-01, 3.459712331712705e-01, 3.597739540999657e-01, 3.741272899038676e-01, 3.890532905863355e-01, 4.045748024916453e-01, 4.207154693167989e-01, 4.375001531081668e-01, 4.549544368598428e-01, 4.731050575911048e-01, 4.919798397209464e-01, 5.116076088946062e-01, 5.320184629138512e-01, 5.532435774803162e-01, 5.753155566160663e-01, 5.982680768885674e-01, 6.221363051405537e-01, 6.46956628110508e-01, 6.727673098853051e-01, 6.9960772341196e-01, 7.27518936566279e-01, 7.565436859089647e-01, 7.867264365833715e-01, 8.181131318108972e-01, 8.50752187035688e-01, 8.846934273367648e-01, 9.199887090353155e-01, 9.566921533188971e-01, 9.94859907797278e-01, 1.034550203454813e+00, 1.075824071538127e+00, 1.118744699768472e+00, 1.163377653525002e+00, 1.209791240110214e+00, 1.25805650822286e+00, 1.308247062744921e+00, 1.36044027230708e+00, 1.414715714333719e+00, 1.471156597137451e+00, 1.529849228936822e+00, 1.59088337417282e+00, 1.654352493204706e+00, 1.720353340308369e+00, 1.788987791882491e+00, 1.860360485912542e+00, 1.934580499632421e+00, 2.011761558784811e+00, 2.092021919193361e+00, 2.175483739919979e+00, 2.262276046531244e+00, 2.352530674137314e+00, 2.446386144675009e+00, 2.543985986580847e+00, 2.645479688397145e+00, 2.75102205772525e+00, 2.86077552310743e+00, 2.974907553727786e+00, 3.093593149542445e+00, 3.217013748099597e+00, 3.345358176815014e+00, 3.478822320292664e+00, 3.617611854615465e+00, 3.76193843212932e+00, 3.912023067474365e+00]
der(x)=[1.979791045188904e+00, 1.030775385431838e+00, 8.460787698579639e-02, 8.798334770723312e-02, 9.149348767935955e-02, 9.514366807732581e-02, 9.893947146790685e-02, 1.028867139217484e-01, 1.06991433358538e-01, 1.112599059335513e-01, 1.156986796098223e-01, 1.203145387604921e-01, 1.251145465440602e-01, 1.301060492323622e-01, 1.35296702070703e-01, 1.406944212421783e-01, 1.463075002715677e-01, 1.521445055135539e-01, 1.582143858681722e-01, 1.645264342931694e-01, 1.710903028646143e-01, 1.779160396374358e-01, 1.850140848477082e-01, 1.923953114461946e-01, 2.000710261295818e-01, 2.080529630184174e-01, 2.163533500403623e-01, 2.249848450537057e-01, 2.339607466319937e-01, 2.432947387558657e-01, 2.530010821117326e-01, 2.630946909780199e-01, 2.735909896456534e-01, 2.845060381945974e-01, 2.958565611140051e-01, 3.076599014299393e-01, 3.199341416830569e-01, 3.326980707815023e-01, 3.459712331712705e-01, 3.597739540999657e-01, 3.741272899038676e-01, 3.890532905863355e-01, 4.045748024916453e-01, 4.207154693167989e-01, 4.375001531081668e-01, 4.549544368598428e-01, 4.731050575911048e-01, 4.919798397209464e-01, 5.116076088946062e-01, 5.320184629138512e-01, 5.532435774803162e-01, 5.753155566160663e-01, 5.982680768885674e-01, 6.221363051405537e-01, 6.46956628110508e-01, 6.727673098853051e-01, 6.9960772341196e-01, 7.27518936566279e-01, 7.565436859089647e-01, 7.867264365833715e-01, 8.181131318108972e-01, 8.50752187035688e-01, 8.846934273367648e-01, 9.199887090353155e-01, 9.566921533188971e-01, 9.94859907797278e-01, 1.034550203454813e+00, 1.075824071538127e+00, 1.118744699768472e+00, 1.163377653525002e+00, 1.209791240110214e+00, 1.25805650822286e+00, 1.308247062744921e+00, 1.36044027230708e+00, 1.414715714333719e+00, 1.471156597137451e+00, 1.529849228936822e+00, 1.59088337417282e+00, 1.654352493204706e+00, 1.720353340308369e+00, 1.788987791882491e+00, 1.860360485912542e+00, 1.934580499632421e+00, 2.011761558784811e+00, 2.092021919193361e+00, 2.175483739919979e+00, 2.262276046531244e+00, 2.352530674137314e+00, 2.446386144675009e+00, 2.543985986580847e+00, 2.645479688397145e+00, 2.75102205772525e+00, 2.86077552310743e+00, 2.974907553727786e+00, 3.093593149542445e+00, 3.217013748099597e+00, 3.345358176815014e+00, 3.478822320292664e+00, 3.617611854615465e+00, 3.76193843212932e+00, 3.912023067474365e+00]
