last-generated=2017-01-24
statistics-initialization=
{
  "numerical Jacobians": "0", 
  "nonlinear": "1, 1"
}
statistics-simulation=
{
  "numerical Jacobians": "0", 
  "nonlinear": " ", 
  "number of continuous time states": "6", 
  "linear": " "
}
con2.u_m=[293.149993896484375, 303.139007568359375, 303.12872314453125, 303.132415771484375, 303.138214111328125, 303.14208984375, 303.14471435546875, 303.146453857421875, 303.147613525390625, 303.148406982421875, 303.14892578125, 300.757843017578125, 298.66693115234375, 297.58929443359375, 297.3487548828125, 297.553070068359375, 297.867279052734375, 298.107635498046875, 298.2252197265625, 298.24615478515625, 298.21826171875, 298.180450439453125, 298.15283203125, 298.140167236328125, 298.13848876953125, 298.1422119140625, 298.146759033203125, 298.14990234375, 298.1512451171875, 298.151397705078125, 298.150909423828125, 298.150360107421875, 298.149993896484375, 298.14984130859375, 298.149810791015625, 298.149871826171875, 298.149932861328125, 298.149993896484375, 298.1500244140625, 298.1500244140625, 298.1500244140625, 298.1500244140625, 298.1500244140625, 298.149993896484375, 298.149993896484375, 298.149993896484375, 298.149993896484375, 298.149993896484375, 298.149993896484375, 298.149993896484375, 298.149993896484375, 298.149993896484375, 298.149993896484375, 298.149993896484375, 298.149993896484375, 298.149993896484375, 298.149993896484375, 298.149993896484375, 298.149993896484375, 298.149993896484375, 298.149993896484375, 298.149993896484375, 298.149993896484375, 298.149993896484375, 298.149993896484375, 298.149993896484375, 298.149993896484375, 298.149993896484375, 298.149993896484375, 298.149993896484375, 298.149993896484375, 298.149993896484375, 298.149993896484375, 298.149993896484375, 298.149993896484375, 298.149993896484375, 298.149993896484375, 298.149993896484375, 298.149993896484375, 298.149993896484375, 298.149993896484375, 298.149993896484375, 298.149993896484375, 298.149993896484375, 298.149993896484375, 298.149993896484375, 298.149993896484375, 298.149993896484375, 298.149993896484375, 298.149993896484375, 298.149993896484375, 298.149993896484375, 298.149993896484375, 298.149993896484375, 298.149993896484375, 298.149993896484375, 298.149993896484375, 298.149993896484375, 298.149993896484375, 298.149993896484375, 298.149993896484375]
con1.u_m=[293.149993896484375, 303.115631103515625, 303.13873291015625, 303.14630126953125, 303.1488037109375, 303.14959716796875, 303.149871826171875, 303.14996337890625, 303.149993896484375, 303.149993896484375, 303.149993896484375, 298.270050048828125, 298.18939208984375, 298.16290283203125, 298.15423583984375, 298.151397705078125, 298.15045166015625, 298.150146484375, 298.150054931640625, 298.1500244140625, 298.149993896484375, 298.149993896484375, 298.149993896484375, 298.149993896484375, 298.149993896484375, 298.149993896484375, 298.149993896484375, 298.149993896484375, 298.149993896484375, 298.149993896484375, 298.149993896484375, 298.149993896484375, 298.149993896484375, 298.149993896484375, 298.149993896484375, 298.149993896484375, 298.149993896484375, 298.149993896484375, 298.149993896484375, 298.149993896484375, 298.149993896484375, 298.149993896484375, 298.149993896484375, 298.149993896484375, 298.149993896484375, 298.149993896484375, 298.149993896484375, 298.149993896484375, 298.149993896484375, 298.149993896484375, 298.149993896484375, 298.149993896484375, 298.149993896484375, 298.149993896484375, 298.149993896484375, 298.149993896484375, 298.149993896484375, 298.149993896484375, 298.149993896484375, 298.149993896484375, 298.149993896484375, 298.149993896484375, 298.149993896484375, 298.149993896484375, 298.149993896484375, 298.149993896484375, 298.149993896484375, 298.149993896484375, 298.149993896484375, 298.149993896484375, 298.149993896484375, 298.149993896484375, 298.149993896484375, 298.149993896484375, 298.149993896484375, 298.149993896484375, 298.149993896484375, 298.149993896484375, 298.149993896484375, 298.149993896484375, 298.149993896484375, 298.149993896484375, 298.149993896484375, 298.149993896484375, 298.149993896484375, 298.149993896484375, 298.149993896484375, 298.149993896484375, 298.149993896484375, 298.149993896484375, 298.149993896484375, 298.149993896484375, 298.149993896484375, 298.149993896484375, 298.149993896484375, 298.149993896484375, 298.149993896484375, 298.149993896484375, 298.149993896484375, 298.149993896484375, 298.149993896484375]
con1.u_s=[303.149993896484375, 303.149993896484375, 303.149993896484375, 303.149993896484375, 303.149993896484375, 303.149993896484375, 303.149993896484375, 303.149993896484375, 303.149993896484375, 303.149993896484375, 303.149993896484375, 298.149993896484375, 298.149993896484375, 298.149993896484375, 298.149993896484375, 298.149993896484375, 298.149993896484375, 298.149993896484375, 298.149993896484375, 298.149993896484375, 298.149993896484375, 298.149993896484375, 298.149993896484375, 298.149993896484375, 298.149993896484375, 298.149993896484375, 298.149993896484375, 298.149993896484375, 298.149993896484375, 298.149993896484375, 298.149993896484375, 298.149993896484375, 298.149993896484375, 298.149993896484375, 298.149993896484375, 298.149993896484375, 298.149993896484375, 298.149993896484375, 298.149993896484375, 298.149993896484375, 298.149993896484375, 298.149993896484375, 298.149993896484375, 298.149993896484375, 298.149993896484375, 298.149993896484375, 298.149993896484375, 298.149993896484375, 298.149993896484375, 298.149993896484375, 298.149993896484375, 298.149993896484375, 298.149993896484375, 298.149993896484375, 298.149993896484375, 298.149993896484375, 298.149993896484375, 298.149993896484375, 298.149993896484375, 298.149993896484375, 298.149993896484375, 298.149993896484375, 298.149993896484375, 298.149993896484375, 298.149993896484375, 298.149993896484375, 298.149993896484375, 298.149993896484375, 298.149993896484375, 298.149993896484375, 298.149993896484375, 298.149993896484375, 298.149993896484375, 298.149993896484375, 298.149993896484375, 298.149993896484375, 298.149993896484375, 298.149993896484375, 298.149993896484375, 298.149993896484375, 298.149993896484375, 298.149993896484375, 298.149993896484375, 298.149993896484375, 298.149993896484375, 298.149993896484375, 298.149993896484375, 298.149993896484375, 298.149993896484375, 298.149993896484375, 298.149993896484375, 298.149993896484375, 298.149993896484375, 298.149993896484375, 298.149993896484375, 298.149993896484375, 298.149993896484375, 298.149993896484375, 298.149993896484375, 298.149993896484375, 298.149993896484375]
time=[0., 1200.]
con2.y=[0., 0.00500031188130378723, 0.00184062949847429991, 0., 0., 0., 0., 0., 0., 0., 0., 0.72833484411239624023, 0.69738274812698364258, 0.57702839374542236328, 0.46480906009674050061, 0.39882609248161315918, 0.37756076455116271973, 0.38326838612556463071, 0.39817142486572265625, 0.41128706932067871094, 0.41861712932586669922, 0.42071926593780517578, 0.41979861259460449219, 0.41799587011337280273, 0.41646084189414978027, 0.4156475365161895752, 0.41544610261917114258, 0.41558933258056640625, 0.41578966379165649414, 0.41597372293472290039, 0.41607168316841125488, 0.41608738899230957031, 0.41607657074928283691, 0.41605159640312194824, 0.41602486371994018555, 0.41600877046585083008, 0.41601023077964782715, 0.41601234674453735352, 0.41601446270942687988, 0.41601645946502685547, 0.41601827740669250488, 0.41601979732513427734, 0.41602090001106262207, 0.41602149605751037598, 0.41602146625518798828, 0.4160207211971282959, 0.41601976752281188965, 0.4160194694995880127, 0.41601923108100891113, 0.41601905226707458496, 0.41601893305778503418, 0.41601887345314025879, 0.41601887345314025879, 0.41601887345314025879, 0.41601893305778503418, 0.41601899266242980957, 0.41601908206939697266, 0.41601920127868652344, 0.41601929068565368652, 0.4160194098949432373, 0.41601949930191040039, 0.41601958870887756348, 0.41601961851119995117, 0.41601964831352233887, 0.41601964831352233887, 0.41601958870887756348, 0.41601949930191040039, 0.4160194098949432373, 0.41601938009262084961, 0.41601938009262084961, 0.41601935029029846191, 0.41601935029029846191, 0.41601935029029846191, 0.41601935029029846191, 0.41601935029029846191, 0.41601935029029846191, 0.41601935029029846191, 0.41601935029029846191, 0.41601935029029846191, 0.41601935029029846191, 0.41601935029029846191, 0.41601935029029846191, 0.41601935029029846191, 0.41601935029029846191, 0.41601935029029846191, 0.41601938009262084961, 0.41601938009262084961, 0.41601938009262084961, 0.41601938009262084961, 0.41601938009262084961, 0.41601938009262084961, 0.41601938009262084961, 0.41601938009262084961, 0.41601938009262084961, 0.41601938009262084961, 0.41601938009262084961, 0.41601938009262084961, 0.41601938009262084961, 0.41601938009262084961, 0.41601938009262084961, 0.41601938009262084961]
con1.y=[0., 0.00258930469863116741, 0.00084960233652964234, 0.00027829714235849679, 0.00009120459435507655, 0.00002996353032358456, 0.00000718456249160226, 0.00000329944236909796, 0.00000108075482785353, 0.00000037168709354773, 0., 0.4069436490535736084, 0.41304215788841247559, 0.41504409909248352051, 0.41569998860359191895, 0.41591471433639526367, 0.41598501801490783691, 0.41600811481475830078, 0.41601568460464477539, 0.4160181581974029541, 0.41601899266242980957, 0.41601923108100891113, 0.41601932048797607422, 0.41601935029029846191, 0.41601938009262084961, 0.41601938009262084961, 0.41601938009262084961, 0.41601938009262084961, 0.41601938009262084961, 0.41601938009262084961, 0.41601938009262084961, 0.41601938009262084961, 0.41601938009262084961, 0.41601938009262084961, 0.41601938009262084961, 0.41601938009262084961, 0.41601938009262084961, 0.41601938009262084961, 0.41601938009262084961, 0.41601938009262084961, 0.41601938009262084961, 0.41601938009262084961, 0.41601938009262084961, 0.41601938009262084961, 0.41601938009262084961, 0.41601938009262084961, 0.41601938009262084961, 0.41601938009262084961, 0.41601938009262084961, 0.41601938009262084961, 0.41601938009262084961, 0.41601938009262084961, 0.41601938009262084961, 0.41601938009262084961, 0.41601938009262084961, 0.41601938009262084961, 0.41601938009262084961, 0.41601938009262084961, 0.41601938009262084961, 0.41601938009262084961, 0.41601938009262084961, 0.41601938009262084961, 0.41601938009262084961, 0.41601938009262084961, 0.41601938009262084961, 0.41601938009262084961, 0.41601938009262084961, 0.41601938009262084961, 0.41601938009262084961, 0.41601938009262084961, 0.41601938009262084961, 0.41601938009262084961, 0.41601938009262084961, 0.41601938009262084961, 0.41601938009262084961, 0.41601938009262084961, 0.41601938009262084961, 0.41601938009262084961, 0.41601938009262084961, 0.41601938009262084961, 0.41601938009262084961, 0.41601938009262084961, 0.41601938009262084961, 0.41601938009262084961, 0.41601938009262084961, 0.41601938009262084961, 0.41601938009262084961, 0.41601938009262084961, 0.41601938009262084961, 0.41601938009262084961, 0.41601938009262084961, 0.41601938009262084961, 0.41601938009262084961, 0.41601938009262084961, 0.41601938009262084961, 0.41601938009262084961, 0.41601938009262084961, 0.41601938009262084961, 0.41601938009262084961, 0.41601938009262084961, 0.41601938009262084961]
