last-generated=2018-06-13
statistics-simulation=
{
  "linear": " ",
  "nonlinear": " ",
  "number of continuous time states": "2",
  "numerical Jacobians": "0"
}
y=[-7.407407462596893e-02, -7.870240972812639e-02, -8.372450136268196e-02, -8.918311563954985e-02, -9.512676945919409e-02, -1.016105318742337e-01, -1.086971741548052e-01, -1.16458405749053e-01, -1.249764980578507e-01, -1.343459848097395e-01, -1.446759427945223e-01, -1.560926267362585e-01, -1.687428739391605e-01, -1.827978563227715e-01, -1.984580845454179e-01, -2.159593708497593e-01, -2.355805653847619e-01, -2.576525584728732e-01, -2.825701347615878e-01, -3.108072651554538e-01, -3.429355054369018e-01, -3.796489898081031e-01, -4.217956570709447e-01, -4.704191130839118e-01, -5.268126155258996e-01, -5.925925970077515e-01, -6.697960115804455e-01, -7.610141557406215e-01, -8.695773942024052e-01, -9.998119846737081e-01, -1.157407543771096e+00, -1.34994299203404e+00, -1.52711103027655e+00, -1.327292072059711e+00, -9.683593486066592e-01, -7.442783172932665e-01, -6.048000433469523e-01, -4.842368011353715e-01, -3.80865261012095e-01, -2.933632388041781e-01, -2.204081307615159e-01, -1.606775334914808e-01, -1.128489899727796e-01, -7.560000552096158e-02, -4.760815771952173e-02, -2.755101640956194e-02, -1.410612377083671e-02, -5.951019737798304e-03, -1.763265477562106e-03, -2.204081863210156e-04, 0e+00, 2.204081863210156e-04, 1.763265477562106e-03, 5.951019737798304e-03, 1.410612377083679e-02, 2.755101640956206e-02, 4.76081577195219e-02, 7.560000552096158e-02, 1.128489899727793e-01, 1.606775334914808e-01, 2.204081307615159e-01, 2.933632388041781e-01, 3.80865261012095e-01, 4.842368011353715e-01, 6.048000433469523e-01, 7.442783172932665e-01, 9.683593486066592e-01, 1.327292072059714e+00, 1.52711103027655e+00, 1.349942992034042e+00, 1.157407543771098e+00, 9.998119846737091e-01, 8.695773942024043e-01, 7.610141557406215e-01, 6.697960115804462e-01, 5.925925970077515e-01, 5.268126155258992e-01, 4.704191130839116e-01, 4.217956570709449e-01, 3.79648989808103e-01, 3.429355054369013e-01, 3.108072651554535e-01, 2.825701347615878e-01, 2.576525584728733e-01, 2.355805653847619e-01, 2.159593708497594e-01, 1.984580845454179e-01, 1.827978563227715e-01, 1.687428739391605e-01, 1.560926267362585e-01, 1.446759427945223e-01, 1.343459848097395e-01, 1.249764980578506e-01, 1.16458405749053e-01, 1.086971741548053e-01, 1.016105318742338e-01, 9.512676945919409e-02, 8.918311563954981e-02, 8.372450136268196e-02, 7.870240972812642e-02, 7.407407462596893e-02]
y_comp=[-7.407407462596893e-02, -7.870241717870699e-02, -8.37245162637721e-02, -8.918313054071104e-02, -9.512679181093588e-02, -1.016105542259755e-01, -1.086972039571276e-01, -1.164584355513754e-01, -1.249765353107418e-01, -1.343460146121093e-01, -1.446759874980059e-01, -1.560926565385809e-01, -1.687429186426441e-01, -1.827979010262551e-01, -1.984581292489015e-01, -2.159594155532429e-01, -2.355806249893594e-01, -2.576526180775179e-01, -2.825702241684483e-01, -3.108073545624209e-01, -3.429355948438689e-01, -3.796491090173927e-01, -4.217957762801041e-01, -4.704192322932132e-01, -5.268127347351892e-01, -5.925927758216858e-01, -6.697961903943799e-01, -7.610143345545558e-01, -8.695776326209843e-01, -9.998122826968846e-01, -1.157407782190149e+00, -1.349943349661909e+00, -1.527111507113281e+00, -1.32729242968758e+00, -9.683598254438174e-01, -7.442787941303063e-01, -6.048005201839802e-01, -4.842372779725297e-01, -3.808657676515756e-01, -2.933637752459811e-01, -2.204086970056413e-01, -1.606780997356328e-01, -1.128495785686468e-01, -7.560062391914298e-02, -4.760879101887691e-02, -2.755167206065817e-02, -1.410679804837906e-02, -5.951714970102753e-03, -1.763981082544465e-03, -2.211441348813229e-04, -7.562747441625106e-07, 2.196316088124865e-04, 1.762468614683289e-03, 5.950202502241577e-03, 1.410528558051797e-02, 2.755015959279711e-02, 4.76072785510159e-02, 7.55991114512818e-02, 1.128480661007853e-01, 1.606765947183255e-01, 2.204071770871995e-01, 2.933622553275393e-01, 3.808642477331338e-01, 4.84235758054159e-01, 6.047990300678608e-01, 7.442773040141869e-01, 9.683582757230532e-01, 1.327290999176108e+00, 1.527110076601807e+00, 1.349941919150436e+00, 1.157406470887492e+00, 9.998110309993927e-01, 8.695764405280879e-01, 7.610132020663287e-01, 6.697951175107746e-01, 5.925917029380798e-01, 5.268117214562276e-01, 4.704182786188847e-01, 4.217948524082404e-01, 3.796482149477209e-01, 3.429347603788416e-01, 3.108065498996807e-01, 2.825694493081728e-01, 2.576518730194584e-01, 2.355799246347832e-01, 2.159587450009893e-01, 1.984574735978089e-01, 1.82797275177485e-01, 1.687423225961963e-01, 1.560920902944555e-01, 1.446754361550417e-01, 1.343454930714201e-01, 1.249760361218536e-01, 1.164579661647978e-01, 1.086967569222267e-01, 1.016101369934326e-01, 9.512639693017017e-02, 8.918276546230319e-02, 8.372417353706464e-02, 7.870210425428642e-02, 7.407379150390625e-02]
time=[-1.5e+00, 1.5e+00]
der_y=[-1.481481492519379e-01, -1.606171704496089e-01, -1.744260621081283e-01, -1.897513092596709e-01, -2.067973287441716e-01, -2.258011860021425e-01, -2.470390448762546e-01, -2.708334904150753e-01, -2.975630969190923e-01, -3.276731279606301e-01, -3.616898641990932e-01, -4.00237472492997e-01, -4.440601844147354e-01, -4.94048263616425e-01, -5.512724811254126e-01, -6.170267549818652e-01, -6.928840364898642e-01, -7.807653255748191e-01, -8.830317077577841e-01, -1.002604158278054e+00, -1.143118262364377e+00, -1.309134512540131e+00, -1.506413036542554e+00, -1.742293021120224e+00, -2.026202148611667e+00, -2.370370388031006e+00, -2.790816998468487e+00, -3.308757260390699e+00, -3.952624725355574e+00, -4.761009552371471e+00, -5.787037839033467e+00, -7.104962955179756e+00, -6.053734220848423e-01, 1.178538015497951e+01, 1.033036896893366e+01, 5.155547528576557e+00, 4.320000443340819e+00, 3.724898136839342e+00, 3.173877227511462e+00, 2.666938571716297e+00, 2.204081361927013e+00, 1.785305955770497e+00, 1.41061228937989e+00, 1.080000111316928e+00, 7.934693074033107e-01, 5.510203409196243e-01, 3.526530725420604e-01, 1.983673271135585e-01, 8.816326823404912e-02, 2.204081710777758e-02, 0e+00, 2.204081710777758e-02, 8.816326823404912e-02, 1.983673271135585e-01, 3.526530725420617e-01, 5.510203409196258e-01, 7.934693074033126e-01, 1.080000111316928e+00, 1.410612289379887e+00, 1.785305955770497e+00, 2.204081361927013e+00, 2.666938571716297e+00, 3.173877227511462e+00, 3.724898136839342e+00, 4.320000443340819e+00, 5.155547528576557e+00, 1.033036896893366e+01, 1.178538015497946e+01, -6.053734220848423e-01, -7.104962955179767e+00, -5.787037839033484e+00, -4.761009552371477e+00, -3.952624725355568e+00, -3.308757260390699e+00, -2.790816998468491e+00, -2.370370388031006e+00, -2.026202148611664e+00, -1.742293021120223e+00, -1.506413036542555e+00, -1.309134512540131e+00, -1.143118262364375e+00, -1.002604158278053e+00, -8.830317077577841e-01, -7.807653255748198e-01, -6.928840364898642e-01, -6.170267549818658e-01, -5.512724811254126e-01, -4.94048263616425e-01, -4.440601844147354e-01, -4.00237472492997e-01, -3.616898641990929e-01, -3.276731279606301e-01, -2.975630969190921e-01, -2.708334904150753e-01, -2.470390448762548e-01, -2.258011860021428e-01, -2.067973287441716e-01, -1.897513092596708e-01, -1.744260621081283e-01, -1.60617170449609e-01, -1.481481492519379e-01]
der_y_comp=[-1.481481492519379e-01, -1.606171853508412e-01, -1.74426106811754e-01, -1.897513688643157e-01, -2.067974032499776e-01, -2.258012754091097e-01, -2.470391342832218e-01, -2.708335798220425e-01, -2.975631863260121e-01, -3.276732173675973e-01, -3.616899536060603e-01, -4.002375618999642e-01, -4.440602738217025e-01, -4.940483530234632e-01, -5.512726003347022e-01, -6.170268741911548e-01, -6.928841556991537e-01, -7.807654447841087e-01, -8.830318865717184e-01, -1.002604277487485e+00, -1.143118500782956e+00, -1.309134750958711e+00, -1.506413394170422e+00, -1.742293378748092e+00, -2.026202625448256e+00, -2.370370864868164e+00, -2.790817475305646e+00, -3.308757737227857e+00, -3.952625440612353e+00, -4.761010506045787e+00, -5.787038792709678e+00, -7.104963908854641e+00, -6.053743161547271e-01, 1.17853792013052e+01, 1.033036801525935e+01, 5.155547051738451e+00, 4.319999489667545e+00, 3.724897660001615e+00, 3.173876512255724e+00, 2.666937856460559e+00, 2.204080885089381e+00, 1.785305359723836e+00, 1.410611693333442e+00, 1.079999396061321e+00, 7.934686517522181e-01, 5.510196852684726e-01, 3.526524168909679e-01, 1.983666565612959e-01, 8.816259768179373e-02, 2.204014283023355e-02, -6.74881732720678e-07, 2.204014283023355e-02, 8.816259768179373e-02, 1.983666565612959e-01, 3.526524168909692e-01, 5.510196852684741e-01, 7.9346865175222e-01, 1.079999396061321e+00, 1.410611693333439e+00, 1.785305359723836e+00, 2.204080885089381e+00, 2.666937856460559e+00, 3.173876512255724e+00, 3.724897660001615e+00, 4.319999489667545e+00, 5.155547051738451e+00, 1.033036896893196e+01, 1.178538015497946e+01, -6.053728260388205e-01, -7.10496200150545e+00, -5.787036885359168e+00, -4.761008598697161e+00, -3.952623771681252e+00, -3.308756306716382e+00, -2.790816044795311e+00, -2.370369434356689e+00, -2.026201433355359e+00, -1.742292186655196e+00, -1.506412202077528e+00, -1.309133678075104e+00, -1.143117427899348e+00, -1.002603323813026e+00, -8.830308732927572e-01, -7.807644911098877e-01, -6.928832616294821e-01, -6.170259801214837e-01, -5.512717062650305e-01, -4.94047488756185e-01, -4.440594393566757e-01, -4.002367274349373e-01, -3.616891191410332e-01, -3.276723829025704e-01, -2.975623518609851e-01, -2.708327453570156e-01, -2.470382998181951e-01, -2.258004409440831e-01, -2.067965687849626e-01, -1.897505642016111e-01, -1.744253170502107e-01, -1.606164253916204e-01, -1.481474190950394e-01]
err=[0e+00, 0e+00, 0e+00, 0e+00, 0e+00, 0e+00, 0e+00, 0e+00, 0e+00, 0e+00, 0e+00, 0e+00, 0e+00, 0e+00, 0e+00, 0e+00, 0e+00, 0e+00, 0e+00, 0e+00, 0e+00, 0e+00, 0e+00, 0e+00, 0e+00, 0e+00, 0e+00, 0e+00, 0e+00, 0e+00, 0e+00, 0e+00, 0e+00, 0e+00, 0e+00, 0e+00, 0e+00, 0e+00, 0e+00, 0e+00, 0e+00, 0e+00, 0e+00, 0e+00, 0e+00, 0e+00, 0e+00, 0e+00, 0e+00, 0e+00, 0e+00, 0e+00, 0e+00, 0e+00, 0e+00, 0e+00, 0e+00, 0e+00, 0e+00, 0e+00, 0e+00, 0e+00, 0e+00, 0e+00, 0e+00, 0e+00, 0e+00, 0e+00, 0e+00, 0e+00, 0e+00, 0e+00, 0e+00, 0e+00, 0e+00, 0e+00, 0e+00, 0e+00, 0e+00, 0e+00, 0e+00, 0e+00, 0e+00, 0e+00, 0e+00, 0e+00, 0e+00, 0e+00, 0e+00, 0e+00, 0e+00, 0e+00, 0e+00, 0e+00, 0e+00, 0e+00, 0e+00, 0e+00, 0e+00, 0e+00, 0e+00]
der_err=[0e+00, 0e+00, 0e+00, 0e+00, 0e+00, 0e+00, 0e+00, 0e+00, 0e+00, 0e+00, 0e+00, 0e+00, 0e+00, 0e+00, 0e+00, 0e+00, 0e+00, 0e+00, 0e+00, 0e+00, 0e+00, 0e+00, 0e+00, 0e+00, 0e+00, 0e+00, 0e+00, 0e+00, 0e+00, 0e+00, 0e+00, 0e+00, 0e+00, 0e+00, 0e+00, 0e+00, 0e+00, 0e+00, 0e+00, 0e+00, 0e+00, 0e+00, 0e+00, 0e+00, 0e+00, 0e+00, 0e+00, 0e+00, 0e+00, 0e+00, 0e+00, 0e+00, 0e+00, 0e+00, 0e+00, 0e+00, 0e+00, 0e+00, 0e+00, 0e+00, 0e+00, 0e+00, 0e+00, 0e+00, 0e+00, 0e+00, 0e+00, 0e+00, 0e+00, 0e+00, 0e+00, 0e+00, 0e+00, 0e+00, 0e+00, 0e+00, 0e+00, 0e+00, 0e+00, 0e+00, 0e+00, 0e+00, 0e+00, 0e+00, 0e+00, 0e+00, 0e+00, 0e+00, 0e+00, 0e+00, 0e+00, 0e+00, 0e+00, 0e+00, 0e+00, 0e+00, 0e+00, 0e+00, 0e+00, 0e+00, 0e+00]
