last-generated=2017-05-05
statistics-simulation=
{
  "numerical Jacobians": "0", 
  "nonlinear": "1", 
  "number of continuous time states": "1", 
  "linear": " "
}
runningMeanTemperature.TRm=[2.831499938964844e+02, 2.832271423339844e+02, 2.823634033203125e+02, 2.815829772949219e+02, 2.805297241210938e+02, 2.794054870605469e+02, 2.782982788085938e+02, 2.763876647949219e+02, 2.753291320800781e+02, 2.747573852539062e+02, 2.748075256347656e+02, 2.729010009765625e+02, 2.720936584472656e+02, 2.70787841796875e+02, 2.710794372558594e+02, 2.719312133789062e+02, 2.731958923339844e+02, 2.749454345703125e+02, 2.76048583984375e+02, 2.777953796386719e+02, 2.794126892089844e+02, 2.780347900390625e+02, 2.773517150878906e+02, 2.7827490234375e+02, 2.788600463867188e+02, 2.783162841796875e+02, 2.790344543457031e+02, 2.80255859375e+02, 2.809904174804688e+02, 2.809815673828125e+02, 2.803089599609375e+02, 2.785380554199219e+02, 2.774917602539062e+02, 2.772803344726562e+02, 2.7607470703125e+02, 2.748820495605469e+02, 2.747655639648438e+02, 2.7500927734375e+02, 2.749039916992188e+02, 2.743343811035156e+02, 2.736235656738281e+02, 2.746100463867188e+02, 2.758412475585938e+02, 2.753697204589844e+02, 2.757278137207031e+02, 2.790802001953125e+02, 2.80827880859375e+02, 2.809036254882812e+02, 2.807575073242188e+02, 2.806302185058594e+02, 2.79654052734375e+02, 2.806958923339844e+02, 2.804901733398438e+02, 2.804533081054688e+02, 2.797795715332031e+02, 2.789349670410156e+02, 2.784532165527344e+02, 2.783438110351562e+02, 2.765403747558594e+02, 2.758540649414062e+02, 2.758427124023438e+02, 2.764293212890625e+02, 2.765771484375e+02, 2.771342163085938e+02, 2.789951171875e+02, 2.801937561035156e+02, 2.820665283203125e+02, 2.828880920410156e+02, 2.832008056640625e+02, 2.824260559082031e+02, 2.823554077148438e+02, 2.821652526855469e+02, 2.819761352539062e+02, 2.817585144042969e+02, 2.815333557128906e+02, 2.823352661132812e+02, 2.828100891113281e+02, 2.827173156738281e+02, 2.83459716796875e+02, 2.824998474121094e+02, 2.820160522460938e+02, 2.807738647460938e+02, 2.8127685546875e+02, 2.835034790039062e+02, 2.846177673339844e+02, 2.856495056152344e+02, 2.861449279785156e+02, 2.872403259277344e+02, 2.880368957519531e+02, 2.867924194335938e+02, 2.861622009277344e+02, 2.851831665039062e+02, 2.843018798828125e+02, 2.839989318847656e+02, 2.82982177734375e+02, 2.817264709472656e+02, 2.804392700195312e+02, 2.805917663574219e+02, 2.8106494140625e+02, 2.807382507324219e+02, 2.813883666992188e+02]
time=[0e+00, 1e+07]
