<<<<<<< HEAD
last-generated=2015-07-04
statistics-simulation={'numerical Jacobians': '0', 'nonlinear': '1', 'number of continuous time states': '5', 'linear': '0'}
der(QBoiler)=[0., 0., 0., 0., 0., 0., 0., 0., 0., 0., 0., 3000., 3000., 3000., 3000., 3000., 0., 0., 0., 0., 0., 3000., 3000., 3000., 3000., 3000., 0., 0., 0., 0., 0., 3000., 3000., 3000., 3000., 3000., 0., 0., 0., 0., 0., 0., 0., 0., 0., 0., 0., 0., 0., 0., 0., 0., 0., 0., 0., 0., 0., 0., 0., 0., 0., 0., 0., 0., 0., 0., 0., 0., 0., 0., 0., 0., 0., 0., 0., 0., 0., 0., 0., 0., 0., 0., 0., 0., 0., 0., 0., 0., 0., 0., 0., 0., 0., 0., 0., 0., 0., 0., 0., 0., 0.]
der(QRadiator)=[0., 0., 0., 0., 0., 0., 0., 0., 0., 0., 0., 1245.1492919921875, 2205.433349609375, 2662.138916015625, 2859.958251953125, 2942.569580078125, 1155.15869140625, 535.492919921875, 278.988800048828125, 158.236480712890625, 95.80210113525390625, 1712.64794921875, 2435.825927734375, 2762.794189453125, 2902.246826171875, 2959.928466796875, 1160.64599609375, 537.621337890625, 279.94308471679630656581, 158.71110534668002856051, 96.05701446533203125, 1714.0631103515625, 2436.502197265625, 2763.10009765625, 2902.364013671875, 2959.9716796875, 1160.65966796875, 537.62664794921875, 279.945465087890625, 158.7122955322265625, 96.0574188232421875, 310.959991455078125, 187.9520721435546875, 119.651275634765625, 79.4217071533203125, 54.619472503662109375, 36.637866973876953125, 25.3829345703125, 18.160205841064453125, 13.34798145294189453125, 10.0202960968017578125, 11.74036312103271484375, 9.284992218017578125, 7.3994426727294921875, 5.92786264419555664062, 4.78903818130492364702, 3.79938173294066761088, 3.04353284835815918186, 2.45815610885620516868, 1.99917399883270263672, 1.63543045520782470703, 1.36396539211273193359, 1.14394080638885498047, 0.96382212638854980469, 0.81625145673751831055, 0.69633120298385620117, 0.59185963869094848633, 0.50474524497985839844, 0.43377250432968139648, 0.37272933125495910645, 0.3220519721508026123, 0.28408223390579223633, 0.25132715702056884766, 0.22292718291282653809, 0.19796192646026611328, 0.17598304152488708496, 0.15699005126953125, 0.14037723839282989502, 0.12554140388965606689, 0.11278548091650009155, 0.10177396982908248901, 0.09241597354412078857, 0.08407177776098251343, 0.07660853117704391479, 0.06987330317497253418, 0.06379050761461257935, 0.0583597719669342041, 0.0534121096134185791, 0.04877535626292228699, 0.04456435516476631165, 0.04076276719570159912, 0.03769484162330627441, 0.03490102663636207581, 0.03235153853893280029, 0.03001042269170284271, 0.02785973064601421356, 0.02589932270348072052, 0.02410117536783218384, 0.02243647351861000061, 0.02092003077268600464, 0.01954689808189868927]
=======
last-generated=2015-06-27
statistics-simulation={'numerical Jacobians': '0', 'nonlinear': ' ', 'number of continuous time states': '5', 'linear': '0'}
der(QBoiler)=[0., 0., 0., 0., 0., 0., 0., 0., 0., 0., 0., 3000., 3000., 3000., 3000., 3000., 0., 0., 0., 0., 0., 3000., 3000., 3000., 3000., 3000., 0., 0., 0., 0., 0., 3000., 3000., 3000., 3000., 3000., 0., 0., 0., 0., 0., 0., 0., 0., 0., 0., 0., 0., 0., 0., 0., 0., 0., 0., 0., 0., 0., 0., 0., 0., 0., 0., 0., 0., 0., 0., 0., 0., 0., 0., 0., 0., 0., 0., 0., 0., 0., 0., 0., 0., 0., 0., 0., 0., 0., 0., 0., 0., 0., 0., 0., 0., 0., 0., 0., 0., 0., 0., 0., 0., 0.]
der(QRadiator)=[0., 0., 0., 0., 0., 0., 0., 0., 0., 0., 0., 1245.187744140625, 2205.4248046875, 2662.15087890625, 2859.967041015625, 2942.5693359375, 1153.99365234375, 536.10968017578125, 278.748260498046875, 158.435791015625, 96.2867584228515625, 1713.045166015625, 2435.166748046875, 2760.779052734375, 2900.19140625, 2959.363525390625, 1159.8167724609375, 539.105712890625, 280.16659545898380656581, 158.7356872558596876388, 96.9253997802734375, 1714.7369384765625, 2435.920654296875, 2760.24462890625, 2899.8994140625, 2959.853271484375, 1160.0006103515625, 539.385986328125, 280.55120849609375, 158.34759521484375, 96.99152374267578125, 311.489471435546875, 187.144195556640625, 118.36458587646484375, 78.83092498779296875, 54.52436065673828125, 36.54522705078125, 25.08115386962890625, 17.721111297607421875, 12.86711883544921875, 9.63477039337158203125, 11.50691890716552734375, 9.18123912811279296875, 7.6144695281982421875, 6.24359798431396484375, 5.14523887634276455572, 4.06656122207640979838, 3.2416062355041557197, 2.60062623023987216087, 2.08476233482360839844, 1.66674125194549560547, 1.38899183273315429688, 1.16406655311584472656, 0.98007941246032714844, 0.82584798336029052734, 0.69606834650039672852, 0.59075856208801269531, 0.5007699131965637207, 0.41735109686851501465, 0.34650880098342895508, 0.28737583756446838379, 0.25431066751480102539, 0.22568260133266448975, 0.2007763981819152832, 0.17882022261619567871, 0.15943747758865356445, 0.14262759685516357422, 0.12761832773685455322, 0.11363746225833892822, 0.1012048572301864624, 0.09024672955274581909, 0.08216305822134017944, 0.07493341714143753052, 0.06844857335090637207, 0.06258197873830795288, 0.05727098137140274048, 0.05251525342464447021, 0.04817340895533561707, 0.0441011376678943634, 0.04039461910724639893, 0.0370401628315448761, 0.03431056439876556396, 0.03181992843747138977, 0.02954280562698841095, 0.02744832076132297516, 0.02552104927599430084, 0.02376087196171283722, 0.02214406430721282959, 0.02064622007310390472, 0.01927967742085456848, 0.01804013550281524658]
>>>>>>> OMcompatibility
time=[0., 100000.]
