last-generated=2017-04-26
statistics-initialization=
{
  "numerical Jacobians": "0", 
  "nonlinear": "5"
}
statistics-simulation=
{
  "numerical Jacobians": "0", 
  "nonlinear": "1", 
  "number of continuous time states": "10", 
  "linear": "0, 0, 0, 0, 0"
}
zone.T=[2.931499938964844e+02, 2.932999572753906e+02, 2.938196716308594e+02, 2.946533508300781e+02, 2.933467712402344e+02, 2.948511352539062e+02, 2.949565734863281e+02, 2.948142395019531e+02, 2.9419482421875e+02, 2.951499633789062e+02, 2.945299072265625e+02, 2.940122985839844e+02, 2.951308288574219e+02, 2.933597106933594e+02, 2.949378662109375e+02, 2.949983825683594e+02, 2.95054443359375e+02, 2.934603576660156e+02, 2.933508605957031e+02, 2.933690490722656e+02, 2.940606994628906e+02, 2.9381689453125e+02, 2.941665344238281e+02, 2.951101989746094e+02, 2.937218627929688e+02, 2.932662048339844e+02, 2.949933776855469e+02, 2.933595275878906e+02, 2.938838806152344e+02, 2.955364379882812e+02, 2.960244445800781e+02, 2.951151123046875e+02, 2.950511169433594e+02, 2.945027160644531e+02, 2.954201049804688e+02, 2.957057495117188e+02, 2.955557861328125e+02, 2.956887512207031e+02, 2.955375671386719e+02, 2.961588439941406e+02, 2.966768188476562e+02, 2.969840393066406e+02, 2.97135986328125e+02, 2.9726904296875e+02, 2.971915893554688e+02, 2.970220642089844e+02, 2.972713623046875e+02, 2.972726440429688e+02, 2.972507934570312e+02, 2.972774658203125e+02, 2.97059326171875e+02, 2.972693176269531e+02, 2.972654418945312e+02, 2.971257629394531e+02, 2.972723083496094e+02, 2.972996215820312e+02, 2.972721252441406e+02, 2.972756652832031e+02, 2.9728125e+02, 2.972701416015625e+02, 2.972513122558594e+02, 2.972555847167969e+02, 2.9698583984375e+02, 2.972007446289062e+02, 2.972368469238281e+02, 2.969234924316406e+02, 2.968841857910156e+02, 2.96798095703125e+02, 2.968893127441406e+02, 2.968615112304688e+02, 2.965565490722656e+02, 2.962309265136719e+02, 2.956700134277344e+02, 2.952454833984375e+02, 2.955819091796875e+02, 2.955869750976562e+02, 2.95052978515625e+02, 2.941624145507812e+02, 2.943092346191406e+02, 2.943037414550781e+02, 2.933300476074219e+02, 2.9378271484375e+02, 2.935922241210938e+02, 2.935029602050781e+02, 2.936849975585938e+02, 2.932078857421875e+02, 2.950299072265625e+02, 2.935578002929688e+02, 2.940959777832031e+02, 2.950598754882812e+02, 2.949207153320312e+02, 2.948160705566406e+02, 2.95083251953125e+02, 2.939211120605469e+02, 2.948829956054688e+02, 2.950764770507812e+02, 2.950697937011719e+02, 2.949949340820312e+02, 2.944745178222656e+02, 2.950241088867188e+02, 2.948709716796875e+02]
time=[0e+00, 3.1536e+07]
heaWat.u=[1e+00, 1e+00, 1e+00, 1e+00, 0e+00, 1e+00, 1e+00, 1e+00, 1e+00, 1e+00, 1e+00, 1e+00, 1e+00, 0e+00, 1e+00, 1e+00, 0e+00, 1e+00, 0e+00, 0e+00, 1e+00, 0e+00, 0e+00, 1e+00, 0e+00, 0e+00, 1e+00, 0e+00, 0e+00, 0e+00, 0e+00, 0e+00, 0e+00, 0e+00, 0e+00, 0e+00, 0e+00, 0e+00, 0e+00, 0e+00, 0e+00, 0e+00, 0e+00, 0e+00, 0e+00, 0e+00, 0e+00, 0e+00, 0e+00, 0e+00, 0e+00, 0e+00, 0e+00, 0e+00, 0e+00, 0e+00, 0e+00, 0e+00, 0e+00, 0e+00, 0e+00, 0e+00, 0e+00, 0e+00, 0e+00, 0e+00, 0e+00, 0e+00, 0e+00, 0e+00, 0e+00, 0e+00, 0e+00, 0e+00, 0e+00, 0e+00, 0e+00, 0e+00, 0e+00, 1e+00, 0e+00, 0e+00, 1e+00, 0e+00, 0e+00, 0e+00, 1e+00, 0e+00, 0e+00, 1e+00, 1e+00, 1e+00, 1e+00, 0e+00, 1e+00, 1e+00, 1e+00, 1e+00, 1e+00, 1e+00, 1e+00]
vavDam.y=[1.000000014901161e-01, 1.000000014901161e-01, 1.000000014901161e-01, 1.000000014901161e-01, 1.000000014901161e-01, 1.000000014901161e-01, 1.000000014901161e-01, 1.000000014901161e-01, 1.000000014901161e-01, 1.000000014901161e-01, 1.000000014901161e-01, 1.000000014901161e-01, 1.000000014901161e-01, 1.000000014901161e-01, 1.000000014901161e-01, 1.000000014901161e-01, 1.000000014901161e-01, 1.000000014901161e-01, 1.000000014901161e-01, 1.000000014901161e-01, 1.000000014901161e-01, 1.000000014901161e-01, 1.000000014901161e-01, 1.000000014901161e-01, 1.000000014901161e-01, 1.000000014901161e-01, 1.000000014901161e-01, 1.000000014901161e-01, 1.000000014901161e-01, 1.000000014901161e-01, 1.000000014901161e-01, 1.000000014901161e-01, 1.000000014901161e-01, 1.000000014901161e-01, 1.000000014901161e-01, 1.000000014901161e-01, 1.000000014901161e-01, 1.000000014901161e-01, 1.000000014901161e-01, 1.000000014901161e-01, 1.000000014901161e-01, 1.000000014901161e-01, 1.000000014901161e-01, 1.19058221578598e-01, 1.000000014901161e-01, 1.000000014901161e-01, 1.213572695851326e-01, 1.226422265172005e-01, 1.008040904998779e-01, 1.274789124727249e-01, 1.000000014901161e-01, 1.193208768963814e-01, 1.154337897896767e-01, 1.000000014901161e-01, 1.222954392433167e-01, 1.496201455593109e-01, 1.221315413713455e-01, 1.256649345159531e-01, 1.312402039766312e-01, 1.201537773013115e-01, 1.013234481215477e-01, 1.055894866585732e-01, 1.000000014901161e-01, 1.000000014901161e-01, 1.000000014901161e-01, 1.000000014901161e-01, 1.000000014901161e-01, 1.000000014901161e-01, 1.000000014901161e-01, 1.000000014901161e-01, 1.000000014901161e-01, 1.000000014901161e-01, 1.000000014901161e-01, 1.000000014901161e-01, 1.000000014901161e-01, 1.000000014901161e-01, 1.000000014901161e-01, 1.000000014901161e-01, 1.000000014901161e-01, 1.000000014901161e-01, 1.000000014901161e-01, 1.000000014901161e-01, 1.000000014901161e-01, 1.000000014901161e-01, 1.000000014901161e-01, 1.000000014901161e-01, 1.000000014901161e-01, 1.000000014901161e-01, 1.000000014901161e-01, 1.000000014901161e-01, 1.000000014901161e-01, 1.000000014901161e-01, 1.000000014901161e-01, 1.000000014901161e-01, 1.000000014901161e-01, 1.000000014901161e-01, 1.000000014901161e-01, 1.000000014901161e-01, 1.000000014901161e-01, 1.000000014901161e-01, 1.000000014901161e-01]
fan.sta_b.T=[2.886552734375e+02, 2.904588623046875e+02, 2.878003540039062e+02, 2.920339050292969e+02, 2.909735107421875e+02, 2.921862182617188e+02, 2.912510681152344e+02, 2.903098754882812e+02, 2.887933654785156e+02, 2.918001708984375e+02, 2.898281555175781e+02, 2.909383850097656e+02, 2.92034912109375e+02, 2.904968566894531e+02, 2.906281433105469e+02, 2.922213745117188e+02, 2.918370361328125e+02, 2.9076708984375e+02, 2.914959716796875e+02, 2.917686157226562e+02, 2.911693420410156e+02, 2.921475830078125e+02, 2.914042053222656e+02, 2.922450561523438e+02, 2.928444213867188e+02, 2.910790405273438e+02, 2.920713806152344e+02, 2.918489990234375e+02, 2.920863952636719e+02, 2.963506774902344e+02, 2.940985412597656e+02, 2.935656127929688e+02, 2.933594970703125e+02, 2.939570617675781e+02, 2.947680358886719e+02, 2.943226318359375e+02, 2.947441711425781e+02, 2.935467834472656e+02, 2.952125549316406e+02, 2.961464233398438e+02, 2.9489306640625e+02, 2.980899353027344e+02, 2.966093444824219e+02, 2.980160522460938e+02, 2.962870178222656e+02, 2.965215148925781e+02, 2.963284301757812e+02, 2.985794982910156e+02, 2.949618530273438e+02, 2.974532165527344e+02, 2.972281799316406e+02, 2.9737255859375e+02, 2.969470825195312e+02, 2.979116516113281e+02, 2.977032165527344e+02, 2.980174255371094e+02, 2.981701354980469e+02, 2.968270874023438e+02, 2.980500793457031e+02, 2.977490539550781e+02, 2.958913879394531e+02, 2.975402526855469e+02, 2.966900024414062e+02, 2.963926086425781e+02, 2.980623168945312e+02, 2.965277404785156e+02, 2.967253112792969e+02, 2.966695251464844e+02, 2.963468322753906e+02, 2.965516662597656e+02, 2.957958374023438e+02, 2.960140380859375e+02, 2.945078430175781e+02, 2.951830139160156e+02, 2.946806945800781e+02, 2.948067016601562e+02, 2.944579162597656e+02, 2.922938232421875e+02, 2.932573852539062e+02, 2.92485107421875e+02, 2.915533142089844e+02, 2.924067077636719e+02, 2.915718688964844e+02, 2.919306640625e+02, 2.939967651367188e+02, 2.925294799804688e+02, 2.923381652832031e+02, 2.924598083496094e+02, 2.916273803710938e+02, 2.91682373046875e+02, 2.909103698730469e+02, 2.902037963867188e+02, 2.919536743164062e+02, 2.917670593261719e+02, 2.908407287597656e+02, 2.920327453613281e+02, 2.911068115234375e+02, 2.912257080078125e+02, 2.91137939453125e+02, 2.913525390625e+02, 2.911005859375e+02]
fan.sta_a.T=[2.883200073242188e+02, 2.901235961914062e+02, 2.874651184082031e+02, 2.916986389160156e+02, 2.906382751464844e+02, 2.918509521484375e+02, 2.909158020019531e+02, 2.89974609375e+02, 2.884580993652344e+02, 2.914649047851562e+02, 2.89492919921875e+02, 2.906031188964844e+02, 2.916996459960938e+02, 2.901615905761719e+02, 2.902928771972656e+02, 2.918861083984375e+02, 2.915017700195312e+02, 2.904318237304688e+02, 2.911607360839844e+02, 2.91433349609375e+02, 2.908340759277344e+02, 2.918123168945312e+02, 2.910689392089844e+02, 2.919098205566406e+02, 2.925091552734375e+02, 2.907437744140625e+02, 2.917361145019531e+02, 2.915137329101562e+02, 2.917511291503906e+02, 2.960154113769531e+02, 2.937632751464844e+02, 2.932303466796875e+02, 2.930242309570312e+02, 2.93621826171875e+02, 2.944327697753906e+02, 2.939873657226562e+02, 2.94408935546875e+02, 2.932115173339844e+02, 2.948772888183594e+02, 2.958111572265625e+02, 2.945578002929688e+02, 2.977546691894531e+02, 2.962740783691406e+02, 2.976807861328125e+02, 2.959517517089844e+02, 2.961862487792969e+02, 2.959931640625e+02, 2.982442321777344e+02, 2.946265869140625e+02, 2.971179809570312e+02, 2.968929138183594e+02, 2.970372924804688e+02, 2.9661181640625e+02, 2.97576416015625e+02, 2.973679504394531e+02, 2.976821899414062e+02, 2.978348693847656e+02, 2.964918212890625e+02, 2.977148132324219e+02, 2.974137878417969e+02, 2.955561218261719e+02, 2.972049865722656e+02, 2.96354736328125e+02, 2.960573425292969e+02, 2.9772705078125e+02, 2.961924743652344e+02, 2.963900451660156e+02, 2.963342590332031e+02, 2.960115661621094e+02, 2.962164001464844e+02, 2.954605712890625e+02, 2.956787719726562e+02, 2.941725769042969e+02, 2.948477783203125e+02, 2.943454284667969e+02, 2.94471435546875e+02, 2.941226501464844e+02, 2.919585571289062e+02, 2.929221496582031e+02, 2.921498413085938e+02, 2.912180480957031e+02, 2.920714416503906e+02, 2.912366027832031e+02, 2.915953979492188e+02, 2.936614990234375e+02, 2.921942138671875e+02, 2.920028991699219e+02, 2.921245422363281e+02, 2.912921447753906e+02, 2.913471069335938e+02, 2.905751037597656e+02, 2.898685302734375e+02, 2.916184387207031e+02, 2.914317932128906e+02, 2.905054626464844e+02, 2.91697509765625e+02, 2.907715454101562e+02, 2.908904418945312e+02, 2.908027038574219e+02, 2.910172729492188e+02, 2.907653198242188e+02]
