last-generated=2018-05-20
statistics-initialization=
{
  "nonlinear": "3, 4",
  "numerical Jacobians": "0"
}
statistics-simulation=
{
  "linear": "0, 0, 0, 0, 0, 0, 0, 0, 0, 0, 0, 0, 5, 0, 0, 0",
  "nonlinear": "1",
  "number of continuous time states": "46",
  "numerical Jacobians": "0"
}
zone.TSensor=[2.931499938964844e+02, 2.928346862792969e+02, 2.924766845703125e+02, 2.921125183105469e+02, 2.917806396484375e+02, 2.914999389648438e+02, 2.912311096191406e+02, 2.909454345703125e+02, 2.906422119140625e+02, 2.903235473632812e+02, 2.899893493652344e+02, 2.896459350585938e+02, 2.89301025390625e+02, 2.88984130859375e+02, 2.886839599609375e+02, 2.883795776367188e+02, 2.880674133300781e+02, 2.877485656738281e+02, 2.874279174804688e+02, 2.871183471679688e+02, 2.868211059570312e+02, 2.865501708984375e+02, 2.86333740234375e+02, 2.861374206542969e+02, 2.859341735839844e+02, 2.857196350097656e+02, 2.85496826171875e+02, 2.852622680664062e+02, 2.850162963867188e+02, 2.847649230957031e+02, 2.845604858398438e+02, 2.844050598144531e+02, 2.842417297363281e+02, 2.840382080078125e+02, 2.838074645996094e+02, 2.835554809570312e+02, 2.83287353515625e+02, 2.830102233886719e+02, 2.827519836425781e+02, 2.827851257324219e+02, 2.830650634765625e+02, 2.831097717285156e+02, 2.829828491210938e+02, 2.828070678710938e+02, 2.82611083984375e+02, 2.824037475585938e+02, 2.82192626953125e+02, 2.819916076660156e+02, 2.818173217773438e+02, 2.817138977050781e+02, 2.815814819335938e+02, 2.814226684570312e+02, 2.812517700195312e+02, 2.810785827636719e+02, 2.809083862304688e+02, 2.807433776855469e+02, 2.806277465820312e+02, 2.805609741210938e+02, 2.804885559082031e+02, 2.803862915039062e+02, 2.802663269042969e+02, 2.801289672851562e+02, 2.799729919433594e+02, 2.798040771484375e+02, 2.796343078613281e+02, 2.795206298828125e+02, 2.794206848144531e+02, 2.793019714355469e+02, 2.791602783203125e+02, 2.790040588378906e+02, 2.788366394042969e+02, 2.786654052734375e+02, 2.784940185546875e+02, 2.783413696289062e+02, 2.782306823730469e+02, 2.781351013183594e+02, 2.780249938964844e+02, 2.779060363769531e+02, 2.777832336425781e+02, 2.776603393554688e+02, 2.775392761230469e+02, 2.77422119140625e+02, 2.773369140625e+02, 2.77291259765625e+02, 2.772527160644531e+02, 2.771995849609375e+02, 2.771373901367188e+02, 2.770682067871094e+02, 2.769952087402344e+02, 2.769229125976562e+02, 2.768720397949219e+02, 2.769366455078125e+02, 2.770652465820312e+02, 2.771361083984375e+02, 2.771487426757812e+02, 2.771154174804688e+02, 2.77021240234375e+02, 2.768592224121094e+02, 2.766507568359375e+02, 2.764693908691406e+02, 2.763660888671875e+02]
zone1.TSensor=[2.931499938964844e+02, 2.9275e+02, 2.922933044433594e+02, 2.918487243652344e+02, 2.915911865234375e+02, 2.913352661132812e+02, 2.909933166503906e+02, 2.906289367675781e+02, 2.902447814941406e+02, 2.898360595703125e+02, 2.894083862304688e+02, 2.889715881347656e+02, 2.885806884765625e+02, 2.882674560546875e+02, 2.879110107421875e+02, 2.875171813964844e+02, 2.871223754882812e+02, 2.867166137695312e+02, 2.863219909667969e+02, 2.859505004882812e+02, 2.856029052734375e+02, 2.853851013183594e+02, 2.852156066894531e+02, 2.850149230957031e+02, 2.847841186523438e+02, 2.845413208007812e+02, 2.842860717773438e+02, 2.840078430175781e+02, 2.837141723632812e+02, 2.834371643066406e+02, 2.8341259765625e+02, 2.833117980957031e+02, 2.830803527832031e+02, 2.828057861328125e+02, 2.824996948242188e+02, 2.821697998046875e+02, 2.818179016113281e+02, 2.81459716796875e+02, 2.816101379394531e+02, 2.82953857421875e+02, 2.834832153320312e+02, 2.83125244140625e+02, 2.828250732421875e+02, 2.825227355957031e+02, 2.822044372558594e+02, 2.818776550292969e+02, 2.815577392578125e+02, 2.813063354492188e+02, 2.813531188964844e+02, 2.812284545898438e+02, 2.809426574707031e+02, 2.806768493652344e+02, 2.804150085449219e+02, 2.801593933105469e+02, 2.799161682128906e+02, 2.797149963378906e+02, 2.796981811523438e+02, 2.796675415039062e+02, 2.795328369140625e+02, 2.793760681152344e+02, 2.79203857421875e+02, 2.790020751953125e+02, 2.787720031738281e+02, 2.78524169921875e+02, 2.783886413574219e+02, 2.783337707519531e+02, 2.782151489257812e+02, 2.780230407714844e+02, 2.778149719238281e+02, 2.775983581542969e+02, 2.773663940429688e+02, 2.771368408203125e+02, 2.769115905761719e+02, 2.768202209472656e+02, 2.767611694335938e+02, 2.766264038085938e+02, 2.764757385253906e+02, 2.763224487304688e+02, 2.761687316894531e+02, 2.760172119140625e+02, 2.758714599609375e+02, 2.757666015625e+02, 2.757920837402344e+02, 2.758071594238281e+02, 2.757572937011719e+02, 2.756970520019531e+02, 2.756281127929688e+02, 2.755495300292969e+02, 2.754686889648438e+02, 2.753955383300781e+02, 2.756592407226562e+02, 2.761699829101562e+02, 2.763100891113281e+02, 2.763187255859375e+02, 2.762920227050781e+02, 2.762055358886719e+02, 2.760003662109375e+02, 2.757002258300781e+02, 2.753594055175781e+02, 2.7553076171875e+02, 2.753102722167969e+02]
time=[0e+00, 1e+06]
zone1.comfort.phi=[6.920281648635864e-01, 6.935020089149475e-01, 6.970430612564087e-01, 7.006672024726868e-01, 6.964789032936096e-01, 6.91348671913147e-01, 6.918069124221802e-01, 6.971732974052429e-01, 7.034236788749695e-01, 7.086873650550842e-01, 7.141207456588745e-01, 7.199710607528687e-01, 7.243823409080505e-01, 7.24845290184021e-01, 7.274057865142822e-01, 7.338438630104065e-01, 7.420098781585693e-01, 7.514652013778687e-01, 7.609949707984924e-01, 7.69824743270874e-01, 7.787742018699646e-01, 7.83109724521637e-01, 7.852950096130371e-01, 7.875127196311951e-01, 7.933474183082581e-01, 7.997869253158569e-01, 8.065038919448853e-01, 8.121391534805298e-01, 8.18300187587738e-01, 8.240399360656738e-01, 8.165488243103027e-01, 8.119446039199829e-01, 8.122040629386902e-01, 8.178125023841858e-01, 8.237038254737854e-01, 8.288841843605042e-01, 8.332598209381104e-01, 8.37858259677887e-01, 8.216759562492371e-01, 7.431765198707581e-01, 6.960462927818298e-01, 7.003679275512695e-01, 7.031318545341492e-01, 7.052275538444519e-01, 7.058124542236328e-01, 7.066999077796936e-01, 7.081976532936096e-01, 7.073900699615479e-01, 6.976538896560669e-01, 6.899268627166748e-01, 6.938933730125427e-01, 6.981241703033447e-01, 7.04240083694458e-01, 7.105841040611267e-01, 7.170919179916382e-01, 7.229843735694885e-01, 7.213812470436096e-01, 7.194315195083618e-01, 7.222159504890442e-01, 7.2996985912323e-01, 7.383008599281311e-01, 7.45067834854126e-01, 7.521429657936096e-01, 7.607638239860535e-01, 7.619760632514954e-01, 7.585008144378662e-01, 7.590703368186951e-01, 7.633727788925171e-01, 7.698900699615479e-01, 7.776799201965332e-01, 7.846912145614624e-01, 7.919139862060547e-01, 7.98747181892395e-01, 8.001142144203186e-01, 7.966530919075012e-01, 7.970925569534302e-01, 8.010737299919128e-01, 8.076308369636536e-01, 8.147273659706116e-01, 8.215057253837585e-01, 8.279943466186523e-01, 8.331537246704102e-01, 8.330911993980408e-01, 8.336375951766968e-01, 8.384465575218201e-01, 8.449417948722839e-01, 8.498775959014893e-01, 8.508200645446777e-01, 8.545907139778137e-01, 8.596991896629333e-01, 8.489487171173096e-01, 8.169506192207336e-01, 8.030663728713989e-01, 7.979405522346497e-01, 7.927998900413513e-01, 7.89247989654541e-01, 7.902694344520569e-01, 7.956609725952148e-01, 8.01002025604248e-01, 7.809315919876099e-01, 7.73759663105011e-01]
zone.comfort.phi=[6.920281648635864e-01, 6.863723397254944e-01, 6.851692795753479e-01, 6.850500702857971e-01, 6.838468909263611e-01, 6.806792616844177e-01, 6.783772706985474e-01, 6.799694895744324e-01, 6.824625730514526e-01, 6.835508346557617e-01, 6.845842003822327e-01, 6.86017632484436e-01, 6.876402497291565e-01, 6.886593699455261e-01, 6.890004873275757e-01, 6.910472512245178e-01, 6.948557496070862e-01, 6.996666789054871e-01, 7.05012321472168e-01, 7.102970480918884e-01, 7.161750197410583e-01, 7.222700119018555e-01, 7.271543741226196e-01, 7.29575514793396e-01, 7.333769202232361e-01, 7.378074526786804e-01, 7.422837615013123e-01, 7.451710104942322e-01, 7.482956647872925e-01, 7.515541315078735e-01, 7.537049055099487e-01, 7.533431649208069e-01, 7.5050288438797e-01, 7.514854669570923e-01, 7.527388334274292e-01, 7.532066106796265e-01, 7.526912689208984e-01, 7.525092363357544e-01, 7.518216967582703e-01, 7.421480417251587e-01, 7.19261109828949e-01, 7.027938365936279e-01, 6.951644420623779e-01, 6.908658742904663e-01, 6.856064796447754e-01, 6.80828332901001e-01, 6.77162766456604e-01, 6.740207672119141e-01, 6.716780066490173e-01, 6.682603359222412e-01, 6.642311811447144e-01, 6.628909111022949e-01, 6.643909811973572e-01, 6.665116548538208e-01, 6.692220568656921e-01, 6.72397255897522e-01, 6.756690740585327e-01, 6.763250231742859e-01, 6.763364672660828e-01, 6.806574463844299e-01, 6.857630610466003e-01, 6.888414621353149e-01, 6.916665434837341e-01, 6.956115365028381e-01, 6.971423625946045e-01, 6.976227164268494e-01, 6.980003118515015e-01, 6.981660127639771e-01, 7.005022764205933e-01, 7.044261693954468e-01, 7.073941826820374e-01, 7.108811140060425e-01, 7.141379117965698e-01, 7.177901268005371e-01, 7.177510261535645e-01, 7.167637944221497e-01, 7.178510427474976e-01, 7.217683792114258e-01, 7.263599038124084e-01, 7.30817973613739e-01, 7.351986169815063e-01, 7.39607572555542e-01, 7.452143430709839e-01, 7.498257160186768e-01, 7.539409995079041e-01, 7.591328024864197e-01, 7.630719542503357e-01, 7.633184790611267e-01, 7.661958336830139e-01, 7.706254124641418e-01, 7.735623121261597e-01, 7.697384357452393e-01, 7.619372010231018e-01, 7.534175515174866e-01, 7.460451722145081e-01, 7.397122979164124e-01, 7.346353530883789e-01, 7.320084571838379e-01, 7.293668985366821e-01, 7.259348034858704e-01, 7.176548838615417e-01]
