last-generated=2016-07-19
statistics-simulation=
{
  "numerical Jacobians": "0", 
  "nonlinear": "5, 1", 
  "number of continuous time states": "11", 
  "linear": "0, 0, 0, 5, 0, 0"
}
winNonLin.propsBus_a.surfRad.Q_flow=[0.00000586173291594605, 5.54294665654500295915, 2.03650236129760742188, 0.86418378353118896484, -0.09872958064079284668, 0.12645291288693746856, 0.83346849679946899414, 1.15038271745045972416, 1.43722605705261230469, 1.71054232120513916016, 1.20122289657592773438, 0.94451685746510827268, 0.59710836410522460938, 0.63739963372548424925, 0.83008539676666259766, 1.19862949848175048828, 1.41881016890207933834, 2.03969748814900730949, 1.40308511257171630859, 1.31838536262512207031, 1.08860556284586595943, -0.0187572333961725235, 0.20400984585285186768, 0.85462182760238647461, 1.02694928646087646484, 1.37726132074991869381, 1.38331385453542066166, 1.51733732223510742188, 1.25814016660054517338, 1.96557585398356127193, 0.33483791351318359375, 0.74994115034739172732, 2.01436201731363917489, 2.45346546173095703125, 2.53106260299682617188, 1.97555621465047193119, 1.71154892444610595703, 1.44591756661732984135, 10.89449310302734375, 17.6528720855712890625, -1.31825768947601318359, 2.03465469678243016105, 1.41664218902587890625, 1.1243471701939899976, 0.97220760583877563477, 0.71373593807220458984, 0.49319680531819659608, 0.2493380506833394461, 1.25545608997344970703, 1.14169486363728833744, 1.80328071117401123047, 1.84764301776885986328, 1.81404832998911547115, 1.51786915461222338131, 1.45169210433959960938, 2.13385291894276951652, 0.08047940582036972046, 0.45260068774223327637, 1.50037097930908203125, 1.79573766390482592037, 1.82808136940002441406, 2.11742083231608058114, 2.08074116706848144531, 2.0772228240966796875, 0.6759389042854309082, 0.67240321636199951172, 1.24311733245849609375, 1.7830486297607421875, 1.57020938396453857422, 1.33677434921264648438, 0.96107848485310876097, 0.84620467821756994997, 0.83368527889251708984, 0.07554172972838084366, 0.22936278084913888642, 1.21443521976470947266, 1.02911130587259935787, 1.17581351598103833744, 0.92771947383880615234, 0.98271805047988891602, 0.93776317437489831175, 0.88576984405517578125, -0.46510701378186541932, -0.18985686202843984893, 0.59906738996505737305, 0.75623548030853271484, 0.88619953393936157227, 0.89427834749221801758, 0.84733603398005163942, 0.65496889750162756716, 0.35737079381942749023, -0.63249711195627844607, -0.0040207902590433664, 1.73283398151397705078, 2.04675340652465820312, 2.09137789408365870614, 2.76753950119018554688, 1.95708386103312181881, 1.86268130938212084224, 0.93026739358901977539, 2.21790909767150878906]
winLin.propsBus_a.surfRad.Q_flow=[0.00000586173291594605, 5.5011006991068525096, 2.02665042877197265625, 0.86706310510635375977, -0.09202781816323597763, 0.13212519387404123017, 0.83925998210906982422, 1.15665022532145189693, 1.44381415843963623047, 1.7174224853515625, 1.2081323067347209399, 0.9512193004290262488, 0.60321098566055297852, 0.64259095986684167112, 0.83496890465418494021, 1.20391058921813964844, 1.42448123296101880619, 2.04606064160664891105, 1.40848946571350097656, 1.32326682408650708744, 1.09263157844543457031, -0.01752375438809394836, 0.20355834563573202423, 0.85587016741434729372, 1.02943491935729980469, 1.3814940055211384351, 1.38818899790445970943, 1.52320528030395507812, 1.26398237546284986088, 1.9708576202392578125, 0.33816695213317871094, 0.75291518370310461794, 2.01986050605773925781, 2.46027779579162597656, 2.5381499131520590673, 1.98266351222991943359, 1.71853733062744140625, 1.45277182261149095943, 10.9006007512410487692, 17.657665252685546875, -1.31567172209421801021, 2.04042208194732666016, 1.42314255237579345703, 1.13108706474304199219, 0.97910928726196289062, 0.72052323818206787109, 0.49937191605567932129, 0.25397091110547381776, 1.26067996025085449219, 1.14703615506490064213, 1.80887877941131591797, 1.85347986221313476562, 1.81986383597056078365, 1.52318374315897631099, 1.45658588409423828125, 2.13778968652089451652, 0.08107617497444152832, 0.45293718576431274414, 1.50366131464640306881, 1.80086417992909741947, 1.83360493183135986328, 2.12387037277221679688, 2.08739201227823878426, 2.08378767967224121094, 0.68146695693333947386, 0.67624553044637047972, 1.24762511253356933594, 1.78840943177541089604, 1.57602230707804369381, 1.34265160560607910156, 0.96671619017918908323, 0.85132956504821777344, 0.83831119537353515625, 0.07769411305586497452, 0.23021520674228668213, 1.2173404693603515625, 1.03228604793548583984, 1.17956745624542236328, 0.93115121126174926758, 0.98617613315582275391, 0.94102489948272705078, 0.88828045129776000977, -0.46667956312497455018, -0.19182196259498596191, 0.59992873668670654297, 0.75830537080764770508, 0.88904698689778649534, 0.89750558137893676758, 0.850504914919535282, 0.65760656197865807737, 0.3580569922924041748, -0.633196870485941532, -0.00330749154090881348, 1.73792469501495361328, 2.05363440513610839844, 2.09859466552734375, 2.769927978515625, 1.95813051859537767818, 1.86584758758544921875, 0.9325173497200012207, 2.2230281829833984375]
time=[0., 1000000.]
