last-generated=2018-06-21
statistics-simulation=
{
  "linear": " ",
  "nonlinear": "1, 1, 1",
  "number of continuous time states": "8",
  "numerical Jacobians": "0"
}
HP_recomp.P_evap=[5.53281328125e+04, 2.5638978515625e+04, 2.59174140625e+04, 2.6152794921875e+04, 2.6299470703125e+04, 2.635307421875e+04, 2.6395931640625e+04, 2.6348890625e+04, 2.620147265625e+04, 2.59555078125e+04, 2.5619017578125e+04, 2.5205595703125e+04, 2.4733876953125e+04, 2.4225677734375e+04, 2.3672173828125e+04, 2.3138357421875e+04, 2.269446875e+04, 2.2373490234375e+04, 2.207807421875e+04, 2.1861044921875e+04, 2.17451328125e+04, 2.1741357421875e+04, 2.18568125e+04, 2.20938828125e+04, 2.2449904296875e+04, 2.291709375e+04, 2.3482810546875e+04, 2.4129736328125e+04, 2.48369140625e+04, 2.558059375e+04, 2.6334578125e+04, 2.7072095703125e+04, 2.7788494140625e+04, 2.8501412109375e+04, 2.9112451171875e+04, 2.9596529296875e+04, 2.99344140625e+04, 3.011262890625e+04, 3.0124125e+04, 2.9968494140625e+04, 2.9651958984375e+04, 2.9187130859375e+04, 2.85926640625e+04, 2.789176171875e+04, 2.71792109375e+04, 2.644495703125e+04, 2.569281640625e+04, 2.4947017578125e+04, 2.42342734375e+04, 2.3578685546875e+04, 2.3001865234375e+04, 2.2521509765625e+04, 2.215092578125e+04, 2.1898537109375e+04, 2.1767619140625e+04, 2.1756359375e+04, 2.1858142578125e+04, 2.2062080078125e+04, 2.2356892578125e+04, 2.2665298828125e+04, 2.3091478515625e+04, 2.36162109375e+04, 2.41648125e+04, 2.4673759765625e+04, 2.514800390625e+04, 2.5566662109375e+04, 2.5910578125e+04, 2.6165689453125e+04, 2.63235e+04, 2.6381517578125e+04, 2.6343548828125e+04, 2.6289462890625e+04, 2.6153373046875e+04, 2.5928671875e+04, 2.5653267578125e+04, 2.5351015625e+04, 2.5026474609375e+04, 2.469978515625e+04, 2.4393994140625e+04, 2.41316640625e+04, 2.3933896484375e+04, 2.3818509765625e+04, 2.3799267578125e+04, 2.388460546875e+04, 2.407714453125e+04, 2.437322265625e+04, 2.47629609375e+04, 2.5230673828125e+04, 2.57555703125e+04, 2.63127421875e+04, 2.68745859375e+04, 2.7411544921875e+04, 2.7917814453125e+04, 2.841049609375e+04, 2.87780078125e+04, 2.9003029296875e+04, 2.9073890625e+04, 2.8986779296875e+04, 2.87447265625e+04, 2.8356943359375e+04, 2.7838474609375e+04]
HP_nom_recomp.P_evap=[5.53281328125e+04, 2.66087578125e+04, 2.689809765625e+04, 2.710867578125e+04, 2.722919140625e+04, 2.732175e+04, 2.738033203125e+04, 2.7338787109375e+04, 2.7190078125e+04, 2.693602734375e+04, 2.6585328125e+04, 2.6152658203125e+04, 2.5657978515625e+04, 2.512459765625e+04, 2.457829296875e+04, 2.4045900390625e+04, 2.351598046875e+04, 2.3117857421875e+04, 2.284141796875e+04, 2.2626466796875e+04, 2.25150859375e+04, 2.251934765625e+04, 2.26466015625e+04, 2.28992578125e+04, 2.327453125e+04, 2.3764326171875e+04, 2.4355513671875e+04, 2.503011328125e+04, 2.5766375e+04, 2.653966015625e+04, 2.73186171875e+04, 2.81918203125e+04, 2.9004662109375e+04, 2.97460390625e+04, 3.0379822265625e+04, 3.088103125e+04, 3.1230037109375e+04, 3.1413126953125e+04, 3.14231875e+04, 3.125987890625e+04, 3.092965234375e+04, 3.0445486328125e+04, 2.9826560546875e+04, 2.909746484375e+04, 2.828669140625e+04, 2.74241015625e+04, 2.6641990234375e+04, 2.586729296875e+04, 2.5127158203125e+04, 2.4446361328125e+04, 2.3846755859375e+04, 2.3346765625e+04, 2.2960025390625e+04, 2.26951328125e+04, 2.255534375e+04, 2.253866015625e+04, 2.2638142578125e+04, 2.284261328125e+04, 2.3107646484375e+04, 2.3492947265625e+04, 2.400851953125e+04, 2.4535685546875e+04, 2.5077607421875e+04, 2.560883984375e+04, 2.61037265625e+04, 2.653873046875e+04, 2.6893822265625e+04, 2.7153923828125e+04, 2.7310046875e+04, 2.7359693359375e+04, 2.7307130859375e+04, 2.7200365234375e+04, 2.70870078125e+04, 2.6885251953125e+04, 2.6602572265625e+04, 2.6252361328125e+04, 2.592708203125e+04, 2.56010234375e+04, 2.5295740234375e+04, 2.5034458984375e+04, 2.4838947265625e+04, 2.4727638671875e+04, 2.4714818359375e+04, 2.4809228515625e+04, 2.5013546875e+04, 2.53238828125e+04, 2.5729849609375e+04, 2.6214984375e+04, 2.675753125e+04, 2.733150390625e+04, 2.790820703125e+04, 2.8567076171875e+04, 2.915745703125e+04, 2.964222265625e+04, 2.9996076171875e+04, 3.0201359375e+04, 3.024730859375e+04, 3.0131119140625e+04, 2.9856857421875e+04, 2.943475e+04, 2.88807578125e+04]
HP_nom.P_evap=[2.7208048828125e+04, 2.6653572265625e+04, 2.693837890625e+04, 2.7143880859375e+04, 2.7258314453125e+04, 2.734333984375e+04, 2.7395447265625e+04, 2.7345466796875e+04, 2.7187921875e+04, 2.6925060546875e+04, 2.6566087890625e+04, 2.6126169921875e+04, 2.5625365234375e+04, 2.5087416015625e+04, 2.4538228515625e+04, 2.4005248046875e+04, 2.3473421875e+04, 2.3080826171875e+04, 2.2808392578125e+04, 2.2598e+04, 2.2492703125e+04, 2.250409765625e+04, 2.263919140625e+04, 2.2900046875e+04, 2.3283486328125e+04, 2.3781029296875e+04, 2.4379119140625e+04, 2.50595859375e+04, 2.5800412109375e+04, 2.657654296875e+04, 2.735998828125e+04, 2.8229654296875e+04, 2.9044453125e+04, 2.9781359375e+04, 3.0409072265625e+04, 3.0902990234375e+04, 3.1243751953125e+04, 3.14180390625e+04, 3.1419087890625e+04, 3.1246931640625e+04, 3.0908408203125e+04, 3.0416912109375e+04, 2.9791873046875e+04, 2.9058029296875e+04, 2.82444453125e+04, 2.7382427734375e+04, 2.660439453125e+04, 2.5832724609375e+04, 2.5097072265625e+04, 2.4421953125e+04, 2.382926171875e+04, 2.3336978515625e+04, 2.2958404296875e+04, 2.2701744140625e+04, 2.2569875e+04, 2.2560404296875e+04, 2.26660859375e+04, 2.287552734375e+04, 2.3147462890625e+04, 2.3534650390625e+04, 2.40530078125e+04, 2.4576103515625e+04, 2.5115228515625e+04, 2.56420234375e+04, 2.613094140625e+04, 2.6558669921875e+04, 2.690558984375e+04, 2.7157033203125e+04, 2.7304314453125e+04, 2.734547265625e+04, 2.7285283203125e+04, 2.717162890625e+04, 2.705245703125e+04, 2.6845451171875e+04, 2.6558970703125e+04, 2.620722265625e+04, 2.588559765625e+04, 2.556173828125e+04, 2.526046875e+04, 2.5004810546875e+04, 2.4816185546875e+04, 2.4712865234375e+04, 2.47086796875e+04, 2.4812017578125e+04, 2.502509375e+04, 2.534364453125e+04, 2.5756931640625e+04, 2.624815625e+04, 2.679526171875e+04, 2.7372072265625e+04, 2.795028515625e+04, 2.86141640625e+04, 2.92010859375e+04, 2.9680822265625e+04, 3.00283671875e+04, 3.0226009765625e+04, 3.0263767578125e+04, 3.013905859375e+04, 2.9856291015625e+04, 2.94261640625e+04, 2.8864658203125e+04]
HP.P_evap=[2.7204548828125e+04, 2.6651994140625e+04, 2.693685546875e+04, 2.7142408203125e+04, 2.7256890625e+04, 2.734181640625e+04, 2.7393904296875e+04, 2.734391015625e+04, 2.718635546875e+04, 2.6923490234375e+04, 2.6564517578125e+04, 2.61246015625e+04, 2.56238046875e+04, 2.5085865234375e+04, 2.4536689453125e+04, 2.4003744140625e+04, 2.3471857421875e+04, 2.307939453125e+04, 2.2806955078125e+04, 2.259655078125e+04, 2.249123828125e+04, 2.250262109375e+04, 2.2637703125e+04, 2.2898548828125e+04, 2.3281978515625e+04, 2.3779515625e+04, 2.4377599609375e+04, 2.50580625e+04, 2.579888671875e+04, 2.6575015625e+04, 2.7358193359375e+04, 2.822788671875e+04, 2.9042681640625e+04, 2.9779591796875e+04, 3.040730859375e+04, 3.0901228515625e+04, 3.1241994140625e+04, 3.1416283203125e+04, 3.1417330078125e+04, 3.1245171875e+04, 3.09066484375e+04, 3.0415146484375e+04, 2.979010546875e+04, 2.905625390625e+04, 2.824266796875e+04, 2.7380642578125e+04, 2.6602861328125e+04, 2.583119921875e+04, 2.5095546875e+04, 2.442043359375e+04, 2.382774609375e+04, 2.333546875e+04, 2.2956904296875e+04, 2.270025390625e+04, 2.256839453125e+04, 2.25589375e+04, 2.26646328125e+04, 2.2874087890625e+04, 2.314603125e+04, 2.3533095703125e+04, 2.40515234375e+04, 2.45745625e+04, 2.5113677734375e+04, 2.5640462890625e+04, 2.6129373046875e+04, 2.655709765625e+04, 2.6904017578125e+04, 2.715546484375e+04, 2.7302755859375e+04, 2.73439296875e+04, 2.72837578125e+04, 2.7170212890625e+04, 2.7050990234375e+04, 2.6843931640625e+04, 2.65573984375e+04, 2.62055859375e+04, 2.5884103515625e+04, 2.5560224609375e+04, 2.5258935546875e+04, 2.500326171875e+04, 2.481462109375e+04, 2.47112890625e+04, 2.4707095703125e+04, 2.481042578125e+04, 2.5023498046875e+04, 2.5342048828125e+04, 2.5755333984375e+04, 2.62465625e+04, 2.679367578125e+04, 2.737049609375e+04, 2.7948408203125e+04, 2.8612330078125e+04, 2.919929296875e+04, 2.9679068359375e+04, 3.002665625e+04, 3.0224337890625e+04, 3.0262130859375e+04, 3.0137455078125e+04, 2.9854716796875e+04, 2.9424615234375e+04, 2.886312890625e+04]
time=[0e+00, 1e+04]
HP_recomp.cop=[9.311634063720703e+00, 3.842905759811401e+00, 3.836485147476196e+00, 3.827679872512817e+00, 3.812643051147461e+00, 3.791283845901489e+00, 3.770114660263062e+00, 3.742579221725464e+00, 3.709153890609741e+00, 3.670730829238892e+00, 3.628365039825439e+00, 3.58318567276001e+00, 3.536446332931519e+00, 3.489493846893311e+00, 3.444482803344727e+00, 3.405299186706543e+00, 3.368878841400146e+00, 3.338051319122314e+00, 3.322043657302856e+00, 3.319266796112061e+00, 3.329386949539185e+00, 3.353451728820801e+00, 3.392129182815552e+00, 3.445590734481812e+00, 3.513440370559692e+00, 3.594669342041016e+00, 3.6876540184021e+00, 3.790148735046387e+00, 3.899401903152466e+00, 4.012249946594238e+00, 4.12517786026001e+00, 4.234557151794434e+00, 4.339219570159912e+00, 4.439234733581543e+00, 4.524478912353516e+00, 4.591693878173828e+00, 4.638422012329102e+00, 4.662936210632324e+00, 4.664347171783447e+00, 4.642621040344238e+00, 4.598579406738281e+00, 4.533867835998535e+00, 4.45090913772583e+00, 4.35267162322998e+00, 4.249878883361816e+00, 4.141294956207275e+00, 4.02911376953125e+00, 3.916542768478394e+00, 3.807119607925415e+00, 3.704044103622437e+00, 3.610140323638916e+00, 3.527684926986694e+00, 3.458373785018921e+00, 3.403284072875977e+00, 3.362877368927002e+00, 3.337040424346924e+00, 3.325153112411499e+00, 3.326169729232788e+00, 3.339166164398193e+00, 3.367525815963745e+00, 3.403876543045044e+00, 3.443736553192139e+00, 3.486255645751953e+00, 3.532523632049561e+00, 3.578421831130981e+00, 3.622787714004517e+00, 3.664363622665405e+00, 3.702084064483643e+00, 3.734993219375611e+00, 3.76225209236145e+00, 3.783193826675415e+00, 3.80378270149231e+00, 3.818650007247925e+00, 3.827387571334839e+00, 3.833243131637573e+00, 3.837725639343262e+00, 3.841285705566406e+00, 3.845272064208984e+00, 3.851386547088623e+00, 3.861260175704956e+00, 3.876384258270264e+00, 3.89792537689209e+00, 3.926644563674927e+00, 3.96275520324707e+00, 4.00587272644043e+00, 4.054976463317871e+00, 4.108450412750244e+00, 4.164166927337646e+00, 4.219619274139404e+00, 4.272068977355957e+00, 4.318725109100342e+00, 4.356718063354492e+00, 4.386423587799072e+00, 4.409214973449707e+00, 4.414937973022461e+00, 4.402942657470703e+00, 4.373054504394531e+00, 4.325861930847168e+00, 4.26258373260498e+00, 4.184994697570801e+00, 4.095370769500732e+00]
HP_nom.cop=[7.966787338256836e+00, 3.94414234161377e+00, 3.937524557113647e+00, 3.925622224807739e+00, 3.907317399978638e+00, 3.88709020614624e+00, 3.863066911697388e+00, 3.832735538482666e+00, 3.796670198440552e+00, 3.755817413330078e+00, 3.711279153823853e+00, 3.664219856262207e+00, 3.615885019302368e+00, 3.567655324935913e+00, 3.521060943603516e+00, 3.477938175201416e+00, 3.442414045333862e+00, 3.412984132766724e+00, 3.393791198730469e+00, 3.391914367675781e+00, 3.403346061706543e+00, 3.429217576980591e+00, 3.470181465148926e+00, 3.526363611221313e+00, 3.597302675247192e+00, 3.681906461715698e+00, 3.778444290161133e+00, 3.884575605392456e+00, 3.997434139251709e+00, 4.113716125488281e+00, 4.22938871383667e+00, 4.352738857269287e+00, 4.466260433197021e+00, 4.568639278411865e+00, 4.655448436737061e+00, 4.723556995391846e+00, 4.770493984222412e+00, 4.794559478759766e+00, 4.794893264770508e+00, 4.771506309509277e+00, 4.72528076171875e+00, 4.657936096191406e+00, 4.571962356567383e+00, 4.470521926879883e+00, 4.357336044311523e+00, 4.236258983612061e+00, 4.121906280517578e+00, 4.006519317626953e+00, 3.894628286361694e+00, 3.789383888244629e+00, 3.693634510040283e+00, 3.609698534011841e+00, 3.539276599884033e+00, 3.483434438705444e+00, 3.442607402801514e+00, 3.416638374328613e+00, 3.404861450195312e+00, 3.406208753585815e+00, 3.42186164855957e+00, 3.451758146286011e+00, 3.486555337905884e+00, 3.528080940246582e+00, 3.572964668273926e+00, 3.619166851043701e+00, 3.665191173553467e+00, 3.709717750549316e+00, 3.751580238342285e+00, 3.789727926254272e+00, 3.823205471038819e+00, 3.851186990737915e+00, 3.872998237609863e+00, 3.890935659408569e+00, 3.907556533813477e+00, 3.918178081512451e+00, 3.923226118087769e+00, 3.92354941368103e+00, 3.927952527999878e+00, 3.932587623596191e+00, 3.939581871032715e+00, 3.950581789016724e+00, 3.967084646224976e+00, 3.990275382995606e+00, 4.020889759063721e+00, 4.059109687805176e+00, 4.104485988616943e+00, 4.155925750732422e+00, 4.211723327636719e+00, 4.269649982452393e+00, 4.32709264755249e+00, 4.381212711334229e+00, 4.429086685180664e+00, 4.479753971099854e+00, 4.516515254974365e+00, 4.537362098693848e+00, 4.540665626525879e+00, 4.52560567855835e+00, 4.492164134979248e+00, 4.441020488739014e+00, 4.373503684997559e+00, 4.291520118713379e+00, 4.197418689727783e+00]
HP.cop=[7.96614408493042e+00, 3.9439857006073e+00, 3.937373638153076e+00, 3.925476312637329e+00, 3.907176733016968e+00, 3.886946201324463e+00, 3.862926006317139e+00, 3.832597494125366e+00, 3.796533823013306e+00, 3.755681991577148e+00, 3.711143970489502e+00, 3.664084196090698e+00, 3.615748167037964e+00, 3.567516565322876e+00, 3.520920038223267e+00, 3.4777991771698e+00, 3.442274332046509e+00, 3.41283917427063e+00, 3.393649339675903e+00, 3.39177131652832e+00, 3.403201103210449e+00, 3.429070949554443e+00, 3.470033168792725e+00, 3.526213645935059e+00, 3.597151279449463e+00, 3.681754112243652e+00, 3.778290748596191e+00, 3.884421348571777e+00, 3.997279167175293e+00, 4.113560676574707e+00, 4.229203701019287e+00, 4.352561950683594e+00, 4.466081142425537e+00, 4.568460941314697e+00, 4.655270576477051e+00, 4.723379611968994e+00, 4.770317077636719e+00, 4.794382572174072e+00, 4.794716358184814e+00, 4.771329402923584e+00, 4.725103378295898e+00, 4.657758235931396e+00, 4.571783542633057e+00, 4.470342636108398e+00, 4.357156753540039e+00, 4.236077785491943e+00, 4.121749877929688e+00, 4.006364822387695e+00, 3.894473552703857e+00, 3.789230108261108e+00, 3.693481922149658e+00, 3.609546899795532e+00, 3.539126396179199e+00, 3.483285903930664e+00, 3.442460536956787e+00, 3.41649317741394e+00, 3.404718160629272e+00, 3.40606689453125e+00, 3.421713590621948e+00, 3.451616048812866e+00, 3.486418962478638e+00, 3.527939319610596e+00, 3.57282567024231e+00, 3.619029521942139e+00, 3.665055513381958e+00, 3.709582567214966e+00, 3.751445055007935e+00, 3.789592027664185e+00, 3.823068141937256e+00, 3.851047039031982e+00, 3.872854948043823e+00, 3.890795946121216e+00, 3.907411098480225e+00, 3.918027639389038e+00, 3.923069953918457e+00, 3.923385381698608e+00, 3.927801609039307e+00, 3.932434320449829e+00, 3.939425945281982e+00, 3.9504234790802e+00, 3.96692419052124e+00, 3.990113258361817e+00, 4.020725727081299e+00, 4.058944702148438e+00, 4.104320526123047e+00, 4.155760288238525e+00, 4.211557865142822e+00, 4.269485473632812e+00, 4.326929092407227e+00, 4.381050586700439e+00, 4.428893089294434e+00, 4.479568004608154e+00, 4.516334056854248e+00, 4.537185668945312e+00, 4.540493488311768e+00, 4.52543830871582e+00, 4.492000579833984e+00, 4.440860271453857e+00, 4.37334680557251e+00, 4.291365623474121e+00, 4.197266578674316e+00]
HP_nom_recomp.cop=[9.311634063720703e+00, 3.939665794372559e+00, 3.93354344367981e+00, 3.922149896621704e+00, 3.904449701309204e+00, 3.885090112686157e+00, 3.861709356307983e+00, 3.832165241241455e+00, 3.796881914138794e+00, 3.75678539276123e+00, 3.712954044342041e+00, 3.666528224945068e+00, 3.618757486343384e+00, 3.570986032485962e+00, 3.524729013442993e+00, 3.481696128845215e+00, 3.446215629577637e+00, 3.416724443435669e+00, 3.397036552429199e+00, 3.394709587097168e+00, 3.405545711517334e+00, 3.430715322494507e+00, 3.470901966094971e+00, 3.526265621185303e+00, 3.596384048461914e+00, 3.680204391479492e+00, 3.776042461395264e+00, 3.881575584411621e+00, 3.993967056274415e+00, 4.109961032867432e+00, 4.225161075592041e+00, 4.349065780639648e+00, 4.462257862091064e+00, 4.565093517303467e+00, 4.652523517608643e+00, 4.721372604370117e+00, 4.769144058227539e+00, 4.794097423553467e+00, 4.79533863067627e+00, 4.772841453552246e+00, 4.7274489402771e+00, 4.660838603973389e+00, 4.575477123260498e+00, 4.474515914916992e+00, 4.361607074737549e+00, 4.240456581115723e+00, 4.125741481781006e+00, 4.010019779205322e+00, 3.897663354873657e+00, 3.791835784912109e+00, 3.695380210876465e+00, 3.610662698745728e+00, 3.539419651031494e+00, 3.482756853103638e+00, 3.441147327423096e+00, 3.414472341537476e+00, 3.402094125747681e+00, 3.402956008911133e+00, 3.417713403701782e+00, 3.447932004928589e+00, 3.48293662071228e+00, 3.524368286132812e+00, 3.569596529006958e+00, 3.616259813308716e+00, 3.662848234176636e+00, 3.708022832870483e+00, 3.750590324401855e+00, 3.789480447769165e+00, 3.823734283447266e+00, 3.852497577667236e+00, 3.875064849853516e+00, 3.893804550170898e+00, 3.910989761352539e+00, 3.922130823135376e+00, 3.927560091018677e+00, 3.928054809570312e+00, 3.932131767272949e+00, 3.9365553855896e+00, 3.943153142929077e+00, 3.953589677810669e+00, 3.969396352767944e+00, 3.991770029067994e+00, 4.02149486541748e+00, 4.058790683746338e+00, 4.103260040283203e+00, 4.153850555419922e+00, 4.208896160125732e+00, 4.2662034034729e+00, 4.323191165924072e+00, 4.377038478851318e+00, 4.424877166748047e+00, 4.474975109100342e+00, 4.512120723724365e+00, 4.533491611480713e+00, 4.537441730499268e+00, 4.523158550262451e+00, 4.490541458129883e+00, 4.440252304077148e+00, 4.373586177825928e+00, 4.292398452758789e+00, 4.199041843414307e+00]
