last-generated=2016-09-22
statistics-simulation=
{
  "numerical Jacobians": "0", 
  "nonlinear": "1", 
  "number of continuous time states": "135", 
  "linear": "0, 0, 0, 0, 0, 0, 0, 0, 0, 0, 0, 0, 0, 0, 0, 0, 0, 0, 0, 0, 0, 0, 0, 0, 0, 0, 0,   0, 0, 0, 0, 0, 0, 0, 0, 0, 0, 0, 5, 5, 5, 5, 5, 5, 0, 0, 0, 0, 0, 0, 0, 0, 5,   5, 5"
}
structure.TSensor[1]=[293.149993896484375, 293.6666259765625, 293.372955322265625, 292.800140380859375, 292.0028076171875, 291.59173583984375, 290.84130859375, 290.438507080078125, 290.27752685546875, 290.29638671875, 290.395111083984375, 290.5322265625, 289.99932861328125, 289.47772216796875, 288.52996826171875, 287.513031005859375, 286.882293701171875, 286.675567626953125, 286.853485107421875, 287.29986572265625, 288.076141357421875, 288.667388916015625, 288.663543701171875, 288.162811279296875, 287.3375244140625, 287.19384765625, 287.25067138671875, 287.856842041015625, 287.837432861328125, 288.65350341796875, 289.124420166015625, 289.93804931640625, 290.64056396484375, 290.985626220703125, 290.90911865234375, 289.987091064453125, 289.47161865234375, 289.26214599609375, 289.83758544921875, 289.782470703125, 290.17889404296875, 290.53851318359375, 290.430084228515625, 289.948486328125, 289.679168701171875, 288.70428466796875, 288.168182373046875, 287.870208740234375, 288.009918212890625, 288.0863037109375, 289.358489990234375, 289.648712158203125, 290.21844482421875, 290.337615966796875, 289.64117431640625, 289.907562255859375, 289.4755859375, 289.323211669921875, 289.831634521484375, 290.3826904296875, 290.98651123046875, 292.042510986328125, 292.43511962890625, 291.852783203125, 291.333404541015625, 291.769775390625, 291.34405517578125, 291.1644287109375, 292.047393798828125, 292.059539794921875, 292.284088134765625, 292.485504150390625, 293.61383056640625, 293.148345947265625, 293.001678466796875, 292.61468505859375, 292.5504150390625, 292.155364990234375, 293.23687744140625, 294.69573974609375, 295.242279052734375, 296.30670166015625, 296.3240966796875, 295.962615966796875, 295.826690673828125, 295.56964111328125, 295.37945556640625, 295.255218505859375, 295.652801513671875, 296.03521728515625, 296.37933349609375, 296.61993408203125, 297.494049072265625, 297.39483642578125, 297.6973876953125, 298.08026123046875, 298.2349853515625, 299.02044677734375, 300.48590087890625, 301.9423828125, 302.872222900390625]
structure.TSensor[2]=[293.149993896484375, 292.9542236328125, 292.97039794921875, 292.95318603515625, 292.737335205078125, 292.624908447265625, 291.938323974609375, 291.174652099609375, 290.402740478515625, 289.801025390625, 289.490966796875, 289.5570068359375, 289.362335205078125, 289.3956298828125, 289.04119873046875, 288.385589599609375, 287.734527587890625, 287.138275146484375, 286.72003173828125, 286.571746826171875, 286.95758056640625, 287.568756103515625, 287.914520263671875, 288.035064697265625, 287.85345458984375, 288.012451171875, 288.04766845703125, 288.34124755859375, 287.826751708984375, 288.0771484375, 288.190155029296875, 288.961517333984375, 289.934112548828125, 290.853790283203125, 291.4375, 291.05938720703125, 290.577362060546875, 289.983673095703125, 289.939544677734375, 289.30364990234375, 289.280792236328125, 289.5888671875, 289.82568359375, 289.918731689453125, 290.17901611328125, 289.664459228515625, 289.14495849609375, 288.498687744140625, 288.033721923828125, 287.495361328125, 288.32452392578125, 288.6558837890625, 289.514801025390625, 290.193206787109375, 290.2337646484375, 290.762420654296875, 290.500732421875, 290.055908203125, 290.033782958984375, 289.994873046875, 290.16680908203125, 291.14703369140625, 291.8955078125, 292.005401611328125, 292.0701904296875, 292.707611083984375, 292.440155029296875, 291.93975830078125, 292.203857421875, 291.704193115234375, 291.548248291015625, 291.69171142578125, 292.9951171875, 293.2579345703125, 293.66827392578125, 293.693359375, 293.642852783203125, 293.048675537109375, 293.541656494140625, 294.343292236328125, 294.604766845703125, 295.6324462890625, 296.066741943359375, 296.32049560546875, 296.6851806640625, 296.81964111328125, 296.6875, 296.29547119140625, 296.1170654296875, 295.927032470703125, 295.87640380859375, 296.06207275390625, 297.17486572265625, 297.709716796875, 298.57391357421875, 299.287567138671875, 299.566162109375, 300.127899169921875, 301.052764892578125, 301.96990966796875, 302.615692138671875]
structure.TSensor[3]=[293.149993896484375, 292.3134765625, 291.426666259765625, 290.93560791015625, 290.872222900390625, 291.534149169921875, 291.781005859375, 291.855712890625, 291.470245361328125, 290.619720458984375, 289.535491943359375, 288.63775634765625, 287.50555419921875, 287.063079833984375, 286.868621826171875, 286.91864013671875, 287.28558349609375, 287.649627685546875, 287.7491455078125, 287.51129150390625, 287.306365966796875, 287.033905029296875, 286.48876953125, 286.130126953125, 286.03173828125, 286.9366455078125, 288.0302734375, 289.330535888671875, 289.220123291015625, 289.2679443359375, 288.661895751953125, 288.58514404296875, 288.801422119140625, 289.303863525390625, 290.0091552734375, 290.13482666015625, 290.524383544921875, 290.809234619140625, 291.214508056640625, 290.322479248046875, 289.51141357421875, 288.816375732421875, 288.157745361328125, 287.821319580078125, 288.3670654296875, 288.527435302734375, 288.918487548828125, 289.15106201171875, 289.175872802734375, 288.46343994140625, 288.723876953125, 288.052764892578125, 288.216705322265625, 288.560821533203125, 288.686126708984375, 290.029754638671875, 290.686126708984375, 291.048828125, 291.3917236328125, 291.222412109375, 290.741363525390625, 290.887664794921875, 290.694610595703125, 290.16778564453125, 290.360321044921875, 291.900848388671875, 292.571624755859375, 292.88702392578125, 293.596282958984375, 292.780670166015625, 291.819305419921875, 290.977874755859375, 291.71002197265625, 291.42645263671875, 292.084686279296875, 292.838623046875, 293.80743408203125, 294.120758056640625, 295.106689453125, 295.90655517578125, 295.332611083984375, 295.4605712890625, 294.8699951171875, 294.59552001953125, 295.19866943359375, 296.060028076171875, 296.907012939453125, 297.36090087890625, 297.6339111328125, 297.21002197265625, 296.4136962890625, 295.595611572265625, 295.991485595703125, 296.025787353515625, 297.14630126953125, 298.721893310546875, 300.05364990234375, 301.517120361328125, 302.990478515625, 303.772796630859375, 303.63787841796875]
time=[0., 8640000.]
