last-generated=2018-01-25
statistics-initialization=
{
  "nonlinear": "8, 8, 8, 8, 1, 1, 4, 1, 1",
  "numerical Jacobians": "1"
}
statistics-simulation=
{
  "linear": "0, 5, 5, 0, 0, 0, 0, 0, 0, 0, 0, 0, 0, 0, 0, 0, 0, 0, 0, 0, 0, 5, 5, 0, 0, 0, 0,   0, 0, 5, 5, 0, 0, 0, 0, 0, 0, 0, 0, 0, 0, 0, 0, 5, 5, 0, 0, 0, 0, 0, 0, 0, 0,   0, 0, 0",
  "nonlinear": "1, 1, 1, 1, 1, 1, 1, 1",
  "number of continuous time states": "140",
  "numerical Jacobians": "0"
}
bui930.TSensor[1]=[2.931499938964844e+02, 2.951429748535156e+02, 2.951448669433594e+02, 2.95149658203125e+02, 2.951573181152344e+02, 2.951476745605469e+02, 2.951438903808594e+02, 2.951440734863281e+02, 2.951441955566406e+02, 2.951393432617188e+02, 2.951431884765625e+02, 2.950638732910156e+02, 2.950369567871094e+02, 2.950706481933594e+02, 2.950186462402344e+02, 2.94916748046875e+02, 2.948464050292969e+02, 2.947499084472656e+02, 2.947169494628906e+02, 2.946783142089844e+02, 2.9464990234375e+02, 2.94753662109375e+02, 2.948469848632812e+02, 2.948202514648438e+02, 2.947608337402344e+02, 2.946970825195312e+02, 2.946278686523438e+02, 2.945110473632812e+02, 2.944219360351562e+02, 2.943892517089844e+02, 2.945754089355469e+02, 2.94639892578125e+02, 2.945047302246094e+02, 2.943689880371094e+02, 2.9422607421875e+02, 2.940585632324219e+02, 2.939152526855469e+02, 2.937908935546875e+02, 2.941497192382812e+02, 2.94584716796875e+02, 2.946414794921875e+02, 2.944220886230469e+02, 2.943289794921875e+02, 2.942137145996094e+02, 2.940777587890625e+02, 2.939742431640625e+02, 2.938895263671875e+02, 2.939117736816406e+02, 2.940449829101562e+02, 2.940132141113281e+02, 2.939544067382812e+02, 2.93899658203125e+02, 2.938552551269531e+02, 2.938171081542969e+02, 2.937922058105469e+02, 2.938052368164062e+02, 2.940093383789062e+02, 2.94096435546875e+02, 2.9401318359375e+02, 2.939388122558594e+02, 2.93872314453125e+02, 2.937677917480469e+02, 2.936788635253906e+02, 2.934380798339844e+02, 2.937106323242188e+02, 2.937012634277344e+02, 2.936812744140625e+02, 2.935581359863281e+02, 2.932012634277344e+02, 2.927292175292969e+02, 2.923842163085938e+02, 2.921718444824219e+02, 2.920068664550781e+02, 2.925906677246094e+02, 2.931204833984375e+02, 2.928600158691406e+02, 2.927077941894531e+02, 2.925072326660156e+02, 2.924053344726562e+02, 2.923149108886719e+02, 2.922252502441406e+02, 2.922994995117188e+02, 2.930490417480469e+02, 2.931509094238281e+02, 2.931045227050781e+02, 2.931174621582031e+02, 2.931250305175781e+02, 2.9300146484375e+02, 2.929076843261719e+02, 2.928949584960938e+02, 2.9342138671875e+02, 2.9377880859375e+02, 2.93796630859375e+02, 2.936930847167969e+02, 2.935890197753906e+02, 2.932012329101562e+02, 2.912986145019531e+02, 2.900011291503906e+02, 2.891380615234375e+02, 2.89169189453125e+02, 2.887280883789062e+02]
bui900.TSensor[1]=[2.931499938964844e+02, 2.951429748535156e+02, 2.951448669433594e+02, 2.95153076171875e+02, 2.95160400390625e+02, 2.951430969238281e+02, 2.951423645019531e+02, 2.951433410644531e+02, 2.951436157226562e+02, 2.951388549804688e+02, 2.951427917480469e+02, 2.950931701660156e+02, 2.951458435058594e+02, 2.951467895507812e+02, 2.951233215332031e+02, 2.94990478515625e+02, 2.949104919433594e+02, 2.948059387207031e+02, 2.947658386230469e+02, 2.947209167480469e+02, 2.946869812011719e+02, 2.9490185546875e+02, 2.949778442382812e+02, 2.949151916503906e+02, 2.948369140625e+02, 2.947630920410156e+02, 2.946852111816406e+02, 2.94560791015625e+02, 2.944651489257812e+02, 2.944724426269531e+02, 2.9489306640625e+02, 2.949110412597656e+02, 2.946841125488281e+02, 2.94522705078125e+02, 2.943598937988281e+02, 2.941746215820312e+02, 2.940162048339844e+02, 2.938786315917969e+02, 2.950136413574219e+02, 2.952759094238281e+02, 2.950639038085938e+02, 2.951212158203125e+02, 2.951340637207031e+02, 2.951340942382812e+02, 2.949281616210938e+02, 2.947189331054688e+02, 2.945399169921875e+02, 2.945274963378906e+02, 2.951222839355469e+02, 2.947968444824219e+02, 2.946025695800781e+02, 2.944656677246094e+02, 2.943496398925781e+02, 2.942479858398438e+02, 2.9416796875e+02, 2.941839294433594e+02, 2.944647521972656e+02, 2.9449462890625e+02, 2.943196105957031e+02, 2.942030944824219e+02, 2.941016540527344e+02, 2.939668884277344e+02, 2.938520202636719e+02, 2.935882873535156e+02, 2.9403369140625e+02, 2.939986572265625e+02, 2.939183654785156e+02, 2.937404479980469e+02, 2.933580017089844e+02, 2.928641052246094e+02, 2.925010375976562e+02, 2.922733154296875e+02, 2.920964965820312e+02, 2.927985534667969e+02, 2.9334521484375e+02, 2.930106506347656e+02, 2.92833251953125e+02, 2.926156921386719e+02, 2.924993286132812e+02, 2.923963928222656e+02, 2.922957458496094e+02, 2.924241333007812e+02, 2.932654418945312e+02, 2.933345642089844e+02, 2.932301330566406e+02, 2.932252502441406e+02, 2.932185363769531e+02, 2.930822143554688e+02, 2.929774475097656e+02, 2.92955322265625e+02, 2.940567016601562e+02, 2.947446594238281e+02, 2.944241333007812e+02, 2.941873779296875e+02, 2.940187377929688e+02, 2.935726318359375e+02, 2.916072082519531e+02, 2.902630310058594e+02, 2.893843688964844e+02, 2.901146545410156e+02, 2.893548278808594e+02]
bui610.TSensor[1]=[2.931499938964844e+02, 2.951383361816406e+02, 2.9514599609375e+02, 2.951572875976562e+02, 2.951696166992188e+02, 2.951392822265625e+02, 2.95135498046875e+02, 2.951408386230469e+02, 2.951421203613281e+02, 2.950789794921875e+02, 2.948725280761719e+02, 2.94718994140625e+02, 2.948062438964844e+02, 2.950457153320312e+02, 2.949591064453125e+02, 2.947078247070312e+02, 2.945673522949219e+02, 2.944226989746094e+02, 2.944046630859375e+02, 2.943963928222656e+02, 2.944158020019531e+02, 2.948445434570312e+02, 2.950818176269531e+02, 2.949838256835938e+02, 2.947739868164062e+02, 2.946139831542969e+02, 2.944702758789062e+02, 2.942699584960938e+02, 2.941185913085938e+02, 2.94134765625e+02, 2.949532470703125e+02, 2.9505615234375e+02, 2.945704956054688e+02, 2.941942749023438e+02, 2.93894287109375e+02, 2.936133117675781e+02, 2.93398193359375e+02, 2.932510681152344e+02, 2.952255554199219e+02, 3.033687133789062e+02, 3.037524719238281e+02, 2.94925048828125e+02, 2.947874450683594e+02, 2.941647644042969e+02, 2.937912292480469e+02, 2.935861511230469e+02, 2.934821472167969e+02, 2.936802673339844e+02, 2.9511474609375e+02, 2.948309936523438e+02, 2.941505432128906e+02, 2.938464965820312e+02, 2.937034912109375e+02, 2.936374206542969e+02, 2.936182556152344e+02, 2.937220764160156e+02, 2.943852844238281e+02, 2.945506286621094e+02, 2.941961364746094e+02, 2.939389343261719e+02, 2.937662353515625e+02, 2.93564453125e+02, 2.933951110839844e+02, 2.931014709472656e+02, 2.93714599609375e+02, 2.939099426269531e+02, 2.93809814453125e+02, 2.934533996582031e+02, 2.929270935058594e+02, 2.922799072265625e+02, 2.917856750488281e+02, 2.915533752441406e+02, 2.913978881835938e+02, 2.924288940429688e+02, 2.933713989257812e+02, 2.930140991210938e+02, 2.926820068359375e+02, 2.9235888671875e+02, 2.9219677734375e+02, 2.920839233398438e+02, 2.919951782226562e+02, 2.921826171875e+02, 2.934567565917969e+02, 2.936759338378906e+02, 2.934130859375e+02, 2.933011779785156e+02, 2.932422485351562e+02, 2.930421447753906e+02, 2.928822021484375e+02, 2.928390197753906e+02, 2.945156860351562e+02, 2.951485900878906e+02, 2.950621948242188e+02, 2.94303466796875e+02, 2.93772216796875e+02, 2.93105712890625e+02, 2.905569152832031e+02, 2.887018127441406e+02, 2.874963073730469e+02, 2.8916748046875e+02, 2.882133178710938e+02]
bui600.TSensor[1]=[2.931499938964844e+02, 2.951383361816406e+02, 2.9514599609375e+02, 2.951606750488281e+02, 2.951720275878906e+02, 2.951333923339844e+02, 2.951321105957031e+02, 2.951400756835938e+02, 2.951419067382812e+02, 2.950796813964844e+02, 2.948728332519531e+02, 2.947190856933594e+02, 2.948943481445312e+02, 2.951517333984375e+02, 2.950610046386719e+02, 2.947443542480469e+02, 2.945815734863281e+02, 2.944282531738281e+02, 2.944068603515625e+02, 2.943972473144531e+02, 2.944161987304688e+02, 2.94986328125e+02, 2.951572875976562e+02, 2.950404357910156e+02, 2.947955017089844e+02, 2.94622314453125e+02, 2.944734802246094e+02, 2.942712097167969e+02, 2.941190490722656e+02, 2.941818237304688e+02, 2.951750183105469e+02, 2.951245727539062e+02, 2.946531982421875e+02, 2.942261962890625e+02, 2.939066467285156e+02, 2.936180419921875e+02, 2.934000244140625e+02, 2.932517700195312e+02, 2.955281982421875e+02, 3.0498974609375e+02, 3.053015441894531e+02, 2.950440979003906e+02, 2.948770751953125e+02, 2.942029418945312e+02, 2.938060913085938e+02, 2.935918273925781e+02, 2.934846496582031e+02, 2.937496643066406e+02, 2.952713928222656e+02, 2.949272155761719e+02, 2.941920166015625e+02, 2.938627014160156e+02, 2.937097778320312e+02, 2.936398620605469e+02, 2.936192626953125e+02, 2.937744140625e+02, 2.946048278808594e+02, 2.947381896972656e+02, 2.942665405273438e+02, 2.93966064453125e+02, 2.937767333984375e+02, 2.935685119628906e+02, 2.933966674804688e+02, 2.9310205078125e+02, 2.939292297363281e+02, 2.941438903808594e+02, 2.939625854492188e+02, 2.935071105957031e+02, 2.929475708007812e+02, 2.922876892089844e+02, 2.917886352539062e+02, 2.915545349121094e+02, 2.913998107910156e+02, 2.925939636230469e+02, 2.93568359375e+02, 2.9310302734375e+02, 2.927146911621094e+02, 2.923713684082031e+02, 2.922015380859375e+02, 2.920857543945312e+02, 2.91995849609375e+02, 2.922467346191406e+02, 2.9366064453125e+02, 2.938434143066406e+02, 2.934742431640625e+02, 2.933247985839844e+02, 2.932518920898438e+02, 2.930458068847656e+02, 2.928836059570312e+02, 2.928395690917969e+02, 2.9511572265625e+02, 2.951326293945312e+02, 2.950464477539062e+02, 2.943646850585938e+02, 2.937961730957031e+02, 2.931151428222656e+02, 2.905605163574219e+02, 2.887032470703125e+02, 2.875162353515625e+02, 2.897842712402344e+02, 2.886421203613281e+02]
time=[0e+00, 1e+06]
heaOn.y=[1e+00, 1e+00, 1e+00, 1e+00, 1e+00, 1e+00, 1e+00, 1e+00, 1e+00, 1e+00, 1e+00, 1e+00, 1e+00, 1e+00, 1e+00, 1e+00, 1e+00, 1e+00, 1e+00, 1e+00, 1e+00, 1e+00, 1e+00, 1e+00, 1e+00, 1e+00, 1e+00, 1e+00, 1e+00, 1e+00, 1e+00, 1e+00, 1e+00, 1e+00, 1e+00, 1e+00, 1e+00, 1e+00, 1e+00, 1e+00, 1e+00, 1e+00, 1e+00, 1e+00, 1e+00, 1e+00, 1e+00, 1e+00, 1e+00, 1e+00, 1e+00, 1e+00, 1e+00, 1e+00, 1e+00, 1e+00, 1e+00, 1e+00, 1e+00, 1e+00, 1e+00, 1e+00, 1e+00, 1e+00, 1e+00, 1e+00, 1e+00, 1e+00, 1e+00, 1e+00, 1e+00, 1e+00, 1e+00, 1e+00, 1e+00, 1e+00, 1e+00, 1e+00, 1e+00, 1e+00, 1e+00, 1e+00, 1e+00, 1e+00, 1e+00, 1e+00, 1e+00, 1e+00, 1e+00, 1e+00, 1e+00, 1e+00, 1e+00, 1e+00, 1e+00, 1e+00, 1e+00, 1e+00, 1e+00, 1e+00, 1e+00]
conPID4.y=[2.000000029802322e-01, 8.58678936958313e-01, 9.133842587471008e-01, 9.224839806556702e-01, 6.018680334091187e-01, 5.715893507003784e-01, 7.722961902618408e-01, 8.732366561889648e-01, 9.456630945205688e-01, 1e+00, 1e+00, 1e+00, 1e+00, 9.743356704711914e-01, 1e+00, 1e+00, 1e+00, 1e+00, 1e+00, 1e+00, 1e+00, 1e+00, 9.676408767700195e-01, 1e+00, 1e+00, 1e+00, 1e+00, 1e+00, 1e+00, 1e+00, 9.250150322914124e-01, 9.29939329624176e-01, 1e+00, 1e+00, 1e+00, 1e+00, 1e+00, 1e+00, 6.204794645309448e-01, 0e+00, 0e+00, 1.817073300480843e-02, 1e+00, 1e+00, 1e+00, 1e+00, 1e+00, 1e+00, 8.89983057975769e-01, 1e+00, 1e+00, 1e+00, 1e+00, 1e+00, 1e+00, 1e+00, 1e+00, 1e+00, 1e+00, 1e+00, 1e+00, 1e+00, 1e+00, 1e+00, 1e+00, 1e+00, 1e+00, 1e+00, 1e+00, 1e+00, 1e+00, 1e+00, 1e+00, 1e+00, 1e+00, 1e+00, 1e+00, 1e+00, 1e+00, 1e+00, 1e+00, 1e+00, 1e+00, 1e+00, 1e+00, 1e+00, 1e+00, 1e+00, 1e+00, 1e+00, 1e+00, 2.72675633430481e-01, 8.728224039077759e-01, 1e+00, 1e+00, 1e+00, 1e+00, 1e+00, 1e+00, 1e+00, 1e+00]
conPID1.y=[2.000000029802322e-01, 7.189970016479492e-01, 7.670649886131287e-01, 7.993296980857849e-01, 7.416313290596008e-01, 7.159723043441772e-01, 7.67687976360321e-01, 8.130120635032654e-01, 8.608778119087219e-01, 9.260817766189575e-01, 9.906504154205322e-01, 1e+00, 1e+00, 1e+00, 1e+00, 1e+00, 1e+00, 1e+00, 1e+00, 1e+00, 1e+00, 1e+00, 1e+00, 1e+00, 1e+00, 1e+00, 1e+00, 1e+00, 1e+00, 1e+00, 1e+00, 1e+00, 1e+00, 1e+00, 1e+00, 1e+00, 1e+00, 1e+00, 1e+00, 1e+00, 1e+00, 1e+00, 1e+00, 1e+00, 1e+00, 1e+00, 1e+00, 1e+00, 1e+00, 1e+00, 1e+00, 1e+00, 1e+00, 1e+00, 1e+00, 1e+00, 1e+00, 1e+00, 1e+00, 1e+00, 1e+00, 1e+00, 1e+00, 1e+00, 1e+00, 1e+00, 1e+00, 1e+00, 1e+00, 1e+00, 1e+00, 1e+00, 1e+00, 1e+00, 1e+00, 1e+00, 1e+00, 1e+00, 1e+00, 1e+00, 1e+00, 1e+00, 1e+00, 1e+00, 1e+00, 1e+00, 1e+00, 1e+00, 1e+00, 1e+00, 1e+00, 1e+00, 1e+00, 1e+00, 1e+00, 1e+00, 1e+00, 1e+00, 1e+00, 1e+00, 1e+00]
conPID2.y=[2.000000029802322e-01, 7.190586924552917e-01, 7.671140432357788e-01, 7.967618107795715e-01, 6.604450941085815e-01, 6.441437005996704e-01, 7.288922667503357e-01, 7.818088531494141e-01, 8.351184725761414e-01, 9.048844575881958e-01, 9.732545018196106e-01, 1e+00, 1e+00, 9.695945382118225e-01, 1e+00, 1e+00, 1e+00, 1e+00, 1e+00, 1e+00, 1e+00, 1e+00, 1e+00, 1e+00, 1e+00, 1e+00, 1e+00, 1e+00, 1e+00, 1e+00, 1e+00, 1e+00, 1e+00, 1e+00, 1e+00, 1e+00, 1e+00, 1e+00, 1e+00, 1.765692085027695e-01, 1.699637025594711e-01, 6.867917776107788e-01, 8.538219928741455e-01, 9.798727035522461e-01, 1e+00, 1e+00, 1e+00, 1e+00, 1e+00, 1e+00, 1e+00, 1e+00, 1e+00, 1e+00, 1e+00, 1e+00, 1e+00, 1e+00, 1e+00, 1e+00, 1e+00, 1e+00, 1e+00, 1e+00, 1e+00, 1e+00, 1e+00, 1e+00, 1e+00, 1e+00, 1e+00, 1e+00, 1e+00, 1e+00, 1e+00, 1e+00, 1e+00, 1e+00, 1e+00, 1e+00, 1e+00, 1e+00, 1e+00, 1e+00, 1e+00, 1e+00, 1e+00, 1e+00, 1e+00, 1e+00, 1e+00, 1e+00, 1e+00, 1e+00, 1e+00, 1e+00, 1e+00, 1e+00, 1e+00, 1e+00, 1e+00]
conPID3.y=[2.000000029802322e-01, 8.586790561676025e-01, 9.133843183517456e-01, 9.25054132938385e-01, 6.872657537460327e-01, 6.417285203933716e-01, 7.908249497413635e-01, 8.779106140136719e-01, 9.469015002250671e-01, 1e+00, 1e+00, 1e+00, 1e+00, 1e+00, 1e+00, 1e+00, 1e+00, 1e+00, 1e+00, 1e+00, 1e+00, 1e+00, 1e+00, 1e+00, 1e+00, 1e+00, 1e+00, 1e+00, 1e+00, 1e+00, 1e+00, 1e+00, 1e+00, 1e+00, 1e+00, 1e+00, 1e+00, 1e+00, 9.86395001411438e-01, 0e+00, 0e+00, 2.936555445194244e-01, 1e+00, 1e+00, 1e+00, 1e+00, 1e+00, 1e+00, 1e+00, 1e+00, 1e+00, 1e+00, 1e+00, 1e+00, 1e+00, 1e+00, 1e+00, 1e+00, 1e+00, 1e+00, 1e+00, 1e+00, 1e+00, 1e+00, 1e+00, 1e+00, 1e+00, 1e+00, 1e+00, 1e+00, 1e+00, 1e+00, 1e+00, 1e+00, 1e+00, 1e+00, 1e+00, 1e+00, 1e+00, 1e+00, 1e+00, 1e+00, 1e+00, 1e+00, 1e+00, 1e+00, 1e+00, 1e+00, 1e+00, 1e+00, 1e+00, 5.279740691184998e-01, 9.591301679611206e-01, 1e+00, 1e+00, 1e+00, 1e+00, 1e+00, 1e+00, 1e+00, 1e+00]
hea.Q_flow=[2.99999921875e+04, 1.5082115234375e+04, 1.634771484375e+04, 1.6735728515625e+04, 1.2231193359375e+04, 1.12608662109375e+04, 1.39162353515625e+04, 1.60541474609375e+04, 1.81010234375e+04, 2.0584623046875e+04, 2.2191810546875e+04, 2.3038244140625e+04, 2.3061634765625e+04, 2.23649453125e+04, 2.2756998046875e+04, 2.342529296875e+04, 2.3974404296875e+04, 2.49423046875e+04, 2.447978125e+04, 2.4388546875e+04, 2.426209375e+04, 2.295845703125e+04, 2.1892142578125e+04, 2.2401326171875e+04, 2.2956123046875e+04, 2.36551875e+04, 2.434866015625e+04, 2.5436619140625e+04, 2.601839453125e+04, 2.609602734375e+04, 2.4139244140625e+04, 2.358398046875e+04, 2.5017029296875e+04, 2.6358486328125e+04, 2.758634765625e+04, 2.8651845703125e+04, 2.9394353515625e+04, 2.984812109375e+04, 2.499167578125e+04, 6.99941943359375e+03, 7.01591748046875e+03, 1.27500126953125e+04, 2.5322107421875e+04, 2.701228125e+04, 2.810543359375e+04, 2.85298515625e+04, 2.88070625e+04, 2.8162646484375e+04, 2.615762109375e+04, 2.6870046875e+04, 2.73160859375e+04, 2.786164453125e+04, 2.8247146484375e+04, 2.83081171875e+04, 2.830919140625e+04, 2.7987482421875e+04, 2.6164412109375e+04, 2.554123046875e+04, 2.6420224609375e+04, 2.733134375e+04, 2.8071751953125e+04, 2.921599609375e+04, 2.993158203125e+04, 2.99999921875e+04, 2.9999998046875e+04, 2.8886712890625e+04, 2.8968783203125e+04, 2.991656640625e+04, 2.99999921875e+04, 2.99999921875e+04, 2.99999921875e+04, 2.99999921875e+04, 2.99999921875e+04, 2.99999921875e+04, 2.99999921875e+04, 2.99999921875e+04, 2.99999921875e+04, 2.99999921875e+04, 2.99999921875e+04, 2.99999921875e+04, 2.99999921875e+04, 2.99999921875e+04, 2.9258552734375e+04, 2.8699e+04, 2.9524904296875e+04, 2.9776400390625e+04, 2.997998046875e+04, 2.99999921875e+04, 2.99999921875e+04, 2.99999921875e+04, 2.7944826171875e+04, 1.742907421875e+04, 2.437826171875e+04, 2.716927734375e+04, 2.8841791015625e+04, 2.99999921875e+04, 2.99999921875e+04, 2.99999921875e+04, 2.99999921875e+04, 2.99999921875e+04, 2.99999921875e+04]
vavSup3.m_flow=[6.290390342473984e-02, 2.583958804607391e-01, 2.745150029659271e-01, 2.771945595741272e-01, 1.824854761362076e-01, 1.735093593597412e-01, 2.329062670469284e-01, 2.626871168613434e-01, 2.840176820755005e-01, 2.994487583637238e-01, 2.994487583637238e-01, 2.994487583637238e-01, 2.994487583637238e-01, 2.924534678459167e-01, 2.994487583637238e-01, 2.994487583637238e-01, 2.994487583637238e-01, 2.994487583637238e-01, 2.994487583637238e-01, 2.994487583637238e-01, 2.994487583637238e-01, 2.994487583637238e-01, 2.90484219789505e-01, 2.994487583637238e-01, 2.994487583637238e-01, 2.994487583637238e-01, 2.994487583637238e-01, 2.994487583637238e-01, 2.994487583637238e-01, 2.994487583637238e-01, 2.779397666454315e-01, 2.79389500617981e-01, 2.994487583637238e-01, 2.994487583637238e-01, 2.994487583637238e-01, 2.994487583637238e-01, 2.994487583637238e-01, 2.994487583637238e-01, 1.880000978708267e-01, 3.029997693374753e-03, 3.029997693374753e-03, 8.47967341542244e-03, 2.994487583637238e-01, 2.994487583637238e-01, 2.994487583637238e-01, 2.994487583637238e-01, 2.994487583637238e-01, 2.994487583637238e-01, 2.676219344139099e-01, 2.994487583637238e-01, 2.994487583637238e-01, 2.994487583637238e-01, 2.994487583637238e-01, 2.994487583637238e-01, 2.994487583637238e-01, 2.994487583637238e-01, 2.994487583637238e-01, 2.994487583637238e-01, 2.994487583637238e-01, 2.994487583637238e-01, 2.994487583637238e-01, 2.994487583637238e-01, 2.994487583637238e-01, 2.994487583637238e-01, 2.994487583637238e-01, 2.994487583637238e-01, 2.994487583637238e-01, 2.994487583637238e-01, 2.994487583637238e-01, 2.994487583637238e-01, 2.994487583637238e-01, 2.994487583637238e-01, 2.994487583637238e-01, 2.994487583637238e-01, 2.994487583637238e-01, 2.994487583637238e-01, 2.994487583637238e-01, 2.994487583637238e-01, 2.994487583637238e-01, 2.994487583637238e-01, 2.994487583637238e-01, 2.994487583637238e-01, 2.994487583637238e-01, 2.994487583637238e-01, 2.994487583637238e-01, 2.994487583637238e-01, 2.994487583637238e-01, 2.994487583637238e-01, 2.994487583637238e-01, 2.994487583637238e-01, 2.994487583637238e-01, 8.460133522748947e-02, 2.62565016746521e-01, 2.994487583637238e-01, 2.994487583637238e-01, 2.994487583637238e-01, 2.994487583637238e-01, 2.994487583637238e-01, 2.994487583637238e-01, 2.994487583637238e-01, 2.994487583637238e-01]
vavSup1.m_flow=[6.290390342473984e-02, 2.17174768447876e-01, 2.313756942749023e-01, 2.401300668716431e-01, 1.998350024223328e-01, 1.950088888406754e-01, 2.200818508863449e-01, 2.357154339551926e-01, 2.514481246471405e-01, 2.720116972923279e-01, 2.9213547706604e-01, 2.994487583637238e-01, 2.994487583637238e-01, 2.910588979721069e-01, 2.994487583637238e-01, 2.994487583637238e-01, 2.994487583637238e-01, 2.994487583637238e-01, 2.994487583637238e-01, 2.994487583637238e-01, 2.994487583637238e-01, 2.994487583637238e-01, 2.994487583637238e-01, 2.994487583637238e-01, 2.994487583637238e-01, 2.994487583637238e-01, 2.994487583637238e-01, 2.994487583637238e-01, 2.994487583637238e-01, 2.994487583637238e-01, 2.994487583637238e-01, 2.994487583637238e-01, 2.994487583637238e-01, 2.994487583637238e-01, 2.994487583637238e-01, 2.994487583637238e-01, 2.994487583637238e-01, 2.994487583637238e-01, 2.994487583637238e-01, 5.590184777975082e-02, 5.392726510763168e-02, 2.076317518949509e-01, 2.569638788700104e-01, 2.940819561481476e-01, 2.994487583637238e-01, 2.994487583637238e-01, 2.994487583637238e-01, 2.994487583637238e-01, 2.994487583637238e-01, 2.994487583637238e-01, 2.994487583637238e-01, 2.994487583637238e-01, 2.994487583637238e-01, 2.994487583637238e-01, 2.994487583637238e-01, 2.994487583637238e-01, 2.994487583637238e-01, 2.994487583637238e-01, 2.994487583637238e-01, 2.994487583637238e-01, 2.994487583637238e-01, 2.994487583637238e-01, 2.994487583637238e-01, 2.994487583637238e-01, 2.994487583637238e-01, 2.994487583637238e-01, 2.994487583637238e-01, 2.994487583637238e-01, 2.994487583637238e-01, 2.994487583637238e-01, 2.994487583637238e-01, 2.994487583637238e-01, 2.994487583637238e-01, 2.994487583637238e-01, 2.994487583637238e-01, 2.994487583637238e-01, 2.994487583637238e-01, 2.994487583637238e-01, 2.994487583637238e-01, 2.994487583637238e-01, 2.994487583637238e-01, 2.994487583637238e-01, 2.994487583637238e-01, 2.994487583637238e-01, 2.994487583637238e-01, 2.994487583637238e-01, 2.994487583637238e-01, 2.994487583637238e-01, 2.994487583637238e-01, 2.994487583637238e-01, 2.994487583637238e-01, 2.994487583637238e-01, 2.994487583637238e-01, 2.994487583637238e-01, 2.994487583637238e-01, 2.994487583637238e-01, 2.994487583637238e-01, 2.994487583637238e-01, 2.994487583637238e-01, 2.994487583637238e-01, 2.994487583637238e-01]
vavSup2.m_flow=[6.290390342473984e-02, 2.583958804607391e-01, 2.745150327682495e-01, 2.779512703418732e-01, 2.07771971821785e-01, 1.942937225103378e-01, 2.383774518966675e-01, 2.64064610004425e-01, 2.843821346759796e-01, 2.994487583637238e-01, 2.994487583637238e-01, 2.994487583637238e-01, 2.994487583637238e-01, 2.994487583637238e-01, 2.994487583637238e-01, 2.994487583637238e-01, 2.994487583637238e-01, 2.994487583637238e-01, 2.994487583637238e-01, 2.994487583637238e-01, 2.994487583637238e-01, 2.994487583637238e-01, 2.994487583637238e-01, 2.994487583637238e-01, 2.994487583637238e-01, 2.994487583637238e-01, 2.994487583637238e-01, 2.994487583637238e-01, 2.994487583637238e-01, 2.994487583637238e-01, 2.994487583637238e-01, 2.994487583637238e-01, 2.994487583637238e-01, 2.994487583637238e-01, 2.994487583637238e-01, 2.994487583637238e-01, 2.994487583637238e-01, 2.994487583637238e-01, 2.959999740123749e-01, 3.029997693374753e-03, 3.029997693374753e-03, 9.085903316736221e-02, 2.994487583637238e-01, 2.994487583637238e-01, 2.994487583637238e-01, 2.994487583637238e-01, 2.994487583637238e-01, 2.994487583637238e-01, 2.994487583637238e-01, 2.994487583637238e-01, 2.994487583637238e-01, 2.994487583637238e-01, 2.994487583637238e-01, 2.994487583637238e-01, 2.994487583637238e-01, 2.994487583637238e-01, 2.994487583637238e-01, 2.994487583637238e-01, 2.994487583637238e-01, 2.994487583637238e-01, 2.994487583637238e-01, 2.994487583637238e-01, 2.994487583637238e-01, 2.994487583637238e-01, 2.994487583637238e-01, 2.994487583637238e-01, 2.994487583637238e-01, 2.994487583637238e-01, 2.994487583637238e-01, 2.994487583637238e-01, 2.994487583637238e-01, 2.994487583637238e-01, 2.994487583637238e-01, 2.994487583637238e-01, 2.994487583637238e-01, 2.994487583637238e-01, 2.994487583637238e-01, 2.994487583637238e-01, 2.994487583637238e-01, 2.994487583637238e-01, 2.994487583637238e-01, 2.994487583637238e-01, 2.994487583637238e-01, 2.994487583637238e-01, 2.994487583637238e-01, 2.994487583637238e-01, 2.994487583637238e-01, 2.994487583637238e-01, 2.994487583637238e-01, 2.994487583637238e-01, 2.994487583637238e-01, 1.60569965839386e-01, 2.879804670810699e-01, 2.994487583637238e-01, 2.994487583637238e-01, 2.994487583637238e-01, 2.994487583637238e-01, 2.994487583637238e-01, 2.994487583637238e-01, 2.994487583637238e-01, 2.994487583637238e-01]
vavSup.m_flow=[6.290390342473984e-02, 2.171565443277359e-01, 2.313612103462219e-01, 2.408880442380905e-01, 2.238469868898392e-01, 2.162622511386871e-01, 2.315452247858047e-01, 2.449261695146561e-01, 2.590441107749939e-01, 2.782538235187531e-01, 2.972511351108551e-01, 2.994487583637238e-01, 2.994487583637238e-01, 2.994487583637238e-01, 2.994487583637238e-01, 2.994487583637238e-01, 2.994487583637238e-01, 2.994487583637238e-01, 2.994487583637238e-01, 2.994487583637238e-01, 2.994487583637238e-01, 2.994487583637238e-01, 2.994487583637238e-01, 2.994487583637238e-01, 2.994487583637238e-01, 2.994487583637238e-01, 2.994487583637238e-01, 2.994487583637238e-01, 2.994487583637238e-01, 2.994487583637238e-01, 2.994487583637238e-01, 2.994487583637238e-01, 2.994487583637238e-01, 2.994487583637238e-01, 2.994487583637238e-01, 2.994487583637238e-01, 2.994487583637238e-01, 2.994487583637238e-01, 2.994487583637238e-01, 2.994487583637238e-01, 2.994487583637238e-01, 2.994487583637238e-01, 2.994487583637238e-01, 2.994487583637238e-01, 2.994487583637238e-01, 2.994487583637238e-01, 2.994487583637238e-01, 2.994487583637238e-01, 2.994487583637238e-01, 2.994487583637238e-01, 2.994487583637238e-01, 2.994487583637238e-01, 2.994487583637238e-01, 2.994487583637238e-01, 2.994487583637238e-01, 2.994487583637238e-01, 2.994487583637238e-01, 2.994487583637238e-01, 2.994487583637238e-01, 2.994487583637238e-01, 2.994487583637238e-01, 2.994487583637238e-01, 2.994487583637238e-01, 2.994487583637238e-01, 2.994487583637238e-01, 2.994487583637238e-01, 2.994487583637238e-01, 2.994487583637238e-01, 2.994487583637238e-01, 2.994487583637238e-01, 2.994487583637238e-01, 2.994487583637238e-01, 2.994487583637238e-01, 2.994487583637238e-01, 2.994487583637238e-01, 2.994487583637238e-01, 2.994487583637238e-01, 2.994487583637238e-01, 2.994487583637238e-01, 2.994487583637238e-01, 2.994487583637238e-01, 2.994487583637238e-01, 2.994487583637238e-01, 2.994487583637238e-01, 2.994487583637238e-01, 2.994487583637238e-01, 2.994487583637238e-01, 2.994487583637238e-01, 2.994487583637238e-01, 2.994487583637238e-01, 2.994487583637238e-01, 2.994487583637238e-01, 2.994487583637238e-01, 2.994487583637238e-01, 2.994487583637238e-01, 2.994487583637238e-01, 2.994487583637238e-01, 2.994487583637238e-01, 2.994487583637238e-01, 2.994487583637238e-01, 2.994487583637238e-01]
