last-generated=2016-04-19
statistics-simulation=
{
  "numerical Jacobians": "0", 
  "nonlinear": " ", 
  "number of continuous time states": "8", 
  "linear": "0, 0"
}
dooOpeClo.vAB=[0.00100000004749745131, 0.00202221376821398735, 0.00308311148546636105, 0.00487201567739248276, 0.00712951179593801498, 0.00946134980767965317, 0.01160436030477285385, 0.01349010597914457495, 0.01516418438404798508, 0.01663254387676715851, 0.01789584197103977203, 0.01895516365766525269, 0.01981924846768379211, 0.02049444802105426788, 0.02189242653548718887, 0.03173903003334999084, 0.03707852587103843689, 0.0351332537829875946, 0.03357544541358947754, 0.03218932822346687317, 0.0308297574520111084, 0.02939436398446559906, 0.02780371345579624176, 0.02598144300282001495, 0.02383958175778388977, 0.02127583883702754974, 0.01817543990910053253, 0.01440945081412790818, 0.00982966646552084315, 0.00437075458467006683, 0.00644359784200787544, 0.01331037748605012894, 0.0190961640328168869, 0.02336673066020011902, 0.02638712339103221893, 0.02853283844888210297, 0.0300642009824514389, 0.03113623522222042084, 0.0318470299243927002, 0.03226022049784660339, 0.03241696581244468689, 0.0323431752622127533, 0.03205404430627822876, 0.0315565057098865509, 0.03085027262568473816, 0.0299285445362329483, 0.02877654880285263062, 0.02736914157867431641, 0.02566461078822612762, 0.02359695732593536377, 0.02108145318925380707, 0.01800529845058917999, 0.01424871664494276047, 0.00967031903564929962, 0.00419695209711786615, 0.00657765194773678435, 0.01343551743775610145, 0.01917958632111549377, 0.0234187692403793335, 0.02641147561371326447, 0.02853977493941783905, 0.03005858324468135834, 0.03112071193754673004, 0.03182332590222358704, 0.0322301425039768219, 0.03238170966506004333, 0.0323037467896938324, 0.03201193362474441528, 0.03151261433959007263, 0.03080572746694087982, 0.02988507039844989777, 0.02873446047306060791, 0.02733046561479568481, 0.02563077397644519806, 0.02356936223804950714, 0.02105891704559326172, 0.01799542643129825592, 0.01425239071249961853, 0.00968815013766288757, 0.00423988839611411095, 0.00656420551240444183, 0.01341105811297893524, 0.01916087977588176727, 0.02340661361813545227, 0.02641149424016475677, 0.02854754775762557983, 0.03007311373949050903, 0.03114200755953788757, 0.03185082226991653442, 0.03226258233189582825, 0.03241840377449989319, 0.03234397247433662415, 0.03205471113324165344, 0.03155686333775520325, 0.03085056692361831665, 0.02992894686758518219, 0.02877710945904254913, 0.02736926823854446411, 0.02566429786384105682, 0.02359792962670326233, 0.02108006924390792847]
dooOpe.vBA=[0.00300000002607703209, 0.00308973388746380806, 0.00519384723156690598, 0.00879367627203464508, 0.01337680872529745102, 0.01820820756256580353, 0.02268067561089992523, 0.02649457007646561016, 0.02967063896358013153, 0.03232101723551750183, 0.03452022746205329895, 0.0363182462751865387, 0.03775169700384140015, 0.03885226324200630188, 0.0396088622510433197, 0.03919192031025886536, 0.03711215779185295105, 0.03516466543078422546, 0.03360407054424285889, 0.03221476450562477112, 0.03085166215896606445, 0.02941223606467247009, 0.02781739272177219391, 0.02599055692553520203, 0.023844180628657341, 0.02127678878605365753, 0.01817204244434833527, 0.0144005948677658896, 0.00981621351093052256, 0.0043527740053832531, 0.00642162468284368515, 0.01328648626804351807, 0.01906796172261238098, 0.02333559095859527588, 0.02635379508137702942, 0.02849734760820865631, 0.03002750501036643982, 0.03109914250671863556, 0.03180997073650360107, 0.03222374245524406433, 0.03238159790635108948, 0.03230949863791465759, 0.03202257305383682251, 0.03152770176529884338, 0.03082488849759101868, 0.0299067031592130661, 0.02875861898064613342, 0.02735586091876029968, 0.02565507031977176666, 0.0235926508903503418, 0.02107853814959526062, 0.01801177859306335449, 0.01426384784281253815, 0.009684036485850811, 0.00421682512387629854, 0.00659949239343409193, 0.01345474366098646339, 0.0192091669887304306, 0.02344494126737117767, 0.02644553221762180328, 0.02857534028589725494, 0.03009481169283390045, 0.03115754574537277222, 0.03186051174998283386, 0.03226652368903160095, 0.03241686895489692688, 0.03233750537037849426, 0.03204303234815597534, 0.03154106065630912781, 0.03083139099180698395, 0.02990616858005523682, 0.02875258587300777435, 0.02734414488077163696, 0.0256382375955581665, 0.02357190847396850586, 0.02105892449617385864, 0.01799049042165279388, 0.01424540113657712936, 0.009676394984126091, 0.00422243354842066765, 0.00654253968968987465, 0.013380441814661026, 0.01913191750645637512, 0.02337445691227912903, 0.02637732215225696564, 0.02851228415966033936, 0.03003712929785251617, 0.03110502846539020538, 0.03181354701519012451, 0.03222610428929328918, 0.03238318488001823425, 0.03231069073081016541, 0.03202320262789726257, 0.03152819350361824036, 0.03082513809204101562, 0.02990670129656791687, 0.02875833027064800262, 0.02735585533082485199, 0.02565547078847885132, 0.02359175123274326324, 0.02108007296919822693]
dooOpe.vAB=[0.00100000004749745131, 0.00308095104992389679, 0.00517587224021553993, 0.00876679364591836929, 0.013341560959815979, 0.01816499605774879456, 0.02263056673109531403, 0.02643773891031742443, 0.02960831485688686371, 0.03225418925285339355, 0.03444995731115341187, 0.03624566644430160522, 0.03767795860767364502, 0.03877853602170944214, 0.0395932123064994812, 0.03930036723613739014, 0.03707852587103843689, 0.0351332537829875946, 0.03357544541358947754, 0.03218932822346687317, 0.0308297574520111084, 0.02939436398446559906, 0.02780371345579624176, 0.02598144300282001495, 0.02383958175778388977, 0.02127583883702754974, 0.01817543990910053253, 0.01440945081412790818, 0.00982966646552084315, 0.00437075458467006683, 0.00644359784200787544, 0.01331037748605012894, 0.0190961640328168869, 0.02336673066020011902, 0.02638712339103221893, 0.02853283844888210297, 0.0300642009824514389, 0.03113623522222042084, 0.0318470299243927002, 0.03226022049784660339, 0.03241696581244468689, 0.0323431752622127533, 0.03205404430627822876, 0.0315565057098865509, 0.03085027262568473816, 0.0299285445362329483, 0.02877654880285263062, 0.02736914157867431641, 0.02566461078822612762, 0.02359695732593536377, 0.02108145318925380707, 0.01800529845058917999, 0.01424871664494276047, 0.00967031903564929962, 0.00419695209711786615, 0.00657765194773678435, 0.01343551743775610145, 0.01917958632111549377, 0.0234187692403793335, 0.02641147561371326447, 0.02853977493941783905, 0.03005858324468135834, 0.03112071193754673004, 0.03182332590222358704, 0.0322301425039768219, 0.03238170966506004333, 0.0323037467896938324, 0.03201193362474441528, 0.03151261433959007263, 0.03080572746694087982, 0.02988507039844989777, 0.02873446047306060791, 0.02733046561479568481, 0.02563077397644519806, 0.02356936223804950714, 0.02105891704559326172, 0.01799542643129825592, 0.01425239071249961853, 0.00968815013766288757, 0.00423988839611411095, 0.00656420551240444183, 0.01341105811297893524, 0.01916087977588176727, 0.02340661361813545227, 0.02641149424016475677, 0.02854754775762557983, 0.03007311373949050903, 0.03114200755953788757, 0.03185082226991653442, 0.03226258233189582825, 0.03241840377449989319, 0.03234397247433662415, 0.03205471113324165344, 0.03155686333775520325, 0.03085056692361831665, 0.02992894686758518219, 0.02877710945904254913, 0.02736926823854446411, 0.02566429786384105682, 0.02359792962670326233, 0.02108006924390792847]
dooOpeClo.vBA=[0.00300000002607703209, 0.00302435969933867455, 0.00409108353778719902, 0.00588918430730700493, 0.00816066376864910126, 0.01050767302513122559, 0.01265490613877773285, 0.01452304888516664678, 0.01617266610264778137, 0.01761969737708568573, 0.01886877045035362244, 0.01991491764783859253, 0.02076641842722892761, 0.0214316975325345993, 0.02274732291698457198, 0.03200772777199745178, 0.03711215779185295105, 0.03516466543078422546, 0.03360407054424285889, 0.03221476450562477112, 0.03085166215896606445, 0.02941223606467247009, 0.02781739272177219391, 0.02599055692553520203, 0.023844180628657341, 0.02127678878605365753, 0.01817204244434833527, 0.0144005948677658896, 0.00981621351093052256, 0.0043527740053832531, 0.00642162468284368515, 0.01328648626804351807, 0.01906796172261238098, 0.02333559095859527588, 0.02635379508137702942, 0.02849734760820865631, 0.03002750501036643982, 0.03109914250671863556, 0.03180997073650360107, 0.03222374245524406433, 0.03238159790635108948, 0.03230949863791465759, 0.03202257305383682251, 0.03152770176529884338, 0.03082488849759101868, 0.0299067031592130661, 0.02875861898064613342, 0.02735586091876029968, 0.02565507031977176666, 0.0235926508903503418, 0.02107853814959526062, 0.01801177859306335449, 0.01426384784281253815, 0.009684036485850811, 0.00421682512387629854, 0.00659949239343409193, 0.01345474366098646339, 0.0192091669887304306, 0.02344494126737117767, 0.02644553221762180328, 0.02857534028589725494, 0.03009481169283390045, 0.03115754574537277222, 0.03186051174998283386, 0.03226652368903160095, 0.03241686895489692688, 0.03233750537037849426, 0.03204303234815597534, 0.03154106065630912781, 0.03083139099180698395, 0.02990616858005523682, 0.02875258587300777435, 0.02734414488077163696, 0.0256382375955581665, 0.02357190847396850586, 0.02105892449617385864, 0.01799049042165279388, 0.01424540113657712936, 0.009676394984126091, 0.00422243354842066765, 0.00654253968968987465, 0.013380441814661026, 0.01913191750645637512, 0.02337445691227912903, 0.02637732215225696564, 0.02851228415966033936, 0.03003712929785251617, 0.03110502846539020538, 0.03181354701519012451, 0.03222610428929328918, 0.03238318488001823425, 0.03231069073081016541, 0.03202320262789726257, 0.03152819350361824036, 0.03082513809204101562, 0.02990670129656791687, 0.02875833027064800262, 0.02735585533082485199, 0.02565547078847885132, 0.02359175123274326324, 0.02108007296919822693]
time=[0., 7200.]
dooOpeClo.mBA_flow=[0.00000381437098440074, 0.00000384530449082376, 0.00000520142793902778, 0.00000748718321119668, 0.00001037436049955431, 0.00001335704291705042, 0.00001608526326890569, 0.0000184583059308352, 0.00002055329059658106, 0.00002239061359432526, 0.00002397629032202531, 0.00002530412712076213, 0.00002638475234562065, 0.0000272289507847745, 0.0034754574298859189, 0.04853776842355728149, 0.08440039306879043579, 0.07997661828994750977, 0.07643105834722518921, 0.07327419519424438477, 0.07017647475004196167, 0.06690490245819091797, 0.06327962875366210938, 0.05912645533680915833, 0.05424612760543823242, 0.04840765893459320068, 0.04134615138173103333, 0.0327670313417911252, 0.0223371982574462509, 0.00990564189851284027, 0.01461499929428100586, 0.03024159371852874756, 0.04340479522943496704, 0.05312345549464225769, 0.059998292475938797, 0.0648817792534828186, 0.06836832314729690552, 0.07081037759780883789, 0.07243034988641738892, 0.07337337732315063477, 0.07373315095901489258, 0.07356882840394973755, 0.07291488349437713623, 0.07178704440593719482, 0.07018537074327468872, 0.06809303909540176392, 0.06547705084085464478, 0.06228110194206237793, 0.05840660259127616882, 0.05370891466736793518, 0.04798319190740585327, 0.04099985584616661072, 0.03246663510799407959, 0.02204088680446147919, 0.00959679950028650107, 0.01501806452870379019, 0.03061527758836755236, 0.04370513185858726501, 0.05333829298615455627, 0.06016087904572486877, 0.06500261276960372925, 0.06845634430646896362, 0.07087165862321853638, 0.07246918976306915283, 0.07339181751012802124, 0.07373346388339996338, 0.0735531151294708252, 0.0728839486837387085, 0.07174322009086608887, 0.07013040781021118164, 0.06802757829427719116, 0.06540549546480178833, 0.06220379099249839783, 0.05832541733980178833, 0.05362699925899505615, 0.04791217297315597534, 0.0409331880509853363, 0.0324139818549156189, 0.02201907709240913391, 0.0096090417355298996, 0.01489021442830562592, 0.03045548871159553528, 0.04355042800307273865, 0.05321197584271430969, 0.06005189195275306702, 0.06491580605506896973, 0.06839025765657424927, 0.07082379609346389771, 0.07243850082159042358, 0.07337876409292221069, 0.07373677194118499756, 0.07357154786586761475, 0.07291631400585174561, 0.0717881619930267334, 0.07018594443798065186, 0.06809303909540176392, 0.06547639518976211548, 0.06228109076619148254, 0.05840751528739929199, 0.05370686575770378113, 0.04798668250441551208]
dooOpeClo.mAB_flow=[0.00000127145699480025, 0.0000025711838134157, 0.00000392020092476741, 0.00000619510501564946, 0.00000906624063645722, 0.00001203241026814794, 0.00001475894350733142, 0.00001715870894258842, 0.00001928956953634042, 0.00002115895949827973, 0.00002276758277730551, 0.00002411669629509561, 0.00002521731585147791, 0.00002607743954285979, 0.00335007929243152707, 0.04820441082119941711, 0.08444077521562576294, 0.08000550419092178345, 0.07645429670810699463, 0.07329493016004562378, 0.0701964646577835083, 0.06692560762166976929, 0.06330141425132751465, 0.05915006250143051147, 0.05427132919430732727, 0.04843249917030334473, 0.04137250408530235291, 0.03279811888933178987, 0.02237238548696037291, 0.00994713790714740753, 0.01466333586722612381, 0.03028684668242931366, 0.04344810917973518372, 0.05316045135259628296, 0.06002807989716529846, 0.06490599364042282104, 0.06838677078485488892, 0.07082322984933853149, 0.07243855297565460205, 0.07337749749422073364, 0.07373367995023727417, 0.07356599718332290649, 0.07290897518396377563, 0.07177831977605819702, 0.07017332315444946289, 0.06807843595743179321, 0.06545996665954589844, 0.06226061657071113586, 0.0583853796124458313, 0.05368396267294883728, 0.04796341434121131897, 0.04096687585115432739, 0.03242152184247970581, 0.02200525254011154175, 0.00955105666071168723, 0.01497013401240120459, 0.03058087080717095813, 0.04365897178649902344, 0.05331289395689964294, 0.06012969464063644409, 0.06497844308614730835, 0.0684391409158706665, 0.07085952907800674438, 0.07246078550815582275, 0.07338796555995941162, 0.07373340427875518799, 0.07355571538209915161, 0.07289063185453414917, 0.07175265252590179443, 0.07014171034097671509, 0.06804374605417251587, 0.06542200595140457153, 0.06222324445843696594, 0.05835125595331192017, 0.05365587025880813599, 0.04793850705027580261, 0.04096262156963348389, 0.03244055062532424927, 0.02205025218427181244, 0.00964929070323705673, 0.01493777148425579071, 0.03051589615643024445, 0.04359530657529830933, 0.05325113981962203979, 0.06008348986506462097, 0.06493943184614181519, 0.0684070289134979248, 0.07083634287118911743, 0.072447165846824646, 0.0733828619122505188, 0.07373695075511932373, 0.07356780767440795898, 0.0729104951024055481, 0.07177913188934326172, 0.07017398625612258911, 0.06807934492826461792, 0.06546124070882797241, 0.06226090714335441589, 0.05838466808199882507, 0.0536861717700958252, 0.04796026647090911865]
dooOpe.mBA_flow=[0.00682732183486223221, 0.00703146448358893394, 0.01181954797357320786, 0.02001065202057361603, 0.03043798170983791351, 0.0414284244179725647, 0.05160035192966461182, 0.06027238070964813926, 0.06749227643013000488, 0.07351568341255187988, 0.07851261645555496216, 0.08259717375040054321, 0.08585298061370849609, 0.08835235238075256348, 0.09007029980421066284, 0.08912333846092224121, 0.08440039306879043579, 0.07997661828994750977, 0.07643105834722518921, 0.07327419519424438477, 0.07017647475004196167, 0.06690490245819091797, 0.06327962875366210938, 0.05912645533680915833, 0.05424612760543823242, 0.04840765893459320068, 0.04134615138173103333, 0.0327670313417911252, 0.0223371982574462509, 0.00990564189851284027, 0.01461499929428100586, 0.03024159371852874756, 0.04340479522943496704, 0.05312345549464225769, 0.059998292475938797, 0.0648817792534828186, 0.06836832314729690552, 0.07081037759780883789, 0.07243034988641738892, 0.07337337732315063477, 0.07373315095901489258, 0.07356882840394973755, 0.07291488349437713623, 0.07178704440593719482, 0.07018537074327468872, 0.06809303909540176392, 0.06547705084085464478, 0.06228110194206237793, 0.05840660259127616882, 0.05370891466736793518, 0.04798319190740585327, 0.04099985584616661072, 0.03246663510799407959, 0.02204088680446147919, 0.00959679950028650107, 0.01501806452870379019, 0.03061527758836755236, 0.04370513185858726501, 0.05333829298615455627, 0.06016087904572486877, 0.06500261276960372925, 0.06845634430646896362, 0.07087165862321853638, 0.07246918976306915283, 0.07339181751012802124, 0.07373346388339996338, 0.0735531151294708252, 0.0728839486837387085, 0.07174322009086608887, 0.07013040781021118164, 0.06802757829427719116, 0.06540549546480178833, 0.06220379099249839783, 0.05832541733980178833, 0.05362699925899505615, 0.04791217297315597534, 0.0409331880509853363, 0.0324139818549156189, 0.02201907709240913391, 0.0096090417355298996, 0.01489021442830562592, 0.03045548871159553528, 0.04355042800307273865, 0.05321197584271430969, 0.06005189195275306702, 0.06491580605506896973, 0.06839025765657424927, 0.07082379609346389771, 0.07243850082159042358, 0.07337876409292221069, 0.07373677194118499756, 0.07357154786586761475, 0.07291631400585174561, 0.0717881619930267334, 0.07018594443798065186, 0.06809303909540176392, 0.06547639518976211548, 0.06228109076619148254, 0.05840751528739929199, 0.05370686575770378113, 0.04798668250441551208]
dooOpe.mAB_flow=[0.00227577402256429195, 0.00701161893084645271, 0.0117795867845416069, 0.01995300315320491791, 0.0303669758141040802, 0.04134874045848846436, 0.05151775851845741272, 0.06018953770399094322, 0.06741315871477127075, 0.07344279438257217407, 0.07844782620668411255, 0.08254177123308181763, 0.08580774813890457153, 0.08831766992807388306, 0.09017568826675415039, 0.08950755000114440918, 0.08444077521562576294, 0.08000550419092178345, 0.07645429670810699463, 0.07329493016004562378, 0.0701964646577835083, 0.06692560762166976929, 0.06330141425132751465, 0.05915006250143051147, 0.05427132919430732727, 0.04843249917030334473, 0.04137250408530235291, 0.03279811888933178987, 0.02237238548696037291, 0.00994713790714740753, 0.01466333586722612381, 0.03028684668242931366, 0.04344810917973518372, 0.05316045135259628296, 0.06002807989716529846, 0.06490599364042282104, 0.06838677078485488892, 0.07082322984933853149, 0.07243855297565460205, 0.07337749749422073364, 0.07373367995023727417, 0.07356599718332290649, 0.07290897518396377563, 0.07177831977605819702, 0.07017332315444946289, 0.06807843595743179321, 0.06545996665954589844, 0.06226061657071113586, 0.0583853796124458313, 0.05368396267294883728, 0.04796341434121131897, 0.04096687585115432739, 0.03242152184247970581, 0.02200525254011154175, 0.00955105666071168723, 0.01497013401240120459, 0.03058087080717095813, 0.04365897178649902344, 0.05331289395689964294, 0.06012969464063644409, 0.06497844308614730835, 0.0684391409158706665, 0.07085952907800674438, 0.07246078550815582275, 0.07338796555995941162, 0.07373340427875518799, 0.07355571538209915161, 0.07289063185453414917, 0.07175265252590179443, 0.07014171034097671509, 0.06804374605417251587, 0.06542200595140457153, 0.06222324445843696594, 0.05835125595331192017, 0.05365587025880813599, 0.04793850705027580261, 0.04096262156963348389, 0.03244055062532424927, 0.02205025218427181244, 0.00964929070323705673, 0.01493777148425579071, 0.03051589615643024445, 0.04359530657529830933, 0.05325113981962203979, 0.06008348986506462097, 0.06493943184614181519, 0.0684070289134979248, 0.07083634287118911743, 0.072447165846824646, 0.0733828619122505188, 0.07373695075511932373, 0.07356780767440795898, 0.0729104951024055481, 0.07177913188934326172, 0.07017398625612258911, 0.06807934492826461792, 0.06546124070882797241, 0.06226090714335441589, 0.05838466808199882507, 0.0536861717700958252, 0.04796026647090911865]
