last-generated=2018-05-23
statistics-simulation=
{
  "numerical Jacobians": "0", 
  "nonlinear": " ", 
  "number of continuous time states": "4", 
  "linear": "0"
}
dT_Avg=[0e+00, 6.89408004283905e-01, 1.627082824707031e+00, 2.759719848632812e+00, 4.056974411010742e+00, 5.494759082794189e+00, 7.053181171417236e+00, 8.715436935424805e+00, 1.04671802520752e+01, 1.208624839782715e+01, 1.318939113616943e+01, 1.413047122955322e+01, 1.493802356719971e+01, 1.563299369812012e+01, 1.62319278717041e+01, 1.674846076965332e+01, 1.71940746307373e+01, 1.757857704162598e+01, 1.791036987304688e+01, 1.819669151306152e+01, 1.844377708435059e+01, 1.86569995880127e+01, 1.884100723266602e+01, 1.899980545043945e+01, 1.91368465423584e+01, 1.92551097869873e+01, 1.93571662902832e+01, 1.944523811340332e+01, 1.95212459564209e+01, 1.958684158325195e+01, 1.964344787597656e+01, 1.969229888916016e+01, 1.973445510864258e+01, 1.977083206176758e+01, 1.980222702026367e+01, 1.982932090759277e+01, 1.985270309448242e+01, 1.987288093566895e+01, 1.989029693603516e+01, 1.990532493591309e+01, 1.991829490661621e+01, 1.992948532104492e+01, 1.993914413452148e+01, 1.994748115539551e+01, 1.995467376708984e+01, 1.996088218688965e+01, 1.996623992919922e+01, 1.997086524963379e+01, 1.997485542297363e+01, 1.997830009460449e+01, 1.998127174377441e+01, 1.998383712768555e+01, 1.998604965209961e+01, 1.998795890808105e+01, 1.99896068572998e+01, 1.999102783203125e+01, 1.999225425720215e+01, 1.999331474304199e+01, 1.999422836303711e+01, 1.999501800537109e+01, 1.999570083618164e+01, 1.999628829956055e+01, 1.999679565429688e+01, 1.999723434448242e+01, 1.999761199951172e+01, 1.999793815612793e+01, 1.999821853637695e+01, 1.999846076965332e+01, 1.999867057800293e+01, 1.999885177612305e+01, 1.99990062713623e+01, 1.999914169311523e+01, 1.999925804138184e+01, 1.999935913085938e+01, 1.999944686889648e+01, 1.99995231628418e+01, 1.999958801269531e+01, 1.999964332580566e+01, 1.999969291687012e+01, 1.999973487854004e+01, 1.999977111816406e+01, 1.999980163574219e+01, 1.999983024597168e+01, 1.999985313415527e+01, 1.999987411499023e+01, 1.999989318847656e+01, 1.999990844726562e+01, 1.999991989135742e+01, 1.999993324279785e+01, 1.999994277954102e+01, 1.999995040893555e+01, 1.999995613098145e+01, 1.999996185302734e+01, 1.999996566772461e+01, 1.999996948242188e+01, 1.999997329711914e+01, 1.999997520446777e+01, 1.999997901916504e+01, 1.999998092651367e+01, 1.99999828338623e+01, 1.999998474121094e+01]
time=[0e+00, 5e+05]
layMul.monLay[2].port_a.Q_flow=[0e+00, 7.300946655273438e+02, 9.180706787109375e+02, 1.075500122070312e+03, 1.2093427734375e+03, 1.324003784179688e+03, 1.422586791992188e+03, 1.507516357421875e+03, 1.58075e+03, 1.055539672851562e+03, 8.96528564453125e+02, 7.67636962890625e+02, 6.599087524414062e+02, 5.684191284179688e+02, 4.90086181640625e+02, 4.227468566894531e+02, 3.647449951171875e+02, 3.147354125976562e+02, 2.715971069335938e+02, 2.343782653808594e+02, 2.022626647949219e+02, 1.745496673583984e+02, 1.506339569091797e+02, 1.299946594238281e+02, 1.121834259033203e+02, 9.681295013427734e+01, 8.354875183105469e+01, 7.210195922851562e+01, 6.222327423095703e+01, 5.369796752929688e+01, 4.634076309204102e+01, 3.999172210693359e+01, 3.451279449462891e+01, 2.978474617004395e+01, 2.570433616638184e+01, 2.218300819396973e+01, 1.914412879943848e+01, 1.65214672088623e+01, 1.425811290740967e+01, 1.230490016937256e+01, 1.061924839019775e+01, 9.164634704589844e+00, 7.909349918365479e+00, 6.825925827026367e+00, 5.891012191772461e+00, 5.084062099456787e+00, 4.387672901153564e+00, 3.786633729934692e+00, 3.26791787147522e+00, 2.820301532745361e+00, 2.433994054794312e+00, 2.100757837295532e+00, 1.813103556632996e+00, 1.565033674240112e+00, 1.350866794586182e+00, 1.166122436523438e+00, 1.006646275520325e+00, 8.689711093902588e-01, 7.500627040863037e-01, 6.47368848323822e-01, 5.588950514793396e-01, 4.826195240020752e-01, 4.163538813591003e-01, 3.586187660694122e-01, 3.094322979450226e-01, 2.673964500427246e-01, 2.31588140130043e-01, 2.005762159824371e-01, 1.73390805721283e-01, 1.492723971605301e-01, 1.288092136383057e-01, 1.112785637378693e-01, 9.637127816677094e-02, 8.332198113203049e-02, 7.197953015565872e-02, 6.208678334951401e-02, 5.361736938357353e-02, 4.628976061940193e-02, 3.995183855295181e-02, 3.450530767440796e-02, 2.981262095272541e-02, 2.574210055172443e-02, 2.214175462722778e-02, 1.901883073151112e-02, 1.634868420660496e-02, 1.398142427206039e-02, 1.199305709451437e-02, 1.029566675424576e-02, 8.763257414102554e-03, 7.526925764977932e-03, 6.506986450403929e-03, 5.685321986675262e-03, 5.016778595745564e-03, 4.456203430891037e-03, 3.958443179726601e-03, 3.47834313288331e-03, 3.120152279734612e-03, 2.842942252755165e-03, 2.585890702903271e-03, 2.325072651728988e-03, 2.036564517766237e-03]
layMul.monLay[1].port_a.Q_flow=[0e+00, 1.235011291503906e+02, 2.405762786865234e+02, 3.450117492675781e+02, 4.365699768066406e+02, 5.161851196289062e+02, 5.851470336914062e+02, 6.447664794921875e+02, 6.9625927734375e+02, 6.97443603515625e+02, 6.120955810546875e+02, 5.325278930664062e+02, 4.613744812011719e+02, 3.989208068847656e+02, 3.445830078125e+02, 2.975048217773438e+02, 2.567982788085938e+02, 2.216365661621094e+02, 1.912787628173828e+02, 1.650743560791016e+02, 1.424579162597656e+02, 1.229398498535156e+02, 1.060958557128906e+02, 9.155939483642578e+01, 7.901447296142578e+01, 6.81884765625e+01, 5.884600067138672e+01, 5.078371810913086e+01, 4.382597732543945e+01, 3.782136917114258e+01, 3.263939666748047e+01, 2.816749382019043e+01, 2.430846214294434e+01, 2.097837066650391e+01, 1.810445213317871e+01, 1.562431144714355e+01, 1.34839448928833e+01, 1.163669776916504e+01, 1.004249572753906e+01, 8.666745185852051e+00, 7.479487419128418e+00, 6.454953193664551e+00, 5.57081937789917e+00, 4.807747840881348e+00, 4.149264812469482e+00, 3.580886363983154e+00, 3.090381383895874e+00, 2.667044162750244e+00, 2.301697015762329e+00, 1.986434459686279e+00, 1.714350819587708e+00, 1.479650139808655e+00, 1.27704131603241e+00, 1.102316975593567e+00, 9.514807462692261e-01, 8.213569521903992e-01, 7.090080976486206e-01, 6.120203733444214e-01, 5.283028483390808e-01, 4.56017017364502e-01, 3.936206996440887e-01, 3.39740514755249e-01, 2.932586371898651e-01, 2.531517446041107e-01, 2.186039686203003e-01, 1.887858062982559e-01, 1.630175113677979e-01, 1.408764868974686e-01, 1.217439323663712e-01, 1.05171911418438e-01, 9.092128276824951e-02, 7.858040183782578e-02, 6.787164509296417e-02, 5.864076316356659e-02, 5.064807832241058e-02, 4.372700676321983e-02, 3.775656595826149e-02, 3.259784728288651e-02, 2.814374677836895e-02, 2.431319653987885e-02, 2.100569009780884e-02, 1.81300938129425e-02, 1.559457927942276e-02, 1.33954044431448e-02, 1.151520851999521e-02, 9.84795019030571e-03, 8.447404019534588e-03, 7.251755334436893e-03, 6.172416266053915e-03, 5.30152814462781e-03, 4.5829345472157e-03, 4.003980662673712e-03, 3.532909322530031e-03, 3.137963125482202e-03, 2.787384670227766e-03, 2.449416555464268e-03, 2.197232097387314e-03, 2.002040855586529e-03, 1.821081736125052e-03, 1.637506997212768e-03, 1.434469129890203e-03]
