last-generated=2018-06-13
statistics-simulation=
{
  "linear": " ",
  "nonlinear": " ",
  "numerical Jacobians": "0"
}
sigRan.u[1]=[0e+00, 1.253332374497156e-01, 2.486898953308248e-01, 3.681245524153801e-01, 4.817536869290393e-01, 5.877852363451299e-01, 6.845471384320703e-01, 7.705132340994622e-01, 8.443279384363055e-01, 9.048270386715103e-01, 9.510565340027346e-01, 9.822872294183655e-01, 9.980267303235079e-01, 9.980267241165655e-01, 9.822872294183655e-01, 9.510565622604734e-01, 9.048270386715103e-01, 8.443279384363054e-01, 7.705132929390851e-01, 6.845471041974797e-01, 5.877852740064528e-01, 4.817536049063487e-01, 3.681245306244136e-01, 2.486899405222956e-01, 1.253331676890714e-01, 1.224646852585168e-16, -1.253333533635595e-01, -2.486897589136873e-01, -3.681245306244139e-01, -4.817537683762683e-01, -5.877851217017483e-01, -6.845471041974797e-01, -7.705132929390851e-01, -8.443278366018112e-01, -9.048270386715105e-01, -9.510565622604733e-01, -9.822871922079218e-01, -9.980267241165655e-01, -9.980267241165655e-01, -9.822871922079218e-01, -9.510565622604733e-01, -9.048270386715105e-01, -8.443278366018112e-01, -7.705132929390851e-01, -6.845471041974797e-01, -5.877851217017483e-01, -4.817537683762683e-01, -3.681245306244139e-01, -2.486897589136873e-01, -1.253333533635595e-01, -2.449293705170336e-16, 1.253333533617908e-01, 2.486901212847727e-01, 3.68124877196207e-01, 4.817534392344727e-01, 5.877851217035711e-01, 6.845471041971509e-01, 7.70513292938244e-01, 8.443280367726912e-01, 9.048271948735948e-01, 9.510564438597915e-01, 9.822871922084567e-01, 9.980267241166327e-01, 9.980267241166327e-01, 9.822871922084567e-01, 9.510564438597915e-01, 9.048271948735948e-01, 8.443280367726912e-01, 7.70513292938244e-01, 6.845471041971509e-01, 5.877851217035711e-01, 4.817534392344727e-01, 3.68124877196207e-01, 2.486901212847727e-01, 1.253333533617908e-01, 3.673940293057708e-16, -1.253333533617908e-01, -2.486901212847727e-01, -3.68124877196207e-01, -4.817534392344727e-01, -5.877851217035711e-01, -6.845471041971509e-01, -7.70513292938244e-01, -8.443280367726912e-01, -9.048271948735948e-01, -9.510564438597915e-01, -9.822871922084567e-01, -9.980267241166327e-01, -9.980267241166327e-01, -9.822871922084567e-01, -9.510564438597915e-01, -9.048271948735948e-01, -8.443280367726912e-01, -7.70513292938244e-01, -6.845471041971509e-01, -5.877851217035711e-01, -4.817534392344727e-01, -3.68124877196207e-01, -2.486901212847727e-01, -1.253333533617908e-01, -4.898587410340671e-16]
sigRan.u[3]=[0e+00, 5.819367275884281e-01, 9.32224339698675e-01, 9.229485236273092e-01, 5.647378109915501e-01, 4.450206411710234e-08, -5.535553700140932e-01, -8.867592153824621e-01, -8.779357871318595e-01, -5.371954256642459e-01, -8.466318798805439e-08, 5.265581266454314e-01, 8.435114970245707e-01, 8.351182527989683e-01, 5.1099594989777e-01, 3.221364647670866e-07, -5.008777045417401e-01, -8.023728989298575e-01, -7.943892874549173e-01, -4.860742825513147e-01, -1.532128426212642e-07, 4.764497261512229e-01, 7.632407686043835e-01, 7.556464030248498e-01, 4.623680241467052e-01, 4.76877961117395e-16, -4.532130887682514e-01, -7.260168760002509e-01, -7.187930495082901e-01, -4.398179588213927e-01, -5.545308531668125e-07, 4.31109217332613e-01, 6.906088754640104e-01, 6.837372556499968e-01, 4.183682260171136e-01, -2.626901599856299e-07, -4.100833358572478e-01, -6.569273336386406e-01, -6.503907850961804e-01, -3.979635421682539e-01, -2.508801408701578e-07, 3.900839328316977e-01, 6.248887846085794e-01, 6.186710176291824e-01, 3.785550368929081e-01, -4.753837901313403e-07, -3.710589323705841e-01, -5.944125165298989e-01, -5.884978368747761e-01, -3.600930457988503e-01, -7.42785849578635e-16, 3.529627074374652e-01, 5.654228200932372e-01, 5.597961672619615e-01, 3.425314303271506e-01, 4.318626042748575e-07, -3.357481837081522e-01, -5.378466840444739e-01, -5.324947377815105e-01, -3.258246154830284e-01, -8.216008699490907e-07, 3.193732291172802e-01, 5.116155173920994e-01, 5.065248594669165e-01, 3.099343019754264e-01, -7.784110834096107e-07, -3.037968905749938e-01, -4.866635988941319e-01, -4.818214481521725e-01, -2.94818963210121e-01, 3.702237364657047e-07, 2.889817024381439e-01, 4.629285819028494e-01, 4.58322826602885e-01, 2.804407325721752e-01, 2.54590638901328e-15, -2.748876553147371e-01, -4.403517346503643e-01, -4.35969723173588e-01, -2.667637477218431e-01, -3.363349504667545e-07, 2.61480961155234e-01, 4.188754423513013e-01, 4.147073368741621e-01, 2.537524603765325e-01, 6.398634140591941e-07, -2.487281063103918e-01, -3.98446545341796e-01, -3.944819392568573e-01, -2.413770841096838e-01, 6.062271534487259e-07, 2.365972516479877e-01, 3.790139866974083e-01, 3.752429357690897e-01, 2.296052374894222e-01, -2.883305408265303e-07, -2.250591858935019e-01, -3.605291520907614e-01, -3.569421764287664e-01, -2.184074769642863e-01, -9.010447442897996e-16]
sigRan.u[2]=[1e+00, 1e+00, 1e+00, 1e+00, 1e+00, 1e+00, 1e+00, 1e+00, 1e+00, 1e+00, 1e+00, 1e+00, 1e+00, 0e+00, 0e+00, 0e+00, 0e+00, 0e+00, 0e+00, 0e+00, 0e+00, 0e+00, 0e+00, 0e+00, 0e+00, 0e+00, 1e+00, 1e+00, 1e+00, 1e+00, 1e+00, 1e+00, 1e+00, 1e+00, 1e+00, 1e+00, 1e+00, 1e+00, 0e+00, 0e+00, 0e+00, 0e+00, 0e+00, 0e+00, 0e+00, 0e+00, 0e+00, 0e+00, 0e+00, 0e+00, 0e+00, 1e+00, 1e+00, 1e+00, 1e+00, 1e+00, 1e+00, 1e+00, 1e+00, 1e+00, 1e+00, 1e+00, 1e+00, 0e+00, 0e+00, 0e+00, 0e+00, 0e+00, 0e+00, 0e+00, 0e+00, 0e+00, 0e+00, 0e+00, 0e+00, 0e+00, 1e+00, 1e+00, 1e+00, 1e+00, 1e+00, 1e+00, 1e+00, 1e+00, 1e+00, 1e+00, 1e+00, 1e+00, 0e+00, 0e+00, 0e+00, 0e+00, 0e+00, 0e+00, 0e+00, 0e+00, 0e+00, 0e+00, 0e+00, 0e+00, 0e+00]
time=[0e+00, 1e+00]
sigRan.y[2]=[0e+00, 5.819367275884281e-01, 9.32224339698675e-01, 9.229485236273092e-01, 5.647378109915501e-01, 5.877852363451299e-01, 6.845471384320703e-01, 7.705132340994622e-01, 8.443279384363055e-01, 9.048270386715103e-01, 9.510565340027346e-01, 9.822872294183655e-01, 9.980267303235079e-01, 8.351182527989683e-01, 5.1099594989777e-01, 3.221364647670866e-07, 0e+00, 0e+00, 0e+00, 0e+00, 0e+00, 4.764497261512229e-01, 3.681245306244136e-01, 2.486899405222956e-01, 1.253331676890714e-01, 1.224646852585168e-16, -1.253333533635595e-01, -2.486897589136873e-01, -3.681245306244139e-01, -4.398179588213927e-01, -5.545308531668125e-07, 4.31109217332613e-01, 6.906088754640104e-01, 6.837372556499968e-01, 4.183682260171136e-01, -2.626901599856299e-07, -4.100833358572478e-01, -6.569273336386406e-01, -6.503907850961804e-01, -3.979635421682539e-01, -2.508801408701578e-07, 0e+00, 0e+00, 0e+00, 0e+00, -4.753837908341184e-07, -3.710589323705841e-01, -3.681245306244139e-01, -2.486897589136873e-01, -1.253333533635595e-01, -2.449293705170336e-16, 3.529627074374652e-01, 5.654228200932372e-01, 5.597961672619615e-01, 4.817534392344727e-01, 5.877851217035711e-01, 6.845471041971509e-01, 7.70513292938244e-01, 8.443280367726912e-01, 9.048271948735948e-01, 9.510564438597915e-01, 9.822871922084567e-01, 9.980267241166327e-01, 5.065248594669165e-01, 3.099343019754264e-01, -1.023548764618175e-15, 0e+00, 0e+00, 0e+00, 0e+00, 3.702237337886682e-07, 2.889817024381439e-01, 3.68124877196207e-01, 2.486901212847727e-01, 1.253333533617908e-01, 3.673940293057708e-16, -1.253333533617908e-01, -2.486901212847727e-01, -3.68124877196207e-01, -2.667637477218431e-01, -3.363349504667545e-07, 2.61480961155234e-01, 4.188754423513013e-01, 4.147073368741621e-01, 2.537524603765325e-01, 6.398634140591941e-07, -2.487281063103918e-01, -3.98446545341796e-01, -3.944819392568573e-01, -2.413770841096838e-01, -8.962169842332481e-16, 0e+00, 0e+00, 0e+00, 0e+00, -2.883305403524332e-07, -2.250591858935019e-01, -3.605291520907614e-01, -2.486901212847727e-01, -1.253333533617908e-01, -4.898587410340671e-16]
sigRan.y[3]=[0e+00, 1.253332374497156e-01, 2.486898953308248e-01, 3.681245524153801e-01, 4.817536869290393e-01, 4.450206411710234e-08, -5.535553700140932e-01, -8.867592153824621e-01, -8.779357871318595e-01, -5.371954256642459e-01, -8.466318798805439e-08, 5.265581266454314e-01, 8.435114970245707e-01, 0e+00, 0e+00, 0e+00, -5.008777045417401e-01, -8.023728989298575e-01, -7.943892874549173e-01, -4.860742825513147e-01, -1.532128426212642e-07, 0e+00, 0e+00, 0e+00, 0e+00, 0e+00, -4.532130887682514e-01, -7.260168760002509e-01, -7.187930495082901e-01, -4.817537683762683e-01, -5.877851217017483e-01, -6.845471041974797e-01, -7.705132929390851e-01, -8.443278366018112e-01, -9.048270386715105e-01, -9.510565622604733e-01, -9.822871922079218e-01, -9.980267241165655e-01, -9.980267241165655e-01, -9.822871922079218e-01, -9.510565622604733e-01, -9.048270386715105e-01, -8.443278366018112e-01, -7.705132929390851e-01, -6.845471041974797e-01, -5.877851217017483e-01, -4.817537683762683e-01, -5.944125165298989e-01, -5.884978368747761e-01, -3.600930457988503e-01, -7.42785849578635e-16, 1.253333533617908e-01, 2.486901212847727e-01, 3.68124877196207e-01, 3.425314303271506e-01, 4.318626042748575e-07, -3.357481837081522e-01, -5.378466840444739e-01, -5.324947377815105e-01, -3.258246154830284e-01, -8.216008699490907e-07, 3.193732291172802e-01, 5.116155173920994e-01, 0e+00, 0e+00, -7.784110823860619e-07, -3.037968905749938e-01, -4.866635988941319e-01, -4.818214481521725e-01, -2.94818963210121e-01, 2.677036544030492e-15, 0e+00, 0e+00, 0e+00, 0e+00, 0e+00, -2.748876553147371e-01, -4.403517346503643e-01, -4.35969723173588e-01, -4.817534392344727e-01, -5.877851217035711e-01, -6.845471041971509e-01, -7.70513292938244e-01, -8.443280367726912e-01, -9.048271948735948e-01, -9.510564438597915e-01, -9.822871922084567e-01, -9.980267241166327e-01, -9.980267241166327e-01, -9.822871922084567e-01, -9.510564438597915e-01, -9.048271948735948e-01, -8.443280367726912e-01, -7.70513292938244e-01, -6.845471041971509e-01, -5.877851217035711e-01, -4.817534392344727e-01, -3.68124877196207e-01, -3.569421764287664e-01, -2.184074769642863e-01, -9.010447442897996e-16]
sigRan.y[1]=[1e+00, 1e+00, 1e+00, 1e+00, 1e+00, 1e+00, 1e+00, 1e+00, 1e+00, 1e+00, 1e+00, 1e+00, 1e+00, 9.980267241165655e-01, 9.822872294183655e-01, 9.510565622604734e-01, 9.048270386715103e-01, 8.443279384363054e-01, 7.705132929390851e-01, 6.845471041974797e-01, 5.877852740064528e-01, 4.817536049063487e-01, 7.632407686043835e-01, 7.556464030248498e-01, 4.623680241467052e-01, 4.76877961117395e-16, 1e+00, 1e+00, 1e+00, 1e+00, 1e+00, 1e+00, 1e+00, 1e+00, 1e+00, 1e+00, 1e+00, 1e+00, 0e+00, 0e+00, 0e+00, 3.900839328316977e-01, 6.248887846085794e-01, 6.186710176291824e-01, 3.785550368929081e-01, 7.027781474637204e-16, 0e+00, 0e+00, 0e+00, 0e+00, 0e+00, 1e+00, 1e+00, 1e+00, 1e+00, 1e+00, 1e+00, 1e+00, 1e+00, 1e+00, 1e+00, 1e+00, 1e+00, 9.980267241166327e-01, 9.822871922084567e-01, 9.510564438597915e-01, 9.048271948735948e-01, 8.443280367726912e-01, 7.70513292938244e-01, 6.845471041971509e-01, 5.877851217035711e-01, 4.817534392344727e-01, 4.629285819028494e-01, 4.58322826602885e-01, 2.804407325721752e-01, 2.54590638901328e-15, 1e+00, 1e+00, 1e+00, 1e+00, 1e+00, 1e+00, 1e+00, 1e+00, 1e+00, 1e+00, 1e+00, 1e+00, 0e+00, 0e+00, 6.062271543449429e-07, 2.365972516479877e-01, 3.790139866974083e-01, 3.752429357690897e-01, 2.296052374894222e-01, -4.740970790008413e-16, 0e+00, 0e+00, 0e+00, 0e+00, 0e+00]
