last-generated=2018-06-13
statistics-simulation=
{
  "linear": " ",
  "nonlinear": " ",
  "number of continuous time states": "3",
  "numerical Jacobians": "0"
}
der(hLiqCod)=[0e+00, 3.389040083644252e+02, 1.355616030427679e+03, 3.050136127224734e+03, 5.422464115650643e+03, 8.472599361922088e+03, 1.220054449980936e+04, 1.660629673561789e+04, 2.168985645048017e+04, 2.745122245199274e+04, 3.389039743759046e+04, 4.100738326094488e+04, 4.880217798105507e+04, 5.72747815777108e+04, 6.642518693843343e+04, 7.625339241783888e+04, 8.675942577769003e+04, 9.794325576419753e+04, 1.098048897594818e+05, 1.223443468365923e+05, 1.355615897301638e+05, 1.494566656269697e+05, 1.64029533035705e+05, 1.792802122738148e+05, 1.952087118878429e+05, 2.11815e+05, 2.290991262462095e+05, 2.470609960631026e+05, 2.657007477456452e+05, 2.850182664591373e+05, 3.0501356959061e+05, 3.25686745006482e+05, 3.470377030622569e+05, 3.690664395080206e+05, 3.917730230325665e+05, 4.151574204305681e+05, 4.392195589410324e+05, 4.639595505738053e+05, 4.893773873140711e+05, 5.154730066618301e+05, 5.422463588803291e+05, 5.696976349627099e+05, 5.978266624191613e+05, 6.266334792017464e+05, 6.561181321266894e+05, 6.862806614410884e+05, 7.171208490385418e+05, 7.486389413057115e+05, 7.808348474786169e+05, 8.137084683908268e+05, 8.4726e+05, 8.814893455308449e+05, 9.163965048544927e+05, 9.519814154718374e+05, 9.882439841084043e+05, 1.025184580640739e+06, 1.062802990966204e+06, 1.101099152681716e+06, 1.140073065722396e+06, 1.179724980054835e+06, 1.220054278202205e+06, 1.261061690952168e+06, 1.30274697999404e+06, 1.345110020393682e+06, 1.388150812151095e+06, 1.431869480201907e+06, 1.476265757856802e+06, 1.521339924323648e+06, 1.567092092082253e+06, 1.613522011166776e+06, 1.66062968164059e+06, 1.708415228406795e+06, 1.756878235572195e+06, 1.806019280755923e+06, 1.855838202231262e+06, 1.906335e+06, 1.957509549190881e+06, 2.009361974673968e+06, 2.061892026451051e+06, 2.115099635248994e+06, 2.168985435441812e+06, 2.223549236926149e+06, 2.27879053980152e+06, 2.334709844000894e+06, 2.391306649495753e+06, 2.448581362801371e+06, 2.506533916711668e+06, 2.565164471913575e+06, 2.624472528473849e+06, 2.684458586390702e+06, 2.745122645599762e+06, 2.806463838417524e+06, 2.868483396042021e+06, 2.931180704962003e+06, 2.994555765206831e+06, 3.058608576841007e+06, 3.123339389767546e+06, 3.188747562091193e+06, 3.254833873435256e+06, 3.321597936071524e+06, 3.38904e+06]
der(hLiqSym)=[0e+00, 3.389040083644252e+02, 1.355616030427679e+03, 3.050136127224734e+03, 5.422464115650643e+03, 8.472599361922088e+03, 1.220054449980936e+04, 1.660629673561789e+04, 2.168985645048017e+04, 2.745122245199274e+04, 3.389039743759046e+04, 4.100738326094488e+04, 4.880217798105507e+04, 5.72747815777108e+04, 6.642518693843343e+04, 7.625339241783888e+04, 8.675942577769003e+04, 9.794325576419753e+04, 1.098048897594818e+05, 1.223443468365923e+05, 1.355615897301638e+05, 1.494566656269697e+05, 1.64029533035705e+05, 1.792802122738148e+05, 1.952087118878429e+05, 2.11815e+05, 2.290991262462095e+05, 2.470609960631026e+05, 2.657007477456452e+05, 2.850182664591373e+05, 3.0501356959061e+05, 3.25686745006482e+05, 3.470377030622569e+05, 3.690664395080206e+05, 3.917730230325665e+05, 4.151574204305681e+05, 4.392195589410324e+05, 4.639595505738053e+05, 4.893773873140711e+05, 5.154730066618301e+05, 5.422463588803291e+05, 5.696976349627099e+05, 5.978266624191613e+05, 6.266334792017464e+05, 6.561181321266894e+05, 6.862806614410884e+05, 7.171208490385418e+05, 7.486389413057115e+05, 7.808348474786169e+05, 8.137084683908268e+05, 8.4726e+05, 8.814893455308449e+05, 9.163965048544927e+05, 9.519814154718374e+05, 9.882439841084043e+05, 1.025184580640739e+06, 1.062802990966204e+06, 1.101099152681716e+06, 1.140073065722396e+06, 1.179724980054835e+06, 1.220054278202205e+06, 1.261061690952168e+06, 1.30274697999404e+06, 1.345110020393682e+06, 1.388150812151095e+06, 1.431869480201907e+06, 1.476265757856802e+06, 1.521339924323648e+06, 1.567092092082253e+06, 1.613522011166776e+06, 1.66062968164059e+06, 1.708415228406795e+06, 1.756878235572195e+06, 1.806019280755923e+06, 1.855838202231262e+06, 1.906335e+06, 1.957509549190881e+06, 2.009361974673968e+06, 2.061892026451051e+06, 2.115099635248994e+06, 2.168985435441812e+06, 2.223549236926149e+06, 2.27879053980152e+06, 2.334709844000894e+06, 2.391306649495753e+06, 2.448581362801371e+06, 2.506533916711668e+06, 2.565164471913575e+06, 2.624472528473849e+06, 2.684458586390702e+06, 2.745122645599762e+06, 2.806463838417524e+06, 2.868483396042021e+06, 2.931180704962003e+06, 2.994555765206831e+06, 3.058608576841007e+06, 3.123339389767546e+06, 3.188747562091193e+06, 3.254833873435256e+06, 3.321597936071524e+06, 3.38904e+06]
der(cvCod)=[0e+00, 0e+00]
der(cpSym)=[0e+00, 0e+00, 0e+00, 0e+00, 0e+00, 0e+00, 0e+00, 0e+00, 0e+00, 0e+00, 0e+00, 0e+00, 0e+00, 0e+00, 0e+00, 0e+00, 0e+00, 0e+00, 0e+00, 0e+00, 0e+00, 0e+00, 0e+00, 0e+00, 0e+00, 0e+00, 0e+00, 0e+00, 0e+00, 0e+00, 0e+00, 0e+00, 0e+00, 0e+00, 0e+00, 0e+00, 0e+00, 0e+00, 0e+00, 0e+00, 0e+00, 0e+00, 0e+00, 0e+00, 0e+00, 0e+00, 0e+00, 0e+00, 0e+00, 0e+00, 0e+00, 0e+00, 0e+00, 0e+00, 0e+00, 0e+00, 0e+00, 0e+00, 0e+00, 0e+00, 0e+00, 0e+00, 0e+00, 0e+00, 0e+00, 0e+00, 0e+00, 0e+00, 0e+00, 0e+00, 0e+00, 0e+00, 0e+00, 0e+00, 0e+00, 0e+00, 0e+00, 0e+00, 0e+00, 0e+00, 0e+00, 0e+00, 0e+00, 0e+00, 0e+00, 0e+00, 0e+00, 0e+00, 0e+00, 0e+00, 0e+00, 0e+00, 0e+00, 0e+00, 0e+00, 0e+00, 0e+00, 0e+00, 0e+00, 0e+00, 0e+00]
time=[0e+00, 1e+00]
der(cpCod)=[0e+00, 0e+00]
der(cvSym)=[0e+00, 0e+00, 0e+00, 0e+00, 0e+00, 0e+00, 0e+00, 0e+00, 0e+00, 0e+00, 0e+00, 0e+00, 0e+00, 0e+00, 0e+00, 0e+00, 0e+00, 0e+00, 0e+00, 0e+00, 0e+00, 0e+00, 0e+00, 0e+00, 0e+00, 0e+00, 0e+00, 0e+00, 0e+00, 0e+00, 0e+00, 0e+00, 0e+00, 0e+00, 0e+00, 0e+00, 0e+00, 0e+00, 0e+00, 0e+00, 0e+00, 0e+00, 0e+00, 0e+00, 0e+00, 0e+00, 0e+00, 0e+00, 0e+00, 0e+00, 0e+00, 0e+00, 0e+00, 0e+00, 0e+00, 0e+00, 0e+00, 0e+00, 0e+00, 0e+00, 0e+00, 0e+00, 0e+00, 0e+00, 0e+00, 0e+00, 0e+00, 0e+00, 0e+00, 0e+00, 0e+00, 0e+00, 0e+00, 0e+00, 0e+00, 0e+00, 0e+00, 0e+00, 0e+00, 0e+00, 0e+00, 0e+00, 0e+00, 0e+00, 0e+00, 0e+00, 0e+00, 0e+00, 0e+00, 0e+00, 0e+00, 0e+00, 0e+00, 0e+00, 0e+00, 0e+00, 0e+00, 0e+00, 0e+00, 0e+00, 0e+00]
