last-generated=2018-05-23
statistics-initialization=
{
  "numerical Jacobians": "0", 
  "nonlinear": "2, 2"
}
statistics-simulation=
{
  "numerical Jacobians": "0", 
  "nonlinear": "1", 
  "linear": "0"
}
zonLwDist.port_a[2].Q_flow=[-2.760699951171875e+03, -2.702753662109375e+03, -2.6449208984375e+03, -2.5872021484375e+03, -2.529596923828125e+03, -2.472105224609375e+03, -2.414726806640625e+03, -2.357461669921875e+03, -2.300309326171875e+03, -2.243269775390625e+03, -2.186343017578125e+03, -2.129529052734375e+03, -2.0728271484375e+03, -2.01623779296875e+03, -1.959760375976562e+03, -1.903394897460938e+03, -1.847141357421875e+03, -1.790999389648438e+03, -1.734968994140625e+03, -1.679050048828125e+03, -1.6232421875e+03, -1.567545532226562e+03, -1.511959716796875e+03, -1.456484741210938e+03, -1.401120361328125e+03, -1.345866455078125e+03, -1.290722900390625e+03, -1.235689575195312e+03, -1.180766357421875e+03, -1.125952880859375e+03, -1.071249267578125e+03, -1.0166552734375e+03, -9.62170654296875e+02, -9.0779541015625e+02, -8.535293579101562e+02, -7.99372314453125e+02, -7.453240966796875e+02, -6.913846435546875e+02, -6.375537719726562e+02, -5.838313598632812e+02, -5.302172241210938e+02, -4.767112426757812e+02, -4.233132629394531e+02, -3.700231323242188e+02, -3.168406982421875e+02, -2.637658386230469e+02, -2.107984161376953e+02, -1.579382629394531e+02, -1.051852340698242e+02, -5.25391960144043e+01, 0e+00, 5.243250274658203e+01, 1.047584533691406e+02, 1.569779968261719e+02, 2.090912780761719e+02, 2.610984191894531e+02, 3.129996032714844e+02, 3.647949829101562e+02, 4.164846496582031e+02, 4.680687561035156e+02, 5.195474853515625e+02, 5.709209594726562e+02, 6.221893310546875e+02, 6.733527221679688e+02, 7.244112548828125e+02, 7.753651733398438e+02, 8.262144775390625e+02, 8.769594116210938e+02, 9.276001586914062e+02, 9.7813671875e+02, 1.0285693359375e+03, 1.078898193359375e+03, 1.129123291015625e+03, 1.179244873046875e+03, 1.229262939453125e+03, 1.279177978515625e+03, 1.32898974609375e+03, 1.378698608398438e+03, 1.428304565429688e+03, 1.477807861328125e+03, 1.527208740234375e+03, 1.576507080078125e+03, 1.625703247070312e+03, 1.674797241210938e+03, 1.723789184570312e+03, 1.772679443359375e+03, 1.821467895507812e+03, 1.87015478515625e+03, 1.918740356445312e+03, 1.967224609375e+03, 2.015607666015625e+03, 2.063889892578125e+03, 2.112071044921875e+03, 2.160151611328125e+03, 2.208131591796875e+03, 2.25601123046875e+03, 2.30379052734375e+03, 2.3514697265625e+03, 2.399048828125e+03, 2.446528076171875e+03, 2.493907470703125e+03]
zonLwDistLin.port_a[2].Q_flow=[-2.5977373046875e+03, -2.54578271484375e+03, -2.493827880859375e+03, -2.441873291015625e+03, -2.38991845703125e+03, -2.337963623046875e+03, -2.286009033203125e+03, -2.23405419921875e+03, -2.182099365234375e+03, -2.130144775390625e+03, -2.07818994140625e+03, -2.026235229492188e+03, -1.974280395507812e+03, -1.92232568359375e+03, -1.870370971679688e+03, -1.818416137695312e+03, -1.76646142578125e+03, -1.714506713867188e+03, -1.662552001953125e+03, -1.61059716796875e+03, -1.558642456054688e+03, -1.506687744140625e+03, -1.45473291015625e+03, -1.402778198242188e+03, -1.350823486328125e+03, -1.29886865234375e+03, -1.246913940429688e+03, -1.194959228515625e+03, -1.143004516601562e+03, -1.091049682617188e+03, -1.039094970703125e+03, -9.871401977539062e+02, -9.351854858398438e+02, -8.83230712890625e+02, -8.312760009765625e+02, -7.793212280273438e+02, -7.27366455078125e+02, -6.754117431640625e+02, -6.234569702148438e+02, -5.715022583007812e+02, -5.195474853515625e+02, -4.675927429199219e+02, -4.156380004882812e+02, -3.636832275390625e+02, -3.117284851074219e+02, -2.597737426757812e+02, -2.078190002441406e+02, -1.558642425537109e+02, -1.039095001220703e+02, -5.195475006103516e+01, 0e+00, 5.195475006103516e+01, 1.039095001220703e+02, 1.558642425537109e+02, 2.078190002441406e+02, 2.597737426757812e+02, 3.117284851074219e+02, 3.636832275390625e+02, 4.156380004882812e+02, 4.675927429199219e+02, 5.195474853515625e+02, 5.715022583007812e+02, 6.234569702148438e+02, 6.754117431640625e+02, 7.27366455078125e+02, 7.793212280273438e+02, 8.312760009765625e+02, 8.83230712890625e+02, 9.351854858398438e+02, 9.871401977539062e+02, 1.039094970703125e+03, 1.091049682617188e+03, 1.143004516601562e+03, 1.194959228515625e+03, 1.246913940429688e+03, 1.29886865234375e+03, 1.350823486328125e+03, 1.402778198242188e+03, 1.45473291015625e+03, 1.506687744140625e+03, 1.558642456054688e+03, 1.61059716796875e+03, 1.662552001953125e+03, 1.714506713867188e+03, 1.76646142578125e+03, 1.818416137695312e+03, 1.870370971679688e+03, 1.92232568359375e+03, 1.974280395507812e+03, 2.026235229492188e+03, 2.07818994140625e+03, 2.130144775390625e+03, 2.182099365234375e+03, 2.23405419921875e+03, 2.286009033203125e+03, 2.337963623046875e+03, 2.38991845703125e+03, 2.441873291015625e+03, 2.493827880859375e+03, 2.54578271484375e+03, 2.5977373046875e+03]
intHeaRad.port_b.Q_flow=[-5.019454650878906e+02, -4.914097290039062e+02, -4.808947448730469e+02, -4.70400390625e+02, -4.599267272949219e+02, -4.494736938476562e+02, -4.390412292480469e+02, -4.286293640136719e+02, -4.18238037109375e+02, -4.078672485351562e+02, -3.975169372558594e+02, -3.871870727539062e+02, -3.76877685546875e+02, -3.665886840820312e+02, -3.56320068359375e+02, -3.460718078613281e+02, -3.358438720703125e+02, -3.256362609863281e+02, -3.154489135742188e+02, -3.052818298339844e+02, -2.951349487304688e+02, -2.850082702636719e+02, -2.749017639160156e+02, -2.648153991699219e+02, -2.547491607666016e+02, -2.447029876708984e+02, -2.346768951416016e+02, -2.246708374023438e+02, -2.146847839355469e+02, -2.047187042236328e+02, -1.947725982666016e+02, -1.848464050292969e+02, -1.749401245117188e+02, -1.650537109375e+02, -1.551871490478516e+02, -1.453404235839844e+02, -1.355134735107422e+02, -1.25706298828125e+02, -1.159188690185547e+02, -1.061511535644531e+02, -9.640312957763672e+01, -8.667476654052734e+01, -7.696604919433594e+01, -6.727693176269531e+01, -5.760739898681641e+01, -4.795742797851562e+01, -3.832698440551758e+01, -2.87160472869873e+01, -1.912458801269531e+01, -9.552581787109375e+00, 0e+00, 9.533182144165039e+00, 1.90469913482666e+01, 2.854145240783691e+01, 3.801659393310547e+01, 4.747244262695312e+01, 5.690901947021484e+01, 6.632635498046875e+01, 7.572447967529297e+01, 8.510340881347656e+01, 9.446318054199219e+01, 1.038038101196289e+02, 1.131253280639648e+02, 1.224277648925781e+02, 1.317111358642578e+02, 1.409754791259766e+02, 1.502208099365234e+02, 1.594471740722656e+02, 1.686545715332031e+02, 1.778430328369141e+02, 1.870126037597656e+02, 1.961632995605469e+02, 2.052951354980469e+02, 2.144081420898438e+02, 2.235023651123047e+02, 2.325778045654297e+02, 2.416344909667969e+02, 2.506724700927734e+02, 2.596917419433594e+02, 2.686923522949219e+02, 2.7767431640625e+02, 2.866376647949219e+02, 2.955823974609375e+02, 3.045085754394531e+02, 3.134162292480469e+02, 3.223053588867188e+02, 3.311759643554688e+02, 3.400281372070312e+02, 3.488618774414062e+02, 3.576771850585938e+02, 3.6647412109375e+02, 3.75252685546875e+02, 3.84012939453125e+02, 3.927548522949219e+02, 4.014784851074219e+02, 4.101838684082031e+02, 4.188710021972656e+02, 4.275399475097656e+02, 4.36190673828125e+02, 4.448232727050781e+02, 4.53437744140625e+02]
time=[0e+00, 1e+06]
intHeaRadLin.port_b.Q_flow=[-4.723158874511719e+02, -4.628695678710938e+02, -4.534232482910156e+02, -4.439769287109375e+02, -4.345306091308594e+02, -4.250843200683594e+02, -4.156380004882812e+02, -4.061916809082031e+02, -3.96745361328125e+02, -3.872990417480469e+02, -3.778527221679688e+02, -3.684064025878906e+02, -3.589600830078125e+02, -3.495137634277344e+02, -3.400674438476562e+02, -3.306211242675781e+02, -3.211748046875e+02, -3.117284851074219e+02, -3.022821655273438e+02, -2.928358459472656e+02, -2.833895263671875e+02, -2.739432067871094e+02, -2.644968872070312e+02, -2.550505828857422e+02, -2.456042633056641e+02, -2.361579437255859e+02, -2.267116241455078e+02, -2.172653045654297e+02, -2.078190002441406e+02, -1.983726806640625e+02, -1.889263610839844e+02, -1.794800415039062e+02, -1.700337219238281e+02, -1.6058740234375e+02, -1.511410827636719e+02, -1.416947631835938e+02, -1.322484436035156e+02, -1.22802131652832e+02, -1.133558120727539e+02, -1.039095001220703e+02, -9.446318054199219e+01, -8.501686096191406e+01, -7.557054138183594e+01, -6.612422180175781e+01, -5.667790603637695e+01, -4.723159027099609e+01, -3.778527069091797e+01, -2.833895301818848e+01, -1.889263534545898e+01, -9.446317672729492e+00, 0e+00, 9.446317672729492e+00, 1.889263534545898e+01, 2.833895301818848e+01, 3.778527069091797e+01, 4.723159027099609e+01, 5.667790603637695e+01, 6.612422180175781e+01, 7.557054138183594e+01, 8.501686096191406e+01, 9.446318054199219e+01, 1.039095001220703e+02, 1.133558120727539e+02, 1.22802131652832e+02, 1.322484436035156e+02, 1.416947631835938e+02, 1.511410827636719e+02, 1.6058740234375e+02, 1.700337219238281e+02, 1.794800415039062e+02, 1.889263610839844e+02, 1.983726806640625e+02, 2.078190002441406e+02, 2.172653045654297e+02, 2.267116241455078e+02, 2.361579437255859e+02, 2.456042633056641e+02, 2.550505828857422e+02, 2.644968872070312e+02, 2.739432067871094e+02, 2.833895263671875e+02, 2.928358459472656e+02, 3.022821655273438e+02, 3.117284851074219e+02, 3.211748046875e+02, 3.306211242675781e+02, 3.400674438476562e+02, 3.495137634277344e+02, 3.589600830078125e+02, 3.684064025878906e+02, 3.778527221679688e+02, 3.872990417480469e+02, 3.96745361328125e+02, 4.061916809082031e+02, 4.156380004882812e+02, 4.250843200683594e+02, 4.345306091308594e+02, 4.439769287109375e+02, 4.534232482910156e+02, 4.628695678710938e+02, 4.723158874511719e+02]
extHeaRad.port_a.Q_flow=[-4.602597961425781e+02, -4.510545959472656e+02, -4.418493957519531e+02, -4.326441955566406e+02, -4.234389953613281e+02, -4.142338256835938e+02, -4.050286254882812e+02, -3.958234252929688e+02, -3.866182250976562e+02, -3.774130249023438e+02, -3.682078247070312e+02, -3.590026245117188e+02, -3.497974548339844e+02, -3.405922546386719e+02, -3.313870544433594e+02, -3.221818542480469e+02, -3.129766540527344e+02, -3.037714538574219e+02, -2.945662536621094e+02, -2.85361083984375e+02, -2.761558837890625e+02, -2.6695068359375e+02, -2.577454833984375e+02, -2.48540283203125e+02, -2.393350982666016e+02, -2.301298980712891e+02, -2.209246978759766e+02, -2.117194976806641e+02, -2.025143127441406e+02, -1.933091125488281e+02, -1.841039123535156e+02, -1.748987274169922e+02, -1.656935272216797e+02, -1.564883270263672e+02, -1.472831268310547e+02, -1.380779418945312e+02, -1.288727416992188e+02, -1.196675491333008e+02, -1.104623489379883e+02, -1.012571563720703e+02, -9.205195617675781e+01, -8.284676361083984e+01, -7.364156341552734e+01, -6.443637084960938e+01, -5.523117446899414e+01, -4.602597808837891e+01, -3.682078170776367e+01, -2.761558723449707e+01, -1.841039085388184e+01, -9.205195426940918e+00, 0e+00, 9.205195426940918e+00, 1.841039085388184e+01, 2.761558723449707e+01, 3.682078170776367e+01, 4.602597808837891e+01, 5.523117446899414e+01, 6.443637084960938e+01, 7.364156341552734e+01, 8.284676361083984e+01, 9.205195617675781e+01, 1.012571563720703e+02, 1.104623489379883e+02, 1.196675491333008e+02, 1.288727416992188e+02, 1.380779418945312e+02, 1.472831268310547e+02, 1.564883270263672e+02, 1.656935272216797e+02, 1.748987274169922e+02, 1.841039123535156e+02, 1.933091125488281e+02, 2.025143127441406e+02, 2.117194976806641e+02, 2.209246978759766e+02, 2.301298980712891e+02, 2.393350982666016e+02, 2.48540283203125e+02, 2.577454833984375e+02, 2.6695068359375e+02, 2.761558837890625e+02, 2.85361083984375e+02, 2.945662536621094e+02, 3.037714538574219e+02, 3.129766540527344e+02, 3.221818542480469e+02, 3.313870544433594e+02, 3.405922546386719e+02, 3.497974548339844e+02, 3.590026245117188e+02, 3.682078247070312e+02, 3.774130249023438e+02, 3.866182250976562e+02, 3.958234252929688e+02, 4.050286254882812e+02, 4.142338256835938e+02, 4.234389953613281e+02, 4.326441955566406e+02, 4.418493957519531e+02, 4.510545959472656e+02, 4.602597961425781e+02]
