last-generated=2017-03-06
statistics-initialization=
{
  "numerical Jacobians": "0", 
  "nonlinear": "17, 10, 8, 11, 10, 8, 11"
}
statistics-simulation=
{
  "numerical Jacobians": "0", 
  "nonlinear": "3, 1, 1, 1, 1, 1, 1, 1, 1", 
  "number of continuous time states": "352", 
  "linear": "0, 0, 0, 0, 0, 0, 0, 0, 0, 0, 0, 0, 0, 0, 0, 0, 0, 0, 0, 0, 0, 0, 0, 0, 0, 0, 0,   0, 0, 0, 0, 0, 0, 0, 0, 0, 0, 0, 0, 0, 0, 0, 0, 0, 0, 0, 0, 0, 0, 0, 0, 0, 0,   0, 0, 0, 0, 0, 0, 0, 0, 0, 0, 0, 0, 0, 0, 0, 0, 0, 0, 0, 0, 0, 0, 0, 0, 0, 0,   0, 0, 0, 0, 0, 0, 0, 0, 0, 0, 0, 0, 0, 0, 0, 0, 0, 0, 0, 0, 0, 0, 0, 0, 0, 0,   0, 0, 0, 0, 0, 0, 0, 0, 0, 0, 0, 0, 0, 0, 0, 0, 0, 0, 0, 0, 0, 0, 0, 0, 0, 0,   0, 0, 0, 0, 0, 0, 0"
}
heaSys.heaSche.TdegC[1].y=[303.125518798828125, 303.125518798828125, 303.125518798828125, 303.125518798828125, 303.125518798828125, 303.125518798828125, 303.125518798828125, 303.125518798828125, 303.125518798828125, 303.125518798828125, 303.125518798828125, 303.125518798828125, 303.125518798828125, 303.125518798828125, 303.125518798828125, 303.125518798828125, 303.125518798828125, 303.125518798828125, 303.125518798828125, 303.125518798828125, 303.125518798828125, 303.125518798828125, 303.125518798828125, 303.125518798828125, 303.125518798828125, 303.125518798828125, 303.125518798828125, 303.125518798828125, 303.125518798828125, 303.125518798828125, 303.125518798828125, 303.125518798828125, 303.125518798828125, 303.125518798828125, 303.125518798828125, 303.125518798828125, 303.125518798828125, 303.125518798828125, 303.125518798828125, 303.125518798828125, 303.125518798828125, 303.125518798828125, 303.125518798828125, 303.125518798828125, 303.125518798828125, 303.125518798828125, 303.125518798828125, 303.125518798828125, 303.125518798828125, 303.125518798828125, 303.125518798828125, 303.125518798828125, 303.125518798828125, 303.125518798828125, 303.125518798828125, 303.125518798828125, 303.125518798828125, 303.125518798828125, 303.125518798828125, 303.17057698567708712289, 303.13957519531248863132, 303.19382649739583257542, 303.15980265299481288821, 303.15590454101561590505, 303.16094482421874545253, 303.13797810872398486026, 303.14566528320312954747, 303.13576049804686363132, 300.78237792968752728484, 301.44437866210938636868, 300.16243896484377273737, 298.30421671549481743568, 296.85529541015625909495, 298.08360717773439318989, 299.65036499023437954747, 300.303802490234375, 301.05142049153647576532, 300.7983056640625250111, 299.44106201171877046363, 297.30980468749999090505, 295.01856486002606061447, 294.89213134765623181011, 293.36811930338541287711, 297.36135050455726513974, 298.15139648437502728484, 298.158477783203125, 298.1616479492187750111, 298.15463134765627728484, 298.1465974934895939441, 296.29565022786459849158, 293.75349121093751136868, 293.22601440429684771516, 293.27225382486977878216, 293.88317749023440228484, 294.63701904296874545253, 295.46082153320310226263, 293.22363891601560226263, 292.07670654296873635758, 291.36819213867187272626, 290.2578161621093499889, 289.35614013671875]
struct.TSensor[1]=[293.149993896484375, 301.86989013671876591616, 303.135675862630193933, 303.13739746093750682121, 303.137969970703125, 303.138214111328125, 303.13838134765626364242, 303.13848876953125, 303.1385498046875, 303.138580322265625, 303.138641357421875, 303.138641357421875, 303.138671875, 303.138671875, 303.138702392578125, 303.138702392578125, 303.138702392578125, 303.138702392578125, 303.138702392578125, 303.138702392578125, 303.138702392578125, 303.13873291015625, 303.13873291015625, 303.13873291015625, 303.13873291015625, 303.13873291015625, 303.13873291015625, 303.13873291015625, 303.13873291015625, 303.13873291015625, 303.13873291015625, 303.13873291015625, 303.13873291015625, 303.13873291015625, 303.13873291015625, 303.13873291015625, 303.13873291015625, 303.13873291015625, 303.13873291015625, 303.13873291015625, 303.13873291015625, 303.13873291015625, 303.13873291015625, 303.13873291015625, 303.13873291015625, 303.13873291015625, 303.13873291015625, 303.13873291015625, 303.13873291015625, 303.13873291015625, 303.13873291015625, 303.13873291015625, 303.13873291015625, 303.13873291015625, 303.13873291015625, 303.13873291015625, 303.13873291015625, 303.13873291015625, 303.13873291015625, 303.13739990234375909495, 303.13773193359372726263, 303.13885050455729697205, 303.13934326171875, 303.140869140625, 303.13860514322914241347, 303.13922526041665150842, 303.13987060546872953637, 303.13772338867187272626, 299.49741088867187954747, 301.840576171875, 300.881195068359375, 299.13275065104164696095, 297.5054663085937249889, 299.08068359374999545253, 300.86726399739580983805, 301.69195556640625, 302.72491170247394620674, 302.06221028645830983805, 300.51821411132812045253, 298.85589884440105379326, 296.11951904296876136868, 296.10497314453124317879, 294.14644897460937045253, 298.13310546874998863132, 298.14206787109372953637, 298.14333699544272349158, 298.141448974609375, 298.14178466796875, 298.14247517903646667037, 296.14918823242186363132, 294.34052124023435226263, 293.99244913736981743568, 294.37128662109375909495, 295.07899780273436363132, 295.99991943359373181011, 297.18173014322917424579, 294.43081909179687727374, 292.85295166015623635758, 291.90318033854168788821, 290.67060180664060453637, 289.569305419921875]
time=[15000000., 23587200.]
heaSys.heaSche.TdegC[2].y=[303.116302490234375, 303.116302490234375, 303.116302490234375, 303.116302490234375, 303.116302490234375, 303.116302490234375, 303.116302490234375, 303.116302490234375, 303.116302490234375, 303.116302490234375, 303.116302490234375, 303.116302490234375, 303.116302490234375, 303.116302490234375, 303.116302490234375, 303.116302490234375, 303.116302490234375, 303.116302490234375, 303.116302490234375, 303.116302490234375, 303.116302490234375, 303.116302490234375, 303.116302490234375, 303.116302490234375, 303.116302490234375, 303.116302490234375, 303.116302490234375, 303.116302490234375, 303.116302490234375, 303.116302490234375, 303.116302490234375, 303.116302490234375, 303.116302490234375, 303.116302490234375, 303.116302490234375, 303.116302490234375, 303.116302490234375, 303.116302490234375, 303.116302490234375, 303.116302490234375, 303.116302490234375, 303.116302490234375, 303.116302490234375, 303.116302490234375, 303.116302490234375, 303.116302490234375, 303.116302490234375, 303.116302490234375, 303.116302490234375, 303.116302490234375, 303.116302490234375, 303.116302490234375, 303.116302490234375, 303.116302490234375, 303.116302490234375, 303.116302490234375, 303.116302490234375, 303.116302490234375, 303.116302490234375, 303.18032104492186817879, 303.20775756835939773737, 303.23638183593749317879, 303.23127400716145984916, 303.23101074218749317879, 303.22649943033854924579, 303.19833577473957575421, 303.20750366210938864242, 303.22036336263022349158, 301.42369791666664013974, 301.30857788085938864242, 300.58850301106770075421, 298.63485555013022576532, 297.51384643554689546363, 298.07832112630205756432, 299.26596842447918334074, 299.876922607421875, 300.62528564453123181011, 300.64224202473957348047, 299.57041748046873408384, 298.00279093424478560337, 295.95418497721351513974, 295.70119628906252273737, 294.01587565104165378216, 297.21610799153643256432, 298.10643188476564091616, 298.14418334960936363132, 298.19629028320309771516, 298.19403076171875, 298.17111246744792651953, 296.97343139648438636868, 294.57851562500002273737, 293.96487182617187272626, 293.90778401692710986026, 294.15306030273438864242, 294.683904215494806067, 295.32507527669270075421, 293.73529907226560453637, 292.61236124674479697205, 291.91049031575522576532, 290.88997680664061817879, 289.96051025390625]
struct.TSensor[2]=[293.149993896484375, 299.71702921549479015084, 302.01352864583333257542, 302.48985229492188864242, 302.61795125325522803905, 302.65999145507811363132, 302.67878417968751136868, 302.68995890299481743568, 302.69777262369791515084, 302.70377929687498408384, 302.70843912760415150842, 302.71211385091146439663, 302.71505615234377728484, 302.717315673828125, 302.7191162109375, 302.72052612304685226263, 302.721649169921875, 302.72253499348960303905, 302.72324951171873408384, 302.72381144205729697205, 302.72425130208335986026, 302.724609375, 302.724884033203125, 302.72509765625, 302.72528076171875, 302.72540283203125, 302.72552490234375, 302.725616455078125, 302.7257080078125, 302.725738525390625, 302.725799560546875, 302.725830078125, 302.725860595703125, 302.725860595703125, 302.72589111328125, 302.72589111328125, 302.72589111328125, 302.725921630859375, 302.725921630859375, 302.7259521484375, 302.7259521484375, 302.7259521484375, 302.7259521484375, 302.725921630859375, 302.725921630859375, 302.7259521484375, 302.7259521484375, 302.7259521484375, 302.7259521484375, 302.7259521484375, 302.7259521484375, 302.7259521484375, 302.7259521484375, 302.7259521484375, 302.7259521484375, 302.7259521484375, 302.725982666015625, 302.7259521484375, 302.7259521484375, 302.71018554687498181011, 302.776031494140625, 302.82176554361979015084, 302.81203898111976968721, 302.847503662109375, 302.75472290039061817879, 302.76648559570310226263, 302.76157470703122953637, 302.72257486979168561447, 301.20319458007810453637, 302.03135864257814091616, 301.57020467122396212289, 299.91365193684896439663, 298.6879614257812249889, 299.20222249348955756432, 300.47271891276039923468, 301.24346923828125, 302.02648844401039696095, 302.04954671223958939663, 301.06315185546873181011, 299.74290690104169243568, 297.74175821940104924579, 297.33400878906252273737, 295.60615681966146439663, 296.54182250976560908384, 297.86860961914061363132, 298.24185791015622726263, 298.30227905273437727374, 298.36126708984375, 298.35228474934893938553, 297.59575032552083939663, 295.93033447265622726263, 295.28957438151041969832, 295.27105834960934771516, 295.53663452148435908384, 296.16203653971354015084, 296.96330566406248863132, 295.18848144531250454747, 293.79833414713539241347, 292.83725016276042651953, 291.75797851562498408384, 290.679168701171875]
heaSys.heaSche.TdegC[3].y=[303.142120361328125, 303.142120361328125, 303.142120361328125, 303.142120361328125, 303.142120361328125, 303.142120361328125, 303.142120361328125, 303.142120361328125, 303.142120361328125, 303.142120361328125, 303.142120361328125, 303.142120361328125, 303.142120361328125, 303.142120361328125, 303.142120361328125, 303.142120361328125, 303.142120361328125, 303.142120361328125, 303.142120361328125, 303.142120361328125, 303.142120361328125, 303.142120361328125, 303.142120361328125, 303.142120361328125, 303.142120361328125, 303.142120361328125, 303.142120361328125, 303.142120361328125, 303.142120361328125, 303.142120361328125, 303.142120361328125, 303.142120361328125, 303.142120361328125, 303.142120361328125, 303.142120361328125, 303.142120361328125, 303.142120361328125, 303.142120361328125, 303.142120361328125, 303.142120361328125, 303.142120361328125, 303.142120361328125, 303.142120361328125, 303.142120361328125, 303.142120361328125, 303.142120361328125, 303.142120361328125, 303.142120361328125, 303.142120361328125, 303.142120361328125, 303.142120361328125, 303.142120361328125, 303.142120361328125, 303.142120361328125, 303.142120361328125, 303.142120361328125, 303.142120361328125, 303.142120361328125, 303.142120361328125, 303.25927490234374772626, 303.34425048828126136868, 303.20787923177084621784, 303.16535766601560908384, 303.15230712890627273737, 303.15243855794273031279, 303.14484659830731061447, 303.14225097656247953637, 303.15045735677085758653, 301.14731282552082802795, 300.92734985351563636868, 300.35767008463540150842, 298.38230305989583257542, 297.32460327148436363132, 297.79487060546875909495, 298.90498331705731516195, 299.496826171875, 300.18084757486980151953, 300.30320149739583257542, 299.32449584960937727374, 297.73717529296874317879, 295.74214680989581438553, 295.53313354492189546363, 293.83049845377604469832, 297.89572916666668334074, 298.152435302734375, 298.15024414062497726263, 298.15645304361981970942, 298.15081909179684771516, 298.14688435872398031279, 296.74696614583331211179, 294.41328125000001136868, 293.75409586588540378216, 293.70097452799478787711, 293.83856933593750682121, 294.37259114583332575421, 295.05684000651041287711, 293.57449096679687272626, 292.50015828450523258653, 291.80397298177081211179, 290.75389770507814546363, 289.838348388671875]
struct.TSensor[3]=[293.149993896484375, 303.145380452473943933, 303.147608235677068933, 303.1480712890625, 303.148223876953125, 303.148284912109375, 303.1483154296875, 303.148345947265625, 303.14837646484375, 303.14837646484375, 303.14837646484375, 303.148406982421875, 303.148406982421875, 303.148406982421875, 303.148406982421875, 303.148406982421875, 303.148406982421875, 303.148406982421875, 303.148406982421875, 303.148406982421875, 303.148406982421875, 303.148406982421875, 303.148406982421875, 303.148406982421875, 303.148406982421875, 303.148406982421875, 303.148406982421875, 303.148406982421875, 303.148406982421875, 303.148406982421875, 303.148406982421875, 303.148406982421875, 303.148406982421875, 303.148406982421875, 303.148406982421875, 303.148406982421875, 303.148406982421875, 303.148406982421875, 303.148406982421875, 303.148406982421875, 303.148406982421875, 303.148406982421875, 303.148406982421875, 303.148406982421875, 303.148406982421875, 303.148406982421875, 303.148406982421875, 303.148406982421875, 303.148406982421875, 303.148406982421875, 303.148406982421875, 303.148406982421875, 303.148406982421875, 303.148406982421875, 303.148406982421875, 303.148406982421875, 303.148406982421875, 303.148406982421875, 303.148406982421875, 303.14840006510416969832, 303.14871826171872726263, 303.14881022135415378216, 303.1488037109375, 303.149017333984375, 303.148651123046875, 303.148712158203125, 303.148681640625, 303.148529052734375, 301.68293538411455756432, 301.47278564453125682121, 301.12922159830731061447, 299.66824991861977878216, 298.8585778808594000111, 298.83621378580727423468, 299.52078125000002728484, 300.08123779296875, 300.72051228841144165926, 301.06075602213542197205, 300.58391723632814773737, 299.47695271809897121784, 298.05220947265627273737, 297.684661865234375, 295.97213623046877728484, 298.14671671549479015084, 298.149139404296875, 298.149566650390625, 298.149505615234375, 298.14959716796875, 298.1495361328125, 297.71548421223957348047, 296.30348510742186363132, 295.48255533854165832963, 295.35899820963544470942, 295.12803100585938409495, 295.66419067382810226263, 296.28750813802082575421, 295.08337646484375227374, 293.98332478841143711179, 293.12422037760416060337, 292.14022705078127728484, 291.1190185546875]
heaSys.heaSche.TdegC[4].y=[303.14813232421875, 303.14813232421875, 303.14813232421875, 303.14813232421875, 303.14813232421875, 303.14813232421875, 303.14813232421875, 303.14813232421875, 303.14813232421875, 303.14813232421875, 303.14813232421875, 303.14813232421875, 303.14813232421875, 303.14813232421875, 303.14813232421875, 303.14813232421875, 303.14813232421875, 303.14813232421875, 303.14813232421875, 303.14813232421875, 303.14813232421875, 303.14813232421875, 303.14813232421875, 303.14813232421875, 303.14813232421875, 303.14813232421875, 303.14813232421875, 303.14813232421875, 303.14813232421875, 303.14813232421875, 303.14813232421875, 303.14813232421875, 303.14813232421875, 303.14813232421875, 303.14813232421875, 303.14813232421875, 303.14813232421875, 303.14813232421875, 303.14813232421875, 303.14813232421875, 303.14813232421875, 303.14813232421875, 303.14813232421875, 303.14813232421875, 303.14813232421875, 303.14813232421875, 303.14813232421875, 303.14813232421875, 303.14813232421875, 303.14813232421875, 303.14813232421875, 303.14813232421875, 303.14813232421875, 303.14813232421875, 303.14813232421875, 303.14813232421875, 303.14813232421875, 303.14813232421875, 303.14813232421875, 303.15091512044273258653, 303.126617431640625, 303.1607324218750250111, 303.15020060221354469832, 303.15120849609377273737, 303.15166829427084849158, 303.13926391601563636868, 303.14731445312497726263, 303.14942220052085986026, 301.261042073567693933, 301.1154748535156500111, 300.47376912434896212289, 298.53996093749998408384, 297.40132324218751591616, 297.95856770833330529058, 299.06449991861978787711, 299.68817138671875, 300.35572428385415832963, 300.48944498697915150842, 299.48717041015623863132, 297.96539306640625, 295.92332153320313636868, 295.65572143554686590505, 293.95592000325518711179, 297.51242797851563182121, 298.15431396484376591616, 298.15118815104165150842, 298.15039876302085986026, 298.15785522460936363132, 298.15132080078126364242, 296.81742838541669016195, 294.49768676757810226263, 293.87420939127605379326, 293.82506103515623863132, 294.08839843750001818989, 294.61942504882813409495, 295.28477783203123863132, 293.785064697265625, 292.68361490885416742458, 291.96483357747393938553, 290.94427490234375, 290.024749755859375]
struct.TSensor[4]=[293.149993896484375, 302.37933186848960076532, 303.146026611328125, 303.14691162109375, 303.147216796875, 303.147369384765625, 303.14744506835938864242, 303.147491455078125, 303.147552490234375, 303.147552490234375, 303.1475830078125, 303.1475830078125, 303.147613525390625, 303.147613525390625, 303.147613525390625, 303.147613525390625, 303.147613525390625, 303.147613525390625, 303.147613525390625, 303.147613525390625, 303.147613525390625, 303.147613525390625, 303.147613525390625, 303.14764404296875, 303.14764404296875, 303.14764404296875, 303.14764404296875, 303.14764404296875, 303.14764404296875, 303.14764404296875, 303.14764404296875, 303.14764404296875, 303.14764404296875, 303.14764404296875, 303.14764404296875, 303.14764404296875, 303.14764404296875, 303.14764404296875, 303.14764404296875, 303.14764404296875, 303.14764404296875, 303.14764404296875, 303.14764404296875, 303.14764404296875, 303.14764404296875, 303.14764404296875, 303.14764404296875, 303.14764404296875, 303.14764404296875, 303.14764404296875, 303.14764404296875, 303.14764404296875, 303.14764404296875, 303.14764404296875, 303.14764404296875, 303.14764404296875, 303.14764404296875, 303.14764404296875, 303.14764404296875, 303.14753377278645984916, 303.147674560546875, 303.147857666015625, 303.147979736328125, 303.148193359375, 303.147918701171875, 303.14792277018227650842, 303.14794921875, 303.14776611328125, 301.46082845052080756432, 301.5208471679687249889, 301.40660196940103787711, 300.02669026692706211179, 299.07973266601561590505, 299.23568155924476741347, 299.81857950846352878216, 300.41522216796875, 301.06318806966146439663, 301.47947021484372953637, 300.9581640624999749889, 300.25761393229169016195, 298.59067586263023486026, 298.16198608398440228484, 296.43179280598957348047, 298.14550537109374772626, 298.14813232421875, 298.148590087890625, 298.148529052734375, 298.14849853515625, 298.148529052734375, 297.18636515299476741347, 295.92293090820311363132, 295.49952189127606061447, 295.49354532877606516195, 295.73823608398436135758, 296.25965372721356061447, 296.84702555338543561447, 295.50408081054689546363, 294.306645914713556067, 293.38228556315101513974, 292.38964721679690228484, 291.356201171875]
struct.TSensor[5]=[293.149993896484375, 303.143366292317693933, 303.145751953125, 303.146270751953125, 303.146484375, 303.14657796223957575421, 303.14666748046875, 303.146697998046875, 303.146728515625, 303.146759033203125, 303.146759033203125, 303.146759033203125, 303.14678955078125, 303.14678955078125, 303.14678955078125, 303.14678955078125, 303.14678955078125, 303.14678955078125, 303.14678955078125, 303.14678955078125, 303.14678955078125, 303.14678955078125, 303.14678955078125, 303.14678955078125, 303.14678955078125, 303.14678955078125, 303.14678955078125, 303.14678955078125, 303.14678955078125, 303.14678955078125, 303.14678955078125, 303.14678955078125, 303.14678955078125, 303.14678955078125, 303.14678955078125, 303.14678955078125, 303.14678955078125, 303.14678955078125, 303.14678955078125, 303.14678955078125, 303.14678955078125, 303.14678955078125, 303.14678955078125, 303.14678955078125, 303.14678955078125, 303.14678955078125, 303.14678955078125, 303.14678955078125, 303.14678955078125, 303.14678955078125, 303.14678955078125, 303.14678955078125, 303.14678955078125, 303.14678955078125, 303.14678955078125, 303.14678955078125, 303.14678955078125, 303.14678955078125, 303.14678955078125, 303.14647745768229469832, 303.14690551757814773737, 303.14725382486977878216, 303.1473388671875, 303.147674560546875, 303.14701700846353560337, 303.14715576171875, 303.14727783203125, 303.14682942708333257542, 301.0096956380208439441, 300.27570678710935681011, 300.03505655924476513974, 298.34709269205728787711, 297.60809326171875, 297.84242553710936363132, 298.21529215494791742458, 298.574371337890625, 298.99066894531250682121, 299.31278849283853560337, 298.70639648437497726263, 298.3594934082031500111, 296.69431762695313636868, 295.94977050781250227374, 294.61224690755210531279, 299.28505330403646667037, 303.14494995117189546363, 303.146209716796875, 303.14599609375, 303.14642456054684771516, 303.14642333984375, 300.80682128906249772626, 297.99992675781248863132, 296.39361735026039923468, 295.68301676432292879326, 295.50342529296875682121, 295.53960408528644165926, 295.96609090169272349158, 294.80064086914063636868, 293.71787068684898258653, 292.8288305664062249889, 291.76371337890623181011, 290.733856201171875]
heaSys.heaSche.TdegC[5].y=[303.146820068359375, 303.146820068359375, 303.146820068359375, 303.146820068359375, 303.146820068359375, 303.146820068359375, 303.146820068359375, 303.146820068359375, 303.146820068359375, 303.146820068359375, 303.146820068359375, 303.146820068359375, 303.146820068359375, 303.146820068359375, 303.146820068359375, 303.146820068359375, 303.146820068359375, 303.146820068359375, 303.146820068359375, 303.146820068359375, 303.146820068359375, 303.146820068359375, 303.146820068359375, 303.146820068359375, 303.146820068359375, 303.146820068359375, 303.146820068359375, 303.146820068359375, 303.146820068359375, 303.146820068359375, 303.146820068359375, 303.146820068359375, 303.146820068359375, 303.146820068359375, 303.146820068359375, 303.146820068359375, 303.146820068359375, 303.146820068359375, 303.146820068359375, 303.146820068359375, 303.146820068359375, 303.146820068359375, 303.146820068359375, 303.146820068359375, 303.146820068359375, 303.146820068359375, 303.146820068359375, 303.146820068359375, 303.146820068359375, 303.146820068359375, 303.146820068359375, 303.146820068359375, 303.146820068359375, 303.146820068359375, 303.146820068359375, 303.146820068359375, 303.146820068359375, 303.146820068359375, 303.146820068359375, 303.16785888671876136868, 303.15452270507813636868, 303.16774820963541969832, 303.14890991210938864242, 303.14614379882812045253, 303.15491861979165832963, 303.14066772460938636868, 303.13710327148436363132, 303.15158813476563182121, 300.49470133463540832963, 299.31147216796875909495, 298.75563761393226513974, 296.89718424479167424579, 296.07803588867187727374, 296.51984130859375454747, 297.02840454101561817879, 297.35845947265625, 297.60259277343749317879, 297.84503743489585758653, 297.12579223632815228484, 296.69440388997395530168, 294.81490275065101513974, 294.08656494140626591616, 292.72408976236977196095, 297.75696411132810226263, 298.14995849609374545253, 298.14949544270831438553, 298.14767374674477196095, 298.15493530273437272626, 298.15287556966143256432, 296.30957763671875682121, 294.03603515625002273737, 293.19314453125002728484, 292.77849202473959167037, 293.0228308105468499889, 293.19944539388018256432, 293.62096557617189773737, 292.59547485351561135758, 291.8574308268229060559, 291.32462402343747953637, 290.43976928710935681011, 289.586578369140625]
struct.TSensor[6]=[293.149993896484375, 303.14634440104168788821, 303.14794921875, 303.1483154296875, 303.1484375, 303.14849853515625, 303.148529052734375, 303.148529052734375, 303.1485595703125, 303.1485595703125, 303.1485595703125, 303.148590087890625, 303.148590087890625, 303.148590087890625, 303.148590087890625, 303.148590087890625, 303.148590087890625, 303.148590087890625, 303.148590087890625, 303.148590087890625, 303.148590087890625, 303.148590087890625, 303.148590087890625, 303.148590087890625, 303.148590087890625, 303.148590087890625, 303.148590087890625, 303.148590087890625, 303.148590087890625, 303.148590087890625, 303.148590087890625, 303.148590087890625, 303.148590087890625, 303.148590087890625, 303.148590087890625, 303.148590087890625, 303.148590087890625, 303.148590087890625, 303.148590087890625, 303.148590087890625, 303.148590087890625, 303.148590087890625, 303.148590087890625, 303.148590087890625, 303.148590087890625, 303.148590087890625, 303.148590087890625, 303.148590087890625, 303.148590087890625, 303.148590087890625, 303.148590087890625, 303.148590087890625, 303.148590087890625, 303.148590087890625, 303.148590087890625, 303.148590087890625, 303.148590087890625, 303.148590087890625, 303.148590087890625, 303.14849853515625, 303.14864501953127273737, 303.14871866861977878216, 303.148773193359375, 303.148895263671875, 303.148681640625, 303.148712158203125, 303.148773193359375, 303.14859944661458257542, 301.35633951822916287711, 300.4220312499999749889, 300.03263549804688636868, 298.78881673177085076532, 297.95619873046877046363, 297.68618326822917197205, 297.82096801757813864242, 298.10211181640625, 298.56294108072916060337, 298.91686360677084621784, 298.70891723632814773737, 297.99471883138022576532, 296.89475097656247726263, 296.11117797851562727374, 294.94360636393230379326, 301.12664794921875, 303.14696411132814546363, 303.147796630859375, 303.14776611328125, 303.1478271484375, 303.147918701171875, 300.98523071289059771516, 298.24363403320313636868, 296.51604777018229697205, 295.54822387695310226263, 294.96314086914060226263, 294.82321329752602423468, 295.070159912109375, 294.53953247070313636868, 293.66227823893228787711, 292.84069173177084621784, 291.87498046874998181011, 290.9461669921875]
heaSys.heaSche.TdegC[6].y=[303.147216796875, 303.147216796875, 303.147216796875, 303.147216796875, 303.147216796875, 303.147216796875, 303.147216796875, 303.147216796875, 303.147216796875, 303.147216796875, 303.147216796875, 303.147216796875, 303.147216796875, 303.147216796875, 303.147216796875, 303.147216796875, 303.147216796875, 303.147216796875, 303.147216796875, 303.147216796875, 303.147216796875, 303.147216796875, 303.147216796875, 303.147216796875, 303.147216796875, 303.147216796875, 303.147216796875, 303.147216796875, 303.147216796875, 303.147216796875, 303.147216796875, 303.147216796875, 303.147216796875, 303.147216796875, 303.147216796875, 303.147216796875, 303.147216796875, 303.147216796875, 303.147216796875, 303.147216796875, 303.147216796875, 303.147216796875, 303.147216796875, 303.147216796875, 303.147216796875, 303.147216796875, 303.147216796875, 303.147216796875, 303.147216796875, 303.147216796875, 303.147216796875, 303.147216796875, 303.147216796875, 303.147216796875, 303.147216796875, 303.147216796875, 303.147216796875, 303.147216796875, 303.147216796875, 303.15976603190102878216, 303.1488037109375, 303.16014973958334621784, 303.14640299479168561447, 303.16148315429688864242, 303.16039550781249545253, 303.15945231119792424579, 303.14421630859374090505, 303.15365478515627728484, 301.07379313151039923468, 299.50455566406247953637, 298.85871582031251136868, 297.49890747070310226263, 296.6177331542969000111, 296.53080037434898486026, 296.72748738606770757542, 296.93634033203125, 297.24769816080731743568, 297.52681803385416969832, 297.24311889648436135758, 296.45254028320312045253, 295.25131835937497726263, 294.54380859374998635758, 293.42439412434896439663, 298.18420979817710758653, 298.1505395507812750111, 298.17060139973960986026, 298.15868367513019165926, 298.15695922851563182121, 298.14783772786455529058, 296.76342569986979924579, 294.558837890625, 293.55460042317707802795, 292.96787760416668788821, 292.75806640625000909495, 292.67577718098959849158, 292.94802449544272349158, 292.48145141601560226263, 291.91711222330729924579, 291.39714192708333939663, 290.60260253906250227374, 289.828033447265625]
struct.TSensor[7]=[293.149993896484375, 303.14302530924481970942, 303.146540120442693933, 303.14715576171875, 303.14739990234375, 303.14752197265625, 303.147613525390625, 303.14764404296875, 303.147705078125, 303.147705078125, 303.147735595703125, 303.147735595703125, 303.147735595703125, 303.14776611328125, 303.14776611328125, 303.14776611328125, 303.14776611328125, 303.14776611328125, 303.14776611328125, 303.14776611328125, 303.14776611328125, 303.14776611328125, 303.14776611328125, 303.14776611328125, 303.14776611328125, 303.14776611328125, 303.14776611328125, 303.14776611328125, 303.14776611328125, 303.14776611328125, 303.14776611328125, 303.14776611328125, 303.14776611328125, 303.14776611328125, 303.14776611328125, 303.14776611328125, 303.14776611328125, 303.14776611328125, 303.14776611328125, 303.14776611328125, 303.14776611328125, 303.14776611328125, 303.14776611328125, 303.14776611328125, 303.14776611328125, 303.14776611328125, 303.14776611328125, 303.14776611328125, 303.14776611328125, 303.14776611328125, 303.14776611328125, 303.14776611328125, 303.14776611328125, 303.14776611328125, 303.14776611328125, 303.14776611328125, 303.14776611328125, 303.14776611328125, 303.14776611328125, 303.14771687825520984916, 303.14791259765627273737, 303.1480712890625, 303.148162841796875, 303.148345947265625, 303.148101806640625, 303.14813232421875, 303.14813232421875, 303.147979736328125, 301.7050439453125250111, 300.61282226562502728484, 300.06151529947914013974, 299.13649943033851741347, 298.43903198242185226263, 297.96141072591143483805, 297.86610107421876136868, 297.946319580078125, 298.22281209309898031279, 298.51138468424477423468, 298.56203125000001818989, 298.11146769205731743568, 297.33195597330728787711, 296.75750854492184771516, 295.71909667968748181011, 299.36844604492188182121, 303.14467529296877046363, 303.146148681640625, 303.146331787109375, 303.146453857421875, 303.14654541015625, 301.17396280924481288821, 298.45634155273438636868, 296.8443513997395939441, 295.88036661783854697205, 295.11413818359375227374, 294.7656160481770939441, 294.77970174153648486026, 294.37899291992187045253, 293.78731282552081438553, 293.17913696289065228484, 292.40565063476560681011, 291.546600341796875]
heaSys.heaSche.TdegC[7].y=[303.152191162109375, 303.152191162109375, 303.152191162109375, 303.152191162109375, 303.152191162109375, 303.152191162109375, 303.152191162109375, 303.152191162109375, 303.152191162109375, 303.152191162109375, 303.152191162109375, 303.152191162109375, 303.152191162109375, 303.152191162109375, 303.152191162109375, 303.152191162109375, 303.152191162109375, 303.152191162109375, 303.152191162109375, 303.152191162109375, 303.152191162109375, 303.152191162109375, 303.152191162109375, 303.152191162109375, 303.152191162109375, 303.152191162109375, 303.152191162109375, 303.152191162109375, 303.152191162109375, 303.152191162109375, 303.152191162109375, 303.152191162109375, 303.152191162109375, 303.152191162109375, 303.152191162109375, 303.152191162109375, 303.152191162109375, 303.152191162109375, 303.152191162109375, 303.152191162109375, 303.152191162109375, 303.152191162109375, 303.152191162109375, 303.152191162109375, 303.152191162109375, 303.152191162109375, 303.152191162109375, 303.152191162109375, 303.152191162109375, 303.152191162109375, 303.152191162109375, 303.152191162109375, 303.152191162109375, 303.152191162109375, 303.152191162109375, 303.152191162109375, 303.152191162109375, 303.152191162109375, 303.152191162109375, 303.16616658528647576532, 303.15189208984372726263, 303.16352864583330983805, 303.15492106119791060337, 303.15116455078123181011, 303.15005249023437272626, 303.14454549153646212289, 303.14048339843748181011, 303.15565266927080756432, 301.49706787109374772626, 300.00711914062497953637, 299.27133585611977650842, 298.22343180338543788821, 297.40446899414064318989, 297.01244303385414013974, 297.01031697591145075421, 297.104644775390625, 297.327600911458318933, 297.58657796223957348047, 297.52559936523437045253, 296.93466389973957575421, 296.00832926432292424579, 295.43443603515623863132, 294.35439982096352196095, 298.19298828124999545253, 298.15068115234373635758, 298.14651692708332575421, 298.14954223632810226263, 298.15162353515626136868, 298.16011474609376818989, 297.10988566080726513974, 295.20563964843751136868, 294.21247477213540832963, 293.60162150065104924579, 293.12481201171874545253, 292.91391764322918334074, 293.00529988606768938553, 292.68148559570312272626, 292.27655029296875, 291.90144938151041742458, 291.30286499023435453637, 290.561187744140625]
heaSys.Qhea[1]=[1820., 1820., 1433.15686848958330301684, 1259.87641113281256366463, 1203.95016927083338487137, 1177.33579101562509094947, 1161.82494628906260913936, 1151.88952962239591215621, 1145.28845540364591215621, 1140.62952636718750909495, 1137.36296386718754547474, 1134.94135742187495452526, 1133.15737792968752728484, 1131.85620605468739086064, 1130.8726806640625, 1130.12165527343745452526, 1129.5450455729167060781, 1129.09912923177080301684, 1128.75685058593739995558, 1128.48635579427082120674, 1128.27377115885406055895, 1128.10646484375001818989, 1127.97852376302080301684, 1127.87462565104169698316, 1127.79253906250005456968, 1127.72916666666674245789, 1127.67672851562497271516, 1127.63613281249990905053, 1127.60398600260418788821, 1127.57812988281239086064, 1127.55776367187490905053, 1127.54118326822913331853, 1127.53122233072917879326, 1127.52104003906242724042, 1127.51293294270840306126, 1127.5059814453125, 1127.50257812499989995558, 1127.499755859375, 1127.49576334635412422358, 1127.4920654296875, 1127.48943684895834849158, 1127.486328125, 1127.4869384765625, 1127.4871826171875, 1127.4854736328125, 1127.4854736328125, 1127.48486328125, 1127.4827880859375, 1127.4835205078125, 1127.48275716145826663706, 1127.48282877604174245789, 1127.483642578125, 1127.48346028645823935221, 1127.4832763671875, 1127.483154296875, 1127.4825439453125, 1127.4830322265625, 1127.48273437500006366463, 1127.4835205078125, 1259.3551253255209303461, 1226.97873535156259094947, 1114.29350097656242724042, 1066.69438313802083939663, 914.23280273437501364242, 1138.56948893229173336294, 1078.22574055989593944105, 1012.59058349609369997779, 1228.34556152343748181011, 2.59276729583740239704, 499.79881591796873863132, 2.39552135467529314639, 499.92508789062497953637, 0.65101730346679698158, 499.98873046875002046363, 499.68452189127606288821, 500.190093994140625, 500.16816162109375909495, 2.64613087336222330137, 2.54722185134887713076, 2.45000052769978848843, 2.66440803209940613172, 2.81381855010986337007, 2.55500219662984218161, 1688.29108072916665150842, 792.28822265625001364242, 665.95742187500002273737, 856.20065185546877728484, 820.80732421874995452526, 753.06067220052079846937, 2.97679652214050305403, 0., 0., 0., 0., 0., 0., 0., 0., 0., 0., 0.]
heaSys.heaSche.Pel_IDEAL[1]=[1152.259033203125, 1152.259033203125, 1152.259033203125, 1152.259033203125, 1152.259033203125, 1152.259033203125, 1152.259033203125, 1152.259033203125, 1152.259033203125, 1152.259033203125, 1152.259033203125, 1152.259033203125, 1152.259033203125, 1152.259033203125, 1152.259033203125, 1152.259033203125, 1152.259033203125, 1152.259033203125, 1152.259033203125, 1152.259033203125, 1152.259033203125, 1152.259033203125, 1152.259033203125, 1152.259033203125, 1152.259033203125, 1152.259033203125, 1152.259033203125, 1152.259033203125, 1152.259033203125, 1152.259033203125, 1152.259033203125, 1152.259033203125, 1152.259033203125, 1152.259033203125, 1152.259033203125, 1152.259033203125, 1152.259033203125, 1152.259033203125, 1152.259033203125, 1152.259033203125, 1152.259033203125, 1152.259033203125, 1152.259033203125, 1152.259033203125, 1152.259033203125, 1152.259033203125, 1152.259033203125, 1152.259033203125, 1152.259033203125, 1152.259033203125, 1152.259033203125, 1152.259033203125, 1152.259033203125, 1152.259033203125, 1152.259033203125, 1152.259033203125, 1152.259033203125, 1152.259033203125, 1152.259033203125, 1249.8917236328125, 1226.74030761718745452526, 1118.99585611979159693874, 1048.95330729166676064779, 886.26491699218752273737, 1184.54016764322909693874, 1088.32911783854160603369, 1036.26179199218745452526, 1248.76866536458328482695, 2.59276729583740239704, 499.79881591796873863132, 2.39552135467529314639, 499.92508789062497953637, 0.65101730346679698158, 499.98873046875002046363, 499.68452189127606288821, 500.190093994140625, 500.16816162109375909495, 2.64613087336222330137, 2.54722185134887713076, 2.45000052769978848843, 2.66440803209940613172, 2.81381855010986337007, 2.55500219662984218161, 1805.21610351562503637979, 792.52553222656251818989, 719.8470458984375, 940.445973307291637866, 937.2869873046875, 832.39603271484372726263, 2.97679652214050305403, 0., 0., 0., 0., 0., 0., 0., 0., 0., 0., 0.]
heaSys.Qhea[3]=[750., 461.98580851236977196095, 239.67260314941407273182, 193.43293212890625909495, 177.90422444661459167037, 170.93467814127603787711, 167.05990661621092385758, 164.60768697102864166482, 162.96976888020833484916, 161.78510314941405567879, 160.938568115234375, 160.29603271484376136868, 159.81900390625000341061, 159.46329243977865530724, 159.17784362792968977374, 158.9746551513671875, 158.81147521972656022626, 158.67429504394530681566, 158.57559143066407614242, 158.49591613769530340505, 158.42749837239583143855, 158.36431884765625, 158.3671632893880314441, 158.31531901041665832963, 158.28535217285156022626, 158.29366048177084280724, 158.23945007324218181566, 158.22542663574219545808, 158.21176310221355265639, 158.21181905110677234916, 158.19214172363280113132, 158.19188130696613825421, 158.22403666178385606145, 158.21523864746095000555, 158.19808614095052234916, 158.18722025553384469276, 158.22445129394532159495, 158.19457031249999090505, 158.17998596191407045808, 158.17569946289063409495, 158.16108296712238256987, 158.17356384277343295253, 158.21720153808593067879, 158.22129536946613370674, 158.2074827067057185559, 158.18627624511719886868, 158.15827697753906022626, 158.18191141764322082963, 158.17942321777343295253, 158.16837666829425756987, 158.16226704915365530724, 158.17783996582031136313, 158.20889790852865530724, 158.18925435384113598047, 158.16617248535155226818, 158.17688700358073106145, 158.16305908203125341061, 158.21374572753904885758, 158.17866678873699015639, 158.47896830240884469276, 127.93128051757813068434, 120.44208526611328125, 120.71166361490885776675, 99.10723144531249317879, 135.20457824707031591061, 129.51153767903645075421, 131.03783386230469432121, 146.44162109375000113687, 6.19040085474650059183, 0.003482743725180626, 0.00546436862399180771, 0.0036014937267949184, 0.0007009276002645495, 0.00573973886047800426, 0.00467193026095628731, 0.00234999996609985828, 0.00553366674110293381, 0.00260292910660306614, 0.00266365916468203068, 0.00536743724718689863, 0.00455833820936580539, 0.00357006000354886032, 0.00454142121598124539, 328.28933105468752273737, 85.8705349731445295447, 43.68830362955728929819, 49.87444641113281562639, 41.67557678222656392109, 45.17114100138346088897, 8.23306585947672608938, 0.00377167202532291412, 0.00396158016907672064, 0.00179638505913317205, 0.00430102508515119511, 0.00268008938680092471, 0.00798894617085655484, 0.00395863717421889288, 0.00275331078718105962, 0.00333517163371046393, 0.0032510762847959996, 0.00686699990183115005]
heaSys.heaSche.Pel_IDEAL[3]=[218.3162078857421875, 218.3162078857421875, 218.3162078857421875, 218.3162078857421875, 218.3162078857421875, 218.3162078857421875, 218.3162078857421875, 218.3162078857421875, 218.3162078857421875, 218.3162078857421875, 218.3162078857421875, 218.3162078857421875, 218.3162078857421875, 218.3162078857421875, 218.3162078857421875, 218.3162078857421875, 218.3162078857421875, 218.3162078857421875, 218.3162078857421875, 218.3162078857421875, 218.3162078857421875, 218.3162078857421875, 218.3162078857421875, 218.3162078857421875, 218.3162078857421875, 218.3162078857421875, 218.3162078857421875, 218.3162078857421875, 218.3162078857421875, 218.3162078857421875, 218.3162078857421875, 218.3162078857421875, 218.3162078857421875, 218.3162078857421875, 218.3162078857421875, 218.3162078857421875, 218.3162078857421875, 218.3162078857421875, 218.3162078857421875, 218.3162078857421875, 218.3162078857421875, 218.3162078857421875, 218.3162078857421875, 218.3162078857421875, 218.3162078857421875, 218.3162078857421875, 218.3162078857421875, 218.3162078857421875, 218.3162078857421875, 218.3162078857421875, 218.3162078857421875, 218.3162078857421875, 218.3162078857421875, 218.3162078857421875, 218.3162078857421875, 218.3162078857421875, 218.3162078857421875, 218.3162078857421875, 218.3162078857421875, 143.73432993570963844832, 83.26061401367188352651, 162.66090820312498976818, 174.25890380859374317879, 143.78088806152342726818, 197.84781372070312954747, 196.33210957845051325421, 184.00360168457029885758, 209.89621561686197992458, 6.19040085474650059183, 0.003482743725180626, 0.00546436862399180771, 0.0036014937267949184, 0.0007009276002645495, 0.00573973886047800426, 0.00467193026095628731, 0.00234999996609985828, 0.00553366674110293381, 0.00260292910660306614, 0.00266365916468203068, 0.00536743724718689863, 0.00455833820936580539, 0.00357006000354886032, 0.00454142121598124539, 742.21048665364583030168, 184.00922912597656022626, 148.61468709309895075421, 158.47892659505208712289, 167.49500366210938295808, 154.74370198567709167037, 8.23306585947672608938, 0.00377167202532291412, 0.00396158016907672064, 0.00179638505913317205, 0.00430102508515119511, 0.00268008938680092471, 0.00798894617085655484, 0.00395863717421889288, 0.00275331078718105962, 0.00333517163371046393, 0.0032510762847959996, 0.00686699990183115005]
heaSys.Qhea[4]=[750., 750., 397.31053833007814546363, 309.64171264648439318989, 279.20445760091143938553, 264.23145141601560226263, 255.44574218750000227374, 249.85873779296875341061, 246.19952494303385037711, 243.65256958007813636868, 241.89894002278646212289, 240.62755798339844659495, 239.70152404785156363687, 239.04038289388020643855, 238.54415242513022121784, 238.17107849121094886868, 237.88641784667967726818, 237.66928833007813182121, 237.50203979492187045253, 237.3727353922525935559, 237.26867167154946969276, 237.18851806640626023182, 237.12883829752604469832, 237.07934265136719886868, 237.0399169921875, 237.01093037923178030724, 236.98566141764322878771, 236.96539672851562841061, 236.95021464029949243013, 236.93892049153646439663, 236.92853393554688068434, 236.92124552408853332963, 236.91756164550781704747, 236.91380981445311704192, 236.90963419596354810892, 236.90587870279946969276, 236.90425292968748749445, 236.90174418131510947205, 236.90040405273438750555, 236.89810974121093067879, 236.89593505859375, 236.89546447753906477374, 236.89668823242186590505, 236.898040771484375, 236.89771464029948333518, 236.89604492187498863132, 236.89347757975261288266, 236.89369425455728901397, 236.89397399902344432121, 236.89310078938802917037, 236.89324442545571969276, 236.8937835693359375, 236.89581298828125, 236.89566609700520416482, 236.89366210937498635758, 236.89469604492188636868, 236.89304443359375795808, 236.89476867675782045808, 236.89540140787761401953, 246.60452596028645189108, 233.3753204345703125, 213.287017822265625, 202.93758076985676552795, 181.57567871093749545253, 206.97265726725260037711, 206.66941528320313636868, 205.50952331542967499445, 223.16813191731770871229, 0.97528815348943076469, 0.05505538374185561801, 0.05195364455382028845, 0.06184483448664346988, 0.04742465287446975819, 0.0576228695114453654, 0.05396102587381998439, 0.06800000369548797607, 0.05167586599787075963, 0.06633655051390330293, 0.05631546482443809676, 0.05860327174266179162, 0.06190045153101285391, 0.06263795852661133146, 0.05414900109171867648, 448.81942626953127728484, 185.62021606445313182121, 141.22235921223958143855, 147.36903198242188750555, 148.96841613769529999445, 147.14082539876301325421, 1.02419154961903879908, 0.05887469649314880371, 0.06055758883555729943, 0.06415272275606791197, 0.06655989736318587702, 0.07174693201979001622, 0.05891634300351143022, 0.05878492817282676697, 0.05807839155197143388, 0.0561211997767289486, 0.06730084925889968928, 0.05249999836087226868]
heaSys.heaSche.Pel_IDEAL[4]=[318.83746337890625, 318.83746337890625, 318.83746337890625, 318.83746337890625, 318.83746337890625, 318.83746337890625, 318.83746337890625, 318.83746337890625, 318.83746337890625, 318.83746337890625, 318.83746337890625, 318.83746337890625, 318.83746337890625, 318.83746337890625, 318.83746337890625, 318.83746337890625, 318.83746337890625, 318.83746337890625, 318.83746337890625, 318.83746337890625, 318.83746337890625, 318.83746337890625, 318.83746337890625, 318.83746337890625, 318.83746337890625, 318.83746337890625, 318.83746337890625, 318.83746337890625, 318.83746337890625, 318.83746337890625, 318.83746337890625, 318.83746337890625, 318.83746337890625, 318.83746337890625, 318.83746337890625, 318.83746337890625, 318.83746337890625, 318.83746337890625, 318.83746337890625, 318.83746337890625, 318.83746337890625, 318.83746337890625, 318.83746337890625, 318.83746337890625, 318.83746337890625, 318.83746337890625, 318.83746337890625, 318.83746337890625, 318.83746337890625, 318.83746337890625, 318.83746337890625, 318.83746337890625, 318.83746337890625, 318.83746337890625, 318.83746337890625, 318.83746337890625, 318.83746337890625, 318.83746337890625, 318.83746337890625, 304.32494384765624317879, 282.99820556640622726263, 277.64074788411460303905, 256.87356526692707348047, 219.10214477539062727374, 284.42359741210935908384, 285.59800618489583712289, 274.12421997070310908384, 303.363037109375, 0.97528815348943076469, 0.05505538374185561801, 0.05195364455382028845, 0.06184483448664346988, 0.04742465287446975819, 0.0576228695114453654, 0.05396102587381998439, 0.06800000369548797607, 0.05167586599787075963, 0.06633655051390330293, 0.05631546482443809676, 0.05860327174266179162, 0.06190045153101285391, 0.06263795852661133146, 0.05414900109171867648, 762.81404947916666969832, 276.65611694335939318989, 230.98337402343750568434, 240.0625583902994719665, 251.07343627929688523182, 235.73357299804686704192, 1.02419154961903879908, 0.05887469649314880371, 0.06055758883555729943, 0.06415272275606791197, 0.06655989736318587702, 0.07174693201979001622, 0.05891634300351143022, 0.05878492817282676697, 0.05807839155197143388, 0.0561211997767289486, 0.06730084925889968928, 0.05249999836087226868]
heaSys.heaSche.Pel_IDEAL[5]=[154.2762908935546875, 154.2762908935546875, 154.2762908935546875, 154.2762908935546875, 154.2762908935546875, 154.2762908935546875, 154.2762908935546875, 154.2762908935546875, 154.2762908935546875, 154.2762908935546875, 154.2762908935546875, 154.2762908935546875, 154.2762908935546875, 154.2762908935546875, 154.2762908935546875, 154.2762908935546875, 154.2762908935546875, 154.2762908935546875, 154.2762908935546875, 154.2762908935546875, 154.2762908935546875, 154.2762908935546875, 154.2762908935546875, 154.2762908935546875, 154.2762908935546875, 154.2762908935546875, 154.2762908935546875, 154.2762908935546875, 154.2762908935546875, 154.2762908935546875, 154.2762908935546875, 154.2762908935546875, 154.2762908935546875, 154.2762908935546875, 154.2762908935546875, 154.2762908935546875, 154.2762908935546875, 154.2762908935546875, 154.2762908935546875, 154.2762908935546875, 154.2762908935546875, 154.2762908935546875, 154.2762908935546875, 154.2762908935546875, 154.2762908935546875, 154.2762908935546875, 154.2762908935546875, 154.2762908935546875, 154.2762908935546875, 154.2762908935546875, 154.2762908935546875, 154.2762908935546875, 154.2762908935546875, 154.2762908935546875, 154.2762908935546875, 154.2762908935546875, 154.2762908935546875, 154.2762908935546875, 154.2762908935546875, 135.81911804199219773182, 106.00556793212891193434, 106.0824329630533782165, 115.48937927246093693157, 115.59887725830077442879, 132.74144104003906363687, 137.06450195312498863132, 138.20071289062499886313, 131.11528523763021780724, -132.68575887044269734361, -106.27413421630859602374, -74.96921895345052178072, -86.17052856445312158939, -51.35450134277343892109, -77.75631429036458541759, -81.15551483154297329747, -89.60887908935546875, -59.19678273518880473603, -63.7287039693196604162, -60.20910858154297073952, -83.91736623128255700976, -78.47548014322916287711, -68.72395446777343863687, -57.98646382649739905446, 562.87782958984371362021, 165.31193176269530908939, 128.96614888509114393855, 122.21666453043620492735, 112.89560852050780681566, 122.7967681884765625, -85.63879302978516250278, -56.50971527099609659217, -86.00895334879557196928, -69.65178639729818144133, -79.43564910888672159217, -64.23207478841145245951, -27.08434727986653811627, -27.13742355346679602235, -33.96710398356119497976, -37.55201497395833598603, -43.15109695434570369343, -36.951938629150390625]
heaSys.Qhea[5]=[750., 521.30568277994791515084, 283.89207560221353787711, 231.18996582031249431566, 210.8058445231119719665, 200.05271504720050756987, 193.50180114746092385758, 189.2694028727213435559, 186.4930141194661530335, 184.57135681152342954192, 183.26641235351561931566, 182.32707295735676211734, 181.65907348632811135758, 181.18547993977864507542, 180.83915181477865985471, 180.58144531249999431566, 180.38877400716145871229, 180.2396913655599064441, 180.13096923828123863132, 180.04422810872395643855, 179.97841491699219318434, 179.92495483398437272626, 179.88762919108071969276, 179.85552612304687158939, 179.83056579589845114242, 179.8120574951171875, 179.79467793782552575976, 179.78288696289061476818, 179.77345926920571628216, 179.76565714518230265639, 179.75965270996093181566, 179.75438578287759128216, 179.75337707519531704747, 179.74996093749999204192, 179.74743326822917310892, 179.74465535481769506987, 179.74469360351562841061, 179.74460917154948447205, 179.74245402018229356145, 179.74099548339845000555, 179.74046732584636743013, 179.73879597981769506987, 179.74033142089842840505, 179.74068868001302234916, 179.73943806966144620674, 179.74037780761719318434, 179.74066121419269848047, 179.73822021484375, 179.73929321289062954747, 179.73847167968750682121, 179.73874918619790719276, 179.7397613525390625, 179.73925048828124317879, 179.73895548502605379326, 179.7391357421875, 179.73847249348958143855, 179.73919453938802348603, 179.73851196289061249445, 179.73902811686198788266, 184.64193623860677462289, 138.77273864746092613132, 123.60547119140625227374, 125.30451232910155567879, 117.53078216552734147626, 143.17404093424480038266, 143.14361368815104924579, 144.64661621093750909495, 149.07269429524740189663, -132.68575887044269734361, -106.27413421630859602374, -74.96921895345052178072, -86.17052856445312158939, -51.35450134277343892109, -77.75631429036458541759, -81.15551483154297329747, -89.60887908935546875, -59.19678273518880473603, -63.7287039693196604162, -60.20910858154297073952, -83.91736623128255700976, -78.47548014322916287711, -68.72395446777343863687, -57.98646382649739905446, 750., 421.17884155273435453637, 295.38887736002601513974, 280.40816324869791742458, 234.24134704589843636313, 253.52562418619791628771, -85.63879302978516250278, -56.50971527099609659217, -86.00895334879557196928, -69.65178639729818144133, -79.43564910888672159217, -64.23207478841145245951, -27.08434727986653811627, -27.13742355346679602235, -33.96710398356119497976, -37.55201497395833598603, -43.15109695434570369343, -36.951938629150390625]
heaSys.Qhea[6]=[750., 366.52204427083330529058, 205.00440877278646212289, 168.3065185546875, 156.48537109374998976818, 151.0567626953125, 147.89222534179688750555, 145.82834269205730493013, 144.42765075683593067879, 143.42404785156250568434, 142.71089680989584280724, 142.18040323893228560337, 141.78578063964843636313, 141.49935567220052234916, 141.28124165852864280168, 141.11481628417968181566, 140.98714477539061817879, 140.88695943196614734916, 140.81135925292969091061, 140.75128112792970114242, 140.70485636393229356145, 140.66833679199217499445, 140.6389707438150935559, 140.61810953776040378216, 140.59914672851562045253, 140.58236185709634469276, 140.57237996419272008097, 140.563995361328125, 140.55701782226563523182, 140.55157348632812386313, 140.54975280761718181566, 140.54612447102863370674, 140.53990071614583712289, 140.53798645019531932121, 140.53604085286457348047, 140.53489583333333712289, 140.53022949218748749445, 140.53107381184895530168, 140.53027058919269620674, 140.53438476562499204192, 140.53531697591145643855, 140.53515462239582234361, 140.52614746093749431566, 140.52791280110676552795, 140.53357116699217499445, 140.53417053222656818434, 140.53479064941404885758, 140.5191282145182185559, 140.52729614257813750555, 140.53090698242186817879, 140.53311665852865530724, 140.52726135253905681566, 140.52462402343749658939, 140.52356709798178258097, 140.53354797363280681566, 140.52541910807292424579, 140.53395751953124204192, 140.51646240234376250555, 140.52674173990885719832, 150.17115824381511401953, 136.85495910644530681566, 127.10607788085937386313, 122.08423238118488995951, 110.40923980712891250278, 133.01874918619790832963, 127.95259450276692803072, 124.10120025634765283939, 139.80335286458333143855, 1.04514607270558679275, 0.04484226673841476551, 0.04613749831914901872, 0.05083625862995783118, 0.03428142644464969579, 0.04716059635082880952, 0.05112666507562001195, 0.04749999940395355225, 0.04940675531824429562, 0.05113217338919639338, 0.05052876874804496793, 0.04983208333452542743, 0.0511862141390641498, 0.05475384652614593423, 0.05211083089311917271, 750., 304.39958618164064318989, 220.23141988118490530724, 223.85436136881509128216, 215.96394775390623976818, 206.94117350260415832963, 1.07108139514923106361, 0.04741428494453429898, 0.0464349489410718283, 0.04726075887680053489, 0.04494624972343444491, 0.06009872640172640723, 0.04670104036728540964, 0.05412444978952407615, 0.04715399886171023347, 0.04835468272368113191, 0.04906171262264251431, 0.05000000074505805969]
heaSys.heaSche.Pel_IDEAL[6]=[162.865997314453125, 162.865997314453125, 162.865997314453125, 162.865997314453125, 162.865997314453125, 162.865997314453125, 162.865997314453125, 162.865997314453125, 162.865997314453125, 162.865997314453125, 162.865997314453125, 162.865997314453125, 162.865997314453125, 162.865997314453125, 162.865997314453125, 162.865997314453125, 162.865997314453125, 162.865997314453125, 162.865997314453125, 162.865997314453125, 162.865997314453125, 162.865997314453125, 162.865997314453125, 162.865997314453125, 162.865997314453125, 162.865997314453125, 162.865997314453125, 162.865997314453125, 162.865997314453125, 162.865997314453125, 162.865997314453125, 162.865997314453125, 162.865997314453125, 162.865997314453125, 162.865997314453125, 162.865997314453125, 162.865997314453125, 162.865997314453125, 162.865997314453125, 162.865997314453125, 162.865997314453125, 162.865997314453125, 162.865997314453125, 162.865997314453125, 162.865997314453125, 162.865997314453125, 162.865997314453125, 162.865997314453125, 162.865997314453125, 162.865997314453125, 162.865997314453125, 162.865997314453125, 162.865997314453125, 162.865997314453125, 162.865997314453125, 162.865997314453125, 162.865997314453125, 162.865997314453125, 162.865997314453125, 161.12513346354165832963, 150.22607727050780113132, 137.65150878906248976818, 137.39797261555989393855, 121.89427398681640113409, 148.35432983398436590505, 151.29978637695313636868, 140.09608032226563523182, 149.89097880045574129326, 1.04514607270558679275, 0.04484226673841476551, 0.04613749831914901872, 0.05083625862995783118, 0.03428142644464969579, 0.04716059635082880952, 0.05112666507562001195, 0.04749999940395355225, 0.04940675531824429562, 0.05113217338919639338, 0.05052876874804496793, 0.04983208333452542743, 0.0511862141390641498, 0.05475384652614593423, 0.05211083089311917271, 421.4241422526041560559, 132.04108032226562841061, 107.367919921875, 117.49798227945963446928, 127.18861999511719318434, 119.53944498697916287711, 1.07108139514923106361, 0.04741428494453429898, 0.0464349489410718283, 0.04726075887680053489, 0.04494624972343444491, 0.06009872640172640723, 0.04670104036728540964, 0.05412444978952407615, 0.04715399886171023347, 0.04835468272368113191, 0.04906171262264251431, 0.05000000074505805969]
