last-generated=2017-08-03
statistics-initialization=
{
  "numerical Jacobians": "0", 
  "nonlinear": "9"
}
statistics-simulation=
{
  "numerical Jacobians": "0", 
  "nonlinear": "9", 
  "linear": " "
}
sin.ports[1].m_flow=[0.20792053639888763428, 0.20792053639888763428, 0.20792053639888763428, 0.20792053639888763428, 0.20792053639888763428, 0.20792053639888763428, 0.20792053639888763428, 0.20792053639888763428, 0.20792053639888763428, 0.20792053639888763428, 0.20792053639888763428, 0.20792053639888763428, 0.20792053639888763428, 0.20792053639888763428, 0.20792053639888763428, 0.20792053639888763428, 0.20792053639888763428, 0.20792053639888763428, 0.20792053639888763428, 0.20792053639888763428, 0.20792053639888763428, 0.20792053639888763428, 0.20792053639888763428, 0.20792053639888763428, 0.20792053639888763428, 0.20792053639888763428, 0.20792053639888763428, 0.20792053639888763428, 0.20792053639888763428, 0.20792053639888763428, 0.20792053639888763428, 0.20792053639888763428, 0.20792053639888763428, 0.20792053639888763428, 0.20792053639888763428, 0.20792053639888763428, 0.20792053639888763428, 0.20792053639888763428, 0.20792053639888763428, 0.20792053639888763428, 0.20792053639888763428, 0.20792053639888763428, 0.20792053639888763428, 0.20792053639888763428, 0.20792053639888763428, 0.20792053639888763428, 0.20792053639888763428, 0.20792053639888763428, 0.20792053639888763428, 0.20792053639888763428, -0.00000000000307831603, -0.00000000000122275088, -0.00000000000089883402, -0.00000000000069550051, -0.0000000000005112574, -0.00000000000039560116, -0.00000000000030610854, -0.00000000000022501785, -0.00000000000017411449, -0.00000000000013472644, -0.00000000000010424888, -0.00000000000008066578, -0.00000000000006241763, -0.00000000000004829755, -0.00000000000003550314, -0.00000000000002747164, -0.00000000000002125706, -0.0000000000000164483, -0.00000000000001272738, -0.0000000000000098482, -0.00000000000000762035, -0.00000000000000589648, -0.00000000000000456259, -0.00000000000000353044, -0.00000000000000273179, -0.00000000000000211381, -0.00000000000000163562, -0.00000000000000120233, -0.00000000000000093034, -0.00000000000000071988, -0.00000000000000055703, -0.00000000000000043102, -0.00000000000000033351, -0.00000000000000025807, -0.00000000000000019969, -0.00000000000000015451, -0.00000000000000011956, -0.00000000000000009251, -0.00000000000000007159, -0.00000000000000005539, -0.00000000000000004286, -0.00000000000000003316, -0.00000000000000002566, -0.00000000000000001986, -0.00000000000000001536, -0.00000000000000001189, -0.0000000000000000092, -0.00000000000000000712, -0.00000000000000000551, -0.00000000000000000426, -0.0000000000000000033]
time=[0., 1.]
