last-generated=2017-12-20
statistics-simulation=
{
  "numerical Jacobians": "0", 
  "nonlinear": " ", 
  "number of continuous time states": "1", 
  "linear": " "
}
con.uHigh=[3.15e+02, 3.15e+02, 3.14878662109375e+02, 3.147346801757812e+02, 3.145906677246094e+02, 3.144466552734375e+02, 3.143026733398438e+02, 3.141586608886719e+02, 3.140146789550781e+02, 3.138706665039062e+02, 3.137266540527344e+02, 3.135826721191406e+02, 3.134386596679688e+02, 3.13294677734375e+02, 3.131506652832031e+02, 3.130066528320312e+02, 3.128626708984375e+02, 3.127186584472656e+02, 3.125746765136719e+02, 3.124306640625e+02, 3.122866516113281e+02, 3.121426696777344e+02, 3.119986572265625e+02, 3.118546752929688e+02, 3.117106628417969e+02, 3.115666809082031e+02, 3.114226684570312e+02, 3.112786560058594e+02, 3.111346740722656e+02, 3.109906616210938e+02, 3.108466796875e+02, 3.107026672363281e+02, 3.105586547851562e+02, 3.104146728515625e+02, 3.102706604003906e+02, 3.101266784667969e+02, 3.09982666015625e+02, 3.098386535644531e+02, 3.096946716308594e+02, 3.095506591796875e+02, 3.094066772460938e+02, 3.092626647949219e+02, 3.0911865234375e+02, 3.089746704101562e+02, 3.088306579589844e+02, 3.086866760253906e+02, 3.085426635742188e+02, 3.08398681640625e+02, 3.082546691894531e+02, 3.081106567382812e+02, 3.079666748046875e+02, 3.078226623535156e+02, 3.076786804199219e+02, 3.0753466796875e+02, 3.073906555175781e+02, 3.072466735839844e+02, 3.071026611328125e+02, 3.069586791992188e+02, 3.068146667480469e+02, 3.06670654296875e+02, 3.065266723632812e+02, 3.063826599121094e+02, 3.062386779785156e+02, 3.060946655273438e+02, 3.059506530761719e+02, 3.058066711425781e+02, 3.056626586914062e+02, 3.055186767578125e+02, 3.053746643066406e+02, 3.052306518554688e+02, 3.05086669921875e+02, 3.05e+02, 3.05e+02, 3.05e+02, 3.05e+02, 3.05e+02, 3.05e+02, 3.05e+02, 3.05e+02, 3.05e+02, 3.05e+02, 3.05e+02, 3.05e+02, 3.05e+02, 3.05e+02, 3.05e+02, 3.05e+02, 3.05e+02, 3.05e+02, 3.05e+02, 3.05e+02, 3.05e+02, 3.05e+02, 3.05e+02, 3.05e+02, 3.05e+02, 3.05e+02, 3.05e+02, 3.05e+02, 3.05e+02, 3.05e+02]
con.uLow=[3.1e+02, 3.1e+02, 3.09878662109375e+02, 3.097346801757812e+02, 3.095906677246094e+02, 3.094466552734375e+02, 3.093026733398438e+02, 3.091586608886719e+02, 3.090146789550781e+02, 3.088706665039062e+02, 3.087266540527344e+02, 3.085826721191406e+02, 3.084386596679688e+02, 3.08294677734375e+02, 3.081506652832031e+02, 3.080066528320312e+02, 3.078626708984375e+02, 3.077186584472656e+02, 3.075746765136719e+02, 3.074306640625e+02, 3.072866516113281e+02, 3.071426696777344e+02, 3.069986572265625e+02, 3.068546752929688e+02, 3.067106628417969e+02, 3.065666809082031e+02, 3.064226684570312e+02, 3.062786560058594e+02, 3.061346740722656e+02, 3.059906616210938e+02, 3.058466796875e+02, 3.057026672363281e+02, 3.055586547851562e+02, 3.054146728515625e+02, 3.052706604003906e+02, 3.051266784667969e+02, 3.04982666015625e+02, 3.048386535644531e+02, 3.046946716308594e+02, 3.045506591796875e+02, 3.044066772460938e+02, 3.042626647949219e+02, 3.0411865234375e+02, 3.039746704101562e+02, 3.038306579589844e+02, 3.036866760253906e+02, 3.035426635742188e+02, 3.03398681640625e+02, 3.032546691894531e+02, 3.031106567382812e+02, 3.029666748046875e+02, 3.028226623535156e+02, 3.026786804199219e+02, 3.0253466796875e+02, 3.023906555175781e+02, 3.022466735839844e+02, 3.021026611328125e+02, 3.019586791992188e+02, 3.018146667480469e+02, 3.01670654296875e+02, 3.015266723632812e+02, 3.013826599121094e+02, 3.012386779785156e+02, 3.010946655273438e+02, 3.009506530761719e+02, 3.008066711425781e+02, 3.006626586914062e+02, 3.005186767578125e+02, 3.003746643066406e+02, 3.002306518554688e+02, 3.00086669921875e+02, 3e+02, 3e+02, 3e+02, 3e+02, 3e+02, 3e+02, 3e+02, 3e+02, 3e+02, 3e+02, 3e+02, 3e+02, 3e+02, 3e+02, 3e+02, 3e+02, 3e+02, 3e+02, 3e+02, 3e+02, 3e+02, 3e+02, 3e+02, 3e+02, 3e+02, 3e+02, 3e+02, 3e+02, 3e+02, 3e+02]
con.u=[3.131499938964844e+02, 3.121223754882812e+02, 3.111136779785156e+02, 3.101252136230469e+02, 3.093851318359375e+02, 3.088638610839844e+02, 3.083585510253906e+02, 3.078703918457031e+02, 3.074001159667969e+02, 3.069505004882812e+02, 3.065203247070312e+02, 3.06109619140625e+02, 3.057186584472656e+02, 3.053517150878906e+02, 3.050060424804688e+02, 3.04681640625e+02, 3.043784790039062e+02, 3.041003723144531e+02, 3.03845703125e+02, 3.03614013671875e+02, 3.034053039550781e+02, 3.032203979492188e+02, 3.030593566894531e+02, 3.029218139648438e+02, 3.028077697753906e+02, 3.027161254882812e+02, 3.026455993652344e+02, 3.025973815917969e+02, 3.02571533203125e+02, 3.025680236816406e+02, 3.025868530273438e+02, 3.02618896484375e+02, 3.026701354980469e+02, 3.027408142089844e+02, 3.028309020996094e+02, 3.029403991699219e+02, 3.0306201171875e+02, 3.031929931640625e+02, 3.033387451171875e+02, 3.034992980957031e+02, 3.036746520996094e+02, 3.038554077148438e+02, 3.040409851074219e+02, 3.042428894042969e+02, 3.044525756835938e+02, 3.046663818359375e+02, 3.048812561035156e+02, 3.050976867675781e+02, 3.053135986328125e+02, 3.055239562988281e+02, 3.057343139648438e+02, 3.05944091796875e+02, 3.061326293945312e+02, 3.063211669921875e+02, 3.065097045898438e+02, 3.066743774414062e+02, 3.068331298828125e+02, 3.069447326660156e+02, 3.066709289550781e+02, 3.063911437988281e+02, 3.061041564941406e+02, 3.058087158203125e+02, 3.055032043457031e+02, 3.051883544921875e+02, 3.048641662597656e+02, 3.045271911621094e+02, 3.04178955078125e+02, 3.038197326660156e+02, 3.034485473632812e+02, 3.030635375976562e+02, 3.026660461425781e+02, 3.022558898925781e+02, 3.018319396972656e+02, 3.013941650390625e+02, 3.009425659179688e+02, 3.004776611328125e+02, 2.999999084472656e+02, 2.999359741210938e+02, 2.998519592285156e+02, 2.997483520507812e+02, 2.996268310546875e+02, 2.994873352050781e+02, 2.993297729492188e+02, 2.991568603515625e+02, 2.989683837890625e+02, 2.98763671875e+02, 2.985462341308594e+02, 2.983170166015625e+02, 2.980745239257812e+02, 2.978219299316406e+02, 2.97561767578125e+02, 2.972917785644531e+02, 2.97013671875e+02, 2.967315063476562e+02, 2.964447631835938e+02, 2.961545715332031e+02, 2.958621215820312e+02, 2.955685729980469e+02, 2.952751770019531e+02, 2.949839782714844e+02, 2.946956787109375e+02]
time=[0e+00, 8.64e+04]
con.y=[0e+00, 0e+00, 0e+00, 0e+00, 1e+00, 1e+00, 1e+00, 1e+00, 1e+00, 1e+00, 1e+00, 1e+00, 1e+00, 1e+00, 1e+00, 1e+00, 1e+00, 1e+00, 1e+00, 1e+00, 1e+00, 1e+00, 1e+00, 1e+00, 1e+00, 1e+00, 1e+00, 1e+00, 1e+00, 1e+00, 1e+00, 1e+00, 1e+00, 1e+00, 1e+00, 1e+00, 1e+00, 1e+00, 1e+00, 1e+00, 1e+00, 1e+00, 1e+00, 1e+00, 1e+00, 1e+00, 1e+00, 1e+00, 1e+00, 1e+00, 1e+00, 1e+00, 1e+00, 1e+00, 1e+00, 1e+00, 1e+00, 7.671641100159832e-14, 0e+00, 0e+00, 0e+00, 0e+00, 0e+00, 0e+00, 0e+00, 0e+00, 0e+00, 0e+00, 0e+00, 0e+00, 0e+00, 0e+00, 0e+00, 0e+00, 0e+00, 0e+00, 1e+00, 1e+00, 1e+00, 1e+00, 1e+00, 1e+00, 1e+00, 1e+00, 1e+00, 1e+00, 1e+00, 1e+00, 1e+00, 1e+00, 1e+00, 1e+00, 1e+00, 1e+00, 1e+00, 1e+00, 1e+00, 1e+00, 1e+00, 1e+00, 1e+00]
