last-generated=2017-12-20
statistics-simulation=
{
  "numerical Jacobians": "0", 
  "nonlinear": " ", 
  "number of continuous time states": "6", 
  "linear": " "
}
T_leg0.T=[2.931499938964844e+02, 3.131499938964844e+02, 3.131499938964844e+02, 3.131499938964844e+02, 3.131499938964844e+02, 3.131499938964844e+02, 3.131499938964844e+02, 3.131499938964844e+02, 3.131499938964844e+02, 3.131499938964844e+02, 3.131499938964844e+02, 3.131499938964844e+02, 3.131499938964844e+02, 3.131499938964844e+02, 3.131499938964844e+02, 3.131499938964844e+02, 3.131499938964844e+02, 3.131499938964844e+02, 3.131499938964844e+02, 3.131499938964844e+02, 3.131499938964844e+02, 3.131499938964844e+02, 3.131499938964844e+02, 3.131499938964844e+02, 3.131499938964844e+02, 3.131499938964844e+02, 3.131499938964844e+02, 3.131499938964844e+02, 3.131499938964844e+02, 3.131499938964844e+02, 3.131499938964844e+02, 3.131499938964844e+02, 3.131499938964844e+02, 3.131499938964844e+02, 3.131499938964844e+02, 3.131499938964844e+02, 3.131499938964844e+02, 3.131499938964844e+02, 3.131499938964844e+02, 3.131499938964844e+02, 3.131499938964844e+02, 3.131499938964844e+02, 3.131499938964844e+02, 3.131499938964844e+02, 3.131499938964844e+02, 3.131499938964844e+02, 3.131499938964844e+02, 3.131499938964844e+02, 3.131499938964844e+02, 3.131499938964844e+02, 3.131499938964844e+02, 3.131499938964844e+02, 3.131499938964844e+02, 3.131499938964844e+02, 3.131499938964844e+02, 3.131499938964844e+02, 3.131499938964844e+02, 3.131499938964844e+02, 3.131499938964844e+02, 3.131499938964844e+02, 3.131499938964844e+02, 3.131499938964844e+02, 3.131499938964844e+02, 3.131499938964844e+02, 3.131499938964844e+02, 3.131499938964844e+02, 3.131499938964844e+02, 3.131499938964844e+02, 3.131499938964844e+02, 3.131499938964844e+02, 3.131499938964844e+02, 3.131499938964844e+02, 3.131499938964844e+02, 3.131499938964844e+02, 3.131499938964844e+02, 3.131499938964844e+02, 3.131499938964844e+02, 3.131499938964844e+02, 3.131499938964844e+02, 3.131499938964844e+02, 3.131499938964844e+02, 3.131499938964844e+02, 3.131499938964844e+02, 3.131499938964844e+02, 3.131499938964844e+02, 3.131499938964844e+02, 3.131499938964844e+02, 3.131499938964844e+02, 3.131499938964844e+02, 3.131499938964844e+02, 3.131499938964844e+02, 3.131499938964844e+02, 3.131499938964844e+02, 3.131499938964844e+02, 3.131499938964844e+02, 3.131499938964844e+02, 3.131499938964844e+02, 3.131499938964844e+02, 3.131499938964844e+02, 3.131499938964844e+02, 3.131499938964844e+02]
T_leg1.port_a.m_flow=[1e+00, 0e+00, 0e+00, 0e+00, 0e+00, 0e+00, 0e+00, 2.273736754432321e-14, 0e+00, 0e+00, 0e+00, 0e+00, 0e+00, 0e+00, 4.547473508864641e-14, 0e+00, 0e+00, 4.547473508864641e-14, 0e+00, 0e+00, 0e+00, 0e+00, 0e+00, 0e+00, 0e+00, 0e+00, 0e+00, 0e+00, 9.094947017729283e-14, 0e+00, 0e+00, 0e+00, 0e+00, 0e+00, 9.094947017729283e-14, 0e+00, 0e+00, 0e+00, 0e+00, 0e+00, 0e+00, 0e+00, 0e+00, 0e+00, 0e+00, 0e+00, 0e+00, 0e+00, 0e+00, 0e+00, 0e+00, 0e+00, 0e+00, 0e+00, 0e+00, 0e+00, 1.818989403545857e-13, 1.818545314336006e-13, 0e+00, 0e+00, 0e+00, 0e+00, 0e+00, 0e+00, 0e+00, 0e+00, 0e+00, 0e+00, 1.818989403545857e-13, 1.818545314336006e-13, 0e+00, 0e+00, 0e+00, 0e+00, 0e+00, 0e+00, 0e+00, 0e+00, 0e+00, 0e+00, 0e+00, 1.818989403545857e-13, 0e+00, 0e+00, 0e+00, 0e+00, 0e+00, 0e+00, 0e+00, 0e+00, 0e+00, 0e+00, 0e+00, 0e+00, 0e+00, 0e+00, 0e+00, 0e+00, 0e+00, 0e+00, 0e+00]
T_leg1.T=[2.931499938964844e+02, 2.931499938964844e+02, 2.931499938964844e+02, 2.931499938964844e+02, 2.931499938964844e+02, 2.931499938964844e+02, 2.931499938964844e+02, 2.931499938964844e+02, 2.931499938964844e+02, 2.931499938964844e+02, 2.931499938964844e+02, 2.931499938964844e+02, 2.931499938964844e+02, 2.931499938964844e+02, 2.931499938964844e+02, 2.931499938964844e+02, 2.931499938964844e+02, 2.931499938964844e+02, 2.931499938964844e+02, 2.931499938964844e+02, 2.931499938964844e+02, 2.931499938964844e+02, 2.931499938964844e+02, 2.931499938964844e+02, 2.931499938964844e+02, 2.931499938964844e+02, 2.931499938964844e+02, 2.931499938964844e+02, 2.931499938964844e+02, 2.931499938964844e+02, 2.931499938964844e+02, 2.931499938964844e+02, 2.931499938964844e+02, 2.931499938964844e+02, 2.931499938964844e+02, 2.931499938964844e+02, 2.931499938964844e+02, 2.931499938964844e+02, 2.931499938964844e+02, 2.931499938964844e+02, 2.931499938964844e+02, 2.931499938964844e+02, 2.931499938964844e+02, 2.931499938964844e+02, 2.931499938964844e+02, 2.931499938964844e+02, 2.931499938964844e+02, 2.931499938964844e+02, 2.931499938964844e+02, 2.931499938964844e+02, 2.931499938964844e+02, 2.931499938964844e+02, 2.931499938964844e+02, 2.931499938964844e+02, 2.931499938964844e+02, 2.931499938964844e+02, 2.931499938964844e+02, 2.931499938964844e+02, 2.931499938964844e+02, 2.931499938964844e+02, 2.931499938964844e+02, 2.931499938964844e+02, 2.931499938964844e+02, 2.931499938964844e+02, 2.931499938964844e+02, 2.931499938964844e+02, 2.931499938964844e+02, 2.931499938964844e+02, 2.931499938964844e+02, 2.931499938964844e+02, 2.931499938964844e+02, 2.931499938964844e+02, 2.931499938964844e+02, 2.931499938964844e+02, 2.931499938964844e+02, 2.931499938964844e+02, 2.931499938964844e+02, 2.931499938964844e+02, 2.931499938964844e+02, 2.931499938964844e+02, 2.931499938964844e+02, 2.931499938964844e+02, 2.931499938964844e+02, 2.931499938964844e+02, 2.931499938964844e+02, 2.931499938964844e+02, 2.931499938964844e+02, 2.931499938964844e+02, 2.931499938964844e+02, 2.931499938964844e+02, 2.931499938964844e+02, 2.931499938964844e+02, 2.931499938964844e+02, 2.931499938964844e+02, 2.931499938964844e+02, 2.931499938964844e+02, 2.931499938964844e+02, 2.931499938964844e+02, 2.931499938964844e+02, 2.931499938964844e+02, 2.931499938964844e+02]
vol.T=[2.931499938964844e+02, 3.025191955566406e+02, 3.030958251953125e+02, 3.031163940429688e+02, 3.031171264648438e+02, 3.031171569824219e+02, 3.031171569824219e+02, 3.031171569824219e+02, 3.031171569824219e+02, 3.031171569824219e+02, 3.031171569824219e+02, 3.031171569824219e+02, 3.031171569824219e+02, 3.031171569824219e+02, 3.031171569824219e+02, 3.031171569824219e+02, 3.031171569824219e+02, 3.031171569824219e+02, 3.031171569824219e+02, 3.031171569824219e+02, 3.031171569824219e+02, 3.031171569824219e+02, 3.031171569824219e+02, 3.031171569824219e+02, 3.031171569824219e+02, 3.031171569824219e+02, 3.031171569824219e+02, 3.031171569824219e+02, 3.031171569824219e+02, 3.031171569824219e+02, 3.031171569824219e+02, 3.031171569824219e+02, 3.031171569824219e+02, 3.031171569824219e+02, 3.031171569824219e+02, 3.031171569824219e+02, 3.031171569824219e+02, 3.031171569824219e+02, 3.031171569824219e+02, 3.031171569824219e+02, 3.031171569824219e+02, 3.031171569824219e+02, 3.031171569824219e+02, 3.031171569824219e+02, 3.031171569824219e+02, 3.031171569824219e+02, 3.031171569824219e+02, 3.031171569824219e+02, 3.031171569824219e+02, 3.031171569824219e+02, 3.031171569824219e+02, 3.031171569824219e+02, 3.031171569824219e+02, 3.031171569824219e+02, 3.031171569824219e+02, 3.031171569824219e+02, 3.031171569824219e+02, 3.031171569824219e+02, 3.031171569824219e+02, 3.031171569824219e+02, 3.031171569824219e+02, 3.031171569824219e+02, 3.031171569824219e+02, 3.031171569824219e+02, 3.031171569824219e+02, 3.031171569824219e+02, 3.031171569824219e+02, 3.031171569824219e+02, 3.031171569824219e+02, 3.031171569824219e+02, 3.031171569824219e+02, 3.031171569824219e+02, 3.031171569824219e+02, 3.031171569824219e+02, 3.031171569824219e+02, 3.031171569824219e+02, 3.031171569824219e+02, 3.031171569824219e+02, 3.031171569824219e+02, 3.031171569824219e+02, 3.031171569824219e+02, 3.031171569824219e+02, 3.031171569824219e+02, 3.031171569824219e+02, 3.031171569824219e+02, 3.031171569824219e+02, 3.031171569824219e+02, 3.031171569824219e+02, 3.031171569824219e+02, 3.031171569824219e+02, 3.031171569824219e+02, 3.031171569824219e+02, 3.031171569824219e+02, 3.031171569824219e+02, 3.031171569824219e+02, 3.031171569824219e+02, 3.031171569824219e+02, 3.031171569824219e+02, 3.031171569824219e+02, 3.031171569824219e+02, 3.031171569824219e+02]
time=[0e+00, 1e+04]
T_leg0.port_a.m_flow=[0e+00, 1e+00, 1e+00, 1e+00, 1e+00, 1e+00, 1e+00, 9.999999999999772e-01, 1e+00, 1e+00, 1e+00, 1e+00, 1e+00, 1e+00, 9.999999999999545e-01, 1e+00, 1e+00, 9.999999999999545e-01, 1e+00, 1e+00, 1e+00, 1e+00, 1e+00, 1e+00, 1e+00, 1e+00, 1e+00, 1e+00, 9.999999999999091e-01, 1e+00, 1e+00, 1e+00, 1e+00, 1e+00, 9.999999999999091e-01, 1e+00, 1e+00, 1e+00, 1e+00, 1e+00, 1e+00, 1e+00, 1e+00, 1e+00, 1e+00, 1e+00, 1e+00, 1e+00, 1e+00, 1e+00, 1e+00, 1e+00, 1e+00, 1e+00, 1e+00, 1e+00, 9.999999999998181e-01, 9.999999999998181e-01, 1e+00, 1e+00, 1e+00, 1e+00, 1e+00, 1e+00, 1e+00, 1e+00, 1e+00, 1e+00, 9.999999999998181e-01, 9.999999999998181e-01, 1e+00, 1e+00, 1e+00, 1e+00, 1e+00, 1e+00, 1e+00, 1e+00, 1e+00, 1e+00, 1e+00, 9.999999999998181e-01, 1e+00, 1e+00, 1e+00, 1e+00, 1e+00, 1e+00, 1e+00, 1e+00, 1e+00, 1e+00, 1e+00, 1e+00, 1e+00, 1e+00, 1e+00, 1e+00, 1e+00, 1e+00, 1e+00]
