last-generated=2018-08-01
statistics-initialization=
{
  "nonlinear": "7, 7, 13",
  "numerical Jacobians": "0"
}
statistics-simulation=
{
  "linear": "0, 0, 0, 0, 0, 5, 0, 0, 0, 0, 0, 0, 0, 0, 0, 0, 0, 5, 0, 0, 0, 0, 0, 0, 0, 0, 0,   0, 0, 0, 0, 0, 0, 0, 0, 0, 0, 0, 0, 0, 0, 0, 0, 0, 0, 5, 0, 0, 0, 0, 0, 0, 0,   0",
  "nonlinear": "1",
  "number of continuous time states": "120",
  "numerical Jacobians": "0"
}
QFlows[1]=[0e+00, 5.77198193359375e+03, 7.97040576171875e+03, 7.43288916015625e+03, 6.976208984375e+03, 6.58413525390625e+03, 6.2440283203125e+03, 5.946016601562498e+03, 3.898990478515625e+03, 0e+00, 0e+00, 0e+00, 0e+00, 0e+00, 0e+00, 0e+00, 0e+00, 0e+00, 0e+00, 0e+00, 0e+00, 0e+00, 0e+00, 0e+00, 0e+00, 0e+00, 4.6704140625e+03, 6.480802734375e+03, 6.073441894531249e+03, 5.728215820312501e+03, 5.432435546875e+03, 5.1761396484375e+03, 4.95134814453125e+03, 3.26037255859375e+03, 8.37177867651917e-06, 0e+00, 0e+00, 0e+00, 0e+00, 0e+00, 0e+00, 0e+00, 0e+00, 0e+00, 0e+00, 0e+00, 0e+00, 0e+00, 0e+00, 0e+00, 0e+00, 4.031305419921875e+03, 5.5987451171875e+03, 5.25156884765625e+03, 4.95781982421875e+03, 4.706684082031248e+03, 4.489762695312498e+03, 4.300472656250001e+03, 2.836256591796888e+03, 7.295726391021162e-06, 0e+00, 0e+00, 0e+00, 0e+00, 0e+00, 0e+00, 0e+00, 0e+00, 0e+00, 0e+00, 0e+00, 0e+00, 0e+00, 0e+00, 0e+00, 0e+00, 3.646585693359375e+03, 5.0758515625e+03, 4.77216748046875e+03, 4.51589599609375e+03, 4.29731591796875e+03, 4.1088828125e+03, 3.944726806640625e+03, 2.607504150390625e+03, 6.721757927152794e-06, 0e+00, 0e+00, 0e+00, 0e+00, 0e+00, 0e+00, 0e+00, 0e+00, 0e+00, 0e+00, 0e+00, 0e+00, 0e+00, 0e+00, 0e+00, 0e+00]
QFlows[2]=[0e+00, 4.6213857421875e+03, 7.6710751953125e+03, 7.31633935546875e+03, 6.8756845703125e+03, 6.49674560546875e+03, 6.16752978515625e+03, 5.878655273437499e+03, 3.95148583984375e+03, 0e+00, 0e+00, 0e+00, 0e+00, 0e+00, 0e+00, 0e+00, 0e+00, 0e+00, 0e+00, 0e+00, 0e+00, 0e+00, 0e+00, 0e+00, 0e+00, 0e+00, 3.863215087890625e+03, 6.2517333984375e+03, 5.993430664062499e+03, 5.661363769531251e+03, 5.37618359375e+03, 5.12851123046875e+03, 4.91080810546875e+03, 3.3160888671875e+03, 1.254654853255488e-05, 0e+00, 0e+00, 0e+00, 0e+00, 0e+00, 0e+00, 0e+00, 0e+00, 0e+00, 0e+00, 0e+00, 0e+00, 0e+00, 0e+00, 0e+00, 0e+00, 3.349959228515625e+03, 5.41597802734375e+03, 5.1968623046875e+03, 4.91361767578125e+03, 4.670877929687498e+03, 4.460728515624998e+03, 4.276953125000001e+03, 2.892946533203138e+03, 1.097763652069261e-05, 0e+00, 0e+00, 0e+00, 0e+00, 0e+00, 0e+00, 0e+00, 0e+00, 0e+00, 0e+00, 0e+00, 0e+00, 0e+00, 0e+00, 0e+00, 0e+00, 3.042787109375e+03, 4.9183779296875e+03, 4.73019384765625e+03, 4.4828525390625e+03, 4.2713642578125e+03, 4.088613037109375e+03, 3.929052490234375e+03, 2.6639931640625e+03, 1.014388635667274e-05, 0e+00, 0e+00, 0e+00, 0e+00, 0e+00, 0e+00, 0e+00, 0e+00, 0e+00, 0e+00, 0e+00, 0e+00, 0e+00, 0e+00, 0e+00, 0e+00]
QFlows[3]=[0e+00, 4.6653984375e+03, 7.790357421875e+03, 7.46000439453125e+03, 7.03640283203125e+03, 6.66642724609375e+03, 6.34057666015625e+03, 6.051224609374999e+03, 4.16865478515625e+03, 0e+00, 0e+00, 0e+00, 0e+00, 0e+00, 0e+00, 0e+00, 0e+00, 0e+00, 0e+00, 0e+00, 0e+00, 0e+00, 0e+00, 0e+00, 0e+00, 0e+00, 4.053407958984375e+03, 6.39649169921875e+03, 6.134329589843749e+03, 5.804016601562501e+03, 5.516861328125e+03, 5.26480908203125e+03, 5.0412333984375e+03, 3.511232421875e+03, 1.399369557475438e-05, 0e+00, 0e+00, 0e+00, 0e+00, 0e+00, 0e+00, 0e+00, 0e+00, 0e+00, 0e+00, 0e+00, 0e+00, 0e+00, 0e+00, 0e+00, 0e+00, 3.54156884765625e+03, 5.51725537109375e+03, 5.28849169921875e+03, 5.005013671875e+03, 4.759481933593748e+03, 4.544943847656248e+03, 4.355834960937501e+03, 3.047934570312512e+03, 1.224229981744429e-05, 0e+00, 0e+00, 0e+00, 0e+00, 0e+00, 0e+00, 0e+00, 0e+00, 0e+00, 0e+00, 0e+00, 0e+00, 0e+00, 0e+00, 0e+00, 0e+00, 3.203645751953125e+03, 4.97132177734375e+03, 4.7742197265625e+03, 4.52809521484375e+03, 4.31549609375e+03, 4.13015771484375e+03, 3.967112060546875e+03, 2.784570556640625e+03, 1.123470701713813e-05, 0e+00, 0e+00, 0e+00, 0e+00, 0e+00, 0e+00, 0e+00, 0e+00, 0e+00, 0e+00, 0e+00, 0e+00, 0e+00, 0e+00, 0e+00, 0e+00]
time=[0e+00, 1e+05]
zone.TSensor=[2.931499938964844e+02, 2.926647644042969e+02, 2.924649353027344e+02, 2.92378173828125e+02, 2.923395690917969e+02, 2.923260498046875e+02, 2.923285522460938e+02, 2.923427124023438e+02, 2.923655700683594e+02, 2.923924255371094e+02, 2.924180908203125e+02, 2.924413146972656e+02, 2.924621887207031e+02, 2.924800415039062e+02, 2.92494384765625e+02, 2.925048828125e+02, 2.925112915039062e+02, 2.925137023925781e+02, 2.925126953125e+02, 2.925090026855469e+02, 2.925032653808594e+02, 2.924959106445312e+02, 2.924867858886719e+02, 2.924756469726562e+02, 2.924624633789062e+02, 2.924476623535156e+02, 2.924328918457031e+02, 2.924239807128906e+02, 2.924245910644531e+02, 2.924361267089844e+02, 2.924612121582031e+02, 2.925115051269531e+02, 2.926017456054688e+02, 2.927087097167969e+02, 2.928019714355469e+02, 2.928846740722656e+02, 2.9295263671875e+02, 2.930127258300781e+02, 2.930693359375e+02, 2.931236877441406e+02, 2.9317529296875e+02, 2.932232971191406e+02, 2.932669982910156e+02, 2.933053588867188e+02, 2.933370971679688e+02, 2.933606872558594e+02, 2.933758544921875e+02, 2.933838500976562e+02, 2.933858032226562e+02, 2.933823852539062e+02, 2.933751831054688e+02, 2.933651428222656e+02, 2.933560791015625e+02, 2.933504638671875e+02, 2.933474731445312e+02, 2.933471069335938e+02, 2.933523559570312e+02, 2.933657531738281e+02, 2.933864440917969e+02, 2.934102478027344e+02, 2.934326477050781e+02, 2.934523315429688e+02, 2.934691772460938e+02, 2.934833679199219e+02, 2.934946899414062e+02, 2.935027465820312e+02, 2.935070495605469e+02, 2.935077819824219e+02, 2.935052795410156e+02, 2.934997253417969e+02, 2.934913330078125e+02, 2.934802856445312e+02, 2.934671020507812e+02, 2.934523620605469e+02, 2.934368286132812e+02, 2.934206848144531e+02, 2.934044494628906e+02, 2.933916320800781e+02, 2.933849182128906e+02, 2.933845520019531e+02, 2.9339013671875e+02, 2.934010314941406e+02, 2.934165954589844e+02, 2.934360656738281e+02, 2.934568176269531e+02, 2.934747314453125e+02, 2.93488037109375e+02, 2.93495849609375e+02, 2.934974670410156e+02, 2.934932556152344e+02, 2.934844665527344e+02, 2.934724426269531e+02, 2.9345751953125e+02, 2.934405212402344e+02, 2.934228820800781e+02, 2.934053649902344e+02, 2.933880004882812e+02, 2.933700561523438e+02, 2.933502502441406e+02, 2.933276977539062e+02, 2.93302734375e+02]
zone2.TSensor=[2.931499938964844e+02, 2.926711730957031e+02, 2.924762878417969e+02, 2.923903503417969e+02, 2.92350830078125e+02, 2.92335693359375e+02, 2.923362731933594e+02, 2.923484497070312e+02, 2.923693542480469e+02, 2.923945922851562e+02, 2.924187927246094e+02, 2.924404907226562e+02, 2.924598693847656e+02, 2.924763488769531e+02, 2.92489501953125e+02, 2.924989929199219e+02, 2.925045776367188e+02, 2.925063781738281e+02, 2.925049133300781e+02, 2.925008850097656e+02, 2.924949645996094e+02, 2.924874572753906e+02, 2.92478271484375e+02, 2.924671325683594e+02, 2.924539794921875e+02, 2.924392700195312e+02, 2.924248962402344e+02, 2.924161682128906e+02, 2.924169311523438e+02, 2.924286499023438e+02, 2.924538879394531e+02, 2.925043029785156e+02, 2.925945739746094e+02, 2.927015991210938e+02, 2.927952270507812e+02, 2.928785095214844e+02, 2.92947021484375e+02, 2.930075988769531e+02, 2.930648193359375e+02, 2.931198425292969e+02, 2.931721801757812e+02, 2.932210083007812e+02, 2.93265625e+02, 2.93304931640625e+02, 2.933377075195312e+02, 2.933623046875e+02, 2.933784484863281e+02, 2.933873291015625e+02, 2.933900451660156e+02, 2.933872985839844e+02, 2.933806762695312e+02, 2.933713684082031e+02, 2.933629455566406e+02, 2.933578796386719e+02, 2.933554382324219e+02, 2.933555297851562e+02, 2.933611755371094e+02, 2.933747863769531e+02, 2.933956604003906e+02, 2.934198608398438e+02, 2.934427185058594e+02, 2.93462646484375e+02, 2.93479736328125e+02, 2.934941101074219e+02, 2.935056762695312e+02, 2.935140075683594e+02, 2.935186462402344e+02, 2.935197448730469e+02, 2.935176086425781e+02, 2.935124816894531e+02, 2.935044860839844e+02, 2.93493896484375e+02, 2.934811401367188e+02, 2.934668273925781e+02, 2.934516906738281e+02, 2.934359741210938e+02, 2.9342041015625e+02, 2.934081726074219e+02, 2.934019775390625e+02, 2.934021301269531e+02, 2.934081115722656e+02, 2.934192810058594e+02, 2.934350280761719e+02, 2.9345458984375e+02, 2.934755859375e+02, 2.934938354492188e+02, 2.9350732421875e+02, 2.935152893066406e+02, 2.935170593261719e+02, 2.935130615234375e+02, 2.935045776367188e+02, 2.934928588867188e+02, 2.934783020019531e+02, 2.934617309570312e+02, 2.934445495605469e+02, 2.934275207519531e+02, 2.934106140136719e+02, 2.933931579589844e+02, 2.933738098144531e+02, 2.933517150878906e+02, 2.933272399902344e+02]
zone1.TSensor=[2.931499938964844e+02, 2.926645202636719e+02, 2.924632568359375e+02, 2.923745422363281e+02, 2.92333740234375e+02, 2.923178405761719e+02, 2.923179626464844e+02, 2.923297119140625e+02, 2.923502197265625e+02, 2.923750915527344e+02, 2.923990783691406e+02, 2.924208679199219e+02, 2.924404296875e+02, 2.924571228027344e+02, 2.924704284667969e+02, 2.9247998046875e+02, 2.924855651855469e+02, 2.924872131347656e+02, 2.924855651855469e+02, 2.924812316894531e+02, 2.924749755859375e+02, 2.924671325683594e+02, 2.924575805664062e+02, 2.924460144042969e+02, 2.924324951171875e+02, 2.924173583984375e+02, 2.924024963378906e+02, 2.923929138183594e+02, 2.923924865722656e+02, 2.924028015136719e+02, 2.924266357421875e+02, 2.924755859375e+02, 2.925644836425781e+02, 2.926701354980469e+02, 2.927623291015625e+02, 2.9284423828125e+02, 2.929115295410156e+02, 2.929709777832031e+02, 2.930270385742188e+02, 2.930809326171875e+02, 2.931321105957031e+02, 2.931797485351562e+02, 2.9322314453125e+02, 2.932611999511719e+02, 2.932926940917969e+02, 2.933160400390625e+02, 2.933310241699219e+02, 2.933388671875e+02, 2.933406677246094e+02, 2.933371276855469e+02, 2.933298034667969e+02, 2.9331982421875e+02, 2.933104248046875e+02, 2.933041381835938e+02, 2.933003234863281e+02, 2.932991027832031e+02, 2.93303466796875e+02, 2.9331591796875e+02, 2.933357238769531e+02, 2.933588562011719e+02, 2.93380859375e+02, 2.934001770019531e+02, 2.934167175292969e+02, 2.934306640625e+02, 2.934418029785156e+02, 2.934496765136719e+02, 2.934538269042969e+02, 2.934544372558594e+02, 2.934518127441406e+02, 2.934461975097656e+02, 2.93437744140625e+02, 2.934266662597656e+02, 2.934134216308594e+02, 2.93398681640625e+02, 2.933830871582031e+02, 2.93366943359375e+02, 2.933508605957031e+02, 2.933378295898438e+02, 2.933305969238281e+02, 2.933296203613281e+02, 2.933345642089844e+02, 2.933447875976562e+02, 2.933596801757812e+02, 2.933785095214844e+02, 2.933988037109375e+02, 2.9341650390625e+02, 2.934296264648438e+02, 2.934373474121094e+02, 2.934389038085938e+02, 2.934346313476562e+02, 2.934258728027344e+02, 2.934138488769531e+02, 2.933989562988281e+02, 2.933820190429688e+02, 2.933644104003906e+02, 2.933469543457031e+02, 2.933296203613281e+02, 2.933117065429688e+02, 2.932919616699219e+02, 2.932694396972656e+02, 2.932445678710938e+02]
