last-generated=2016-04-19
statistics-simulation=
{
  "numerical Jacobians": "0", 
  "nonlinear": " ", 
  "number of continuous time states": "9", 
  "linear": " "
}
sha.vol.T=[293.149993896484375, 293.137481689453125, 293.139923095703125, 293.141876220703125, 293.143463134765625, 293.144744873046875, 293.145751953125, 293.146575927734375, 293.147247314453125, 293.147796630859375, 293.148223876953125, 293.1485595703125, 293.148834228515625, 293.149078369140625, 293.149261474609375, 293.149383544921875, 293.149505615234375, 293.14605712890625, 293.145751953125, 293.14544677734375, 293.145172119140625, 293.1448974609375, 293.1446533203125, 293.144439697265625, 293.14422607421875, 293.144012451171875, 293.143829345703125, 293.143646240234375, 293.14349365234375, 293.143341064453125, 293.1431884765625, 293.14306640625, 293.142913818359375, 293.142822265625, 293.1427001953125, 293.142608642578125, 293.142486572265625, 293.14239501953125, 293.142333984375, 293.142242431640625, 293.142181396484375, 293.14208984375, 293.14202880859375, 293.1419677734375, 293.14190673828125, 293.141876220703125, 293.141815185546875, 293.141754150390625, 293.1417236328125, 293.141693115234375, 293.141754150390625, 289.591339111328125, 286.580230712890625, 284.093353271484375, 282.049346923828125, 280.3726806640625, 279.00506591796875, 277.892333984375, 276.984588623046875, 276.24810791015625, 275.65325927734375, 275.172760009765625, 274.78167724609375, 274.46466064453125, 274.209869384765625, 274.00543212890625, 273.83990478515625, 273.7369384765625, 273.7005615234375, 273.6663818359375, 273.63427734375, 273.6041259765625, 273.575775146484375, 273.5491943359375, 273.524200439453125, 273.500762939453125, 273.478759765625, 273.4581298828125, 273.438751220703125, 273.420562744140625, 273.40350341796875, 273.387542724609375, 273.37255859375, 273.358551025390625, 273.345458984375, 273.333099365234375, 273.321502685546875, 273.31060791015625, 273.300384521484375, 273.290802001953125, 273.281829833984375, 273.2734375, 273.265594482421875, 273.25823974609375, 273.251373291015625, 273.244964599609375, 273.23895263671875, 273.23333740234375, 273.228057861328125, 273.22308349609375, 273.21844482421875]
bou0.T=[273.149993896484375, 273.149993896484375]
roo.T=[293.149993896484375, 293.1500244140625, 293.149993896484375, 293.149993896484375, 293.149993896484375, 293.149993896484375, 293.149993896484375, 293.149993896484375, 293.149993896484375, 293.149993896484375, 293.149993896484375, 293.149993896484375, 293.149993896484375, 293.149993896484375, 293.149993896484375, 293.149993896484375, 293.149993896484375, 293.141387939453125, 293.141082763671875, 293.141082763671875, 293.141082763671875, 293.141082763671875, 293.141082763671875, 293.141082763671875, 293.141082763671875, 293.141082763671875, 293.141082763671875, 293.141082763671875, 293.141082763671875, 293.141082763671875, 293.141082763671875, 293.141082763671875, 293.141082763671875, 293.141082763671875, 293.141082763671875, 293.141082763671875, 293.141082763671875, 293.141082763671875, 293.141082763671875, 293.141082763671875, 293.141082763671875, 293.141082763671875, 293.141082763671875, 293.141082763671875, 293.141082763671875, 293.141082763671875, 293.141082763671875, 293.141082763671875, 293.141082763671875, 293.141082763671875, 293.140899658203125, 293.105499267578125, 293.1015625, 293.09820556640625, 293.095428466796875, 293.09307861328125, 293.091156005859375, 293.089569091796875, 293.0882568359375, 293.087188720703125, 293.0863037109375, 293.085601806640625, 293.08502197265625, 293.084564208984375, 293.08416748046875, 293.0838623046875, 293.0836181640625, 293.136199951171875, 293.141571044921875, 293.14154052734375, 293.141510009765625, 293.141510009765625, 293.1414794921875, 293.141448974609375, 293.14141845703125, 293.141387939453125, 293.141387939453125, 293.141357421875, 293.141357421875, 293.141326904296875, 293.14129638671875, 293.14129638671875, 293.14129638671875, 293.141265869140625, 293.141265869140625, 293.1412353515625, 293.1412353515625, 293.1412353515625, 293.141204833984375, 293.141204833984375, 293.141204833984375, 293.141204833984375, 293.14117431640625, 293.14117431640625, 293.14117431640625, 293.14117431640625, 293.141143798828125, 293.141143798828125, 293.141143798828125, 293.141143798828125, 293.141143798828125]
time=[0., 3600.]
oriBot.m_flow=[0.06083666905760765076, -0.02837207913398742676, -0.02837187238037586212, -0.02837170474231243134, -0.02837157063186168671, -0.02837146259844303131, -0.02837137505412101746, -0.02837130427360534668, -0.02837124839425086975, -0.02837120182812213898, -0.02837116643786430359, -0.02837113663554191589, -0.02837111242115497589, -0.02837109379470348358, -0.0283710770308971405, -0.02837106585502624512, -0.02837105467915534973, 0.0066009126603603363, 0.00660086236894130707, 0.00660077063366770744, 0.00660068495199084282, 0.00660060439258813858, 0.00660052942112088203, 0.00660045910626649857, 0.00660039298236370087, 0.00660033151507377625, 0.00660027330741286278, 0.00660021929070353508, 0.00660016899928450584, 0.00660012150183320045, 0.00660007726401090622, 0.00660003582015633583, 0.00659999670460820198, 0.00659996038302779198, 0.00659992638975381851, 0.00659989425912499428, 0.00659986445680260658, 0.00659983651712536812, 0.00659981044009327888, 0.00659978576004505157, 0.0065997629426419735, 0.00659974152222275734, 0.00659972149878740311, 0.00659970240667462349, 0.0065996851772069931, 0.00659966841340065002, 0.00659965304657816887, 0.00659963861107826233, 0.0065996251069009304, 0.0065996125340461731, 0.0079196905717253685, 0.02991000376641750336, 0.029639439657330513, 0.02941244281828403473, 0.02922342903912067413, 0.02906669862568378448, 0.02893769927322864532, 0.0288320053368806839, 0.02874526567757129669, 0.02867453545331954956, 0.0286171790212392807, 0.02857071533799171448, 0.02853279560804367065, 0.02850199304521083832, 0.02847719006240367889, 0.02845726348459720612, 0.02844111248850822449, -0.00638899253681302071, -0.00640306621789932251, -0.00641548307612538338, -0.00642713112756609917, -0.00643805600702762604, -0.00644830288365483284, -0.00645791226997971535, -0.00646692188456654549, -0.00647536525502800941, -0.00648328149691224098, -0.00649070786312222481, -0.00649766996502876282, -0.00650419341400265694, -0.00651030521839857101, -0.00651603005826473236, -0.0065213935449719429, -0.00652640173211693764, -0.00653109000995755196, -0.00653549935668706894, -0.00653964187949895859, -0.00654353061690926552, -0.00654717674478888512, -0.00655059283599257469, -0.00655379053205251694, -0.00655678194016218185, -0.00655957916751503944, -0.00656219338998198509, -0.00656463718041777611, -0.00656692171469330788, -0.00656905863434076309, -0.00657106051221489906, -0.00657293805852532387, -0.00657470198348164558, -0.00657635414972901344]
oriChiTop.m_flow=[-0.04225156083703041077, 0.02162792347371578217, 0.0216281302273273468, 0.02162829600274562836, 0.02162843011319637299, 0.02162853814661502838, 0.02162862569093704224, 0.02162869647145271301, 0.02162875235080718994, 0.02162879891693592072, 0.0216288343071937561, 0.0216288641095161438, 0.0216288883239030838, 0.02162890695035457611, 0.02162892185151576996, 0.02162893489003181458, 0.02162894420325756073, 0.00660091079771518707, 0.00660086236894130707, 0.00660077063366770744, 0.00660068495199084282, 0.00660060439258813858, 0.00660052895545959473, 0.00660045864060521126, 0.00660039298236370087, 0.00660033104941248894, 0.00660027330741286278, 0.00660021929070353508, 0.00660016853362321854, 0.00660012150183320045, 0.00660007726401090622, 0.00660003582015633583, 0.00659999670460820198, 0.00659996038302779198, 0.0065999259240925312, 0.00659989425912499428, 0.00659986445680260658, 0.00659983651712536812, 0.00659981044009327888, 0.00659978576004505157, 0.0065997629426419735, 0.00659974152222275734, 0.00659972149878740311, 0.00659970240667462349, 0.0065996851772069931, 0.00659966841340065002, 0.00659965304657816887, 0.00659963861107826233, 0.0065996251069009304, 0.0065996125340461731, 0.00592605955898761749, -0.02009365707635879517, -0.02036361582577228546, -0.02059008926153182983, -0.02077867090702056885, -0.02093503065407276154, -0.02106368355453014374, -0.02116914093494415283, -0.02125568129122257233, -0.02132622338831424713, -0.02138342335820198059, -0.02142978273332118988, -0.02146761119365692139, -0.02149833738803863525, -0.02152307145297527313, -0.02154294587671756744, -0.02155905961990356445, -0.00638899626210331917, -0.00640310021117329597, -0.00641551520675420761, -0.00642716139554977417, -0.00643808441236615181, -0.00644832942634820938, -0.00645793741568922997, -0.00646694516763091087, -0.00647538714110851288, -0.00648330245167016983, -0.00649072742089629173, -0.00649768812581896782, -0.00650421064347028732, -0.00651032105088233948, -0.0065160444937646389, -0.00652140751481056213, -0.00652641523629426956, -0.00653110211715102196, -0.00653551099821925163, -0.00653965305536985397, -0.00654354086145758629, -0.00654718698933720589, -0.00655060214921832085, -0.00655379937961697578, -0.00655679032206535339, -0.00655958661809563637, -0.00656220037490129471, -0.00656464323401451111, -0.00656692730262875557, -0.00656906375661492348, -0.00657106516882777214, -0.00657294271513819695, -0.00657470664009451866, -0.00657635834068059921]
oriChiBot.m_flow=[-0.04225156083703041077, 0.02162792347371578217, 0.0216281302273273468, 0.02162829600274562836, 0.02162843011319637299, 0.02162853814661502838, 0.02162862569093704224, 0.02162869647145271301, 0.02162875235080718994, 0.02162879891693592072, 0.0216288343071937561, 0.0216288641095161438, 0.0216288883239030838, 0.02162890695035457611, 0.02162892185151576996, 0.02162893489003181458, 0.02162894420325756073, 0.00660091079771518707, 0.00660086236894130707, 0.00660077063366770744, 0.00660068495199084282, 0.00660060439258813858, 0.00660052895545959473, 0.00660045864060521126, 0.00660039298236370087, 0.00660033104941248894, 0.00660027330741286278, 0.00660021929070353508, 0.00660016853362321854, 0.00660012150183320045, 0.00660007726401090622, 0.00660003582015633583, 0.00659999670460820198, 0.00659996038302779198, 0.0065999259240925312, 0.00659989425912499428, 0.00659986445680260658, 0.00659983651712536812, 0.00659981044009327888, 0.00659978576004505157, 0.0065997629426419735, 0.00659974152222275734, 0.00659972149878740311, 0.00659970240667462349, 0.0065996851772069931, 0.00659966841340065002, 0.00659965304657816887, 0.00659963861107826233, 0.0065996251069009304, 0.0065996125340461731, 0.00572943594306707382, -0.02009357139468193054, -0.02036354504525661469, -0.02059002965688705444, -0.02077862247824668884, -0.02093498967587947845, -0.02106365188956260681, -0.0211691148579120636, -0.02125565893948078156, -0.02132620662450790405, -0.02138340845704078674, -0.02142977155745029449, -0.02146760188043117523, -0.02149832993745803833, -0.02152306586503982544, -0.02154294028878211975, -0.02155905589461326599, -0.00638899579644203186, -0.00640309974551200867, -0.006415514275431633, -0.00642716046422719955, -0.0064380839467048645, -0.00644832896068692207, -0.00645793648436665535, -0.00646694470196962357, -0.00647538667544722557, -0.00648330198600888252, -0.00649072695523500443, -0.00649768766015768051, -0.00650421017780900002, -0.00651032058522105217, -0.0065160444937646389, -0.00652140704914927483, -0.00652641477063298225, -0.00653110211715102196, -0.00653551053255796432, -0.00653965258970856667, -0.00654354086145758629, -0.00654718652367591858, -0.00655060214921832085, -0.00655379937961697578, -0.00655679032206535339, -0.00655958661809563637, -0.00656220037490129471, -0.00656464323401451111, -0.00656692730262875557, -0.00656906375661492348, -0.00657106516882777214, -0.00657294271513819695, -0.00657470617443323135, -0.00657635834068059921]
con.u_m=[293.149993896484375, 293.1500244140625, 293.149993896484375, 293.149993896484375, 293.149993896484375, 293.149993896484375, 293.149993896484375, 293.149993896484375, 293.149993896484375, 293.149993896484375, 293.149993896484375, 293.149993896484375, 293.149993896484375, 293.149993896484375, 293.149993896484375, 293.149993896484375, 293.149993896484375, 293.141387939453125, 293.141082763671875, 293.141082763671875, 293.141082763671875, 293.141082763671875, 293.141082763671875, 293.141082763671875, 293.141082763671875, 293.141082763671875, 293.141082763671875, 293.141082763671875, 293.141082763671875, 293.141082763671875, 293.141082763671875, 293.141082763671875, 293.141082763671875, 293.141082763671875, 293.141082763671875, 293.141082763671875, 293.141082763671875, 293.141082763671875, 293.141082763671875, 293.141082763671875, 293.141082763671875, 293.141082763671875, 293.141082763671875, 293.141082763671875, 293.141082763671875, 293.141082763671875, 293.141082763671875, 293.141082763671875, 293.141082763671875, 293.141082763671875, 293.140899658203125, 293.105499267578125, 293.1015625, 293.09820556640625, 293.095428466796875, 293.09307861328125, 293.091156005859375, 293.089569091796875, 293.0882568359375, 293.087188720703125, 293.0863037109375, 293.085601806640625, 293.08502197265625, 293.084564208984375, 293.08416748046875, 293.0838623046875, 293.0836181640625, 293.136199951171875, 293.141571044921875, 293.14154052734375, 293.141510009765625, 293.141510009765625, 293.1414794921875, 293.141448974609375, 293.14141845703125, 293.141387939453125, 293.141387939453125, 293.141357421875, 293.141357421875, 293.141326904296875, 293.14129638671875, 293.14129638671875, 293.14129638671875, 293.141265869140625, 293.141265869140625, 293.1412353515625, 293.1412353515625, 293.1412353515625, 293.141204833984375, 293.141204833984375, 293.141204833984375, 293.141204833984375, 293.14117431640625, 293.14117431640625, 293.14117431640625, 293.14117431640625, 293.141143798828125, 293.141143798828125, 293.141143798828125, 293.141143798828125, 293.141143798828125]
con.u_s=[293.149993896484375, 293.149993896484375]
con.y=[0., -0.00009514871635474265, 0.00000387754334951751, -0.00000073182093274227, 0.00000040513441490475, -0.00000014194654340827, -0.00000001613585709492, 0.00000004353438498583, 0.00000004504414619078, 0.000000018691821424, -0.00000000522334175912, 0.00000000359733576261, 0.00000000710087988409, 0.00000000725094650988, 0.00000000550699041924, 0.00000000332761374011, 0.00000000217227125177, 0.04306821525096893311, 0.04462533816695213318, 0.04462535306811332703, 0.04462450370192527771, 0.04462401941418647766, 0.04462347552180290222, 0.0446229986846446991, 0.04462255537509918213, 0.04462213441729545593, 0.04462173953652381897, 0.04462137073278427124, 0.04462102428078651428, 0.04462070390582084656, 0.04462040215730667114, 0.04462011903524398804, 0.04461985453963279724, 0.04461960494518280029, 0.04461937025189399719, 0.0446191541850566864, 0.044618949294090271, 0.04461875930428504944, 0.04461858049035072327, 0.04461841657757759094, 0.04461826011538505554, 0.04461811482906341553, 0.04461797699332237244, 0.04461784660816192627, 0.04461772739887237549, 0.04461761564016342163, 0.0446175113320350647, 0.04461741074919700623, 0.04461732134222984314, 0.04461723566055297852, 0.04544579610228538513, 0.22250811755657196045, 0.24225977063179016113, 0.25890061259269714355, 0.27287819981575017758, 0.28454896807670598813, 0.29421541094779973813, 0.30216777324676513672, 0.30871742963790893555, 0.31407749652862548828, 0.31843644380569458008, 0.32197141647338867188, 0.3248609006404876709, 0.32721182703971862793, 0.32910779118537902832, 0.33063241839408874512, 0.33186748623847961426, 0.0690309479832649231, 0.04209163784980773926, 0.04223294183611869812, 0.04237831011414527893, 0.04251789301633834839, 0.0426480807363986969, 0.04277091100811958313, 0.04288638010621070862, 0.04299458488821983337, 0.04309625551104545593, 0.04319179803133010864, 0.04328151419758796692, 0.04336570948362350464, 0.04344470053911209106, 0.04351878166198730469, 0.04358826577663421631, 0.04365321993827819824, 0.04371408000588417053, 0.04377137869596481323, 0.04382526502013206482, 0.04387588426470756531, 0.04392338916659355164, 0.04396792873740196228, 0.04400965571403503418, 0.04404871538281440735, 0.04408526048064231873, 0.04411944001913070679, 0.04415140300989151001, 0.04418130218982696533, 0.04420928657054901123, 0.04423550143837928772, 0.0442601032555103302, 0.04428321868181228638, 0.04430488497018814087]
