last-generated=2018-06-12
statistics-initialization=
{
  "nonlinear": "7, 7, 7, 7",
  "numerical Jacobians": "0"
}
statistics-simulation=
{
  "linear": "0, 0, 0, 5, 0, 0, 0, 0, 0, 0, 0, 0, 0, 0, 0, 0, 5, 0, 0, 0, 0, 0, 0, 0, 0, 0, 0,   0, 0, 5, 0, 0, 0, 0, 0, 0, 0, 0, 0, 0, 0, 0, 5, 0, 0, 0, 0, 0, 0, 0, 0, 0",
  "nonlinear": "1",
  "number of continuous time states": "122",
  "numerical Jacobians": "0"
}
zoneAirTightN50.TSensor=[2.931499938964844e+02, 2.916735534667969e+02, 2.910495300292969e+02, 2.904927062988281e+02, 2.90549560546875e+02, 2.903615112304688e+02, 2.898084716796875e+02, 2.892918701171875e+02, 2.88765380859375e+02, 2.881884460449219e+02, 2.875966186523438e+02, 2.87030517578125e+02, 2.866764831542969e+02, 2.864689025878906e+02, 2.860631408691406e+02, 2.855306396484375e+02, 2.850501708984375e+02, 2.845363464355469e+02, 2.841240234375e+02, 2.837240600585938e+02, 2.833674011230469e+02, 2.834297180175781e+02, 2.833937072753906e+02, 2.831588745117188e+02, 2.828772277832031e+02, 2.825804443359375e+02, 2.82277587890625e+02, 2.819109802246094e+02, 2.815607299804688e+02, 2.813072814941406e+02, 2.818664855957031e+02, 2.818754272460938e+02, 2.814396057128906e+02, 2.810404357910156e+02, 2.806120300292969e+02, 2.801627197265625e+02, 2.797043151855469e+02, 2.7926904296875e+02, 2.808707885742188e+02, 2.85269287109375e+02, 2.857794799804688e+02, 2.843705749511719e+02, 2.836727600097656e+02, 2.830536499023438e+02, 2.824527893066406e+02, 2.819017028808594e+02, 2.813961791992188e+02, 2.811543273925781e+02, 2.819862976074219e+02, 2.816473388671875e+02, 2.810946960449219e+02, 2.806588134765625e+02, 2.802512817382812e+02, 2.798756103515625e+02, 2.795360107421875e+02, 2.793300476074219e+02, 2.79658935546875e+02, 2.796815185546875e+02, 2.79337890625e+02, 2.790471801757812e+02, 2.787630920410156e+02, 2.784139404296875e+02, 2.780559387207031e+02, 2.776942443847656e+02, 2.778332214355469e+02, 2.778997802734375e+02, 2.777237548828125e+02, 2.773551025390625e+02, 2.770232849121094e+02, 2.766888122558594e+02, 2.763505859375e+02, 2.760462951660156e+02, 2.757583923339844e+02, 2.759562683105469e+02, 2.760779724121094e+02, 2.758057556152344e+02, 2.755906982421875e+02, 2.753748779296875e+02, 2.75177490234375e+02, 2.749887390136719e+02, 2.748121337890625e+02, 2.747846069335938e+02, 2.752080383300781e+02, 2.753538208007812e+02, 2.7515283203125e+02, 2.750565795898438e+02, 2.7495166015625e+02, 2.748303527832031e+02, 2.747209777832031e+02, 2.746307678222656e+02, 2.760528564453125e+02, 2.776173706054688e+02, 2.774137878417969e+02, 2.770809326171875e+02, 2.76802001953125e+02, 2.764701538085938e+02, 2.758707885742188e+02, 2.752765808105469e+02, 2.747215881347656e+02, 2.7604296875e+02, 2.753885498046875e+02]
zoneAirTight.TSensor=[2.931499938964844e+02, 2.920556640625e+02, 2.915075988769531e+02, 2.910102844238281e+02, 2.9111474609375e+02, 2.909457397460938e+02, 2.904145812988281e+02, 2.899455871582031e+02, 2.8946875e+02, 2.889492797851562e+02, 2.884070434570312e+02, 2.878827514648438e+02, 2.875738220214844e+02, 2.87384521484375e+02, 2.869833068847656e+02, 2.864637145996094e+02, 2.860044250488281e+02, 2.855241394042969e+02, 2.851046752929688e+02, 2.847024536132812e+02, 2.843357238769531e+02, 2.84382568359375e+02, 2.842988586425781e+02, 2.840361022949219e+02, 2.837418212890625e+02, 2.834448852539062e+02, 2.831417846679688e+02, 2.827916870117188e+02, 2.824473571777344e+02, 2.821978454589844e+02, 2.827446899414062e+02, 2.827229919433594e+02, 2.822727661132812e+02, 2.818914489746094e+02, 2.814854736328125e+02, 2.810589904785156e+02, 2.806168823242188e+02, 2.801916809082031e+02, 2.81828369140625e+02, 2.8619287109375e+02, 2.867655029296875e+02, 2.853916015625e+02, 2.847450866699219e+02, 2.841398315429688e+02, 2.835589294433594e+02, 2.830188293457031e+02, 2.825205688476562e+02, 2.822728881835938e+02, 2.831252136230469e+02, 2.827674560546875e+02, 2.821832885742188e+02, 2.817435302734375e+02, 2.813339538574219e+02, 2.809449462890625e+02, 2.805879516601562e+02, 2.803681945800781e+02, 2.806453247070312e+02, 2.806171569824219e+02, 2.802453002929688e+02, 2.799534912109375e+02, 2.796652221679688e+02, 2.793280334472656e+02, 2.789755249023438e+02, 2.786160278320312e+02, 2.787579956054688e+02, 2.787868957519531e+02, 2.785898742675781e+02, 2.782098388671875e+02, 2.778821411132812e+02, 2.775555114746094e+02, 2.772179870605469e+02, 2.769086608886719e+02, 2.766114196777344e+02, 2.767817993164062e+02, 2.768613586425781e+02, 2.76568603515625e+02, 2.763332824707031e+02, 2.761065063476562e+02, 2.758916015625e+02, 2.756859741210938e+02, 2.754923095703125e+02, 2.75447998046875e+02, 2.757994995117188e+02, 2.758880310058594e+02, 2.756836853027344e+02, 2.755690307617188e+02, 2.754469604492188e+02, 2.753163757324219e+02, 2.751938171386719e+02, 2.750853271484375e+02, 2.764463806152344e+02, 2.779135437011719e+02, 2.777132873535156e+02, 2.774202270507812e+02, 2.77191162109375e+02, 2.769107971191406e+02, 2.764179077148438e+02, 2.759013061523438e+02, 2.754105834960938e+02, 2.768595581054688e+02, 2.762373046875e+02]
zoneFixedPressure.TSensor=[2.931499938964844e+02, 2.920556640625e+02, 2.915075988769531e+02, 2.910102844238281e+02, 2.9111474609375e+02, 2.909457397460938e+02, 2.904145812988281e+02, 2.899455871582031e+02, 2.8946875e+02, 2.889492797851562e+02, 2.884070434570312e+02, 2.878827514648438e+02, 2.875738220214844e+02, 2.87384521484375e+02, 2.869833068847656e+02, 2.864637145996094e+02, 2.860044250488281e+02, 2.855241394042969e+02, 2.851046752929688e+02, 2.847024536132812e+02, 2.843357238769531e+02, 2.84382568359375e+02, 2.842988586425781e+02, 2.840361022949219e+02, 2.837418212890625e+02, 2.834448852539062e+02, 2.831417846679688e+02, 2.827916870117188e+02, 2.824473571777344e+02, 2.821978454589844e+02, 2.827446899414062e+02, 2.827229919433594e+02, 2.822727661132812e+02, 2.818914489746094e+02, 2.814854736328125e+02, 2.810589904785156e+02, 2.806168823242188e+02, 2.801916809082031e+02, 2.81828369140625e+02, 2.8619287109375e+02, 2.867655029296875e+02, 2.853916015625e+02, 2.847450866699219e+02, 2.841398315429688e+02, 2.835589294433594e+02, 2.830188293457031e+02, 2.825205688476562e+02, 2.822728881835938e+02, 2.831252136230469e+02, 2.827674560546875e+02, 2.821832885742188e+02, 2.817435302734375e+02, 2.813339538574219e+02, 2.809449462890625e+02, 2.805879516601562e+02, 2.803681945800781e+02, 2.806453247070312e+02, 2.806171569824219e+02, 2.802453002929688e+02, 2.799534912109375e+02, 2.796652221679688e+02, 2.793280334472656e+02, 2.789755249023438e+02, 2.786160278320312e+02, 2.787579956054688e+02, 2.787868957519531e+02, 2.785898742675781e+02, 2.782098388671875e+02, 2.778821411132812e+02, 2.775555114746094e+02, 2.772179870605469e+02, 2.769086608886719e+02, 2.766114196777344e+02, 2.767817993164062e+02, 2.768613586425781e+02, 2.76568603515625e+02, 2.763332824707031e+02, 2.761065063476562e+02, 2.758916015625e+02, 2.756859741210938e+02, 2.754923095703125e+02, 2.75447998046875e+02, 2.757994995117188e+02, 2.758880310058594e+02, 2.756836853027344e+02, 2.755690307617188e+02, 2.754469604492188e+02, 2.753163757324219e+02, 2.751938171386719e+02, 2.750853271484375e+02, 2.764463806152344e+02, 2.779135437011719e+02, 2.777132873535156e+02, 2.774202270507812e+02, 2.77191162109375e+02, 2.769107971191406e+02, 2.764179077148438e+02, 2.759013061523438e+02, 2.754105834960938e+02, 2.768595581054688e+02, 2.762373046875e+02]
zoneFixedPressureN50.TSensor=[2.931499938964844e+02, 2.916735534667969e+02, 2.910495300292969e+02, 2.904927062988281e+02, 2.90549560546875e+02, 2.903615112304688e+02, 2.898084716796875e+02, 2.892918701171875e+02, 2.88765380859375e+02, 2.881884460449219e+02, 2.875966186523438e+02, 2.87030517578125e+02, 2.866764831542969e+02, 2.864689025878906e+02, 2.860631408691406e+02, 2.855306396484375e+02, 2.850501708984375e+02, 2.845363464355469e+02, 2.841240234375e+02, 2.837240600585938e+02, 2.833674011230469e+02, 2.834297180175781e+02, 2.833937072753906e+02, 2.831588745117188e+02, 2.828772277832031e+02, 2.825804443359375e+02, 2.82277587890625e+02, 2.819109802246094e+02, 2.815607299804688e+02, 2.813072814941406e+02, 2.818664855957031e+02, 2.818754272460938e+02, 2.814396057128906e+02, 2.810404357910156e+02, 2.806120300292969e+02, 2.801627197265625e+02, 2.797043151855469e+02, 2.7926904296875e+02, 2.808707885742188e+02, 2.85269287109375e+02, 2.857794799804688e+02, 2.843705749511719e+02, 2.836727600097656e+02, 2.830536499023438e+02, 2.824527893066406e+02, 2.819017028808594e+02, 2.813961791992188e+02, 2.811543273925781e+02, 2.819862976074219e+02, 2.816473388671875e+02, 2.810946960449219e+02, 2.806588134765625e+02, 2.802512817382812e+02, 2.798756103515625e+02, 2.795360107421875e+02, 2.793300476074219e+02, 2.79658935546875e+02, 2.796815185546875e+02, 2.79337890625e+02, 2.790471801757812e+02, 2.787630920410156e+02, 2.784139404296875e+02, 2.780559387207031e+02, 2.776942443847656e+02, 2.778332214355469e+02, 2.778997802734375e+02, 2.777237548828125e+02, 2.773551025390625e+02, 2.770232849121094e+02, 2.766888122558594e+02, 2.763505859375e+02, 2.760462951660156e+02, 2.757583923339844e+02, 2.759562683105469e+02, 2.760779724121094e+02, 2.758057556152344e+02, 2.755906982421875e+02, 2.753748779296875e+02, 2.75177490234375e+02, 2.749887390136719e+02, 2.748121337890625e+02, 2.747846069335938e+02, 2.752080383300781e+02, 2.753538208007812e+02, 2.7515283203125e+02, 2.750565795898438e+02, 2.7495166015625e+02, 2.748303527832031e+02, 2.747209777832031e+02, 2.746307678222656e+02, 2.760528564453125e+02, 2.776173706054688e+02, 2.774137878417969e+02, 2.770809326171875e+02, 2.76802001953125e+02, 2.764701538085938e+02, 2.758707885742188e+02, 2.752765808105469e+02, 2.747215881347656e+02, 2.7604296875e+02, 2.753885498046875e+02]
time=[0e+00, 1e+06]
