last-generated=2018-06-08
statistics-initialization=
{
  "nonlinear": "8",
  "numerical Jacobians": "0"
}
statistics-simulation=
{
  "linear": "0, 0, 0, 0, 0, 0, 0, 5, 5, 0, 0, 0, 0, 0",
  "nonlinear": "1",
  "number of continuous time states": "32",
  "numerical Jacobians": "0"
}
structure.TSensor[1]=[2.931499938964844e+02, 2.946543884277344e+02, 2.949976806640625e+02, 2.951458129882812e+02, 2.932216491699219e+02, 2.94656494140625e+02, 2.950438537597656e+02, 2.939735717773438e+02, 2.941060180664062e+02, 2.949068298339844e+02, 2.950172119140625e+02, 2.9331640625e+02, 2.947062683105469e+02, 2.950892333984375e+02, 2.935097045898438e+02, 2.944176330566406e+02, 2.950078430175781e+02, 2.940259399414062e+02, 2.940161437988281e+02, 2.949002990722656e+02, 2.947117309570312e+02, 2.934325866699219e+02, 2.947552490234375e+02, 2.951258850097656e+02, 2.933049621582031e+02, 2.945639953613281e+02, 2.950644226074219e+02, 2.936233215332031e+02, 2.943019409179688e+02, 2.949991760253906e+02, 2.939037780761719e+02, 2.9402978515625e+02, 2.950549926757812e+02, 2.935347290039062e+02, 2.942561645507812e+02, 2.945606079101562e+02, 2.932946166992188e+02, 2.946331787109375e+02, 2.940582580566406e+02, 2.9321240234375e+02, 2.948330688476562e+02, 2.938306579589844e+02, 2.932071228027344e+02, 2.948133850097656e+02, 2.938537292480469e+02, 2.932385559082031e+02, 2.946080932617188e+02, 2.940470275878906e+02, 2.932685546875e+02, 2.945395812988281e+02, 2.941522827148438e+02, 2.932641906738281e+02, 2.946277160644531e+02, 2.941151123046875e+02, 2.932097473144531e+02, 2.947869262695312e+02, 2.939987182617188e+02, 2.933360900878906e+02, 2.949136657714844e+02, 2.938395080566406e+02, 2.937686462402344e+02, 2.949900207519531e+02, 2.937040405273438e+02, 2.940505676269531e+02, 2.950399780273438e+02, 2.935966491699219e+02, 2.942271423339844e+02, 2.95066162109375e+02, 2.935346984863281e+02, 2.943218383789062e+02, 2.950693054199219e+02, 2.935323791503906e+02, 2.943354797363281e+02, 2.950492858886719e+02, 2.9361669921875e+02, 2.942546081542969e+02, 2.950091552734375e+02, 2.938038940429688e+02, 2.940689697265625e+02, 2.949399108886719e+02, 2.942053833007812e+02, 2.9367236328125e+02, 2.948212890625e+02, 2.95146240234375e+02, 2.932407531738281e+02, 2.945979614257812e+02, 2.950413818359375e+02, 2.939237060546875e+02, 2.940103454589844e+02, 2.948293762207031e+02, 2.950710754394531e+02, 2.940917663574219e+02, 2.9391064453125e+02, 2.947580871582031e+02, 2.94999267578125e+02, 2.9511474609375e+02, 2.936942138671875e+02, 2.942101745605469e+02, 2.948180847167969e+02, 2.950133972167969e+02, 2.951118469238281e+02]
time=[0e+00, 1e+05]
heating.QHeaSys=[0e+00, 2e+03, 2e+03, 2e+03, 2e+03, 2e+03, 2e+03, 0e+00, 2e+03, 2e+03, 0e+00, 2e+03, 2e+03, 2e+03, 0e+00, 2e+03, 2e+03, 0e+00, 2e+03, 2e+03, 0e+00, 2e+03, 2e+03, 2e+03, 0e+00, 2e+03, 2e+03, 0e+00, 2e+03, 2e+03, 0e+00, 2e+03, 2e+03, 0e+00, 2e+03, 0e+00, 0e+00, 2e+03, 0e+00, 0e+00, 2e+03, 0e+00, 0e+00, 2e+03, 0e+00, 0e+00, 2e+03, 0e+00, 0e+00, 2e+03, 0e+00, 0e+00, 2e+03, 0e+00, 0e+00, 2e+03, 0e+00, 1.99999999999975e+03, 2e+03, 0e+00, 2e+03, 2e+03, 0e+00, 2e+03, 2e+03, 0e+00, 2e+03, 2e+03, 0e+00, 2e+03, 2e+03, 0e+00, 2e+03, 2e+03, 0e+00, 2e+03, 2e+03, 0e+00, 2e+03, 2e+03, 0e+00, 2e+03, 2e+03, 0e+00, 0e+00, 2e+03, 2e+03, 0e+00, 2e+03, 2e+03, 2e+03, 0e+00, 2e+03, 2e+03, 2e+03, 2e+03, 0e+00, 2e+03, 2e+03, 2e+03, 2e+03]
