last-generated=2017-12-20
statistics-initialization=
{
  "linear": "3"
}
statistics-simulation=
{
  "numerical Jacobians": "0", 
  "nonlinear": " ", 
  "number of continuous time states": "3", 
  "linear": "0, 0, 2"
}
thermalZoneOneElement.TAir=[2.951499938964844e+02, 3.013307922363281e+02, 2.87718408203125e+02, 2.898181518554687e+02, 3.033273742675781e+02, 2.901604309082031e+02, 2.925338623046875e+02, 3.0294736328125e+02, 2.889912353515625e+02, 2.921239440917969e+02, 3.08426513671875e+02, 2.909895568847656e+02, 2.946796997070313e+02, 3.142959594726562e+02, 2.93436376953125e+02, 2.978699340820312e+02, 3.101792541503906e+02, 2.971177795410156e+02, 3.127458190917969e+02, 3.156784362792969e+02, 3.012151794433594e+02, 3.135538818359375e+02, 3.032765258789062e+02, 2.962942260742187e+02, 3.195548767089844e+02, 3.04849365234375e+02, 3.002539916992188e+02, 3.157254638671875e+02, 3.012531982421875e+02, 3.017516418457031e+02, 3.25909912109375e+02, 3.000715270996094e+02, 3.059277099609375e+02, 3.380351501464844e+02, 3.045190124511719e+02, 3.1079541015625e+02, 3.438316101074219e+02, 3.026282348632812e+02, 3.201370849609375e+02, 3.457034240722656e+02, 3.055982666015625e+02, 3.216230346679687e+02, 3.358631774902344e+02, 3.10273486328125e+02, 3.288283142089844e+02, 3.162120666503906e+02, 3.028170776367188e+02, 3.199091003417969e+02, 3.039633361816406e+02, 3.085733337402344e+02, 3.312215881347656e+02, 3.0514482421875e+02, 3.105564758300781e+02, 3.3773447265625e+02, 3.051138610839844e+02, 3.106100769042969e+02, 3.43482275390625e+02, 3.067547912597656e+02, 3.209987854003906e+02, 3.460099548339844e+02, 3.08283447265625e+02, 3.27181396484375e+02, 3.067024841308594e+02, 3.054088256835938e+02, 3.234810241699219e+02, 3.01277099609375e+02, 3.045443054199219e+02, 3.237329284667969e+02, 3.015550109863281e+02, 3.064813415527344e+02, 3.216615600585938e+02, 3.037900512695313e+02, 3.032381408691406e+02, 3.29924072265625e+02, 2.99021875e+02, 3.009179077148438e+02, 3.349443542480469e+02, 2.989948913574219e+02, 3.116462585449219e+02, 3.303567626953125e+02, 3.005639038085938e+02, 3.114418212890625e+02, 3.004256530761719e+02, 2.968246154785156e+02, 3.120750854492188e+02, 2.924377746582031e+02, 2.938723937988281e+02, 3.116590942382812e+02, 2.931693664550781e+02, 2.969515258789062e+02, 3.093056640625e+02, 2.916555114746094e+02, 2.933478088378906e+02, 3.033171508789063e+02, 2.889239562988281e+02, 2.914093933105469e+02, 3.004548095703125e+02, 2.89641064453125e+02, 2.995442993164062e+02, 2.976952026367188e+02, 2.912436828613281e+02]
time=[0e+00, 3.1536e+07]
