<<<<<<< HEAD
last-generated=2015-07-04
statistics-simulation={'numerical Jacobians': '0', 'nonlinear': '1', 'number of continuous time states': '2', 'linear': '0'}
radiator.QNom=[3000., 3000.]
prescribedTemperature.port.Q_flow=[0., 2566.32666015625, 2953.306640625, 2995.1875, 2999.533447265625, 2999.999755859375, 3000.055908203125, 3000.03125, 3000.010009765625, 3000.00537109375, 3000.001953125, 3000.00146484375, 3000.0009765625, 3000.00048828125, 3000.000244140625, 3000.000244140625, 3000.000244140625, 3000.000244140625, 3000., 3000., 3000., 3000., 3000., 3000., 3000., 3000., 3000., 3000., 3000., 3000., 3000., 3000., 3000., 3000., 3000., 3000., 3000., 3000., 3000., 3000., 3000., 3000., 3000., 3000., 3000., 3000., 3000., 3000., 3000., 3000., 3000., 3000., 3000., 3000., 3000., 3000., 3000., 3000., 3000., 3000., 3000., 3000., 3000., 3000., 3000., 3000., 3000., 3000., 3000., 3000., 3000., 3000., 3000., 3000., 3000., 3000., 3000., 3000., 3000., 3000., 3000., 3000., 3000., 3000., 3000., 3000., 3000., 3000., 3000., 3000., 3000., 3000., 3000., 3000., 3000., 3000., 3000., 3000., 3000., 3000., 3000.]
=======
last-generated=2015-06-27
statistics-simulation={'numerical Jacobians': '0', 'nonlinear': ' ', 'number of continuous time states': '2', 'linear': '0'}
radiator.QNom=[3000., 3000.]
prescribedTemperature.port.Q_flow=[0., 2559.88134765625, 2950.415771484375, 2995.809326171875, 2999.24365234375, 2999.721923828125, 2999.908203125, 2999.936767578125, 2999.965087890625, 2999.98779296875, 2999.98974609375, 2999.99169921875, 2999.993896484375, 2999.995849609375, 2999.997802734375, 2999.9990234375, 2999.999267578125, 2999.999267578125, 2999.999267578125, 2999.99951171875, 2999.99951171875, 2999.99951171875, 2999.999755859375, 2999.999755859375, 2999.999755859375, 2999.999755859375, 3000., 3000., 3000., 3000., 3000., 3000., 3000., 3000., 3000., 3000., 3000., 3000., 3000., 3000., 3000., 3000., 3000., 3000., 3000., 3000., 3000., 3000., 3000., 3000., 3000., 3000., 3000., 3000., 3000., 3000., 3000., 3000., 3000., 3000., 3000., 3000., 3000., 3000., 3000., 3000., 3000., 3000., 3000., 3000., 3000., 3000., 3000., 3000., 3000., 3000., 3000., 3000., 3000., 3000., 3000., 3000., 3000., 3000., 3000., 3000., 3000., 3000., 3000., 3000., 3000., 3000., 3000., 3000., 3000., 3000., 3000., 3000., 3000., 3000., 3000.]
>>>>>>> OMcompatibility
time=[0., 100000.]
