last-generated=2018-06-05
statistics-initialization=
{
  "nonlinear": "7, 6, 7, 6",
  "numerical Jacobians": "0"
}
statistics-simulation=
{
  "linear": "0, 0, 0, 0, 0, 0, 0, 0, 0, 0, 0, 5, 0, 0, 0, 0, 0, 0, 0, 0, 0, 0, 0, 0, 0, 0, 0,   0, 0, 0, 0, 0, 0, 0, 0, 0, 0, 0, 5, 0, 0, 0, 0, 0, 0, 0",
  "nonlinear": "1",
  "number of continuous time states": "112",
  "numerical Jacobians": "0"
}
zone1_b.TSensor=[2.931499938964844e+02, 2.917487487792969e+02, 2.911923217773438e+02, 2.907082214355469e+02, 2.90761474609375e+02, 2.905788879394531e+02, 2.900635070800781e+02, 2.895902099609375e+02, 2.891085510253906e+02, 2.885799560546875e+02, 2.880414123535156e+02, 2.875274353027344e+02, 2.872124328613281e+02, 2.870055847167969e+02, 2.866124877929688e+02, 2.861151123046875e+02, 2.856650390625e+02, 2.85185302734375e+02, 2.847992553710938e+02, 2.844251403808594e+02, 2.840883483886719e+02, 2.841285705566406e+02, 2.840675354003906e+02, 2.838173522949219e+02, 2.83530517578125e+02, 2.832337341308594e+02, 2.829284362792969e+02, 2.825697326660156e+02, 2.822290954589844e+02, 2.820001525878906e+02, 2.824595642089844e+02, 2.824207153320312e+02, 2.819684448242188e+02, 2.815660095214844e+02, 2.811458129882812e+02, 2.807100524902344e+02, 2.802731323242188e+02, 2.798594970703125e+02, 2.813117980957031e+02, 2.850326538085938e+02, 2.851619873046875e+02, 2.838259887695312e+02, 2.831589050292969e+02, 2.825612487792969e+02, 2.819864807128906e+02, 2.814700317382812e+02, 2.810091552734375e+02, 2.807927856445312e+02, 2.815424499511719e+02, 2.811852416992188e+02, 2.806664428710938e+02, 2.802671813964844e+02, 2.798979797363281e+02, 2.795655517578125e+02, 2.7926708984375e+02, 2.791207885742188e+02, 2.794099731445312e+02, 2.7942333984375e+02, 2.791000366210938e+02, 2.788352355957031e+02, 2.785787963867188e+02, 2.782605895996094e+02, 2.779303283691406e+02, 2.776030578613281e+02, 2.777453918457031e+02, 2.778139953613281e+02, 2.776380615234375e+02, 2.772965087890625e+02, 2.769844665527344e+02, 2.766760864257812e+02, 2.763706359863281e+02, 2.76099365234375e+02, 2.758498840332031e+02, 2.760493774414062e+02, 2.761587829589844e+02, 2.758994750976562e+02, 2.756878662109375e+02, 2.754827880859375e+02, 2.752975463867188e+02, 2.751218872070312e+02, 2.74957763671875e+02, 2.749598999023438e+02, 2.75341796875e+02, 2.754429321289062e+02, 2.752471923828125e+02, 2.751476440429688e+02, 2.750427551269531e+02, 2.749227294921875e+02, 2.748143310546875e+02, 2.747249145507812e+02, 2.759633483886719e+02, 2.773084411621094e+02, 2.770901794433594e+02, 2.767691650390625e+02, 2.765085144042969e+02, 2.761800231933594e+02, 2.756012878417969e+02, 2.750476684570312e+02, 2.745599060058594e+02, 2.757315673828125e+02, 2.750692138671875e+02]
zone1_a.TSensor=[2.931499938964844e+02, 2.916968078613281e+02, 2.911123657226562e+02, 2.906050109863281e+02, 2.906986389160156e+02, 2.905362854003906e+02, 2.900046691894531e+02, 2.895135498046875e+02, 2.890130615234375e+02, 2.884626159667969e+02, 2.878971252441406e+02, 2.873585510253906e+02, 2.87039306640625e+02, 2.868529663085938e+02, 2.864570617675781e+02, 2.859402160644531e+02, 2.854758911132812e+02, 2.849818725585938e+02, 2.845857849121094e+02, 2.842021484375e+02, 2.838577880859375e+02, 2.839281005859375e+02, 2.838893737792969e+02, 2.836450805664062e+02, 2.833540649414062e+02, 2.830533752441406e+02, 2.82742919921875e+02, 2.823757019042969e+02, 2.820263061523438e+02, 2.817957153320312e+02, 2.823369445800781e+02, 2.823267822265625e+02, 2.818767395019531e+02, 2.814712524414062e+02, 2.810440368652344e+02, 2.805970153808594e+02, 2.801464538574219e+02, 2.797189331054688e+02, 2.813346862792969e+02, 2.8576220703125e+02, 2.862302856445312e+02, 2.847958068847656e+02, 2.840887756347656e+02, 2.834651794433594e+02, 2.82861572265625e+02, 2.823086853027344e+02, 2.818057861328125e+02, 2.815674743652344e+02, 2.824102478027344e+02, 2.820527954101562e+02, 2.814873657226562e+02, 2.810469360351562e+02, 2.806354064941406e+02, 2.802593688964844e+02, 2.799174194335938e+02, 2.797356567382812e+02, 2.800361022949219e+02, 2.800325012207031e+02, 2.796704711914062e+02, 2.793667602539062e+02, 2.790734252929688e+02, 2.787198181152344e+02, 2.783594055175781e+02, 2.780003662109375e+02, 2.781327819824219e+02, 2.782026672363281e+02, 2.780103454589844e+02, 2.776366882324219e+02, 2.773009643554688e+02, 2.769658508300781e+02, 2.766312561035156e+02, 2.763323669433594e+02, 2.760564575195312e+02, 2.762676086425781e+02, 2.763806457519531e+02, 2.761060180664062e+02, 2.758793029785156e+02, 2.756585083007812e+02, 2.7545703125e+02, 2.752655944824219e+02, 2.750859375e+02, 2.750823059082031e+02, 2.754869384765625e+02, 2.756014709472656e+02, 2.753872985839844e+02, 2.752778930664062e+02, 2.751638488769531e+02, 2.750351257324219e+02, 2.7491943359375e+02, 2.748235778808594e+02, 2.7621630859375e+02, 2.778036499023438e+02, 2.775526428222656e+02, 2.771985473632812e+02, 2.769010314941406e+02, 2.765514526367188e+02, 2.759539184570312e+02, 2.753703308105469e+02, 2.748555297851562e+02, 2.762141723632812e+02, 2.755497131347656e+02]
time=[0e+00, 1e+06]
zone2_b.TSensor=[2.931499938964844e+02, 2.921728210449219e+02, 2.916937255859375e+02, 2.91238525390625e+02, 2.909849243164062e+02, 2.907493286132812e+02, 2.9038525390625e+02, 2.899883422851562e+02, 2.895681457519531e+02, 2.891072998046875e+02, 2.886324768066406e+02, 2.881585693359375e+02, 2.877313842773438e+02, 2.87417236328125e+02, 2.870576477050781e+02, 2.866383666992188e+02, 2.862174987792969e+02, 2.857679138183594e+02, 2.853783874511719e+02, 2.850013732910156e+02, 2.846556396484375e+02, 2.84465576171875e+02, 2.843350524902344e+02, 2.841261596679688e+02, 2.83882080078125e+02, 2.836164245605469e+02, 2.833396301269531e+02, 2.830224609375e+02, 2.827081298828125e+02, 2.824098510742188e+02, 2.823804016113281e+02, 2.823018493652344e+02, 2.820512390136719e+02, 2.817520751953125e+02, 2.814174194335938e+02, 2.810593872070312e+02, 2.806849975585938e+02, 2.803175048828125e+02, 2.803061218261719e+02, 2.816422119140625e+02, 2.821657409667969e+02, 2.817711486816406e+02, 2.815170288085938e+02, 2.812432861328125e+02, 2.809421081542969e+02, 2.80654296875e+02, 2.803783874511719e+02, 2.802031860351562e+02, 2.802951354980469e+02, 2.802442932128906e+02, 2.799740905761719e+02, 2.797325134277344e+02, 2.794934387207031e+02, 2.792665710449219e+02, 2.790552062988281e+02, 2.788739624023438e+02, 2.789549560546875e+02, 2.789779052734375e+02, 2.788060913085938e+02, 2.786319885253906e+02, 2.784536743164062e+02, 2.782270812988281e+02, 2.779878540039062e+02, 2.777296142578125e+02, 2.775830078125e+02, 2.775627746582031e+02, 2.774566345214844e+02, 2.772433471679688e+02, 2.770237121582031e+02, 2.767946166992188e+02, 2.765525512695312e+02, 2.763234252929688e+02, 2.760986633300781e+02, 2.760315246582031e+02, 2.760108642578125e+02, 2.758702087402344e+02, 2.757279663085938e+02, 2.755723266601562e+02, 2.754216003417969e+02, 2.752738342285156e+02, 2.75130615234375e+02, 2.750215148925781e+02, 2.75129150390625e+02, 2.7520068359375e+02, 2.751085205078125e+02, 2.750480041503906e+02, 2.749777526855469e+02, 2.748938598632812e+02, 2.748161315917969e+02, 2.747499084472656e+02, 2.750441284179688e+02, 2.757124633789062e+02, 2.758732299804688e+02, 2.758149108886719e+02, 2.757180786132812e+02, 2.755448608398438e+02, 2.751694946289062e+02, 2.748045654296875e+02, 2.74429931640625e+02, 2.744943542480469e+02, 2.742565002441406e+02]
zone2_a.TSensor=[2.931499938964844e+02, 2.922725830078125e+02, 2.918438720703125e+02, 2.914318237304688e+02, 2.911360473632812e+02, 2.908843383789062e+02, 2.905538940429688e+02, 2.90190673828125e+02, 2.898050537109375e+02, 2.893837280273438e+02, 2.889546203613281e+02, 2.885225219726562e+02, 2.881093139648438e+02, 2.877785034179688e+02, 2.874314880371094e+02, 2.870450439453125e+02, 2.866507263183594e+02, 2.862286682128906e+02, 2.85860107421875e+02, 2.855014038085938e+02, 2.851695556640625e+02, 2.849376831054688e+02, 2.8477978515625e+02, 2.845651550292969e+02, 2.843285522460938e+02, 2.840701293945312e+02, 2.838023376464844e+02, 2.834996337890625e+02, 2.831995239257812e+02, 2.829037780761719e+02, 2.827662658691406e+02, 2.826479187011719e+02, 2.824019470214844e+02, 2.821122131347656e+02, 2.817916259765625e+02, 2.814530639648438e+02, 2.811006164550781e+02, 2.807545776367188e+02, 2.805108947753906e+02, 2.807218933105469e+02, 2.808358154296875e+02, 2.806545715332031e+02, 2.804881591796875e+02, 2.802935180664062e+02, 2.800751037597656e+02, 2.7985302734375e+02, 2.796350708007812e+02, 2.794747314453125e+02, 2.793945922851562e+02, 2.793159484863281e+02, 2.791458129882812e+02, 2.789647216796875e+02, 2.787794189453125e+02, 2.786021728515625e+02, 2.784375305175781e+02, 2.782896423339844e+02, 2.783242492675781e+02, 2.783529968261719e+02, 2.782337036132812e+02, 2.781023864746094e+02, 2.77964111328125e+02, 2.777787780761719e+02, 2.775761108398438e+02, 2.773568725585938e+02, 2.772097473144531e+02, 2.771744384765625e+02, 2.770836791992188e+02, 2.769124755859375e+02, 2.767232971191406e+02, 2.765272827148438e+02, 2.763215637207031e+02, 2.761261901855469e+02, 2.759334716796875e+02, 2.758434753417969e+02, 2.758097534179688e+02, 2.756890563964844e+02, 2.75566162109375e+02, 2.754304504394531e+02, 2.752995910644531e+02, 2.751712646484375e+02, 2.750465393066406e+02, 2.749408264160156e+02, 2.750065002441406e+02, 2.750570678710938e+02, 2.749836120605469e+02, 2.749359741210938e+02, 2.748771057128906e+02, 2.748041381835938e+02, 2.747354125976562e+02, 2.746765441894531e+02, 2.747866516113281e+02, 2.751683044433594e+02, 2.753250427246094e+02, 2.753002319335938e+02, 2.752019958496094e+02, 2.750460815429688e+02, 2.747549133300781e+02, 2.74447021484375e+02, 2.741186218261719e+02, 2.739017028808594e+02, 2.736847534179688e+02]
