last-generated=2017-12-20
statistics-initialization=
{
  "numerical Jacobians": "0", 
  "nonlinear": "1, 1, 1, 1, 7, 1, 1"
}
statistics-simulation=
{
  "numerical Jacobians": "0", 
  "nonlinear": "0, 0, 1, 1, 7, 1, 1", 
  "number of continuous time states": "74", 
  "linear": "24"
}
pmpSouth.m_flow=[0e+00, 3.545565366744995e+00, 5.229369640350342e+00, 5.277186870574951e+00, 5.183066368103027e+00, 5.114432811737061e+00, 5.076565742492676e+00, 5.06385326385498e+00, 5.071053981781006e+00, 5.092556476593018e+00, 5.122944831848145e+00, 5.156274318695068e+00, 5.18718957901001e+00, 5.222352981567383e+00, 5.25769567489624e+00, 5.290539264678955e+00, 5.32011079788208e+00, 5.346389770507812e+00, 5.36957311630249e+00, 5.389893054962158e+00, 5.407564640045166e+00, 5.422774314880371e+00, 5.43567943572998e+00, 5.4464111328125e+00, 5.455076217651367e+00, 5.461759090423584e+00, 5.466525077819824e+00, 5.778987884521484e+00, 6.106730937957764e+00, 6.244175910949707e+00, 6.263287544250488e+00, 6.233736038208008e+00, 6.194439888000488e+00, 6.158919811248779e+00, 6.128512382507324e+00, 6.101109504699707e+00, 6.074445247650146e+00, 6.043451309204102e+00, 6.012558460235596e+00, 5.980763912200928e+00, 5.945429801940918e+00, 5.905558109283447e+00, 5.860684871673584e+00, 5.810432910919189e+00, 5.754379272460938e+00, 5.692055225372314e+00, 5.622913837432861e+00, 5.546346664428711e+00, 5.461686611175537e+00, 5.368211269378662e+00, 5.265146255493164e+00, 4.081644535064697e+00, 1.599074840545654e+00, 4.9126997590065e-01, 8.913303166627884e-02, 8.185243234038353e-03, 7.014062721282244e-04, 5.776061516371556e-05, 4.589254785969388e-06, 3.648204938144772e-07, 2.75313905007124e-08, 2.049859393338238e-09, 1.414539735344889e-10, 8.975192117288699e-12, 6.350804756215245e-13, 4.127564785729072e-14, 3.486959569896334e-15, 1.634532448508628e-16, 2.43883516437746e-17, 1.046584148896185e-17, -4.635843993956982e-18, -5.433641393393324e-19, 1.256216242022285e-18, -2.470395061917048e-19, -1.60453535467407e-19, -9.162489005968088e-20, 2.76692641913198e-21, 9.817491347978189e-23, 5.208018281071596e-24, 5.820414946099193e-25, 1.055873928122638e-25, 2.126002788506773e-26, 3.835232565192599e-27, 5.952459160572991e-28, 8.695009762546529e-29, 1.142702609948472e-29, 1.362120253817593e-30, 1.627749110281381e-31, 9.9554541443139e-33, 1.156625646110674e-33, 1.846078148218679e-35, 1.69961764338249e-36, 1.604208836140471e-37, -6.503788268454658e-38, -5.071457769377675e-38, -4.660647226122661e-39, 1.553852643331542e-38, 1.687663614598844e-39, -7.778761918298135e-40, 2.179453514549031e-40, 3.112746317758646e-40]
pmpNorth.m_flow=[0e+00, 3.940224170684814e+00, 5.780961990356445e+00, 5.80862283706665e+00, 5.689352989196777e+00, 5.604521751403809e+00, 5.557573795318604e+00, 5.541097640991211e+00, 5.548549652099609e+00, 5.573101997375488e+00, 5.608231067657471e+00, 5.647521018981934e+00, 5.682868480682373e+00, 5.723110675811768e+00, 5.763851165771484e+00, 5.801689147949219e+00, 5.835644245147705e+00, 5.865693092346191e+00, 5.892088890075684e+00, 5.915131092071533e+00, 5.935095310211182e+00, 5.952221393585205e+00, 5.966710090637207e+00, 5.978728294372559e+00, 5.988410949707031e+00, 5.995866775512695e+00, 6.001176834106445e+00, 6.391909599304199e+00, 6.808483600616455e+00, 6.981559276580811e+00, 7.000467777252197e+00, 6.957563400268555e+00, 6.90416955947876e+00, 6.85747766494751e+00, 6.818714618682861e+00, 6.784785270690918e+00, 6.752520561218262e+00, 6.716270446777344e+00, 6.678719520568848e+00, 6.640993118286133e+00, 6.59932279586792e+00, 6.552195072174072e+00, 6.49893856048584e+00, 6.439038753509521e+00, 6.37193775177002e+00, 6.29702091217041e+00, 6.213578224182129e+00, 6.120830059051514e+00, 6.017936229705811e+00, 5.904006958007812e+00, 5.778124809265137e+00, 4.468039512634277e+00, 1.749344825744629e+00, 5.337029695510864e-01, 1.010797321796417e-01, 9.263459593057632e-03, 7.919314666651189e-04, 6.500628660432994e-05, 5.143262114870595e-06, 4.066980352490646e-07, 3.049383678899176e-08, 2.253134789853561e-09, 1.541249905478992e-10, 9.684664528664122e-12, 6.782089538408254e-13, 4.361157160230611e-14, 3.645899161459736e-15, 1.69230750704966e-16, 2.50294033836134e-17, 1.066128441537343e-17, -4.693638689765755e-18, -5.475820366803169e-19, 1.261906520853614e-18, -2.479133708100788e-19, -1.606340417867026e-19, -9.166202917671481e-20, 2.775217208406334e-21, 9.843071267235247e-23, 5.220233397758491e-24, 5.833156035794644e-25, 1.058151394207914e-25, 2.130988790021198e-26, 3.846238099266805e-27, 5.975967542956668e-28, 8.74599153558689e-29, 1.152821340551989e-29, 1.380049457893623e-30, 1.658652974313934e-31, 1.021640727804072e-32, 1.197231261749907e-33, 1.928273643646373e-35, 1.794071168645798e-36, 1.711758269069646e-37, -7.01404868346311e-38, -5.524539041328432e-38, -5.12372031664344e-39, 1.722120142538127e-38, 1.883425010065021e-39, -8.731560796131151e-40, 2.458045662241448e-40, 3.524013404053336e-40]
time=[0e+00, 1e+03]
