last-generated=2018-06-13
statistics-simulation=
{
  "linear": " ",
  "nonlinear": " ",
  "numerical Jacobians": "0"
}
masFra1.phi=[0e+00, 2e-02, 4e-02, 6e-02, 8e-02, 1e-01, 1.2e-01, 1.4e-01, 1.6e-01, 1.8e-01, 2e-01, 2.2e-01, 2.4e-01, 2.6e-01, 2.8e-01, 3e-01, 3.2e-01, 3.4e-01, 3.6e-01, 3.8e-01, 4e-01, 4.2e-01, 4.4e-01, 4.6e-01, 4.8e-01, 5e-01, 5.2e-01, 5.4e-01, 5.600000000000001e-01, 5.8e-01, 6e-01, 6.2e-01, 6.4e-01, 6.6e-01, 6.8e-01, 7e-01, 7.2e-01, 7.4e-01, 7.6e-01, 7.8e-01, 8e-01, 8.2e-01, 8.4e-01, 8.6e-01, 8.8e-01, 9e-01, 9.2e-01, 9.399999999999999e-01, 9.6e-01, 9.8e-01, 1e+00, 1e+00, 1e+00, 1e+00, 1e+00, 1e+00, 1e+00, 1e+00, 1e+00, 1e+00, 1e+00, 1e+00, 1e+00, 1e+00, 1e+00, 1e+00, 1e+00, 1e+00, 1e+00, 1e+00, 1e+00, 1e+00, 1e+00, 1e+00, 1e+00, 1e+00, 1e+00, 1e+00, 1e+00, 1e+00, 1e+00, 1e+00, 1e+00, 1e+00, 1e+00, 1e+00, 1e+00, 1e+00, 1e+00, 1e+00, 1e+00, 1e+00, 1e+00, 1e+00, 1e+00, 1e+00, 1e+00, 1e+00, 1e+00, 1e+00, 1e+00]
time=[0e+00, 1e+00]
masFra2.X[1]=[0e+00, 1.508566817463908e-04, 3.01741012132958e-04, 4.526530493673334e-04, 6.035927352419173e-04, 7.545600998417717e-04, 9.055552275345388e-04, 1.056578005819499e-03, 1.207628547218433e-03, 1.358706682903414e-03, 1.509812637997169e-03, 1.660946416364602e-03, 1.812107785175745e-03, 1.963296977260463e-03, 2.114513879941234e-03, 2.265758489441399e-03, 2.41703126402082e-03, 2.5683312871944e-03, 2.719659250017323e-03, 2.87101537804239e-03, 3.022398987369093e-03, 3.173810529155073e-03, 3.325249784985764e-03, 3.476716747635781e-03, 3.628211875697772e-03, 3.77973448485136e-03, 3.931285492333609e-03, 4.082863522106569e-03, 4.234469943300882e-03, 4.386104304231551e-03, 4.537766152861644e-03, 4.689456393164277e-03, 4.841174573200771e-03, 4.992919775030595e-03, 5.144693834441549e-03, 5.296495833585806e-03, 5.448324854274707e-03, 5.600182732792871e-03, 5.752068085385829e-03, 5.903981843369491e-03, 6.05592262256029e-03, 6.207892259920079e-03, 6.359889837013173e-03, 6.511914435063047e-03, 6.663967891531157e-03, 6.816049287734793e-03, 6.968158635961599e-03, 7.120295911539139e-03, 7.272461126851095e-03, 7.424654293939198e-03, 7.576875854283571e-03, 7.679510960214683e-03, 7.783373551657211e-03, 7.888476667160508e-03, 7.994833173042944e-03, 8.102455978835372e-03, 8.2113584242659e-03, 8.32155261675681e-03, 8.433053457382591e-03, 8.545873053315285e-03, 8.660024689887101e-03, 8.775522766419165e-03, 8.892381507799533e-03, 9.010613952724105e-03, 9.130234071071467e-03, 9.251256763913996e-03, 9.373694335680714e-03, 9.497563146987317e-03, 9.622877373651943e-03, 9.74965098563624e-03, 9.877899815601112e-03, 1.000763690191545e-02, 1.013887822159737e-02, 1.027163930876438e-02, 1.040593521842088e-02, 1.054178085178137e-02, 1.067919204167599e-02, 1.081818462033982e-02, 1.095877442029661e-02, 1.11009754900607e-02, 1.12448072201217e-02, 1.139028366896144e-02, 1.15374206693599e-02, 1.168623684764335e-02, 1.183674710495735e-02, 1.198896729253147e-02, 1.214291692009903e-02, 1.229861091815725e-02, 1.245606884468447e-02, 1.261530466958594e-02, 1.277633888183173e-02, 1.293918633775186e-02, 1.310386760493555e-02, 1.327039941356992e-02, 1.34387994589283e-02, 1.360908636769729e-02, 1.378127876610883e-02, 1.395539330574861e-02, 1.413145161963885e-02, 1.430947130257487e-02, 1.448947098106146e-02]
masFra1.X[1]=[0e+00, 1.508566817463908e-04, 3.01741012132958e-04, 4.526530493673334e-04, 6.035927352419173e-04, 7.545600998417717e-04, 9.055552275345388e-04, 1.056578005819499e-03, 1.207628547218433e-03, 1.358706682903414e-03, 1.509812637997169e-03, 1.660946416364602e-03, 1.812107785175745e-03, 1.963296977260463e-03, 2.114513879941234e-03, 2.265758489441399e-03, 2.41703126402082e-03, 2.5683312871944e-03, 2.719659250017323e-03, 2.87101537804239e-03, 3.022398987369093e-03, 3.173810529155073e-03, 3.325249784985764e-03, 3.476716747635781e-03, 3.628211875697772e-03, 3.77973448485136e-03, 3.931285492333609e-03, 4.082863522106569e-03, 4.234469943300882e-03, 4.386104304231551e-03, 4.537766152861644e-03, 4.689456393164277e-03, 4.841174573200771e-03, 4.992919775030595e-03, 5.144693834441549e-03, 5.296495833585806e-03, 5.448324854274707e-03, 5.600182732792871e-03, 5.752068085385829e-03, 5.903981843369491e-03, 6.05592262256029e-03, 6.207892259920079e-03, 6.359889837013173e-03, 6.511914435063047e-03, 6.663967891531157e-03, 6.816049287734793e-03, 6.968158635961599e-03, 7.120295911539139e-03, 7.272461126851095e-03, 7.424654293939198e-03, 7.576875854283571e-03, 7.679510960214683e-03, 7.783373551657211e-03, 7.888476667160508e-03, 7.994833173042944e-03, 8.102455978835372e-03, 8.2113584242659e-03, 8.32155261675681e-03, 8.433053457382591e-03, 8.545873053315285e-03, 8.660024689887101e-03, 8.775522766419165e-03, 8.892381507799533e-03, 9.010613952724105e-03, 9.130234071071467e-03, 9.251256763913996e-03, 9.373694335680714e-03, 9.497563146987317e-03, 9.622877373651943e-03, 9.74965098563624e-03, 9.877899815601112e-03, 1.000763690191545e-02, 1.013887822159737e-02, 1.027163930876438e-02, 1.040593521842088e-02, 1.054178085178137e-02, 1.067919204167599e-02, 1.081818462033982e-02, 1.095877442029661e-02, 1.11009754900607e-02, 1.12448072201217e-02, 1.139028366896144e-02, 1.15374206693599e-02, 1.168623684764335e-02, 1.183674710495735e-02, 1.198896729253147e-02, 1.214291692009903e-02, 1.229861091815725e-02, 1.245606884468447e-02, 1.261530466958594e-02, 1.277633888183173e-02, 1.293918633775186e-02, 1.310386760493555e-02, 1.327039941356992e-02, 1.34387994589283e-02, 1.360908636769729e-02, 1.378127876610883e-02, 1.395539330574861e-02, 1.413145161963885e-02, 1.430947130257487e-02, 1.448947098106146e-02]
masFra1.T=[2.831499938964844e+02, 2.831499938964844e+02, 2.831499938964844e+02, 2.831499938964844e+02, 2.831499938964844e+02, 2.831499938964844e+02, 2.831499938964844e+02, 2.831499938964844e+02, 2.831499938964844e+02, 2.831499938964844e+02, 2.831499938964844e+02, 2.831499938964844e+02, 2.831499938964844e+02, 2.831499938964844e+02, 2.831499938964844e+02, 2.831499938964844e+02, 2.831499938964844e+02, 2.831499938964844e+02, 2.831499938964844e+02, 2.831499938964844e+02, 2.831499938964844e+02, 2.831499938964844e+02, 2.831499938964844e+02, 2.831499938964844e+02, 2.831499938964844e+02, 2.831499938964844e+02, 2.831499938964844e+02, 2.831499938964844e+02, 2.831499938964844e+02, 2.831499938964844e+02, 2.831499938964844e+02, 2.831499938964844e+02, 2.831499938964844e+02, 2.831499938964844e+02, 2.831499938964844e+02, 2.831499938964844e+02, 2.831499938964844e+02, 2.831499938964844e+02, 2.831499938964844e+02, 2.831499938964844e+02, 2.831499938964844e+02, 2.831499938964844e+02, 2.831499938964844e+02, 2.831499938964844e+02, 2.831499938964844e+02, 2.831499938964844e+02, 2.831499938964844e+02, 2.831499938964844e+02, 2.831499938964844e+02, 2.831499938964844e+02, 2.831499938964844e+02, 2.83350006294288e+02, 2.835499881745135e+02, 2.837500005723172e+02, 2.839500117777934e+02, 2.841499936580189e+02, 2.843500060558211e+02, 2.84549987936048e+02, 2.847500003338517e+02, 2.849500127312551e+02, 2.851499934195534e+02, 2.85350005817357e+02, 2.855499876976553e+02, 2.857500000953862e+02, 2.859500124929716e+02, 2.861499943734153e+02, 2.863500055788916e+02, 2.865499874593717e+02, 2.867499998569207e+02, 2.869500122546894e+02, 2.871499941349498e+02, 2.873500065327535e+02, 2.875499872210881e+02, 2.877499996184553e+02, 2.879500120162589e+02, 2.881499938964844e+02, 2.88350006294288e+02, 2.885499881745135e+02, 2.887500005723172e+02, 2.889500117777934e+02, 2.891499936580189e+02, 2.893500060558211e+02, 2.89549987936048e+02, 2.897500003338517e+02, 2.899500127312551e+02, 2.901499934195534e+02, 2.90350005817357e+02, 2.905499876976553e+02, 2.907500000953862e+02, 2.909500124929716e+02, 2.911499943734153e+02, 2.913500055788916e+02, 2.915499874593717e+02, 2.917499998569207e+02, 2.919500122546894e+02, 2.921499941349498e+02, 2.923500065327535e+02, 2.925499872210881e+02, 2.927499996184553e+02, 2.929500120162589e+02, 2.931499938964844e+02]
