last-generated=2018-06-13
statistics-simulation=
{
  "linear": " ",
  "nonlinear": " ",
  "numerical Jacobians": "0"
}
p=[1.01325e+05, 1.01325e+05]
time=[0e+00, 1e+00]
X[1]=[9.999999776482582e-03, 9.999999776482582e-03]
d=[1.200000047683716e+00, 1.200000047683716e+00]
eta=[1.578539740876295e-05, 1.582945151411215e-05, 1.587350561946135e-05, 1.591755972481055e-05, 1.596161564914835e-05, 1.600566974629231e-05, 1.604972385984757e-05, 1.609377795699072e-05, 1.613783207054596e-05, 1.618188797026645e-05, 1.622594208382169e-05, 1.626999619737693e-05, 1.631405031093217e-05, 1.635810442448741e-05, 1.640215850521904e-05, 1.644621440493899e-05, 1.649026855131839e-05, 1.653432263204947e-05, 1.657837671278056e-05, 1.662243085915995e-05, 1.666648493989375e-05, 1.671054090525387e-05, 1.675459498599092e-05, 1.679864906672201e-05, 1.68427032131014e-05, 1.688675729383249e-05, 1.693081325919261e-05, 1.697486727428406e-05, 1.701892142066346e-05, 1.706297556704285e-05, 1.710702958212563e-05, 1.715108372850719e-05, 1.719513969386732e-05, 1.72391937089566e-05, 1.728324785533599e-05, 1.732730200171539e-05, 1.737135601679817e-05, 1.741541198216697e-05, 1.745946612854636e-05, 1.750352027492575e-05, 1.754757429000853e-05, 1.759162843638793e-05, 1.763568258276732e-05, 1.76797384168395e-05, 1.77237925632189e-05, 1.776784670959829e-05, 1.781190072468107e-05, 1.785595487106046e-05, 1.790000901743986e-05, 1.794406485151204e-05, 1.798811899789143e-05, 1.80321731442702e-05, 1.807622729064897e-05, 1.812028143702774e-05, 1.816433713980659e-05, 1.820839128618536e-05, 1.825244543256381e-05, 1.82964995789429e-05, 1.834055372532166e-05, 1.838460787170043e-05, 1.842866357447928e-05, 1.847271772085805e-05, 1.851677186723682e-05, 1.856082601361559e-05, 1.860488015999436e-05, 1.864893430637312e-05, 1.869299000915198e-05, 1.873704415553074e-05, 1.878109830190951e-05, 1.88251524482886e-05, 1.886920659466705e-05, 1.891326256001571e-05, 1.895731644382467e-05, 1.900137059020344e-05, 1.904542473658221e-05, 1.908947888296098e-05, 1.913353302933974e-05, 1.917758899469057e-05, 1.922164314108668e-05, 1.926569702487613e-05, 1.93097511712549e-05, 1.935380531763336e-05, 1.939785946401244e-05, 1.944191542938061e-05, 1.948596957575938e-05, 1.953002345954883e-05, 1.957407760592759e-05, 1.96181317523107e-05, 1.96621877176702e-05, 1.97062418640533e-05, 1.975029601043207e-05, 1.979434989422152e-05, 1.983840404060029e-05, 1.988245818698556e-05, 1.992651415234537e-05, 1.9970568298726e-05, 2.001462244510477e-05, 2.005867632889421e-05, 2.010273047529033e-05, 2.014678644064115e-05, 2.019084058701992e-05]
h=[-5.42605517578125e+03, -4.512969217872138e+03, -3.59988301582251e+03, -2.686797057913427e+03, -1.773710977934027e+03, -8.606250680301923e+02, 5.246112098951286e+01, 9.655469698581854e+02, 1.878633219912783e+03, 2.791718667596309e+03, 3.704804795580494e+03, 4.617891167705303e+03, 5.530977295689487e+03, 6.444063423673671e+03, 7.357148871357199e+03, 8.270234807320518e+03, 9.183321615606816e+03, 1.009640706329034e+04, 1.100949251097387e+04, 1.192257931925871e+04, 1.283566476694224e+04, 1.374875157522708e+04, 1.466183702291061e+04, 1.557492247059413e+04, 1.648801025544147e+04, 1.7401095703125e+04, 1.831418251140984e+04, 1.922726659849205e+04, 2.01403534067769e+04, 2.105344021506174e+04, 2.196652430214395e+04, 2.287961111042879e+04, 2.379269791871363e+04, 2.470578200579584e+04, 2.561886881408069e+04, 2.653195562236552e+04, 2.744503970944773e+04, 2.835812651773258e+04, 2.927121332601742e+04, 3.018430013430227e+04, 3.109738422138448e+04, 3.201047102966931e+04, 3.292355979107915e+04, 3.383664387816137e+04, 3.474973068644621e+04, 3.566281749473105e+04, 3.657590158181326e+04, 3.74889883900981e+04, 3.840207519838295e+04, 3.931515928546515e+04, 4.022824609375e+04, 4.114133290202187e+04, 4.205441971029373e+04, 4.296750651856561e+04, 4.38805878845133e+04, 4.479367469278517e+04, 4.570676150105055e+04, 4.66198483093289e+04, 4.753293511760076e+04, 4.844602192587263e+04, 4.935910329182033e+04, 5.02721901000922e+04, 5.118527690836407e+04, 5.209836371663593e+04, 5.30114505249078e+04, 5.392453733317967e+04, 5.483761869912737e+04, 5.575070550739924e+04, 5.66637923156711e+04, 5.757687912394945e+04, 5.848996593221483e+04, 5.94030527404867e+04, 6.031613410643439e+04, 6.122922091470627e+04, 6.214230772297813e+04, 6.305539453125e+04, 6.396848133952187e+04, 6.488156814779373e+04, 6.57946588623156e+04, 6.67077402282633e+04, 6.762082703653516e+04, 6.853391384480055e+04, 6.94470006530789e+04, 7.036008746135076e+04, 7.127317426962263e+04, 7.218625563557033e+04, 7.309934244384219e+04, 7.401242925211406e+04, 7.492551606038594e+04, 7.583860286865781e+04, 7.675168967692967e+04, 7.766477104287737e+04, 7.857785785114924e+04, 7.94909446594211e+04, 8.040403146769945e+04, 8.131711827596484e+04, 8.22302050842367e+04, 8.31432864501844e+04, 8.405637325845627e+04, 8.496946006672813e+04, 8.5882546875e+04]
hLiq=[-1.2552e+05, -1.217543983533326e+05, -1.179887967066652e+05, -1.142232028724954e+05, -1.104576012258269e+05, -1.06692000280558e+05, -1.029263979324957e+05, -9.916079698722456e+04, -9.539520245165515e+04, -9.162960290917575e+04, -8.78640005611149e+04, -8.409839821305404e+04, -8.03327958649932e+04, -7.656720132941371e+04, -7.280160178694595e+04, -6.903600224445958e+04, -6.527039709082426e+04, -6.150480145459136e+04, -5.773920191211546e+04, -5.397360066471151e+04, -5.02080011222356e+04, -4.644239596859447e+04, -4.267680033235576e+04, -3.891120078987985e+04, -3.514559954247591e+04, -3.138e+04, -2.761439679947105e+04, -2.38488048212877e+04, -2.008319966764423e+04, -1.631759646712346e+04, -1.255200448893661e+04, -8.786401288411158e+03, -5.020797111327279e+03, -1.255204889001338e+03, 2.510398555663213e+03, 6.276002244468296e+03, 1.004159422265805e+04, 1.380719839973786e+04, 1.757280257682232e+04, 2.133840577734195e+04, 2.510399775553462e+04, 2.886960095605772e+04, 3.263520415658667e+04, 3.640079808788454e+04, 4.016639933528849e+04, 4.393200448894243e+04, 4.769759842024031e+04, 5.146319966764424e+04, 5.522880482129818e+04, 5.899439484636468e+04, 6.276e+04, 6.652560515358181e+04, 7.029121030716362e+04, 7.405680764835718e+04, 7.782239035756595e+04, 8.158799551114776e+04, 8.53536006646935e+04, 8.911920581831134e+04, 9.288480315945833e+04, 9.665040831307739e+04, 1.004159910222955e+05, 1.041815961758214e+05, 1.079472013294405e+05, 1.117127986705595e+05, 1.154784038241786e+05, 1.192440089777045e+05, 1.230095916869226e+05, 1.267751968405417e+05, 1.305407941816887e+05, 1.343064071477879e+05, 1.380720044888988e+05, 1.418376018300179e+05, 1.456031923516428e+05, 1.493687896929109e+05, 1.53134402658881e+05, 1.569e+05, 1.60665597341119e+05, 1.644312103070891e+05, 1.681968076483572e+05, 1.719623981699821e+05, 1.757279955111012e+05, 1.794935928522121e+05, 1.832592058182834e+05, 1.870248031594583e+05, 1.907904161253725e+05, 1.945559910222023e+05, 1.983215883634332e+05, 2.020872013294405e+05, 2.058527986705595e+05, 2.096184116365668e+05, 2.133840089777977e+05, 2.171495838746275e+05, 2.209151968405417e+05, 2.246807941817166e+05, 2.284464071477879e+05, 2.322120044888988e+05, 2.359776018300179e+05, 2.397431923516428e+05, 2.435087896929109e+05, 2.47274402658881e+05, 2.5104e+05]
u=[-8.98635546875e+04, -8.895046872959094e+04, -8.803738277168188e+04, -8.712429681377289e+04, -8.621121085586377e+04, -8.529812506803019e+04, -8.438503894004565e+04, -8.347195315221213e+04, -8.255886702422785e+04, -8.164578157654432e+04, -8.073269544856013e+04, -7.981960932057595e+04, -7.890652319259176e+04, -7.799343706460758e+04, -7.708035161692405e+04, -7.616726616924052e+04, -7.525417936095568e+04, -7.434109391327215e+04, -7.342800846558863e+04, -7.251492165730378e+04, -7.160183620962026e+04, -7.068874940133542e+04, -6.977566395365189e+04, -6.886257850596837e+04, -6.794949169768352e+04, -6.703640625e+04, -6.612331944171515e+04, -6.521023535463295e+04, -6.42971485463481e+04, -6.338406173806326e+04, -6.247097765098105e+04, -6.155789084269621e+04, -6.064480403441137e+04, -5.973171994732915e+04, -5.881863313904432e+04, -5.790554633075948e+04, -5.699246224367726e+04, -5.607937152914242e+04, -5.516628472085758e+04, -5.425319791257274e+04, -5.334011382549052e+04, -5.242702701720568e+04, -5.151394020892085e+04, -5.060085612183863e+04, -4.968776931355379e+04, -4.877468250526895e+04, -4.786159841818674e+04, -4.69485116099019e+04, -4.603542480161705e+04, -4.512234071453485e+04, -4.420925390625e+04, -4.329616709797813e+04, -4.238308028970627e+04, -4.146999348143439e+04, -4.05569121154867e+04, -3.964382530721483e+04, -3.873073849894945e+04, -3.78176516906711e+04, -3.690456488239924e+04, -3.599147807412737e+04, -3.507839670817967e+04, -3.41653098999078e+04, -3.325222309163593e+04, -3.233913628336407e+04, -3.14260494750922e+04, -3.051296266682033e+04, -2.959988130087263e+04, -2.868679449260076e+04, -2.77737076843289e+04, -2.686062087605055e+04, -2.594753406778517e+04, -2.50344472595133e+04, -2.41213658935656e+04, -2.320827908529374e+04, -2.229519227702187e+04, -2.138210546875e+04, -2.046901866047813e+04, -1.955593185220626e+04, -1.86428450439344e+04, -1.77297636779867e+04, -1.681667686971483e+04, -1.590358908488695e+04, -1.49905022766086e+04, -1.407741546833674e+04, -1.316432866006487e+04, -1.225124729411717e+04, -1.13381604858453e+04, -1.042507367757343e+04, -9.511986869301567e+03, -8.598900061029699e+03, -7.68581276447658e+03, -6.772731398528882e+03, -5.859644590257014e+03, -4.946557781985146e+03, -4.033470729566175e+03, -3.120383921300795e+03, -2.207297113027618e+03, -1.294215625010916e+03, -3.81128755703892e+02, 5.319581136031321e+02, 1.445045043945312e+03]
s=[-9.436579895019531e+01, -9.061749259218563e+01, -8.688298780949688e+01, -8.316217779059819e+01, -7.945496335335571e+01, -7.576124600234e+01, -7.208092449529485e+01, -6.841391002123756e+01, -6.47601006664167e+01, -6.111940513925183e+01, -5.749172264672613e+01, -5.387696816879291e+01, -5.027504633819105e+01, -4.668586560175191e+01, -4.310934469529777e+01, -3.954538557465892e+01, -3.599389521692849e+01, -3.245480028405617e+01, -2.892800773756007e+01, -2.54134284240548e+01, -2.191098698902219e+01, -1.842059097795945e+01, -1.494216686829604e+01, -1.14756274361957e+01, -8.020887432745269e+00, -4.577877044677734e+00, -1.146506262390083e+00, 2.273287685314542e+00, 5.681603502782799e+00, 9.078507391278153e+00, 1.246406533593515e+01, 1.583837333445175e+01, 1.920149471028358e+01, 2.255349673946037e+01, 2.589446902159481e+01, 2.922447402683072e+01, 3.254357817443685e+01, 3.585186610032134e+01, 3.914940037303177e+01, 4.243625347203447e+01, 4.571248050213294e+01, 4.897817346789306e+01, 5.223338743906879e+01, 5.547818142845441e+01, 5.871263962466154e+01, 6.193682100538486e+01, 6.515077704559641e+01, 6.835459175082919e+01, 7.154832037560516e+01, 7.473202211408966e+01, 7.790576934814453e+01, 8.106962123671106e+01, 8.42236388170279e+01, 8.736788312436046e+01, 9.050238891235954e+01, 9.362726220967785e+01, 9.674253771030955e+01, 9.984827644824938e+01, 1.029445394596514e+02, 1.060313801509634e+02, 1.091088412434659e+02, 1.12177012828242e+02, 1.152359299396622e+02, 1.182856536122281e+02, 1.21326237251865e+02, 1.243577418947113e+02, 1.273801877004947e+02, 1.30393671734631e+02, 1.333982369893347e+02, 1.363939368702068e+02, 1.393808171528779e+02, 1.423589236153068e+02, 1.45328284361456e+02, 1.482890110832604e+02, 1.512411318315174e+02, 1.541846771240234e+02, 1.571196927356177e+02, 1.60046254961919e+02, 1.629644095795128e+02, 1.658741697888364e+02, 1.687756160520879e+02, 1.716687920356037e+02, 1.745537435150488e+02, 1.774305162675835e+02, 1.802991560699777e+02, 1.831596916741462e+02, 1.860122029554003e+02, 1.888567033571173e+02, 1.916932691725514e+02, 1.945219156607098e+02, 1.973427038573309e+02, 2.001556475380795e+02, 2.029608260121341e+02, 2.057582682650365e+02, 2.085480353319994e+02, 2.113301424711157e+02, 2.141046354601216e+02, 2.16871558864793e+02, 2.19630960929151e+02, 2.223828861723894e+02, 2.251273498535156e+02]
g=[1.751898828125e+04, 1.760223047056542e+04, 1.768210547223024e+04, 1.775862305187205e+04, 1.783180078761326e+04, 1.790164647927019e+04, 1.796817578990562e+04, 1.80313964825301e+04, 1.809132422911385e+04, 1.814796873021176e+04, 1.820134374224093e+04, 1.825145703412079e+04, 1.829832423080158e+04, 1.834195705112904e+04, 1.83823632789182e+04, 1.841955661922209e+04, 1.845354883959771e+04, 1.848434960409616e+04, 1.851197068427972e+04, 1.853642383350338e+04, 1.855771874403082e+04, 1.857586719816711e+04, 1.859087890781695e+04, 1.860276757368376e+04, 1.861153906620898e+04, 1.8617208984375e+04, 1.861978320381418e+04, 1.861927539248997e+04, 1.861569531307276e+04, 1.860905077418477e+04, 1.859935743487857e+04, 1.858661914395214e+04, 1.857085154992019e+04, 1.855206057310099e+04, 1.853025782072822e+04, 1.850545310914427e+04, 1.84776582445874e+04, 1.844687892149106e+04, 1.841312693618428e+04, 1.837641205431998e+04, 1.833674416497321e+04, 1.82941327966303e+04, 1.824858782859439e+04, 1.820011722300427e+04, 1.814873045608171e+04, 1.809443743320102e+04, 1.803724614244061e+04, 1.797716796138209e+04, 1.791421086810846e+04, 1.784838482949497e+04, 1.7779697265625e+04, 1.770815618015199e+04, 1.763377329238377e+04, 1.755655641487623e+04, 1.7476515799173e+04, 1.739365635011548e+04, 1.730798830194192e+04, 1.721952141990529e+04, 1.712826546990948e+04, 1.703422435838782e+04, 1.693741234283034e+04, 1.68378321752766e+04, 1.673549614307201e+04, 1.663041010535874e+04, 1.652258382778973e+04, 1.64120251231304e+04, 1.629874346400499e+04, 1.618274433602015e+04, 1.606403719505057e+04, 1.594262985348012e+04, 1.581853012357859e+04, 1.569174679481448e+04, 1.55622874828104e+04, 1.543015845716687e+04, 1.529536927018375e+04, 1.51579267578125e+04, 1.501783970864066e+04, 1.487511398257408e+04, 1.47297583687032e+04, 1.458178059321217e+04, 1.443118768076083e+04, 1.427798734146124e+04, 1.412218641088791e+04, 1.396379270181535e+04, 1.380281305033248e+04, 1.363925722833198e+04, 1.34731291453607e+04, 1.330443758092358e+04, 1.313318937073694e+04, 1.295939135076623e+04, 1.278305133376523e+04, 1.260417722957877e+04, 1.24227747184904e+04, 1.223884974164618e+04, 1.20524110880025e+04, 1.186346559328318e+04, 1.167201911724338e+04, 1.147808063581946e+04, 1.128165369684916e+04, 1.108274628438385e+04, 1.08813662109375e+04]
f=[-5.270174609375e+04, -5.287842187899406e+04, -5.305846094563918e+04, -5.324185938743271e+04, -5.342859767312557e+04, -5.361866795449058e+04, -5.38120586199513e+04, -5.400875390034832e+04, -5.420874222361196e+04, -5.44120116455901e+04, -5.461855465652777e+04, -5.482835548137172e+04, -5.504140630766214e+04, -5.525769151030646e+04, -5.547719920558928e+04, -5.569992174148354e+04, -5.592584773772892e+04, -5.615496089630303e+04, -5.638725764543504e+04, -5.662272271283704e+04, -5.68613436785095e+04, -5.71031095347506e+04, -5.734801565441809e+04, -5.75960428647436e+04, -5.784718763572369e+04, -5.810143359375e+04, -5.835877759092251e+04, -5.861919893804063e+04, -5.88826991871922e+04, -5.914925803645236e+04, -5.941886686465768e+04, -5.969151946595511e+04, -5.996720722973307e+04, -6.024591369543858e+04, -6.052763271131666e+04, -6.081235173328093e+04, -6.110006599296713e+04, -6.139076157956412e+04, -6.168442982838088e+04, -6.198105902061152e+04, -6.228064435198241e+04, -6.258317198381784e+04, -6.288863321536605e+04, -6.319701930984248e+04, -6.350832429338604e+04, -6.382253553287609e+04, -6.413964035942226e+04, -6.445963285085411e+04, -6.478250816074642e+04, -6.510824968826834e+04, -6.543685546875e+04, -6.576831281772463e+04, -6.61026100158881e+04, -6.643974315687863e+04, -6.67797023931046e+04, -6.712247615253874e+04, -6.746806241733475e+04, -6.781644556286321e+04, -6.816761777637461e+04, -6.852157124514789e+04, -6.887830383432982e+04, -6.923779635918641e+04, -6.960005451423969e+04, -6.996505486232492e+04, -7.033279740338623e+04, -7.070327432466287e+04, -7.107646776848644e+04, -7.145238218333706e+04, -7.183100754093094e+04, -7.221233602879873e+04, -7.259635202219304e+04, -7.298304770823089e+04, -7.337242075799061e+04, -7.376446800018626e+04, -7.415917149759723e+04, -7.455653125e+04, -7.495653944545337e+04, -7.535918045847303e+04, -7.576445428894725e+04, -7.617234287251341e+04, -7.658285107193414e+04, -7.699596865125991e+04, -7.741168779844658e+04, -7.783000070067799e+04, -7.825089173292914e+04, -7.867436617544889e+04, -7.910041345158136e+04, -7.952902323263112e+04, -7.996018770632171e+04, -8.039389906009723e+04, -8.083015729371554e+04, -8.126894415908583e+04, -8.171026488677172e+04, -8.215410124432834e+04, -8.26004610442775e+04, -8.304932084939837e+04, -8.350068847169759e+04, -8.395453776120362e+04, -8.441088194020079e+04, -8.48697026865035e+04, -8.5331e+04]
hIse=[-5.42605517578125e+03, -4.512969217872138e+03, -3.59988301582251e+03, -2.686797057913427e+03, -1.773710977934027e+03, -8.606250680301923e+02, 5.246112098951286e+01, 9.655469698581854e+02, 1.878633219912783e+03, 2.791718667596309e+03, 3.704804795580494e+03, 4.617891167705303e+03, 5.530977295689487e+03, 6.444063423673671e+03, 7.357148871357199e+03, 8.270234807320518e+03, 9.183321615606816e+03, 1.009640706329034e+04, 1.100949251097387e+04, 1.192257931925871e+04, 1.283566476694224e+04, 1.374875157522708e+04, 1.466183702291061e+04, 1.557492247059413e+04, 1.648801025544147e+04, 1.7401095703125e+04, 1.831418251140984e+04, 1.922726659849205e+04, 2.01403534067769e+04, 2.105344021506174e+04, 2.196652430214395e+04, 2.287961111042879e+04, 2.379269791871363e+04, 2.470578200579584e+04, 2.561886881408069e+04, 2.653195562236552e+04, 2.744503970944773e+04, 2.835812651773258e+04, 2.927121332601742e+04, 3.018430013430227e+04, 3.109738422138448e+04, 3.201047102966931e+04, 3.292355979107915e+04, 3.383664387816137e+04, 3.474973068644621e+04, 3.566281749473105e+04, 3.657590158181326e+04, 3.74889883900981e+04, 3.840207519838295e+04, 3.931515928546515e+04, 4.022824609375e+04, 4.114133290202187e+04, 4.205441971029373e+04, 4.296750651856561e+04, 4.38805878845133e+04, 4.479367469278517e+04, 4.570676150105055e+04, 4.66198483093289e+04, 4.753293511760076e+04, 4.844602192587263e+04, 4.935910329182033e+04, 5.02721901000922e+04, 5.118527690836407e+04, 5.209836371663593e+04, 5.30114505249078e+04, 5.392453733317967e+04, 5.483761869912737e+04, 5.575070550739924e+04, 5.66637923156711e+04, 5.757687912394945e+04, 5.848996593221483e+04, 5.94030527404867e+04, 6.031613410643439e+04, 6.122922091470627e+04, 6.214230772297813e+04, 6.305539453125e+04, 6.396848133952187e+04, 6.488156814779373e+04, 6.57946588623156e+04, 6.67077402282633e+04, 6.762082703653516e+04, 6.853391384480055e+04, 6.94470006530789e+04, 7.036008746135076e+04, 7.127317426962263e+04, 7.218625563557033e+04, 7.309934244384219e+04, 7.401242925211406e+04, 7.492551606038594e+04, 7.583860286865781e+04, 7.675168967692967e+04, 7.766477104287737e+04, 7.857785785114924e+04, 7.94909446594211e+04, 8.040403146769945e+04, 8.131711827596484e+04, 8.22302050842367e+04, 8.31432864501844e+04, 8.405637325845627e+04, 8.496946006672813e+04, 8.5882546875e+04]
beta=[0e+00, 0e+00]
kappa=[-9.86923259915784e-06, -9.86923259915784e-06]
ddpT=[1.184307893709047e-05, 1.184307893709047e-05]
ddTp=[0e+00, 0e+00]
dddX[1]=[0e+00, 0e+00]
cp=[1.014539978027344e+03, 1.014539978027344e+03]
cv=[7.257440795898438e+02, 7.257440795898438e+02]
lambda=[2.183416485786438e-02, 2.190585993390486e-02, 2.197747677884532e-02, 2.204901166739671e-02, 2.212047018749241e-02, 2.219184860055531e-02, 2.226314880909472e-02, 2.233437075998812e-02, 2.240551264365096e-02, 2.247657438062483e-02, 2.254755793944776e-02, 2.261846326713945e-02, 2.268929036369989e-02, 2.276003736648395e-02, 2.283070608552452e-02, 2.290129471090028e-02, 2.297180521027936e-02, 2.304223551087406e-02, 2.311258944309423e-02, 2.318286152368328e-02, 2.325305713112184e-02, 2.33231727493224e-02, 2.339320816933975e-02, 2.346316722097814e-02, 2.353304442038976e-02, 2.360284514725208e-02, 2.367256588427744e-02, 2.374220631999228e-02, 2.381177059477181e-02, 2.38812547756445e-02, 2.395065865591278e-02, 2.401998451190227e-02, 2.408923213662896e-02, 2.4158399461454e-02, 2.422748876128527e-02, 2.429649982986706e-02, 2.436543059923777e-02, 2.443428334292192e-02, 2.450305599270923e-02, 2.457175041124484e-02, 2.464036639417264e-02, 2.470890248781061e-02, 2.477736035018689e-02, 2.484573791503407e-02, 2.491403745252049e-02, 2.498225875875077e-02, 2.505039976814361e-02, 2.511846274948291e-02, 2.51864474995583e-02, 2.52543519535068e-02, 2.532217651605606e-02, 2.538992470998449e-02, 2.545759281001162e-02, 2.552518081619077e-02, 2.559269018894229e-02, 2.5660121733071e-02, 2.572747504596086e-02, 2.579474826494817e-02, 2.586194139004482e-02, 2.592905814652382e-02, 2.599609254718253e-02, 2.606305097900814e-02, 2.612992931695023e-02, 2.619672942364061e-02, 2.626344943643416e-02, 2.633009121796712e-02, 2.639665250915153e-02, 2.646313596602888e-02, 2.652954119166787e-02, 2.659586632341935e-02, 2.66621132239182e-02, 2.672828189315916e-02, 2.679437007482264e-02, 2.686038041942353e-02, 2.692631067012314e-02, 2.699216268956661e-02, 2.705793647775395e-02, 2.712363017205776e-02, 2.718924563509655e-02, 2.725478247652696e-02, 2.732023961493456e-02, 2.738561665944041e-02, 2.745091733532955e-02, 2.751613791731471e-02, 2.758127840544744e-02, 2.764634027475395e-02, 2.771132430083846e-02, 2.77762282330439e-02, 2.78410539339932e-02, 2.790580140368636e-02, 2.797046877950043e-02, 2.803505753931044e-02, 2.809956659047113e-02, 2.816399741037568e-02, 2.822834999902455e-02, 2.829262249377121e-02, 2.835681675728219e-02, 2.842093240761789e-02, 2.848496834645993e-02, 2.854892419142733e-02, 2.861280366778374e-02]
pMed=[1.01325e+05, 1.01325e+05]
TMed=[2.431499938964844e+02, 2.440500030718736e+02, 2.449499969884771e+02, 2.458500061638628e+02, 2.46750000080463e+02, 2.476499938294319e+02, 2.485500031724523e+02, 2.494499969214211e+02, 2.503500062644413e+02, 2.512499996781487e+02, 2.521499937623797e+02, 2.530500031053997e+02, 2.539499971896512e+02, 2.548500065326507e+02, 2.557499999463581e+02, 2.566499933600655e+02, 2.575499881148747e+02, 2.584500120460783e+02, 2.59350005459813e+02, 2.602500002145675e+02, 2.61149993628275e+02, 2.620499883831296e+02, 2.62950012314315e+02, 2.638500057280224e+02, 2.64750000482777e+02, 2.656499938964844e+02, 2.665499886513845e+02, 2.674500112413135e+02, 2.683500059962319e+02, 2.692500007509864e+02, 2.701499928236466e+02, 2.710499875784012e+02, 2.719500128507339e+02, 2.728500049233941e+02, 2.737499996781487e+02, 2.746499944329033e+02, 2.755499865055634e+02, 2.764500117778234e+02, 2.773500065326508e+02, 2.782500012874053e+02, 2.791499933600655e+02, 2.800499881148746e+02, 2.809500133871528e+02, 2.81850005459813e+02, 2.827500002145675e+02, 2.836499949693222e+02, 2.845499870419823e+02, 2.85450012314315e+02, 2.863500070690696e+02, 2.872499991417298e+02, 2.881499938964844e+02, 2.890499886513717e+02, 2.899500139235461e+02, 2.908500086782879e+02, 2.917499980689208e+02, 2.926499928236626e+02, 2.93549987578398e+02, 2.944500128507243e+02, 2.953500076054661e+02, 2.962500023602079e+02, 2.971499917508408e+02, 2.980499865055826e+02, 2.989500117778298e+02, 2.998500065326443e+02, 3.007500012873862e+02, 3.01649996042128e+02, 3.025499854327608e+02, 3.034500107048261e+02, 3.043500054598226e+02, 3.052500002145708e+02, 3.061499949693061e+02, 3.070499897243754e+02, 3.079500096318224e+02, 3.088500043870008e+02, 3.097499991417426e+02, 3.106499938964844e+02, 3.115499886513717e+02, 3.124500139235461e+02, 3.133500086782879e+02, 3.142499980689208e+02, 3.151499928236626e+02, 3.16049987578398e+02, 3.169500128507243e+02, 3.178500076054661e+02, 3.187500023602079e+02, 3.196499917508408e+02, 3.205499865055826e+02, 3.214500117778298e+02, 3.223500065326443e+02, 3.232500012873862e+02, 3.24149996042128e+02, 3.250499854327608e+02, 3.259500107048261e+02, 3.268500054598226e+02, 3.277500002145708e+02, 3.286499949693061e+02, 3.295499897243754e+02, 3.304500096318224e+02, 3.313500043870008e+02, 3.322499991417426e+02, 3.331499938964844e+02]
MM=[2.879012748599052e-02, 2.879012748599052e-02]
