last-generated=2018-04-27
statistics-initialization=
{
  "nonlinear": "3",
  "numerical Jacobians": "0"
}
statistics-simulation=
{
  "linear": "0, 0, 0, 5, 5, 0, 0, 0",
  "nonlinear": "1",
  "number of continuous time states": "11",
  "numerical Jacobians": "0"
}
winLinLos.propsBus_a.surfCon.Q_flow=[1.509408079795733e-17, 3.840199947357178e+00, 3.733254909515381e+00, 3.41325855255127e+00, 1.854034900665283e+00, 2.061078548431396e+00, 2.787820816040039e+00, 2.915283441543579e+00, 3.044750690460205e+00, 3.336023330688477e+00, 3.520336866378784e+00, 3.534631967544556e+00, 2.513415098190308e+00, 2.402094841003418e+00, 2.757789373397827e+00, 3.02772331237793e+00, 2.967688322067261e+00, 3.083202362060547e+00, 2.766527891159058e+00, 2.581681966781616e+00, 2.379048585891724e+00, 1.001559019088745e+00, 1.008976578712463e+00, 1.527389168739319e+00, 1.657463669776917e+00, 1.793245553970337e+00, 1.886865258216858e+00, 2.151809692382812e+00, 2.227577209472656e+00, 1.627382397651672e+00, 2.462202906608582e-01, 7.87341296672821e-01, 1.872495770454407e+00, 2.195070505142212e+00, 2.466126918792725e+00, 2.679144382476807e+00, 2.818883419036865e+00, 2.836895704269409e+00, -9.856208801269531e+00, -2.166189765930176e+01, 1.10686993598938e+00, 5.178606033325195e+00, 4.291561603546143e+00, 3.871041297912598e+00, 3.751920461654663e+00, 3.542702913284302e+00, 3.334258079528809e+00, 2.646032810211182e+00, -1.785185813903809e+00, 2.7263023853302e+00, 2.890806436538696e+00, 2.723226070404053e+00, 2.570451498031616e+00, 2.413623094558716e+00, 2.265880346298218e+00, 1.320296764373779e+00, 3.9209845662117e-01, 6.725608110427856e-01, 1.479697704315186e+00, 1.657600879669189e+00, 1.753902554512024e+00, 2.022541761398315e+00, 2.159605741500854e+00, 2.218729496002197e+00, 4.059346914291382e-01, 8.190647959709167e-01, 1.385560035705566e+00, 1.847695231437683e+00, 1.963083267211914e+00, 2.094016075134277e+00, 2.135482549667358e+00, 2.08318018913269e+00, 1.983364224433899e+00, 8.491944074630737e-01, 5.863352417945862e-01, 1.355981945991516e+00, 1.351393103599548e+00, 1.385780572891235e+00, 1.328920125961304e+00, 1.297286868095398e+00, 1.245000600814819e+00, 6.112008094787598e-01, -1.539348810911179e-01, 8.614030480384827e-02, 5.546866655349731e-01, 6.144540309906006e-01, 6.553881168365479e-01, 7.200154066085815e-01, 7.253434658050537e-01, 6.807629466056824e-01, -3.715425252914429e+00, -4.358116626739502e+00, -6.418412178754807e-02, 6.689022183418274e-01, 1.067986369132996e+00, 1.537593960762024e+00, 2.690285921096802e+00, 3.231008052825928e+00, 3.158672332763672e+00, -2.764584302902222e+00, 2.87059211730957e+00]
win.propsBus_a.surfCon.Q_flow=[1.509408079795733e-17, 2.341635465621948e+00, 2.282909870147705e+00, 2.080694437026978e+00, 1.045050501823425e+00, 1.196983098983765e+00, 1.70877480506897e+00, 1.783386945724487e+00, 1.870324015617371e+00, 2.030151128768921e+00, 2.121474504470825e+00, 2.136080026626587e+00, 1.485376238822937e+00, 1.398163914680481e+00, 1.659389495849609e+00, 1.855832934379578e+00, 1.84018087387085e+00, 1.932273983955383e+00, 1.743355393409729e+00, 1.632081508636475e+00, 1.500580906867981e+00, 5.971167683601379e-01, 6.090973019599915e-01, 9.440457224845886e-01, 1.029444336891174e+00, 1.107212662696838e+00, 1.163893699645996e+00, 1.312300801277161e+00, 1.362613439559937e+00, 9.902194738388062e-01, 8.906441926956177e-02, 4.482302963733673e-01, 1.179935216903687e+00, 1.366411328315735e+00, 1.518663167953491e+00, 1.623358726501465e+00, 1.710711121559143e+00, 1.72037410736084e+00, -8.112887382507324e+00, -1.771090316772461e+01, 4.92696613073349e-01, 3.722744226455688e+00, 2.903082847595215e+00, 2.486408472061157e+00, 2.314830303192139e+00, 2.150364398956299e+00, 2.01264214515686e+00, 1.574423789978027e+00, -1.907601833343506e+00, 1.661572098731995e+00, 1.866380095481873e+00, 1.729125738143921e+00, 1.619766235351562e+00, 1.516125679016113e+00, 1.425031304359436e+00, 8.41362476348877e-01, 2.327316701412201e-01, 3.915676772594452e-01, 9.373659491539001e-01, 1.040365219116211e+00, 1.093033790588379e+00, 1.252042651176453e+00, 1.347109079360962e+00, 1.397497177124023e+00, 2.427101880311966e-01, 4.480725824832916e-01, 8.406743407249451e-01, 1.151048183441162e+00, 1.213821411132812e+00, 1.276769757270813e+00, 1.304760694503784e+00, 1.276333570480347e+00, 1.216163039207458e+00, 4.772019684314728e-01, 3.347482979297638e-01, 8.350512385368347e-01, 8.460353016853333e-01, 8.640125393867493e-01, 8.304254412651062e-01, 8.11360239982605e-01, 7.7693110704422e-01, 3.689979016780853e-01, -1.579904705286026e-01, 2.653578296303749e-02, 3.480951488018036e-01, 3.933402597904205e-01, 4.211428761482239e-01, 4.589495062828064e-01, 4.612391293048859e-01, 4.34482216835022e-01, -3.014891147613525e+00, -3.432566165924072e+00, -9.282835572957993e-02, 4.776016771793365e-01, 7.103313803672791e-01, 9.671540856361389e-01, 1.627590417861938e+00, 1.943504214286804e+00, 1.896339535713196e+00, -2.592733144760132e+00, 1.681815028190613e+00]
time=[0e+00, 1e+06]
