last-generated=2017-12-20
statistics-simulation=
{
  "numerical Jacobians": "0", 
  "nonlinear": " ", 
  "number of continuous time states": "3", 
  "linear": " "
}
senMasFlo.m_flow=[0e+00, 5.476317405700684e-01, 9.344444870948792e-01, 9.643372893333435e-01, 6.258537173271179e-01, 4.834063351154327e-02, -5.476301312446594e-01, -9.34447765350342e-01, -9.643304347991943e-01, -6.258837580680847e-01, -4.836982861161232e-02, 5.476181507110596e-01, 9.344130754470825e-01, 9.643169641494751e-01, 6.258610486984241e-01, 4.836107790470123e-02, -5.476168990135193e-01, -9.344314932823186e-01, -9.643159508705139e-01, -6.258642673492432e-01, -4.835965484380722e-02, 5.476194620132446e-01, 9.344191551208496e-01, 9.643025398254395e-01, 6.258628964424133e-01, 4.835608974099159e-02, -5.476214289665222e-01, -9.344282150268555e-01, -4.481029100133928e-05, 1.078565006196186e-07, 5.610716780068969e-09, 3.980677176773639e-10, 1.62028862549235e-10, 8.372377444110235e-12, 6.415004378396141e-12, 4.457631312682064e-12, 2.500258463808414e-12, 5.428855065145455e-13, 6.893806678938061e-14, 6.078855273967607e-14, 5.263903868997152e-14, 4.448952464026698e-14, 3.634001059056244e-14, 2.819049823492379e-14, 2.004098418521925e-14, 1.18914701355147e-14, 3.741956085810162e-15, 1.337039257309647e-16, -1.75566371861971e-16, -4.848366826897964e-16, -7.941069405780626e-16, -1.103377198466329e-15, -1.412647562233714e-15, -1.72191782012198e-15, -2.031188183889364e-15, -2.340458335898512e-15, -5.476317405700729e-01, -9.344444870948768e-01, -9.643372893333435e-01, -6.258537173271179e-01, -4.834063351154327e-02, 5.476301312446594e-01, 9.344477653503418e-01, 9.643304347991943e-01, 6.258837580680847e-01, 4.836982861161232e-02, -5.476181507110596e-01, -9.344130754470825e-01, -9.643169641494732e-01, -6.258610486984295e-01, -4.836107790470123e-02, 5.476168990135193e-01, 9.344314932823181e-01, 9.643159508705139e-01, 6.258642673492432e-01, 4.835965484380722e-02, -5.476194620132446e-01, -9.344191551208496e-01, -9.643025398254395e-01, -6.258628964424133e-01, -4.835608974099159e-02, 5.476214289665268e-01, 9.344282150268555e-01, 4.481029100134037e-05, -1.078565006196186e-07, -5.610716780068969e-09, -3.980677176773639e-10, -1.62028862549235e-10, -8.372377444110235e-12, -6.41500437839615e-12, -4.457631312682064e-12, -2.500258463808414e-12, -5.428855065145455e-13, -6.780827391554209e-14, -5.817420926489819e-14, -4.854014800238608e-14, -3.890608335174219e-14, -2.927201870109829e-14, -1.963795574452028e-14, -1.000389278794228e-14, -3.698292754989065e-16]
sine.y=[0e+00, 5.877852439880371e-01, 9.510565400123596e-01, 9.510565400123596e-01, 5.877852439880371e-01, 1.224646852585168e-16, -5.877852439880371e-01, -9.510565400123598e-01, -9.510565400123596e-01, -5.877852439880371e-01, -2.449293705170336e-16, 5.877852439880371e-01, 9.510565400123596e-01, 9.510565400123596e-01, 5.877852439880359e-01, 3.673940293057708e-16, -5.877852439880371e-01, -9.5105654001236e-01, -9.510565400123596e-01, -5.877852439880371e-01, -4.898587410340671e-16, 5.877852439880371e-01, 9.510565400123596e-01, 9.510565400123596e-01, 5.877852439880371e-01, -1.164033439577446e-15, -5.877852439880371e-01, -9.510565400123596e-01, -9.510565400123586e-01, -5.877852439880371e-01, -7.347880586115415e-16, 5.877852439880371e-01, 9.510565400123596e-01, 9.510565400123596e-01, 5.877852439880347e-01, 8.572527703398379e-16, -5.877852439880371e-01, -9.510565400123596e-01, -9.510565400123596e-01, -5.877852439880371e-01, -9.797174820681343e-16, 5.877852439880371e-01, 9.510565400123596e-01, 9.510565400123596e-01, 5.877852439880371e-01, 1.102182140856871e-15, -5.877852439880371e-01, -9.510565400123596e-01, -9.510565400123596e-01, -5.877852439880371e-01, 2.328066879154892e-15, 5.877852439880371e-01, 9.510565400123596e-01, 9.510565400123596e-01, 5.877852439880371e-01, -2.205602220366155e-15, -5.877852439880416e-01, -9.510565400123575e-01, -9.510565400123596e-01, -5.877852439880371e-01, -1.469576117223083e-15, 5.877852439880371e-01, 9.510565400123596e-01, 9.510565400123596e-01, 5.877852439880371e-01, -1.960672902788681e-15, -5.877852439880371e-01, -9.510565400123596e-01, -9.510565400123575e-01, -5.877852439880416e-01, -1.714505540679676e-15, 5.877852439880371e-01, 9.510565400123596e-01, 9.510565400123596e-01, 5.877852439880371e-01, -1.715743479332088e-15, -5.877852439880371e-01, -9.510565400123596e-01, -9.510565400123596e-01, -5.877852439880371e-01, -1.959434964136269e-15, 5.877852439880416e-01, 9.510565400123596e-01, 9.510565400123596e-01, 5.877852439880371e-01, -1.470814161754614e-15, -5.877852439880371e-01, -9.510565400123596e-01, -9.510565400123596e-01, -5.877852439880371e-01, -2.204364281713743e-15, 5.877852439880371e-01, 9.510565400123596e-01, 9.510565400123596e-01, 5.877852439880371e-01, -1.225884738298021e-15, -5.877852439880371e-01, -9.510565400123596e-01, -9.510565400123596e-01, -5.877852439880371e-01, 4.656133758309785e-15]
time=[0e+00, 1e+04]
