last-generated=2018-06-13
statistics-simulation=
{
  "linear": " ",
  "nonlinear": " ",
  "numerical Jacobians": "0"
}
X=[0e+00, 9.990000389292783e-03, 1.998000077858557e-02, 2.997000023655577e-02, 3.996000155717113e-02, 4.994999915435928e-02, 5.994000047311154e-02, 6.993000179558945e-02, 7.992000311433893e-02, 8.990999698997294e-02, 9.989999830872134e-02, 1.098899996274697e-01, 1.198800009462181e-01, 1.298700022649842e-01, 1.398600035911789e-01, 1.498499900162567e-01, 1.598400062286645e-01, 1.69829992653738e-01, 1.798199939799192e-01, 1.898099952912369e-01, 1.997999966174538e-01, 2.097900128298616e-01, 2.197799992549439e-01, 2.297700005811385e-01, 2.397600018924562e-01, 2.497500032186508e-01, 2.597400045299685e-01, 2.697299909698789e-01, 2.797200071823578e-01, 2.897099935925142e-01, 2.996999800326023e-01, 3.096899962449035e-01, 3.196800124573824e-01, 3.296699988972928e-01, 3.396599853075026e-01, 3.496500015199281e-01, 3.596399879598385e-01, 3.696300041723174e-01, 3.796199905824739e-01, 3.896100067949528e-01, 3.995999932348632e-01, 4.09590009447342e-01, 4.195800256596254e-01, 4.295699822975155e-01, 4.395599985098878e-01, 4.495500147223666e-01, 4.595400011622771e-01, 4.695299875724335e-01, 4.795200037849123e-01, 4.895099902248228e-01, 4.995000064373016e-01, 5.094900226496385e-01, 5.194800090596531e-01, 5.294700550734598e-01, 5.394599819400773e-01, 5.494499683500917e-01, 5.5944001436468e-01, 5.694300007747655e-01, 5.7941998718478e-01, 5.894100331994393e-01, 5.993999600652041e-01, 6.093900060798635e-01, 6.19379992489878e-01, 6.293699788998925e-01, 6.393600249145518e-01, 6.493500113245664e-01, 6.59339997794976e-01, 6.693299842049905e-01, 6.79319970615005e-01, 6.893100166297352e-01, 6.993000030396788e-01, 7.092900490536985e-01, 7.19279975920103e-01, 7.292699623301174e-01, 7.392600083447768e-01, 7.492499947547913e-01, 7.592399811648057e-01, 7.692300271794651e-01, 7.792200135894796e-01, 7.892100000598893e-01, 7.991999864699038e-01, 8.091899728799183e-01, 8.191800188945775e-01, 8.291700053045921e-01, 8.391600513184697e-01, 8.491499781850161e-01, 8.591399645950307e-01, 8.6913001060969e-01, 8.791199970197046e-01, 8.891100430339375e-01, 8.991000294443784e-01, 9.090899563101432e-01, 9.190800023248025e-01, 9.290699887348171e-01, 9.390599751449025e-01, 9.490500211594908e-01, 9.590400075695052e-01, 9.69029994039915e-01, 9.790199804499294e-01, 9.890099668602281e-01, 9.990000128746033e-01]
XInv=[0e+00, 9.990000389292783e-03, 1.998000077858557e-02, 2.997000023655577e-02, 3.996000155717113e-02, 4.994999915435928e-02, 5.994000047311154e-02, 6.993000179558945e-02, 7.992000311433893e-02, 8.990999698997294e-02, 9.989999830872134e-02, 1.098899996274697e-01, 1.198800009462181e-01, 1.298700022649842e-01, 1.398600035911789e-01, 1.498499900162567e-01, 1.598400062286645e-01, 1.69829992653738e-01, 1.798199939799192e-01, 1.898099952912369e-01, 1.997999966174538e-01, 2.097900128298616e-01, 2.197799992549439e-01, 2.297700005811385e-01, 2.397600018924562e-01, 2.497500032186508e-01, 2.597400045299685e-01, 2.697299909698789e-01, 2.797200071823578e-01, 2.897099935925142e-01, 2.996999800326023e-01, 3.096899962449035e-01, 3.196800124573824e-01, 3.296699988972928e-01, 3.396599853075026e-01, 3.496500015199281e-01, 3.596399879598385e-01, 3.696300041723174e-01, 3.796199905824739e-01, 3.896100067949528e-01, 3.995999932348632e-01, 4.09590009447342e-01, 4.195800256596254e-01, 4.295699822975155e-01, 4.395599985098878e-01, 4.495500147223666e-01, 4.595400011622771e-01, 4.695299875724335e-01, 4.795200037849123e-01, 4.895099902248228e-01, 4.995000064373016e-01, 5.094900226496385e-01, 5.194800090596531e-01, 5.294700550734598e-01, 5.394599819400773e-01, 5.494499683500917e-01, 5.5944001436468e-01, 5.694300007747655e-01, 5.7941998718478e-01, 5.894100331994393e-01, 5.993999600652041e-01, 6.093900060798635e-01, 6.19379992489878e-01, 6.293699788998925e-01, 6.393600249145518e-01, 6.493500113245664e-01, 6.59339997794976e-01, 6.693299842049905e-01, 6.79319970615005e-01, 6.893100166297352e-01, 6.993000030396788e-01, 7.092900490536985e-01, 7.19279975920103e-01, 7.292699623301174e-01, 7.392600083447768e-01, 7.492499947547913e-01, 7.592399811648057e-01, 7.692300271794651e-01, 7.792200135894796e-01, 7.892100000598893e-01, 7.991999864699038e-01, 8.091899728799183e-01, 8.191800188945775e-01, 8.291700053045921e-01, 8.391600513184697e-01, 8.491499781850161e-01, 8.591399645950307e-01, 8.6913001060969e-01, 8.791199970197046e-01, 8.891100430339375e-01, 8.991000294443784e-01, 9.090899563101432e-01, 9.190800023248025e-01, 9.290699887348171e-01, 9.390599751449025e-01, 9.490500211594908e-01, 9.590400075695052e-01, 9.69029994039915e-01, 9.790199804499294e-01, 9.890099668602281e-01, 9.990000128746033e-01]
time=[0e+00, 1e+00]
p_w=[0e+00, 1.617621129645112e+03, 3.215834787728883e+03, 4.79498789810242e+03, 6.355420060397278e+03, 7.897461311432501e+03, 9.421435749821143e+03, 1.092765913500781e+04, 1.241643874092894e+04, 1.388807564800537e+04, 1.534286697171373e+04, 1.678109774139017e+04, 1.820304920693387e+04, 1.960899871275998e+04, 2.099921085500827e+04, 2.237395035611957e+04, 2.373347509235325e+04, 2.507803491688429e+04, 2.640787600611854e+04, 2.772324054593437e+04, 2.90243589889181e+04, 3.031146763531915e+04, 3.158478726019074e+04, 3.284453853913095e+04, 3.409093816436925e+04, 3.53241953125e+04, 3.654452459395815e+04, 3.775211589729722e+04, 3.894717563937959e+04, 4.012989941832038e+04, 4.130046736030655e+04, 4.245907784989718e+04, 4.360590706527813e+04, 4.474113132991197e+04, 4.586493319346604e+04, 4.697748112789221e+04, 4.807893593063151e+04, 4.916947604455531e+04, 5.024925441807591e+04, 5.131843120794622e+04, 5.237715562141674e+04, 5.342559412276343e+04, 5.446388416613504e+04, 5.54921750486033e+04, 5.651061742891695e+04, 5.751934494560622e+04, 5.851849135691562e+04, 5.950820324231614e+04, 6.048861042093366e+04, 6.145983892097884e+04, 6.24220234375e+04, 6.337528606026952e+04, 6.431974788517453e+04, 6.525553391255029e+04, 6.618276364262964e+04, 6.710154578374125e+04, 6.801201540870687e+04, 6.891425845434733e+04, 6.980840773421434e+04, 7.069455699904075e+04, 7.157281822609335e+04, 7.244330344671993e+04, 7.330610896503874e+04, 7.416132853065862e+04, 7.500907151885897e+04, 7.584943949308971e+04, 7.668251344776301e+04, 7.750840487641559e+04, 7.832719472887796e+04, 7.913897675505342e+04, 7.994383689204291e+04, 8.074187670359298e+04, 8.153316180624161e+04, 8.231779538349352e+04, 8.309585863546788e+04, 8.3867421875e+04, 8.463257885108404e+04, 8.539140769017285e+04, 8.614397870498995e+04, 8.689037340369356e+04, 8.763067099538071e+04, 8.836493732550516e+04, 8.9093258330884e+04, 8.981569651228393e+04, 9.053232218281552e+04, 9.124320143560944e+04, 9.194842086941216e+04, 9.264803091746759e+04, 9.334210970438459e+04, 9.403071191788669e+04, 9.471390787112576e+04, 9.539175604032559e+04, 9.60643270060535e+04, 9.673167921166742e+04, 9.739387515714408e+04, 9.805096171719006e+04, 9.870301701771346e+04, 9.935008409183616e+04, 9.999222534144501e+04, 1.006294993940918e+05, 1.01261953125e+05]
dX=[0e+00, 3.877408489396658e-25, 3.469446176471916e-18, -3.469445788732154e-18, 6.938890801980437e-18, -2.58493898127916e-24, 2.081665379438063e-17, 0e+00, 1.38777754001304e-17, -2.481536810981928e-23, 0e+00, -1.38777754001304e-17, -1.387776919628842e-17, 2.775550944131395e-17, 0e+00, 2.775541017984151e-17, 2.775547635415647e-17, 0e+00, 2.775557561562891e-17, -2.775550944131395e-17, 0e+00, 0e+00, 2.775555907205017e-17, -2.775551771310352e-17, -7.444610413717084e-23, -2.775557561562891e-17, 2.646972598391589e-22, 2.977844165474594e-22, 3.308715670938706e-23, -2.316101015888937e-22, 3.308715747975904e-22, -5.551108505694287e-17, 5.551075418536807e-17, 5.551115123125783e-17, 9.926147166890515e-23, 1.654357866291039e-22, -3.970458897571085e-22, 1.323486299190362e-22, -1.665329242992538e-16, -1.110203172330669e-16, 5.55109857954712e-17, -1.985229433386284e-22, -3.639587315084731e-22, 0e+00, 0e+00, 0e+00, 5.551091962115624e-17, -5.551115123125783e-17, 5.551115123125783e-17, 5.551062183673815e-17, -5.551115123125783e-17, 5.293866312187786e-22, 0e+00, -1.11020714302622e-16, 1.110211113425985e-16, 6.617332859495929e-22, 1.110221701119166e-16, 3.970399703326482e-22, 1.110223024625157e-16, -1.110208466492829e-16, 1.110196555293596e-16, 7.940799468348318e-22, 2.646933156075019e-22, 1.110223024625157e-16, 1.11020714302622e-16, -1.110209789959376e-16, 1.110223024625157e-16, 0e+00, 3.97039970342091e-22, -1.110224348131147e-16, -1.110216407292297e-16, -1.191119917160816e-21, 0e+00, 0e+00, -1.110217730758844e-16, -1.110223024625157e-16, 3.330658486142845e-16, 0e+00, 1.110223024625157e-16, -2.220446049250313e-16, 1.110216407292297e-16, -1.110223024625157e-16, -1.110223024625157e-16, -1.110204496093126e-16, -1.110208466492829e-16, -1.110209789959376e-16, 1.11020714302622e-16, -1.110220377692e-16, -1.110217730758844e-16, 1.110223024625157e-16, 1.110209789959376e-16, 1.110223024625157e-16, -1.110223024625157e-16, 0e+00, 2.220446049250313e-16, 1.110216407292297e-16, -1.110223024625157e-16, 2.22041428605244e-16, 1.058773262442334e-21, -2.220440755384001e-16, 0e+00]
