last-generated=2017-08-03
statistics-initialization=
{
  "numerical Jacobians": "0", 
  "nonlinear": "1, 1, 33, 1, 1, 1, 1, 1, 1"
}
statistics-simulation=
{
  "numerical Jacobians": "0", 
  "nonlinear": "0, 0, 31, 0, 1, 0, 1, 1, 1", 
  "number of continuous time states": "74", 
  "linear": "24"
}
pmpSouth.m_flow=[0., 0.0000551223884953176, 0.00010960514757438731, 0.00016356707142295421, 0.00021712167335789006, 0.00027037903782911599, 0.00032344773544661564, 0.00037643666195930878, 0.00042945663976332282, 0.00048262248853801954, 0.00053605489665642381, 0.00058988300028360748, 0.00064424673052300972, 0.00069930017081735248, 0.00075521513537310416, 0.00081218621926382184, 0.0008704361831227697, 0.00093022329410442103, 0.00099185042287770991, 0.00105567557432050072, 0.00112212530802935362, 0.00119170902617455753, 0.00126503043492417404, 0.00134278989056822251, 0.00142575047233232119, 0.00151462270878255367, 0.00160976520380582528, 0.00171059306936172995, 0.00181487684966851566, 0.00192071068199230221, 0.00202788249589502811, 0.00213627644041146586, 0.00224578002814208042, 0.00235628528228298351, 0.00246768713517265701, 0.00257988437078893185, 0.00269277846998382817, 0.00280627463178479255, 0.00292028142931738009, 0.00303471030916358702, 0.00314947590231895447, 0.00326449574707009986, 0.00337968998221981239, 0.00349498145639805073, 0.00361029746190111951, 0.00372556573711335659, 0.00384071806242191607, 0.00395568808091460722, 0.00407041168331791128, 0.00418482849651658721, 0.00429887976497411728, 0.00441250821209681308, 0.00452566028675447946, 0.00463828329910211546, 0.00475032803184916985, 0.00486174644902348518, 0.00497249198422987718, 0.00508252179662102999, 0.00519179299180796538, 0.00530026656506511588, 0.00540790334343910217, 0.00551466747072880317, 0.00562052402239762456, 0.00572543897285962989, 0.005829382123395805, 0.00593232270330190659, 0.00603423323827776813, 0.00613508578876605266, 0.00623485520162762874, 0.00633351821399088383, 0.00643105152994394302, 0.00652743372877892872, 0.00662264478722480055, 0.00671666609908055587, 0.00680947993458938527, 0.0069010700099170208, 0.00699142142362027368, 0.007080519274731128, 0.00716835010905454185, 0.00725490358834593972, 0.00734016718342900276, 0.0074241311831679405, 0.00750678700177152044, 0.00758812561119268265, 0.00766814064649975514, 0.00774682452902197838, 0.00782417197281541979, 0.00790017950721582339, 0.00797484055924936944, 0.00804815469027253365, 0.00812011677771806717, 0.0081907256627528173, 0.00825998200119272205, 0.00832788260844924237, 0.00839442971093043964, 0.00845962297171354294, 0.00852346303010362641, 0.00858595420262894815, 0.00864709529643102083, 0.00870689306558798497, 0.00876534730195999146]
pmpNorth.m_flow=[0., 0.00006262901204447757, 0.00012452946792119855, 0.00018583640484520466, 0.00024667882464457958, 0.00030718190828338265, 0.00036746905262680232, 0.00042766397372345365, 0.00048789264847065307, 0.00054828556301170076, 0.00060897989897057414, 0.00067012225910290102, 0.00073187172481732165, 0.00079440340148205708, 0.00085791236854411499, 0.00092261971440166235, 0.00098877852586801021, 0.00105668216928478148, 0.00112667473644556125, 0.00119916269927540791, 0.00127463066019117832, 0.00135365730003308071, 0.00143692813012948365, 0.0015252387821281107, 0.00161945589435277338, 0.00172038632445037365, 0.00182843719596935904, 0.00194294442449177967, 0.00206137547382140209, 0.0021815655066453896, 0.00230327388271689415, 0.00242636876818014442, 0.00255072250597948493, 0.0026762129874651785, 0.00280272040522444197, 0.00293012987822294235, 0.00305833004574596621, 0.00318721279863703718, 0.00331667467620183967, 0.00344661494416109021, 0.00357693666592240334, 0.00370754663262452171, 0.0038383538071593724, 0.00396927095188879826, 0.00410021503076218093, 0.00423110462725162506, 0.0043618619756579189, 0.00449241163865489457, 0.00462268128383123891, 0.00475260230444562309, 0.00488210748881101608, 0.00501113304104461831, 0.00513961656244289484, 0.00526749923696433631, 0.00539472500793835696, 0.00552123924717307091, 0.00564698933463214994, 0.00577192637588042415, 0.00589600181823856859, 0.00601917121024386596, 0.00614139065146446228, 0.0062626182320625317, 0.0063828153022200641, 0.00650194311227437257, 0.00661996694244971085, 0.00673685269430279732, 0.00685256777122599751, 0.00696708190536664187, 0.00708036568855409734, 0.00719239226151902923, 0.00730313640087842941, 0.00741257249494174739, 0.00752067912346296441, 0.00762743342898877883, 0.00773281687186501681, 0.00783681031316518784, 0.00793939559177934441, 0.00804055780676389727, 0.00814028065367881914, 0.00823855204504822004, 0.00833535846322774887, 0.00843068828057386317, 0.00852453260715029838, 0.00861687940741130004, 0.00870772299203817837, 0.00879705324769020081, 0.00888486638927738805, 0.00897115578394629652, 0.00905591699077324883, 0.00913914696976184451, 0.00922084040939807892, 0.00930099717731975272, 0.00937961522407542748, 0.00945669491160728605, 0.00953223491611569079, 0.00960623659193515778, 0.00967870066475301494, 0.00974963153096069721, 0.00981902969919746203, 0.00988689928709744412, 0.00995324365794658661]
time=[0., 5.]
