last-generated=2016-04-20
statistics-initialization=
{
  "numerical Jacobians": "0", 
  "nonlinear": "1, 1"
}
statistics-simulation=
{
  "numerical Jacobians": "0", 
  "nonlinear": "0, 0", 
  "number of continuous time states": "6", 
  "linear": " "
}
conPID.y=[0.375, 0.56506711244583129883, 0.67599153518676757812, 0.7204983830451965332, 0.73838853836059570312, 0.74554860591888427734, 0.74843180179595947266, 0.74959033727645874023, 0.75006669759750366211, 0.75023722648620605469, 0.75031709671020507812, 0.75035059452056884766, 0.75035971403121948242, 0.4349886775016784668, 0.32416051626205433234, 0.28026568889617919922, 0.26489964127540588379, 0.25960373878479003906, 0.25776904821395874023, 0.25713708996772766113, 0.25692045688629150391, 0.25685206055641174316, 0.25682082772254943848, 0.25680968165397644043, 0.256809234619140625, 0.25681015849113464355, 0.63494485616683959961, 0.70406472682952891962, 0.73175352811813354492, 0.74287253618240356445, 0.74737882614135742188, 0.74915128946304321289, 0.74989795684814453125, 0.75016754865646362305, 0.75028580427169799805, 0.75034248828887939453, 0.75036013126373291016, 0.75036120414733886719, 0.43498688936233520508, 0.32415941357612609863, 0.28026592731475830078, 0.26490181684494018555, 0.25960585474967956543, 0.25776612758636474609, 0.25714102387428283691, 0.25691750645637512207, 0.25685158371925354004, 0.2568225562572479248, 0.25681030750274658203, 0.25680819153785705566, 0.25680968165397644043, 0.63494467735290527344, 0.70406460762023925781, 0.73175346851348876953, 0.74287247657775878906, 0.74737882614135742188, 0.74915128946304321289, 0.74989795684814453125, 0.75016754865646362305, 0.75028580427169799805, 0.75034248828887939453, 0.75036013126373291016, 0.75036120414733886719, 0.43498682975769042969, 0.32415938377380371094, 0.28026592731475830078, 0.26490190625190734863, 0.25960588455200195312, 0.25776603817939758301, 0.2571411430835723877, 0.25691741704940795898, 0.25685155391693115234, 0.2568226158618927002, 0.25681033730506896973, 0.25680819153785705566, 0.25680965185165405273, 0.63494461774826049805, 0.70406460762023925781, 0.73175346851348876953, 0.74287247657775878906, 0.74737882614135742188, 0.74915128946304321289, 0.74989795684814453125, 0.75016754865646362305, 0.75028580427169799805, 0.75034248828887939453, 0.75036013126373291016, 0.75036120414733886719, 0.43498682975769042969, 0.32415938377380371094, 0.28026592731475830078, 0.26490190625190734863, 0.25960588455200195312, 0.25776603817939758301, 0.2571411430835723877, 0.25691741704940795898, 0.25685107707977294922, 0.25682204961776733398, 0.25681081414222717285, 0.25680935382843017578, 0.25680962204933166504]
conPID.u_m=[-0.00000000000024253193, 0.52255403995513916016, 0.65873086452484130859, 0.71335679292678833008, 0.73530459403991699219, 0.74408555030822753906, 0.74762642383575439453, 0.74904531240463256836, 0.74963015317916870117, 0.74983930587768554688, 0.7499370574951171875, 0.74997824430465698242, 0.74998950958251953125, 0.47552970051765441895, 0.34099489450454700812, 0.28581514954566955566, 0.26275551319122314453, 0.25444561243057250977, 0.25153455138206481934, 0.25052443146705627441, 0.25017967820167541504, 0.25007009506225585938, 0.25002017617225646973, 0.25000238418579101562, 0.25000172853469848633, 0.2500031888484954834, 0.60837227106094360352, 0.6931567192077637829, 0.72716319561004649774, 0.74080502986907958984, 0.74633443355560302734, 0.74850660562515258789, 0.74942362308502197266, 0.7497571110725402832, 0.74989783763885498047, 0.74996709823608398438, 0.74999016523361206055, 0.74999207258224487305, 0.47553601861000061035, 0.3409919440746307373, 0.28581550717353820801, 0.26276084780693054199, 0.25445005297660827637, 0.25152963399887084961, 0.2505308687686920166, 0.25017470121383666992, 0.2500693202018737793, 0.25002294778823852539, 0.25000336766242980957, 0.2500000298023223877, 0.25000241398811340332, 0.60837203264236450195, 0.69315659999847412109, 0.72716319561004638672, 0.74080497026443481445, 0.74633443355560302734, 0.74850660562515258789, 0.74942362308502197266, 0.7497571110725402832, 0.74989783763885498047, 0.74996709823608398438, 0.74999016523361206055, 0.74999207258224487305, 0.47553619742393493652, 0.34099182486534118652, 0.28581550717353820801, 0.26276099681854248047, 0.25445014238357543945, 0.25152945518493652344, 0.25053107738494873047, 0.25017458200454711914, 0.2500692903995513916, 0.25002300739288330078, 0.25000339746475219727, 0.25, 0.25000238418579101562, 0.60837203264236450195, 0.69315659999847412109, 0.72716319561004638672, 0.74080497026443481445, 0.74633443355560302734, 0.74850660562515258789, 0.74942362308502197266, 0.7497571110725402832, 0.74989783763885498047, 0.74996709823608398438, 0.74999016523361206055, 0.74999207258224487305, 0.47553622722625732422, 0.34099182486534118652, 0.28581550717353820801, 0.26276102662086486816, 0.25445014238357543945, 0.25152942538261413574, 0.25053107738494873047, 0.25017455220222473145, 0.25006851553916931152, 0.25002214312553405762, 0.25000420212745666504, 0.2500018775463104248, 0.25000229477882385254]
conPID.u_s=[0.75, 0.75, 0.75, 0.75, 0.75, 0.75, 0.75, 0.75, 0.75, 0.75, 0.75, 0.75, 0.75, 0.25, 0.25, 0.25, 0.25, 0.25, 0.25, 0.25, 0.25, 0.25, 0.25, 0.25, 0.25, 0.25, 0.75, 0.75, 0.75, 0.75, 0.75, 0.75, 0.75, 0.75, 0.75, 0.75, 0.75, 0.75, 0.25, 0.25, 0.25, 0.25, 0.25, 0.25, 0.25, 0.25, 0.25, 0.25, 0.25, 0.25, 0.25, 0.75, 0.75, 0.75, 0.75, 0.75, 0.75, 0.75, 0.75, 0.75, 0.75, 0.75, 0.75, 0.25, 0.25, 0.25, 0.25, 0.25, 0.25, 0.25, 0.25, 0.25, 0.25, 0.25, 0.25, 0.25, 0.75, 0.75, 0.75, 0.75, 0.75, 0.75, 0.75, 0.75, 0.75, 0.75, 0.75, 0.75, 0.25, 0.25, 0.25, 0.25, 0.25, 0.25, 0.25, 0.25, 0.25, 0.25, 0.25, 0.25, 0.25]
time=[0., 3600.]
