last-generated=2016-02-04
statistics-simulation=
{
  "numerical Jacobians": "0", 
  "nonlinear": " ", 
  "number of continuous time states": "15", 
  "linear": "0, 0, 0"
}
dooAB.vBA=[0.00300000002607703209, 0.01283652428537607193, 0.02398204617202281952, 0.03495607897639274597, 0.04513010010123252869, 0.05445573851466178894, 0.06306549161672592163, 0.07071070373058319092, 0.07726913690567016602, 0.08263559639453887939, 0.08672922104597091675, 0.08949158340692520142, 0.09086988121271133423, 0.0908098071813583374, 0.08939277380704879761, 0.08873837441205978394, 0.08613517135381698608, 0.08374473452568054199, 0.0802394375205039978, 0.07581946998834609985, 0.07196976989507675171, 0.06615410745143890381, 0.06168161332607269287, 0.05612161010503768921, 0.0501651763916015625, 0.04529755190014839172, 0.0389527641236782074, 0.03422347456216810746, 0.02909435145556924993, 0.02381603233516216278, 0.02005525492131710052, 0.01523989439010620117, 0.01232404634356498718, 0.00914762355387210846, 0.00647043902426958084, 0.00482440367341041565, 0.00300000002607703209, 0.00300000002607703209, 0.00300000002607703209, 0.00300000002607703209, 0.00300000002607703209, 0.00300000002607703209, 0.00300000002607703209, 0.00300000002607703209, 0.00300000002607703209, 0.00300000002607703209, 0.00300000002607703209, 0.00300000002607703209, 0.00300000002607703209, 0.00300000002607703209, 0.00299494387581944466, 0.0128351747989654541, 0.02398067526519298553, 0.03479517251253128052, 0.04499223828315741108, 0.05446473509073262997, 0.06306839734315877743, 0.07071249932050704956, 0.07726752758026123047, 0.08262908458709716797, 0.08673486113548278809, 0.0894916728138923645, 0.09086409956216812134, 0.0908103063702583313, 0.08936946839094161987, 0.08866071701049804688, 0.08609163761138916016, 0.08360679447650909424, 0.08014896512031555176, 0.07567808032035827637, 0.07185385376214981079, 0.06610724329948425293, 0.06156466901302337646, 0.05611415207386016846, 0.0500163547694683075, 0.04518802464008331299, 0.03883944079279899597, 0.0341389290988445282, 0.02897283248603343964, 0.02372338250279426575, 0.01996023766696453094, 0.01510942541062831879, 0.01223637722432613373, 0.00900271907448768616, 0.00641792919486761093, 0.00473784422501921654, 0.00300000002607703209, 0.00300000002607703209, 0.00300000002607703209, 0.00300000002607703209, 0.00300000002607703209, 0.00300000002607703209, 0.00300000002607703209, 0.00300000002607703209, 0.00300000002607703209, 0.00300000002607703209, 0.00300000002607703209, 0.00300000002607703209, 0.00300000002607703209, 0.00300000002607703209, 0.00326076289638876915]
dooAC.vAB=[0.00100000004749745131, 0.00372535479255020618, 0.00392005825415253639, 0.00419404404237866402, 0.00429821666330099106, 0.00434818537905812263, 0.00438702572137117386, 0.00441720336675643921, 0.00443876581266522408, 0.00445335078984498978, 0.00446135178208351135, 0.00446542771533131599, 0.00445605814456939697, 0.0044133099727332592, 0.00438082078471779823, 0.00438131857663393021, 0.00437589967623353004, 0.00438726181164383888, 0.00439610099419951439, 0.00437105773016810417, 0.00441630836576223373, 0.004378496203571558, 0.00440752040594816208, 0.00440880423411726952, 0.00437878724187612534, 0.00443662796169519424, 0.00437962776049971581, 0.00441166246309876442, 0.00440674088895320892, 0.00437627360224723816, 0.00441565271466970444, 0.00440743332728743553, 0.00438958499580621719, 0.00438115932047367096, 0.00437642727047204971, 0.00437988713383674622, 0.00438039842993021011, 0.00441490206867456436, 0.00445938576012849808, 0.00446772761642932892, 0.00446282234042882919, 0.00445242132991552353, 0.00443910667672753334, 0.00441749254241585732, 0.00438739918172359467, 0.004347960464656353, 0.00429787440225481987, 0.00419471925124526024, 0.00391740119084715843, 0.00372519856318831444, 0.00366620859131217003, 0.00372499227523803711, 0.00391870923340320587, 0.00419599423184990883, 0.00429887790232896805, 0.00434748316183686256, 0.00438732746988534927, 0.00441791955381631851, 0.00443940097466111183, 0.00445386720821261406, 0.00446250848472118378, 0.00446665380150079727, 0.00445892056450247765, 0.00441661803051829338, 0.00438208552077412605, 0.00438087433576583862, 0.00437855767086148262, 0.004380018450319767, 0.00439060432836413383, 0.00438323058187961578, 0.00442060176283121109, 0.00437614694237709045, 0.00440589431673288345, 0.00441597728058695793, 0.00437048962339758873, 0.00443348847329616547, 0.00437893997877836227, 0.00440491456538438797, 0.00440638372674584389, 0.00437556812539696693, 0.00441842712461948395, 0.00437290174886584282, 0.00439476268365979195, 0.00438302382826805115, 0.00437765894457697868, 0.00437808595597743988, 0.00438389834016561508, 0.0044218897819519043, 0.00446112733334302902, 0.00447069108486175537, 0.00446212384849786758, 0.00445386115461587906, 0.00443937536329030991, 0.00441773748025298119, 0.00438763992860913277, 0.00434780679643154144, 0.00429890956729650497, 0.00419858423992991447, 0.00391687965020537376, 0.00372526515275239944, 0.00366743141785264015]
dooBC.vAB=[0.00100000004749745131, 0.01338570099323987961, 0.02414369024336338043, 0.03457275032997131348, 0.04453454166650772095, 0.05375925824046134949, 0.062291756272315979, 0.06987635046243667603, 0.07639154046773910522, 0.08172894269227981567, 0.08580611646175384521, 0.08855878561735153198, 0.08995512127876281738, 0.08998280763626098633, 0.08860667794942855835, 0.08771076053380966187, 0.08523123711347579956, 0.08253812044858932495, 0.07917012274265289307, 0.07449451088905334473, 0.0707111358642578125, 0.06505449861288070679, 0.06028464064002037048, 0.0548627115786075592, 0.04866854473948478699, 0.04386111721396446228, 0.03769058361649513245, 0.03266989439725874467, 0.02767758257687090093, 0.02216479368507862091, 0.01847163215279579163, 0.0138255460187792778, 0.01060294173657894135, 0.00758079439401626587, 0.00462208082899451256, 0.00309492950327694416, 0.00099298683926463127, 0.00100000004749745131, 0.00100000004749745131, 0.00100000004749745131, 0.00100000004749745131, 0.00100000004749745131, 0.00100000004749745131, 0.00100000004749745131, 0.00100000004749745131, 0.00100000004749745131, 0.00100000004749745131, 0.00100000004749745131, 0.00100000004749745131, 0.00100000004749745131, 0.00232476205565035343, 0.01338509470224380493, 0.02414472028613090515, 0.03440785035490989685, 0.04439646005630499409, 0.05376790091395383664, 0.06229328736662869542, 0.06987693160772323608, 0.07638869434595108032, 0.08172110468149185181, 0.08581031858921051025, 0.08855851739645004272, 0.08994495868682861328, 0.08997659385204315186, 0.08860659599304199219, 0.0876288488507270813, 0.08518563210964202881, 0.08239859342575073242, 0.07907593250274658203, 0.07435674220323562622, 0.07059621810913085938, 0.06500662863254547119, 0.06016885861754417419, 0.05485478043556213379, 0.04852050915360450745, 0.04375332966446876526, 0.03757935389876365662, 0.03258609026670455933, 0.02756025455892086029, 0.02207414433360099792, 0.01838127337396144867, 0.01369300670921802521, 0.01051941048353910446, 0.00744339451193809509, 0.00457208976149559021, 0.0030151871033012867, 0.00100000004749745131, 0.00100000004749745131, 0.00100000004749745131, 0.00100000004749745131, 0.00100000004749745131, 0.00100000004749745131, 0.00100000004749745131, 0.00100000004749745131, 0.00100000004749745131, 0.00100000004749745131, 0.00100000004749745131, 0.00100000004749745131, 0.00100000004749745131, 0.00100000004749745131, 0.00258510070852935314]
dooAC.vBA=[0.00300000002607703209, 0.00300000002607703209, 0.00300000002607703209, 0.00300000002607703209, 0.00300000002607703209, 0.00300000002607703209, 0.00300000002607703209, 0.00300000002607703209, 0.00300000002607703209, 0.00300000002607703209, 0.00300000002607703209, 0.00300000002607703209, 0.00300000002607703209, 0.00300000002607703209, 0.00300000002607703209, 0.00300000002607703209, 0.00300000002607703209, 0.00300000002607703209, 0.00300000002607703209, 0.00300000002607703209, 0.00300000002607703209, 0.00300000002607703209, 0.00300000002607703209, 0.00300000002607703209, 0.00300000002607703209, 0.00300000002607703209, 0.00300000002607703209, 0.00300000002607703209, 0.00300000002607703209, 0.00300000002607703209, 0.00300000002607703209, 0.00300000002607703209, 0.00300000002607703209, 0.00300000002607703209, 0.00300000002607703209, 0.00300000002607703209, 0.00300000002607703209, 0.00300000002607703209, 0.00300000002607703209, 0.00300000002607703209, 0.00300000002607703209, 0.00300000002607703209, 0.00300000002607703209, 0.00300000002607703209, 0.00300000002607703209, 0.00300000002607703209, 0.00300000002607703209, 0.00300000002607703209, 0.00300000002607703209, 0.00300000002607703209, 0.00300000002607703209, 0.00300000002607703209, 0.00300000002607703209, 0.00300000002607703209, 0.00300000002607703209, 0.00300000002607703209, 0.00300000002607703209, 0.00300000002607703209, 0.00300000002607703209, 0.00300000002607703209, 0.00300000002607703209, 0.00300000002607703209, 0.00300000002607703209, 0.00300000002607703209, 0.00300000002607703209, 0.00300000002607703209, 0.00300000002607703209, 0.00300000002607703209, 0.00300000002607703209, 0.00300000002607703209, 0.00300000002607703209, 0.00300000002607703209, 0.00300000002607703209, 0.00300000002607703209, 0.00300000002607703209, 0.00300000002607703209, 0.00300000002607703209, 0.00300000002607703209, 0.00300000002607703209, 0.00300000002607703209, 0.00300000002607703209, 0.00300000002607703209, 0.00300000002607703209, 0.00300000002607703209, 0.00300000002607703209, 0.00300000002607703209, 0.00300000002607703209, 0.00300000002607703209, 0.00300000002607703209, 0.00300000002607703209, 0.00300000002607703209, 0.00300000002607703209, 0.00300000002607703209, 0.00300000002607703209, 0.00300000002607703209, 0.00300000002607703209, 0.00300000002607703209, 0.00300000002607703209, 0.00300000002607703209, 0.00300000002607703209, 0.00300000002607703209]
dooAB.vAB=[0.00100000004749745131, 0.00100000004749745131, 0.00100000004749745131, 0.00100000004749745131, 0.00100000004749745131, 0.00100000004749745131, 0.00100000004749745131, 0.00100000004749745131, 0.00100000004749745131, 0.00100000004749745131, 0.00100000004749745131, 0.00100000004749745131, 0.00100000004749745131, 0.00100000004749745131, 0.00102448510006070484, 0.00315031432546675205, 0.00465147849172353745, 0.0076124989427626133, 0.01063201576471328735, 0.01387734804302453995, 0.01850940287113189697, 0.02220531553030014038, 0.02769401669502258301, 0.0326976776123046875, 0.037689991295337677, 0.0438455827534198761, 0.0486535876989364624, 0.05486661940813066657, 0.06024829298257829147, 0.06506030261516571045, 0.07067213207483291626, 0.07444497942924499512, 0.079088553786277771, 0.08241345733404159546, 0.08519714325666427612, 0.08765366673469543457, 0.08860821276903152466, 0.08998476713895797729, 0.0899475589394569397, 0.08855809271335601807, 0.08581151813268661499, 0.08174488693475723267, 0.07640243321657180786, 0.06988538801670074463, 0.06232196837663650513, 0.05378226190805435181, 0.04443327710032463074, 0.03445522859692573547, 0.0241337846964597702, 0.01339429151266813278, 0.00233198772184550762, 0.00100000004749745131, 0.00100000004749745131, 0.00100000004749745131, 0.00100000004749745131, 0.00100000004749745131, 0.00100000004749745131, 0.00100000004749745131, 0.00100000004749745131, 0.00100000004749745131, 0.00100000004749745131, 0.00100000004749745131, 0.00100000004749745131, 0.00100000004749745131, 0.00099902460351586342, 0.00306845549494028091, 0.00460322527214884758, 0.00751466350629925728, 0.01055511739104986191, 0.01376933325082063675, 0.01841223612427711487, 0.02209585346281528473, 0.02757970429956912994, 0.03253274410963058472, 0.03762708976864814758, 0.04373180866241455078, 0.04853990674018859863, 0.05472432449460029602, 0.06013677269220352173, 0.06496740132570266724, 0.07054594159126281738, 0.07432862371206283569, 0.07902435958385467529, 0.08235194534063339233, 0.08516892790794372559, 0.08756476640701293945, 0.08865939080715179443, 0.09009828418493270874, 0.08989913761615753174, 0.08850125223398208618, 0.08581317216157913208, 0.08172633498907089233, 0.07640210539102554321, 0.0699057355523109436, 0.06230740994215011597, 0.0537738017737865448, 0.04442476853728294373, 0.03445604816079139709, 0.02413948066532611847, 0.01338493824005126953, 0.00259669451043009758]
time=[0., 7200.]
dooBC.vBA=[0.00300000002607703209, 0.00300000002607703209, 0.00300000002607703209, 0.00300000002607703209, 0.00300000002607703209, 0.00300000002607703209, 0.00300000002607703209, 0.00300000002607703209, 0.00300000002607703209, 0.00300000002607703209, 0.00300000002607703209, 0.00300000002607703209, 0.00300000002607703209, 0.00300000002607703209, 0.00300000002607703296, 0.00488484138622879982, 0.00650132354348897934, 0.00918112602084875107, 0.01235429570078849792, 0.01530033163726329803, 0.02009531483054161072, 0.02385767176747322083, 0.02911205403506755829, 0.03425271064043045044, 0.03895330429077148438, 0.0452825203537940979, 0.05015086010098457336, 0.05612624809145929511, 0.06164601072669030624, 0.06616137921810150146, 0.07193175703287124634, 0.07576305419206619263, 0.08016001433134078979, 0.08362130820751190186, 0.0861015617847442627, 0.08868404477834701538, 0.08936239778995513916, 0.09081554412841796875, 0.09086445719003677368, 0.08948980271816253662, 0.08673486113548278809, 0.0826525762677192688, 0.07728063315153121948, 0.07072040438652038574, 0.06309667229652404785, 0.05447847768664360046, 0.04502966627478599548, 0.03484458103775978088, 0.02396909706294536591, 0.01284447871148586273, 0.00299430661834776402, 0.00300000002607703209, 0.00300000002607703209, 0.00300000002607703209, 0.00300000002607703209, 0.00300000002607703209, 0.00300000002607703209, 0.00300000002607703209, 0.00300000002607703209, 0.00300000002607703209, 0.00300000002607703209, 0.00300000002607703209, 0.00300000002607703209, 0.00300000002607703209, 0.00300000002607703209, 0.0047982935793697834, 0.00645215203985571861, 0.00908203236758708954, 0.01227670442312955856, 0.01519032008945941925, 0.01999580301344394684, 0.02374853938817977905, 0.02899690344929695129, 0.03408737108111381531, 0.03889346122741699219, 0.04516922309994697571, 0.05003777146339416504, 0.05598520487546920776, 0.06153504550457000732, 0.06606934964656829834, 0.07180593162775039673, 0.07565405964851379395, 0.08009740710258483887, 0.0835609734058380127, 0.08607476204633712769, 0.08859895169734954834, 0.08941949903964996338, 0.09093510359525680542, 0.09081841260194778442, 0.08943124860525131226, 0.08673747628927230835, 0.08263403922319412231, 0.07728084176778793335, 0.07074155658483505249, 0.06308263540267944336, 0.05446939542889595032, 0.04502230137586593628, 0.03485512733459472656, 0.02397259511053562164, 0.01283609401434659958, 0.00325586507096886635]
