last-generated=2018-06-13
statistics-simulation=
{
  "linear": " ",
  "nonlinear": " ",
  "number of continuous time states": "2",
  "numerical Jacobians": "0"
}
valLin.res3.phi=[1e+00, 9.904999730847823e-01, 9.810000057741962e-01, 9.714999788589924e-01, 9.620000115483923e-01, 9.524999864026967e-01, 9.430000173225885e-01, 9.334999921768934e-01, 9.240000230967879e-01, 9.145000014901401e-01, 9.049999728053908e-01, 8.955000037252863e-01, 8.85999975040617e-01, 8.765000059604325e-01, 8.669999843537848e-01, 8.575000223516042e-01, 8.479999865889309e-01, 8.385000245868747e-01, 8.290000029802802e-01, 8.195000268220741e-01, 8.100000052154264e-01, 8.00499969452771e-01, 7.910000074505726e-01, 7.814999858439249e-01, 7.720000096857188e-01, 7.62499988079071e-01, 7.53000011920865e-01, 7.435000044704203e-01, 7.340000283121787e-01, 7.244999925493635e-01, 7.149999850989187e-01, 7.055000089407127e-01, 6.95999973178075e-01, 6.865000253316711e-01, 6.769999895692111e-01, 6.675000134110052e-01, 6.580000059605604e-01, 6.485000298022122e-01, 6.389999940395036e-01, 6.294999582770791e-01, 6.200000104308527e-01, 6.104999746681086e-01, 6.00999998509796e-01, 5.914999910593512e-01, 5.820000149011452e-01, 5.724999791382944e-01, 5.630000312922457e-01, 5.534999955296437e-01, 5.440000193714376e-01, 5.345000119209929e-01, 5.249999761581421e-01, 5.15500000000071e-01, 5.059999642379236e-01, 4.964999582773881e-01, 4.870000089405368e-01, 4.775000029801434e-01, 4.679999970198174e-01, 4.584999910594632e-01, 4.489999850992119e-01, 4.394999791385698e-01, 4.300000298017895e-01, 4.205000238415382e-01, 4.110000178812869e-01, 4.014999821187131e-01, 3.919999761584618e-01, 3.824999701982105e-01, 3.730000208614302e-01, 3.635000149007881e-01, 3.540000089405368e-01, 3.445000029801826e-01, 3.349999970198566e-01, 3.254999910594632e-01, 3.160000417226119e-01, 3.065000059603224e-01, 2.969999999999289e-01, 2.874999940395355e-01, 2.779999880792842e-01, 2.684999821190329e-01, 2.589999761583552e-01, 2.495000268216105e-01, 2.400000059602868e-01, 2.305000000000319e-01, 2.209999940396422e-01, 2.114999880793198e-01, 2.019999821189974e-01, 1.925000178810382e-01, 1.830000119207158e-01, 1.735000059603934e-01, 1.640000000000711e-01, 1.544999791386941e-01, 1.449999731782651e-01, 1.355000238414671e-01, 1.260000178811447e-01, 1.165000044702417e-01, 1.06999998509852e-01, 9.74999850990609e-02, 8.79999791386941e-02, 7.850002980178951e-02, 6.900001639099312e-02, 5.950001043065298e-02, 5.000000074505806e-02]
valLin.res1.phi=[5.000000074505806e-02, 5.950000158324819e-02, 6.899999869614885e-02, 7.850000325962661e-02, 8.800000037252995e-02, 9.749999571591818e-02, 1.07000002048911e-01, 1.164999973922971e-01, 1.26000003725289e-01, 1.354999955296543e-01, 1.449999944120657e-01, 1.54499993294477e-01, 1.640000070780496e-01, 1.735000059604609e-01, 1.829999977648263e-01, 1.924999895691916e-01, 2.020000104307835e-01, 2.115000022351755e-01, 2.209999940395408e-01, 2.304999999999982e-01, 2.399999918043858e-01, 2.495000126659333e-01, 2.590000044703386e-01, 2.684999962747439e-01, 2.780000022352102e-01, 2.874999940395355e-01, 2.970000000000639e-01, 3.064999776483461e-01, 3.160000134110371e-01, 3.255000193714411e-01, 3.349999970196878e-01, 3.445000029802163e-01, 3.540000089406381e-01, 3.634999865890624e-01, 3.729999925494487e-01, 3.824999985099238e-01, 3.919999761582593e-01, 4.014999821186456e-01, 4.110000178813544e-01, 4.205000238417407e-01, 4.300000014900762e-01, 4.395000074505513e-01, 4.490000134109376e-01, 4.584999910593619e-01, 4.679999970197837e-01, 4.775000029803122e-01, 4.869999806285589e-01, 4.964999865889629e-01, 5.059999925494914e-01, 5.15499999999936e-01, 5.249999761581421e-01, 5.345000119208579e-01, 5.440000476830054e-01, 5.535000238416448e-01, 5.630000029803921e-01, 5.724999791384632e-01, 5.820000149011115e-01, 5.9149999105925e-01, 6.010000268219657e-01, 6.105000029800368e-01, 6.199999821187842e-01, 6.294999582772816e-01, 6.389999940395711e-01, 6.485000298021447e-01, 6.580000059603579e-01, 6.675000417223632e-01, 6.769999612579579e-01, 6.864999970198922e-01, 6.959999731781763e-01, 7.055000089407464e-01, 7.1499998509875e-01, 7.245000208614658e-01, 7.340000000002131e-01, 7.434999761582842e-01, 7.53000011921e-01, 7.62499988079071e-01, 7.720000238415027e-01, 7.814999999998579e-01, 7.910000357625737e-01, 8.004999552973158e-01, 8.099999910593921e-01, 8.195000268220405e-01, 8.29000002980179e-01, 8.385000387423973e-01, 8.480000149009658e-01, 8.574999940397131e-01, 8.669999701982105e-01, 8.765000059605e-01, 8.85999982118571e-01, 8.955000178812869e-01, 9.049999940393579e-01, 9.144999731781053e-01, 9.240000089408211e-01, 9.334999850988921e-01, 9.430000208616043e-01, 9.524999970196789e-01, 9.620000327823948e-01, 9.7149995231735e-01, 9.809999880792132e-01, 9.904999642375684e-01, 1e+00]
valEquPerLin.res3.phi=[1e+00, 9.904999730847823e-01, 9.810000057741962e-01, 9.714999788589924e-01, 9.620000115483923e-01, 9.524999864026967e-01, 9.430000173225885e-01, 9.334999921768934e-01, 9.240000230967879e-01, 9.145000014901401e-01, 9.049999728053908e-01, 8.955000037252863e-01, 8.85999975040617e-01, 8.765000059604325e-01, 8.669999843537848e-01, 8.575000223516042e-01, 8.479999865889309e-01, 8.385000245868747e-01, 8.290000029802802e-01, 8.195000268220741e-01, 8.100000052154264e-01, 8.00499969452771e-01, 7.910000074505726e-01, 7.814999858439249e-01, 7.720000096857188e-01, 7.62499988079071e-01, 7.53000011920865e-01, 7.435000044704203e-01, 7.340000283121787e-01, 7.244999925493635e-01, 7.149999850989187e-01, 7.055000089407127e-01, 6.95999973178075e-01, 6.865000253316711e-01, 6.769999895692111e-01, 6.675000134110052e-01, 6.580000059605604e-01, 6.485000298022122e-01, 6.389999940395036e-01, 6.294999582770791e-01, 6.200000104308527e-01, 6.104999746681086e-01, 6.00999998509796e-01, 5.914999910593512e-01, 5.820000149011452e-01, 5.724999791382944e-01, 5.630000312922457e-01, 5.534999955296437e-01, 5.440000193714376e-01, 5.345000119209929e-01, 5.249999761581421e-01, 5.15500000000071e-01, 5.059999642379236e-01, 4.964999582773881e-01, 4.870000089405368e-01, 4.775000029801434e-01, 4.679999970198174e-01, 4.584999910594632e-01, 4.489999850992119e-01, 4.394999791385698e-01, 4.300000298017895e-01, 4.205000238415382e-01, 4.110000178812869e-01, 4.014999821187131e-01, 3.919999761584618e-01, 3.824999701982105e-01, 3.730000208614302e-01, 3.635000149007881e-01, 3.540000089405368e-01, 3.445000029801826e-01, 3.349999970198566e-01, 3.254999910594632e-01, 3.160000417226119e-01, 3.065000059603224e-01, 2.969999999999289e-01, 2.874999940395355e-01, 2.779999880792842e-01, 2.684999821190329e-01, 2.589999761583552e-01, 2.495000268216105e-01, 2.400000059602868e-01, 2.305000000000319e-01, 2.209999940396422e-01, 2.114999880793198e-01, 2.019999821189974e-01, 1.925000178810382e-01, 1.830000119207158e-01, 1.735000059603934e-01, 1.640000000000711e-01, 1.544999791386941e-01, 1.449999731782651e-01, 1.355000238414671e-01, 1.260000178811447e-01, 1.165000044702417e-01, 1.06999998509852e-01, 9.74999850990609e-02, 8.79999791386941e-02, 7.850002980178951e-02, 6.900001639099312e-02, 5.950001043065298e-02, 5.000000074505806e-02]
valEquPerLin.res1.phi=[5.000000074505806e-02, 9.60826580752159e-02, 1.047128514535727e-01, 1.071519331802175e-01, 1.096478181359665e-01, 1.122018469439743e-01, 1.148153621531803e-01, 1.174897550732169e-01, 1.202264433100287e-01, 1.230268766309151e-01, 1.258925344210735e-01, 1.288249494417398e-01, 1.31825671415983e-01, 1.348962947670073e-01, 1.380384264486367e-01, 1.412537525623922e-01, 1.445439767846761e-01, 1.479108327511719e-01, 1.513561283513753e-01, 1.548816570221324e-01, 1.584893156168037e-01, 1.621810073359708e-01, 1.659586881196722e-01, 1.698243601733817e-01, 1.737800858077857e-01, 1.778279393911362e-01, 1.819700936791041e-01, 1.862087054849053e-01, 1.905460650471024e-01, 1.94984469592565e-01, 1.995262299969948e-01, 2.041737873100212e-01, 2.089296166814735e-01, 2.13796206828692e-01, 2.187761646416445e-01, 2.238721133272312e-01, 2.290867640789297e-01, 2.34422874862984e-01, 2.398832913810214e-01, 2.454709044673727e-01, 2.511886323866469e-01, 2.570395788903738e-01, 2.630268116918815e-01, 2.691534713388269e-01, 2.75422872628337e-01, 2.818383055978926e-01, 2.884031478907551e-01, 2.951209255231629e-01, 3.019951656733388e-01, 3.090295425898115e-01, 3.162277638912201e-01, 3.235936534101358e-01, 3.311311450327514e-01, 3.388441726779853e-01, 3.467368312623814e-01, 3.548133872140096e-01, 3.630780557773037e-01, 3.715352477367616e-01, 3.801894036340138e-01, 3.890451726350712e-01, 3.981071492538884e-01, 4.073802694914114e-01, 4.168693675630015e-01, 4.265795098995598e-01, 4.36515852318846e-01, 4.466836102220913e-01, 4.570881746993692e-01, 4.677351235830026e-01, 4.78630087855782e-01, 4.897788193949983e-01, 5.011872191031951e-01, 5.12861396437838e-01, 5.248074186629464e-01, 5.370317462219991e-01, 5.495408653027076e-01, 5.623413324356079e-01, 5.75439942627226e-01, 5.88843669585474e-01, 6.025596062843961e-01, 6.165949994365606e-01, 6.309573477569698e-01, 6.456541979712228e-01, 6.606934775694384e-01, 6.76082994752235e-01, 6.918310345720203e-01, 7.079457252904175e-01, 7.244359612814486e-01, 7.413102307178245e-01, 7.585775935682201e-01, 7.762471693722756e-01, 7.943282564449126e-01, 8.128304587843663e-01, 8.317637124652747e-01, 8.511380413391786e-01, 8.709635782483408e-01, 8.912509328948458e-01, 9.120108936859338e-01, 9.332542402101618e-01, 9.549925504901728e-01, 9.772372031691461e-01, 1e+00]
time=[0e+00, 1e+00]
