last-generated=2018-06-13
statistics-simulation=
{
  "linear": " ",
  "nonlinear": " ",
  "number of continuous time states": "1",
  "numerical Jacobians": "0"
}
y=[6.242819140625e+04, 6.520420957392312e+04, 6.780076291278927e+04, 7.02307575304216e+04, 7.250582994986701e+04, 7.463656002594659e+04, 7.663253859895376e+04, 7.850251691097692e+04, 8.025447432468541e+04, 8.18957494282855e+04, 8.343305556827325e+04, 8.487256830721755e+04, 8.621999156195052e+04, 8.748060213980707e+04, 8.865928286865399e+04, 8.976055404893997e+04, 9.078866441509801e+04, 9.174753245506377e+04, 9.264085094170956e+04, 9.347208612713552e+04, 9.424446181778431e+04, 9.496104629508058e+04, 9.562472663797888e+04, 9.623823500217464e+04, 9.680416354036437e+04, 9.7324984375e+04, 9.780304662742004e+04, 9.824059392282518e+04, 9.863979682918367e+04, 9.90027263337397e+04, 9.933139071707269e+04, 9.962770305733023e+04, 9.989355486516804e+04, 1.001307656644857e+05, 1.003411014909746e+05, 1.005263047893399e+05, 1.006880625088475e+05, 1.008280468122104e+05, 1.009478827824195e+05, 1.010491953068818e+05, 1.011335781361642e+05, 1.012026015841253e+05, 1.012578281160453e+05, 1.013008125010827e+05, 1.013331093711915e+05, 1.01356234376365e+05, 1.013717343738545e+05, 1.013811406245076e+05, 1.013859687498498e+05, 1.013877421874799e+05, 1.01388e+05, 1.01388250000021e+05, 1.013900312501502e+05, 1.013948593754898e+05, 1.014042578136455e+05, 1.01419749998635e+05, 1.014428515663033e+05, 1.014750937489197e+05, 1.015179765714267e+05, 1.015729999784586e+05, 1.016416718638998e+05, 1.01725476568074e+05, 1.018258750297767e+05, 1.019443438119514e+05, 1.020822968662921e+05, 1.022411717751159e+05, 1.024223438197932e+05, 1.026271718366249e+05, 1.028569920157552e+05, 1.031130938149503e+05, 1.033967264746066e+05, 1.037090939664669e+05, 1.040513594179991e+05, 1.044246248389909e+05, 1.048299377279663e+05, 1.0526828125e+05, 1.057405864077052e+05, 1.062476947533025e+05, 1.067903983710875e+05, 1.073693911265581e+05, 1.079853039355051e+05, 1.086386717156231e+05, 1.093299614483201e+05, 1.100595302731331e+05, 1.108276637822516e+05, 1.11634539557334e+05, 1.124802565804745e+05, 1.133648120708102e+05, 1.14288102013818e+05, 1.152499467213274e+05, 1.162500462698278e+05, 1.172880316292664e+05, 1.183634155017537e+05, 1.194756398190537e+05, 1.206240627789119e+05, 1.218079389362362e+05, 1.230264442843173e+05, 1.242786876516423e+05, 1.255636967117721e+05, 1.26880420607398e+05, 1.2822775e+05]
y_comp=[6.242819140625e+04, 6.520420957392312e+04, 6.780076291278927e+04, 7.02307575304216e+04, 7.250582994986701e+04, 7.463656002594659e+04, 7.663253859895376e+04, 7.850251691097692e+04, 8.025447432468541e+04, 8.18957494282855e+04, 8.343305556827325e+04, 8.487256830721755e+04, 8.621999156195052e+04, 8.748060213980707e+04, 8.865928286865399e+04, 8.976055404893997e+04, 9.078866441509801e+04, 9.174753245506377e+04, 9.264085094170956e+04, 9.347207831464484e+04, 9.424446181778431e+04, 9.496104629508058e+04, 9.562472663797888e+04, 9.623823500217464e+04, 9.680416354036437e+04, 9.7324984375e+04, 9.7803038814941e+04, 9.824059392282518e+04, 9.863979682917902e+04, 9.90027263337397e+04, 9.933139071707269e+04, 9.962770305733023e+04, 9.989355486516804e+04, 1.001307656644857e+05, 1.003411014909746e+05, 1.005263047893399e+05, 1.006880625088475e+05, 1.008280468122104e+05, 1.009478827824195e+05, 1.010491953068795e+05, 1.011335781361584e+05, 1.012026015841253e+05, 1.012578281160453e+05, 1.013008125010827e+05, 1.013331093711915e+05, 1.01356234376365e+05, 1.013717343738545e+05, 1.013811406245076e+05, 1.013859687498481e+05, 1.013877421874799e+05, 1.01388e+05, 1.01388250000021e+05, 1.013900312501502e+05, 1.013948593754898e+05, 1.014042578136455e+05, 1.01419749998635e+05, 1.014428515663033e+05, 1.014750937489197e+05, 1.015179687589337e+05, 1.015729999784586e+05, 1.016416718638998e+05, 1.01725476568074e+05, 1.018258750297767e+05, 1.019443438119514e+05, 1.020822968662921e+05, 1.022411717751159e+05, 1.024223360072932e+05, 1.026271718366249e+05, 1.028569920157552e+05, 1.031130938149503e+05, 1.033967264746066e+05, 1.037090939664413e+05, 1.040513594179991e+05, 1.044246248389746e+05, 1.048299377279663e+05, 1.0526828125e+05, 1.057405864077052e+05, 1.062476947532606e+05, 1.067903905585875e+05, 1.073693911265581e+05, 1.079852961230517e+05, 1.086386717156231e+05, 1.093299614483201e+05, 1.100595302731331e+05, 1.108276637822516e+05, 1.116345395573107e+05, 1.124802565804745e+05, 1.133648120708102e+05, 1.14288102013818e+05, 1.152499467213274e+05, 1.162500462698278e+05, 1.172880238167664e+05, 1.183634155017537e+05, 1.194756398190537e+05, 1.206240627789119e+05, 1.218079389362362e+05, 1.230264442843173e+05, 1.242786876516423e+05, 1.255636967117721e+05, 1.26880420607398e+05, 1.2822775e+05]
time=[-1e+00, 1e+00]
