last-generated=2017-12-20
statistics-initialization=
{
  "numerical Jacobians": "0", 
  "nonlinear": "1, 1"
}
statistics-simulation=
{
  "numerical Jacobians": "0", 
  "nonlinear": "0, 0", 
  "number of continuous time states": "2", 
  "linear": " "
}
valDyn.m_flow=[3.387052193284035e-02, 3.387052193284035e-02, 3.387052193284035e-02, 3.387052193284035e-02, 3.387052193284035e-02, 3.387052193284035e-02, 3.387052193284035e-02, 3.387052193284035e-02, 3.387052193284035e-02, 3.387052193284035e-02, 3.387052193284035e-02, 3.387052193284035e-02, 3.387052193284035e-02, 3.387052193284035e-02, 3.387052193284035e-02, 3.387052193284035e-02, 3.387052193284035e-02, 3.387052193284035e-02, 3.387052193284035e-02, 3.387052193284035e-02, 3.387044742703438e-02, 3.384103253483772e-02, 3.370751067996025e-02, 3.343432769179344e-02, 3.302426263689995e-02, 3.249960765242577e-02, 3.188548237085342e-02, 3.12038417905569e-02, 3.047342784702778e-02, 2.970754355192184e-02, 2.891634590923786e-02, 2.810730412602425e-02, 2.728592418134212e-02, 2.645611390471458e-02, 2.562062069773674e-02, 2.478129975497723e-02, 2.393928728997707e-02, 2.309564314782619e-02, 2.225122973322868e-02, 2.140611596405506e-02, 2.056028321385384e-02, 1.971421949565411e-02, 1.886803656816483e-02, 1.802166178822517e-02, 1.717508025467396e-02, 1.632849872112274e-02, 1.548191532492638e-02, 1.463533379137516e-02, 1.378871407359838e-02, 1.294207293540239e-02, 1.20954317972064e-02, 1.124879065901041e-02, 1.040214579552412e-02, 9.555487893521786e-03, 8.708829991519446e-03, 7.862159051001067e-03, 7.015488110482688e-03, 6.168817635625601e-03, 5.322146695107222e-03, 4.475475288927555e-03, 3.628825768828392e-03, 2.80949124135077e-03, 2.096677199006081e-03, 1.523371902294457e-03, 1.085875439457595e-03, 7.634761277586222e-04, 5.269879475235939e-04, 2.990036737173796e-04, 1.469480630476028e-04, 6.898191350046545e-05, 3.170654599671252e-05, 1.446112946723588e-05, 6.584003131138161e-06, 3.029427716683131e-06, 1.430179963790579e-06, 7.013555887169787e-07, 3.622307076511788e-07, 1.994247469383481e-07, 1.204062840542974e-07, 8.20561680825449e-08, 6.462025226028345e-08, 5.812788472780994e-08, 5.317531659443375e-08, 5.136023872864826e-08, 4.995109037508882e-08, 4.558853561320575e-08, 4.159461397534869e-08, 3.730463049578248e-08, 3.287412653207866e-08, 2.934659271147666e-08, 2.742823035362107e-08, 2.58015138143719e-08, 2.534499010664604e-08, 2.513793972980238e-08, 2.499770879182961e-08, 2.491282735661571e-08, 2.472061844116524e-08, 2.426144440903499e-08, 2.431737655683719e-08, 2.472018323373959e-08, 2.530158305091845e-08]
valSte.m_flow=[3.387052193284035e-02, 3.387052193284035e-02, 3.387052193284035e-02, 3.387052193284035e-02, 3.387052193284035e-02, 3.387052193284035e-02, 3.387052193284035e-02, 3.387052193284035e-02, 3.387052193284035e-02, 3.387052193284035e-02, 3.387052193284035e-02, 3.387052193284035e-02, 3.387052193284035e-02, 3.387052193284035e-02, 3.387052193284035e-02, 3.387052193284035e-02, 3.387052193284035e-02, 3.387052193284035e-02, 3.387052193284035e-02, 3.387052193284035e-02, 3.387052193284035e-02, 3.302384540438652e-02, 3.21771651506424e-02, 3.133048862218857e-02, 3.048381023108959e-02, 2.963713183999062e-02, 2.879045344889164e-02, 2.794377505779266e-02, 2.709709666669368e-02, 2.625041827559471e-02, 2.540373988449574e-02, 2.455706149339676e-02, 2.371038310229778e-02, 2.286370471119881e-02, 2.201702632009983e-02, 2.117034792900085e-02, 2.032366953790188e-02, 1.94769911468029e-02, 1.863031275570393e-02, 1.778363436460495e-02, 1.693695597350597e-02, 1.6090277582407e-02, 1.524359825998545e-02, 1.439691986888647e-02, 1.355024147778749e-02, 1.270356308668852e-02, 1.185688469558954e-02, 1.101020630449057e-02, 1.016352791339159e-02, 9.316849522292614e-03, 8.470171131193638e-03, 7.623492740094662e-03, 6.776814348995686e-03, 5.930135957896709e-03, 5.083457566797728e-03, 4.236779175698752e-03, 3.390100784599776e-03, 2.543422393500805e-03, 1.696743885986507e-03, 8.500654366798699e-04, 2.68877897724451e-08, 2.68877897724451e-08, 2.68877897724451e-08, 2.68877897724451e-08, 2.68877897724451e-08, 2.68877897724451e-08, 2.68877897724451e-08, 2.68877897724451e-08, 2.68877897724451e-08, 2.68877897724451e-08, 2.68877897724451e-08, 2.68877897724451e-08, 2.68877897724451e-08, 2.68877897724451e-08, 2.68877897724451e-08, 2.68877897724451e-08, 2.68877897724451e-08, 2.68877897724451e-08, 2.68877897724451e-08, 2.68877897724451e-08, 2.68877897724451e-08, 2.68877897724451e-08, 2.68877897724451e-08, 2.68877897724451e-08, 2.68877897724451e-08, 2.68877897724451e-08, 2.68877897724451e-08, 2.68877897724451e-08, 2.68877897724451e-08, 2.68877897724451e-08, 2.68877897724451e-08, 2.68877897724451e-08, 2.68877897724451e-08, 2.68877897724451e-08, 2.68877897724451e-08, 2.68877897724451e-08, 2.68877897724451e-08, 2.68877897724451e-08, 2.68877897724451e-08, 2.68877897724451e-08, 2.68877897724451e-08]
time=[0e+00, 7.2e+03]
