last-generated=2017-04-26
statistics-simulation=
{
  "numerical Jacobians": "0", 
  "nonlinear": "1", 
  "number of continuous time states": "3", 
  "linear": " "
}
senTem.T=[2.931499938964844e+02, 2.721224670410156e+02, 2.514561462402344e+02, 2.749485473632812e+02, 2.752897644042969e+02, 2.748508911132812e+02, 2.680184631347656e+02, 2.625508117675781e+02, 2.559514923095703e+02, 2.705825500488281e+02, 2.609489440917969e+02, 2.712852172851562e+02, 2.722487487792969e+02, 2.720381774902344e+02, 2.639713439941406e+02, 2.742486267089844e+02, 2.713695983886719e+02, 2.7326953125e+02, 2.7875e+02, 2.804627685546875e+02, 2.725475463867188e+02, 2.804506225585938e+02, 2.73515380859375e+02, 2.737744750976562e+02, 2.856378784179688e+02, 2.764470825195312e+02, 2.732777709960938e+02, 2.810575866699219e+02, 2.7964892578125e+02, 2.987303161621094e+02, 2.809523620605469e+02, 2.825500183105469e+02, 2.815408325195312e+02, 2.886298217773438e+02, 2.888363952636719e+02, 2.842503967285156e+02, 2.879098205566406e+02, 2.791742553710938e+02, 2.9113525390625e+02, 2.938412170410156e+02, 2.825501708984375e+02, 3.021186218261719e+02, 2.913893737792969e+02, 3.00013916015625e+02, 2.889258117675781e+02, 2.914535217285156e+02, 2.8875e+02, 3.0375e+02, 2.797561645507812e+02, 2.962147827148438e+02, 2.959497680664062e+02, 2.957232360839844e+02, 2.929078369140625e+02, 3.001296997070312e+02, 2.9791015625e+02, 2.998504028320312e+02, 3.010230102539062e+02, 2.920499877929688e+02, 3.001722106933594e+02, 2.98227294921875e+02, 2.859524230957031e+02, 2.969177551269531e+02, 2.927781677246094e+02, 2.895787048339844e+02, 3.005051574707031e+02, 2.92050048828125e+02, 2.935903015136719e+02, 2.937062377929688e+02, 2.910376892089844e+02, 2.925613708496094e+02, 2.8925e+02, 2.925499877929688e+02, 2.856875610351562e+02, 2.925940856933594e+02, 2.873408508300781e+02, 2.881510009765625e+02, 2.888507080078125e+02, 2.794696960449219e+02, 2.850623779296875e+02, 2.799443054199219e+02, 2.792503356933594e+02, 2.823743896484375e+02, 2.778882446289062e+02, 2.807869262695312e+02, 2.935286865234375e+02, 2.864498596191406e+02, 2.748500061035156e+02, 2.840021362304688e+02, 2.754058532714844e+02, 2.703079223632812e+02, 2.659482727050781e+02, 2.618324279785156e+02, 2.719840087890625e+02, 2.773252563476562e+02, 2.656991882324219e+02, 2.725498962402344e+02, 2.664148559570312e+02, 2.676305847167969e+02, 2.699951782226562e+02, 2.683116149902344e+02, 2.675001831054688e+02]
time=[0e+00, 3.1536e+07]
senMasFra.X=[9.999999776482582e-03, 3.121916437521577e-03, 3.440565778873861e-04, 3.510448150336742e-03, 2.463762182742357e-03, 3.357918001711369e-03, 2.008456969633698e-03, 8.567585027776659e-04, 6.286999559961259e-04, 2.316588070243597e-03, 7.601301767863333e-04, 2.588350558653474e-03, 2.250959631055593e-03, 1.95918814279139e-03, 1.352609600871801e-03, 2.970571396872401e-03, 2.320003230124712e-03, 3.376248059794307e-03, 4.215033259242773e-03, 5.771697033196688e-03, 2.396262716501951e-03, 2.100733341649175e-03, 2.557906322181225e-03, 3.47175681963563e-03, 5.140858702361584e-03, 4.623179789632559e-03, 2.612468786537647e-03, 5.076194182038307e-03, 5.900749005377293e-03, 1.082432549446821e-02, 3.257156582549214e-03, 5.586398765444756e-03, 6.719241850078106e-03, 7.119898684322834e-03, 4.839245229959488e-03, 3.089964389801025e-03, 5.293413996696472e-03, 4.804946482181549e-03, 7.916086353361607e-03, 7.377930916845798e-03, 4.066723398864269e-03, 1.339099556207657e-02, 8.334274403750896e-03, 1.098307222127914e-02, 8.108843117952347e-03, 1.092605944722891e-02, 7.655843626707792e-03, 9.596597403287888e-03, 3.741874825209379e-03, 1.08663160353899e-02, 1.06394262984395e-02, 1.31860813125968e-02, 7.560689467936754e-03, 1.301899272948503e-02, 1.773546636104584e-02, 1.061222236603498e-02, 1.530754566192627e-02, 1.274910848587751e-02, 1.500995922833681e-02, 1.898548752069473e-02, 7.297981064766645e-03, 1.192077621817589e-02, 1.301248744130135e-02, 9.803494438529015e-03, 1.684233173727989e-02, 1.093681342899799e-02, 1.037056371569633e-02, 8.504853583872318e-03, 1.057521253824234e-02, 9.490549564361572e-03, 8.473643101751804e-03, 1.297081541270018e-02, 8.160682395100594e-03, 8.166201412677765e-03, 8.513449691236019e-03, 6.520277820527554e-03, 6.301586050540209e-03, 4.451082088053226e-03, 6.538085639476776e-03, 5.301996134221554e-03, 4.581537563353777e-03, 4.089128691703081e-03, 4.156130831688643e-03, 5.062904208898544e-03, 1.138132531195879e-02, 9.055988863110542e-03, 2.95535265468061e-03, 3.844243474304676e-03, 2.814583014696836e-03, 1.774928066879511e-03, 1.572132925502956e-03, 1.226363820023835e-03, 2.579417312517762e-03, 3.334043081849813e-03, 1.538496348075569e-03, 2.934422343969345e-03, 1.453822245821357e-03, 2.023276872932911e-03, 1.696594292297959e-03, 2.373150316998363e-03, 1.716273953206837e-03]
senRelHum.phi=[5e-01, 9.042454957962036e-01, 6.391969323158264e-01, 8.199999928474426e-01, 5.620055794715881e-01, 7.8999263048172e-01, 8.226165771484375e-01, 5.661386847496033e-01, 7.599999904632568e-01, 7.633731365203857e-01, 5.800138711929321e-01, 8.040704131126404e-01, 6.452945470809937e-01, 5.717796683311462e-01, 7.87743866443634e-01, 7.29977548122406e-01, 7.157678008079529e-01, 8.899999856948853e-01, 7.526243925094604e-01, 9.148697257041931e-01, 6.69969379901886e-01, 3.340027630329132e-01, 6.62406861782074e-01, 8.820930123329163e-01, 5.760959386825562e-01, 9.699550271034241e-01, 6.885244846343994e-01, 7.728961706161499e-01, 9.890000224113464e-01, 5.338828563690186e-01, 5.000594258308411e-01, 7.685475945472717e-01, 9.890000224113464e-01, 6.562411189079285e-01, 4.407784044742584e-01, 3.799775838851929e-01, 5.115876197814941e-01, 8.327857851982117e-01, 6.219888925552368e-01, 4.900138378143311e-01, 5.59988260269165e-01, 5.407754182815552e-01, 6.443094611167908e-01, 5.021393895149231e-01, 7.32917845249176e-01, 8.399691581726074e-01, 6.99999988079071e-01, 3.536737263202667e-01, 6.233859658241272e-01, 6.23077929019928e-01, 6.200175285339355e-01, 7.77864933013916e-01, 5.318997502326965e-01, 5.904629826545715e-01, 9.14686918258667e-01, 4.899789690971375e-01, 6.580055356025696e-01, 9.431633353233337e-01, 6.782604455947876e-01, 9.600969552993774e-01, 8.000805974006653e-01, 6.547480821609497e-01, 9.198291301727295e-01, 8.490427732467651e-01, 7.455310225486755e-01, 8.099755644798279e-01, 6.982487440109253e-01, 5.691924691200256e-01, 8.346793651580811e-01, 6.814167499542236e-01, 7.500165104866028e-01, 9.300000071525574e-01, 9.098590612411499e-01, 5.856056809425354e-01, 8.519916534423828e-01, 6.199871301651001e-01, 5.729396939277649e-01, 7.560189366340637e-01, 7.603222131729126e-01, 8.711156249046326e-01, 7.900025248527527e-01, 5.697740316390991e-01, 7.880834341049194e-01, 7.852510213851929e-01, 7.687528729438782e-01, 9.600124359130859e-01, 6.954990029335022e-01, 4.803803861141205e-01, 6.365874409675598e-01, 5.987335443496704e-01, 7.699536085128784e-01, 8.639545440673828e-01, 7.560015320777893e-01, 6.579861044883728e-01, 7.699999809265137e-01, 8.199995160102844e-01, 6.838123798370361e-01, 8.566822409629822e-01, 5.876097679138184e-01, 9.477277398109436e-01, 7.350124716758728e-01]
