last-generated=2018-06-13
statistics-simulation=
{
  "linear": " ",
  "nonlinear": " ",
  "number of continuous time states": "1",
  "numerical Jacobians": "0"
}
y=[3.678794503211975e-01, 3.901624894333642e-01, 4.128230863616763e-01, 4.357946785593668e-01, 4.590078190906933e-01, 4.823910910678319e-01, 5.058717671628556e-01, 5.293761659760265e-01, 5.528303673765845e-01, 5.761610782395675e-01, 5.992958086643162e-01, 6.239527672758458e-01, 6.539892403439488e-01, 6.870477957298774e-01, 7.210704573287655e-01, 7.545848291877606e-01, 7.865780105942042e-01, 8.163922800405133e-01, 8.436410835983376e-01, 8.681415969910266e-01, 8.898595214756936e-01, 9.088665693196935e-01, 9.253066199994925e-01, 9.393695133412272e-01, 9.51270927342499e-01, 9.612380862236023e-01, 9.694982130123483e-01, 9.762710953838102e-01, 9.817638987269474e-01, 9.86167785875681e-01, 9.896561512376483e-01, 9.923837179046883e-01, 9.944867504467086e-01, 9.960836174498762e-01, 9.972759481481369e-01, 9.981495742292728e-01, 9.987763762775507e-01, 9.992154238814809e-01, 9.995145797050836e-01, 9.997119903466576e-01, 9.998374581475087e-01, 9.999136328892249e-01, 9.999574422775019e-01, 9.999809265141248e-01, 9.999924302090344e-01, 9.999974966051193e-01, 9.999993443488009e-01, 9.999998807906905e-01, 1e+00, 1e+00, 1e+00, 1e+00, 9.999999403953552e-01, 9.999998211860457e-01, 9.999992847441561e-01, 9.999973773958297e-01, 9.999923109997049e-01, 9.999807477001905e-01, 9.999572634636209e-01, 9.999134540752905e-01, 9.99837219728974e-01, 9.997118115327055e-01, 9.995143412865045e-01, 9.992151854629018e-01, 9.987761378589716e-01, 9.981493358106936e-01, 9.972757097295578e-01, 9.960833790312971e-01, 9.944865120281295e-01, 9.923834794861802e-01, 9.896559724237139e-01, 9.861676070617467e-01, 9.817637199130486e-01, 9.762709761745206e-01, 9.694980938030587e-01, 9.612380266189575e-01, 9.5127086773757e-01, 9.393693941319377e-01, 9.253065603948122e-01, 9.088665097150487e-01, 8.898594618710487e-01, 8.681415969909554e-01, 8.436410835983378e-01, 8.163922800405133e-01, 7.865780701987424e-01, 7.545848887924054e-01, 7.210705169334103e-01, 6.870479149390248e-01, 6.539893595532383e-01, 6.239528864851354e-01, 5.992959874782505e-01, 5.761612570535019e-01, 5.528305461905187e-01, 5.293764043946054e-01, 5.058720055813638e-01, 4.823912996840888e-01, 4.590080277070744e-01, 4.357948871756235e-01, 4.128232949777731e-01, 3.901626682472985e-01, 3.678796291351318e-01]
y_comp=[3.678794503211975e-01, 3.901625192355445e-01, 4.128231161638388e-01, 4.357947083616892e-01, 4.5900784889314e-01, 4.823911208701543e-01, 5.058717671628556e-01, 5.293761659762397e-01, 5.528303673765845e-01, 5.761610782395675e-01, 5.992958086643162e-01, 6.23952707671201e-01, 6.539892403439488e-01, 6.870477957297353e-01, 7.210704573283392e-01, 7.545848291877606e-01, 7.865780105940976e-01, 8.163922204358686e-01, 8.436410835981244e-01, 8.681415373863818e-01, 8.898594618710488e-01, 9.088665097150487e-01, 9.25306619999457e-01, 9.393694537365824e-01, 9.512708677378542e-01, 9.612380266189575e-01, 9.694981534077035e-01, 9.762710357791654e-01, 9.817638391223026e-01, 9.861677262708408e-01, 9.896560916330035e-01, 9.923835986954698e-01, 9.944866312374191e-01, 9.960835578452314e-01, 9.972758289389539e-01, 9.98149514624628e-01, 9.987763166729059e-01, 9.99215364276694e-01, 9.995145201004388e-01, 9.99711930741995e-01, 9.998373985428639e-01, 9.999135732845801e-01, 9.999573826729105e-01, 9.999808669094801e-01, 9.999924302089944e-01, 9.999974370004967e-01, 9.999993443488009e-01, 9.999998807906905e-01, 1e+00, 1e+00, 1e+00, 1e+00, 1e+00, 9.999998807906905e-01, 9.999993443488009e-01, 9.999974370004967e-01, 9.999924302089944e-01, 9.999808669094801e-01, 9.999573826729105e-01, 9.999135732845801e-01, 9.998373985428639e-01, 9.99711930741995e-01, 9.995145201004388e-01, 9.99215364276694e-01, 9.987763166729059e-01, 9.98149514624628e-01, 9.972758289389539e-01, 9.960835578452314e-01, 9.944866312374191e-01, 9.923835986954698e-01, 9.896560916330035e-01, 9.861677262708408e-01, 9.817638391223026e-01, 9.762710357791654e-01, 9.694981534077035e-01, 9.612380266189575e-01, 9.512708677378542e-01, 9.393694537365824e-01, 9.25306619999457e-01, 9.088665097150487e-01, 8.898594618710487e-01, 8.681415373863817e-01, 8.436410835981246e-01, 8.163922204358686e-01, 7.865780105940976e-01, 7.545848291877606e-01, 7.210704573283392e-01, 6.870477957297353e-01, 6.539892403439488e-01, 6.23952707671201e-01, 5.992958086643162e-01, 5.761610782395675e-01, 5.528303673765844e-01, 5.293761659762395e-01, 5.058717671628558e-01, 4.823911208701545e-01, 4.590078488931401e-01, 4.357947083616892e-01, 4.128231161638388e-01, 3.901625192355445e-01, 3.678794503211975e-01]
ex=[3.678794503211975e-01, 3.901625192355445e-01, 4.128231161638388e-01, 4.357947083616892e-01, 4.5900784889314e-01, 4.823911208701543e-01, 5.058717671628556e-01, 5.293761659762397e-01, 5.528303673765845e-01, 5.761610782395675e-01, 5.992958086643162e-01, 6.221636804421087e-01, 6.446962249841238e-01, 6.668274506866185e-01, 6.884944744523926e-01, 7.09638225483364e-01, 7.302035165532242e-01, 7.501396196975897e-01, 7.694002254151107e-01, 7.879442019695572e-01, 8.057353107038104e-01, 8.227425078379793e-01, 8.389400858524102e-01, 8.543076078604234e-01, 8.688298328576981e-01, 8.824968934059143e-01, 8.953039579293496e-01, 9.072511243838842e-01, 9.183433043060232e-01, 9.285899931771755e-01, 9.380049732100043e-01, 9.466062764452556e-01, 9.544156842315665e-01, 9.614583861699598e-01, 9.677630641400413e-01, 9.733612568313895e-01, 9.782872202717238e-01, 9.825775604031758e-01, 9.862710824257751e-01, 9.894084928676431e-01, 9.920319322249462e-01, 9.941849715317574e-01, 9.959123727855866e-01, 9.972597360950691e-01, 9.982734917398917e-01, 9.990004897546605e-01, 9.994881152746178e-01, 9.997840523565111e-01, 9.999359846067817e-01, 9.999920129769473e-01, 1e+00, 9.999920129769473e-01, 9.999359846067817e-01, 9.997840523565111e-01, 9.994881152746178e-01, 9.990004897546605e-01, 9.982734917398917e-01, 9.972597360950691e-01, 9.959123727855866e-01, 9.941849715317574e-01, 9.920319322249462e-01, 9.894084928676431e-01, 9.862710824257751e-01, 9.825775604031758e-01, 9.782872202717238e-01, 9.733612568313895e-01, 9.677630641400413e-01, 9.614583861699597e-01, 9.544156842315665e-01, 9.466062764452556e-01, 9.380049732100044e-01, 9.285899931771756e-01, 9.183433043060232e-01, 9.072511243838842e-01, 8.953039579293496e-01, 8.824968934059143e-01, 8.688298328576981e-01, 8.543076078604234e-01, 8.389400858524102e-01, 8.227425078379793e-01, 8.057353107038103e-01, 7.879442019695571e-01, 7.694002254151108e-01, 7.501396196975897e-01, 7.302035165532242e-01, 7.09638225483364e-01, 6.884944744523926e-01, 6.668274506866185e-01, 6.446962249841238e-01, 6.221636804421087e-01, 5.992958086643162e-01, 5.761610782395675e-01, 5.528303673765844e-01, 5.293761659762395e-01, 5.058717671628558e-01, 4.823911208701545e-01, 4.590078488931401e-01, 4.357947083616892e-01, 4.128231161638388e-01, 3.901625192355445e-01, 3.678794503211975e-01]
time=[-1e+00, 1e+00]
der(y_comp)=[1.103638291358948e+00, 1.124136227194036e+00, 1.141373378865317e+00, 1.155204652257101e+00, 1.165512687811031e+00, 1.172210448696559e+00, 1.175241350756722e+00, 1.174579856722038e+00, 1.170231469151771e+00, 1.162232163946222e+00, 1.150647870483442e+00, 1.383167428750282e+00, 1.597324533361059e+00, 1.691505092296118e+00, 1.698591423184024e+00, 1.644496126983096e+00, 1.549408395590116e+00, 1.428849049298753e+00, 1.294558861852891e+00, 1.15523978724762e+00, 1.017177062941684e+00, 8.847502953650325e-01, 7.608533361050153e-01, 6.472412392058172e-01, 5.448074678069857e-01, 4.538073241710663e-01, 3.740381406816248e-01, 3.049781655909632e-01, 2.458969271527447e-01, 1.959385282872765e-01, 1.541852691051199e-01, 1.197048426968912e-01, 9.158368877643877e-02, 6.895104443380884e-02, 5.099431262143e-02, 3.696878658599472e-02, 2.62027321559366e-02, 1.809890351345107e-02, 1.213382324599989e-02, 7.85520694858243e-03, 4.878198844496551e-03, 2.8807904219359e-03, 1.598718414704064e-03, 8.200199644062199e-04, 3.793993253869207e-04, 1.524729636635302e-04, 4.996246460431022e-05, 1.185633451727546e-05, 1.561328289662873e-06, 4.879151050951943e-08, 0e+00, -4.879151050951943e-08, -1.561328289662873e-06, -1.185633451727546e-05, -4.99624646043106e-05, -1.524729636635309e-04, -3.793993253869226e-04, -8.200199644062168e-04, -1.598718414704058e-03, -2.880790421935891e-03, -4.878198844496551e-03, -7.85520694858243e-03, -1.213382324599989e-02, -1.809890351345107e-02, -2.62027321559366e-02, -3.696878658599472e-02, -5.099431262143009e-02, -6.895104443380895e-02, -9.158368877643891e-02, -1.19704842696891e-01, -1.541852691051196e-01, -1.959385282872763e-01, -2.458969271527447e-01, -3.049781655909632e-01, -3.740381406816248e-01, -4.538073241710663e-01, -5.448074678069857e-01, -6.472412392058172e-01, -7.608533361050153e-01, -8.847502953650325e-01, -1.017177062941685e+00, -1.155239787247621e+00, -1.29455886185289e+00, -1.428849049298753e+00, -1.549408395590116e+00, -1.644496126983096e+00, -1.698591423184024e+00, -1.691505092296118e+00, -1.597324533361059e+00, -1.383167428750282e+00, -1.150647870483442e+00, -1.162232163946222e+00, -1.170231469151771e+00, -1.174579856722038e+00, -1.175241350756722e+00, -1.172210448696559e+00, -1.165512687811031e+00, -1.155204652257101e+00, -1.141373378865317e+00, -1.124136227194036e+00, -1.103638291358948e+00]
der(y)=[1.103638291358948e+00, 1.124136227194036e+00, 1.141373378865317e+00, 1.155204652257101e+00, 1.165512687811031e+00, 1.172210448696559e+00, 1.175241350756722e+00, 1.174579856722038e+00, 1.170231469151771e+00, 1.162232163946222e+00, 1.150647870483442e+00, 1.383167428750282e+00, 1.597324533361059e+00, 1.691505092296118e+00, 1.698591423184024e+00, 1.644496126983096e+00, 1.549408395590116e+00, 1.428849049298753e+00, 1.294558861852891e+00, 1.15523978724762e+00, 1.017177062941684e+00, 8.847502953650325e-01, 7.608533361050153e-01, 6.472412392058172e-01, 5.448074678069857e-01, 4.538073241710663e-01, 3.740381406816248e-01, 3.049781655909632e-01, 2.458969271527447e-01, 1.959385282872765e-01, 1.541852691051199e-01, 1.197048426968912e-01, 9.158368877643877e-02, 6.895104443380884e-02, 5.099431262143e-02, 3.696878658599472e-02, 2.62027321559366e-02, 1.809890351345107e-02, 1.213382324599989e-02, 7.85520694858243e-03, 4.878198844496551e-03, 2.8807904219359e-03, 1.598718414704064e-03, 8.200199644062199e-04, 3.793993253869207e-04, 1.524729636635302e-04, 4.996246460431022e-05, 1.185633451727546e-05, 1.561328289662873e-06, 4.879151050951943e-08, 0e+00, -4.879151050951943e-08, -1.561328289662873e-06, -1.185633451727546e-05, -4.99624646043106e-05, -1.524729636635309e-04, -3.793993253869226e-04, -8.200199644062168e-04, -1.598718414704058e-03, -2.880790421935891e-03, -4.878198844496551e-03, -7.85520694858243e-03, -1.213382324599989e-02, -1.809890351345107e-02, -2.62027321559366e-02, -3.696878658599472e-02, -5.099431262143009e-02, -6.895104443380895e-02, -9.158368877643891e-02, -1.19704842696891e-01, -1.541852691051196e-01, -1.959385282872763e-01, -2.458969271527447e-01, -3.049781655909632e-01, -3.740381406816248e-01, -4.538073241710663e-01, -5.448074678069857e-01, -6.472412392058172e-01, -7.608533361050153e-01, -8.847502953650325e-01, -1.017177062941685e+00, -1.155239787247621e+00, -1.29455886185289e+00, -1.428849049298753e+00, -1.549408395590116e+00, -1.644496126983096e+00, -1.698591423184024e+00, -1.691505092296118e+00, -1.597324533361059e+00, -1.383167428750282e+00, -1.150647870483442e+00, -1.162232163946222e+00, -1.170231469151771e+00, -1.174579856722038e+00, -1.175241350756722e+00, -1.172210448696559e+00, -1.165512687811031e+00, -1.155204652257101e+00, -1.141373378865317e+00, -1.124136227194036e+00, -1.103638291358948e+00]
