last-generated=2017-04-26
statistics-initialization=
{
  "numerical Jacobians": "0", 
  "nonlinear": "1"
}
statistics-simulation=
{
  "numerical Jacobians": "0", 
  "nonlinear": "0", 
  "number of continuous time states": "8", 
  "linear": " "
}
limPID.u_m=[3.000003099441528e-01, 3.381274044513702e-01, 3.762552738189697e-01, 4.143809378147125e-01, 4.525043964385986e-01, 4.906256496906281e-01, 5.287446975708008e-01, 5.668615102767944e-01, 6.049761176109314e-01, 6.430885195732117e-01, 6.811987161636353e-01, 7.193067073822021e-01, 7.574124932289124e-01, 7.955160737037659e-01, 8.336174488067628e-01, 8.717166185379028e-01, 9.098135828971863e-01, 9.479082822799683e-01, 9.860008358955383e-01, 1.022279739379883e+00, 1.051918148994446e+00, 1.072925686836243e+00, 1.084583759307861e+00, 1.087293744087219e+00, 1.082290887832642e+00, 1.071444034576416e+00, 1.056885242462158e+00, 1.040646910667419e+00, 1.024447917938232e+00, 1.009549617767334e+00, 9.96789276599884e-01, 9.866608381271362e-01, 9.793429970741272e-01, 9.748157858848572e-01, 9.7288578748703e-01, 9.732424020767212e-01, 9.754628539085388e-01, 9.790713787078857e-01, 9.835790395736694e-01, 9.885308742523193e-01, 9.935029745101929e-01, 9.981268644332886e-01, 1.002096652984619e+00, 1.005226254463196e+00, 1.007418513298035e+00, 1.008679389953613e+00, 1.009069919586182e+00, 1.008711099624634e+00, 1.007760047912598e+00, 1.006394267082214e+00, 1.004793286323547e+00, 1.003120183944702e+00, 1.001512885093689e+00, 1.000076770782471e+00, 9.988869428634644e-01, 9.979873299598694e-01, 9.973946213722229e-01, 9.971014857292175e-01, 9.970790147781372e-01, 9.972797036170959e-01, 9.976403117179871e-01, 9.981054663658142e-01, 9.98624861240387e-01, 9.991453289985657e-01, 9.996223449707031e-01, 1.00003457069397e+00, 1.000360250473022e+00, 1.000593423843384e+00, 1.000746607780457e+00, 1.000811338424683e+00, 1.00081467628479e+00, 1.000759720802307e+00, 1.000664353370667e+00, 1.000542283058167e+00, 1.000405669212341e+00, 1.000262856483459e+00, 1.000128030776978e+00, 1.00000536441803e+00, 9.999032020568848e-01, 9.998250603675842e-01, 9.997731447219849e-01, 9.997485280036926e-01, 9.997493028640747e-01, 9.997717142105103e-01, 9.998096227645874e-01, 9.998626708984375e-01, 9.999234080314636e-01, 9.999833106994629e-01, 1.000033855438232e+00, 1.000067710876465e+00, 1.000095963478088e+00, 1.000107645988464e+00, 1.000101685523987e+00, 1.000078916549683e+00, 1.000040888786316e+00, 9.999902248382568e-01, 9.999355673789978e-01, 9.998868703842163e-01, 9.99853789806366e-01, 9.998253583908081e-01, 9.998216032981873e-01]
limPID.u_s=[1e+00, 1e+00]
time=[0e+00, 3.6e+04]
limPID.y=[0e+00, 0e+00, 0e+00, 0e+00, 0e+00, 0e+00, 0e+00, 0e+00, 0e+00, 0e+00, 0e+00, 0e+00, 0e+00, 0e+00, 0e+00, 0e+00, 0e+00, 0e+00, 0e+00, 6.562397629022598e-02, 1.699924170970917e-01, 2.873596251010895e-01, 4.055577516555786e-01, 5.148431658744812e-01, 6.074486374855042e-01, 6.787580847740173e-01, 7.272202968597412e-01, 7.534525990486145e-01, 7.599859237670898e-01, 7.503450512886047e-01, 7.283462882041931e-01, 6.978554129600525e-01, 6.625353693962097e-01, 6.257338523864746e-01, 5.90400218963623e-01, 5.586522817611694e-01, 5.321032404899597e-01, 5.118483901023865e-01, 4.983389675617218e-01, 4.914790689945221e-01, 4.906754493713379e-01, 4.949648678302765e-01, 5.031472444534302e-01, 5.13949990272522e-01, 5.260454416275024e-01, 5.38317859172821e-01, 5.498260259628296e-01, 5.598294734954834e-01, 5.67846953868866e-01, 5.736266374588013e-01, 5.771399140357971e-01, 5.785272121429443e-01, 5.780671834945679e-01, 5.761191844940186e-01, 5.730865001678467e-01, 5.693812370300293e-01, 5.654018521308899e-01, 5.615047216415405e-01, 5.579777359962463e-01, 5.550267100334167e-01, 5.527340769767761e-01, 5.511780381202698e-01, 5.503687262535095e-01, 5.501618981361389e-01, 5.50520658493042e-01, 5.512358546257019e-01, 5.521923303604126e-01, 5.532945990562439e-01, 5.544204711914062e-01, 5.554821491241455e-01, 5.564579963684082e-01, 5.572546720504761e-01, 5.578856468200684e-01, 5.583399534225464e-01, 5.58605432510376e-01, 5.58707058429718e-01, 5.586590170860291e-01, 5.584872961044312e-01, 5.582247376441956e-01, 5.579028129577637e-01, 5.575536489486694e-01, 5.57208240032196e-01, 5.568938851356506e-01, 5.566327571868896e-01, 5.564398765563965e-01, 5.563318729400635e-01, 5.56308388710022e-01, 5.563585758209229e-01, 5.564605593681335e-01, 5.565893054008484e-01, 5.568004250526428e-01, 5.570253729820251e-01, 5.572295784950256e-01, 5.573703646659851e-01, 5.574492216110229e-01, 5.575117468833923e-01, 5.574965476989746e-01, 5.57390570640564e-01, 5.57195782661438e-01, 5.569761395454407e-01, 5.567048192024231e-01]
conVolFlo.y=[0e+00, 0e+00, 0e+00, 0e+00, 0e+00, 0e+00, 0e+00, 0e+00, 0e+00, 0e+00, 0e+00, 0e+00, 0e+00, 0e+00, 0e+00, 0e+00, 0e+00, 0e+00, 0e+00, 2.759952068328857e+00, 7.177093505859375e+00, 1.213188743591309e+01, 1.712182235717773e+01, 2.173477363586426e+01, 2.564498710632324e+01, 2.865493774414062e+01, 3.070067977905273e+01, 3.180813026428223e+01, 3.208367156982422e+01, 3.16768684387207e+01, 3.074824523925781e+01, 2.946111488342285e+01, 2.797022247314453e+01, 2.641655540466309e+01, 2.492488098144531e+01, 2.358468818664551e+01, 2.246416473388672e+01, 2.160904502868652e+01, 2.103871536254883e+01, 2.074911499023438e+01, 2.07152156829834e+01, 2.089628982543945e+01, 2.124170684814453e+01, 2.16977481842041e+01, 2.220837020874023e+01, 2.27264518737793e+01, 2.321226119995117e+01, 2.363455581665039e+01, 2.397302055358887e+01, 2.421700286865234e+01, 2.436531257629395e+01, 2.442387580871582e+01, 2.440445709228516e+01, 2.432222366333008e+01, 2.419419860839844e+01, 2.403778266906738e+01, 2.386979484558105e+01, 2.370528030395508e+01, 2.355638885498047e+01, 2.343181037902832e+01, 2.333502769470215e+01, 2.326933860778809e+01, 2.323517608642578e+01, 2.322644233703613e+01, 2.32415885925293e+01, 2.327178001403809e+01, 2.331215667724609e+01, 2.335869026184082e+01, 2.340621948242188e+01, 2.345103645324707e+01, 2.349223327636719e+01, 2.352586364746094e+01, 2.35525016784668e+01, 2.357167816162109e+01, 2.35828857421875e+01, 2.35871753692627e+01, 2.358514785766602e+01, 2.35778980255127e+01, 2.356681442260742e+01, 2.355322456359863e+01, 2.353848457336426e+01, 2.352390289306641e+01, 2.351063346862793e+01, 2.349961090087891e+01, 2.34914665222168e+01, 2.348690795898438e+01, 2.348591613769531e+01, 2.3488037109375e+01, 2.349234008789062e+01, 2.349777412414551e+01, 2.350668716430664e+01, 2.351618576049805e+01, 2.352480506896973e+01, 2.353074836730957e+01, 2.353407669067383e+01, 2.353671646118164e+01, 2.353607559204102e+01, 2.353160095214844e+01, 2.352337646484375e+01, 2.351410484313965e+01, 2.350265121459961e+01]
conMasVolFra.V=[3.0000030528754e-04, 3.38127400027588e-04, 3.762552805710584e-04, 4.143809492234141e-04, 4.52504405984655e-04, 4.906256217509508e-04, 5.287446547299623e-04, 5.668615340255201e-04, 6.049761432223022e-04, 6.430885405279696e-04, 6.811987259425223e-04, 7.193066994659603e-04, 7.574125193059444e-04, 7.95516069047153e-04, 8.336174651049079e-04, 8.717165910638869e-04, 9.098135633394122e-04, 9.479083237238228e-04, 9.860008722171187e-04, 1.022279728204012e-03, 1.051918137818575e-03, 1.072925748303533e-03, 1.084583695046604e-03, 1.087293727323413e-03, 1.082290895283222e-03, 1.071444014087319e-03, 1.056885230354965e-03, 1.040646922774613e-03, 1.024447963573039e-03, 1.009549596346915e-03, 9.967893129214644e-04, 9.866608306765556e-04, 9.793429635465145e-04, 9.748158045113087e-04, 9.728858130984008e-04, 9.732423932291567e-04, 9.754628408700228e-04, 9.790713666006923e-04, 9.83579084277153e-04, 9.885308099910617e-04, 9.935029083862901e-04, 9.981269249692559e-04, 1.002096687443554e-03, 1.005226164124906e-03, 1.007418497465551e-03, 1.008679391816258e-03, 1.009069965220988e-03, 1.008711173199117e-03, 1.007760060019791e-03, 1.006394275464118e-03, 1.004793331958354e-03, 1.003120210953057e-03, 1.001512864604592e-03, 1.000076765194535e-03, 9.988868841901422e-04, 9.979873429983854e-04, 9.973945561796427e-04, 9.971015388146043e-04, 9.970789542421699e-04, 9.972796542569995e-04, 9.976403089240193e-04, 9.981053881347179e-04, 9.986248333007097e-04, 9.991453262045979e-04, 9.996223961934447e-04, 1.000034506432712e-03, 1.000360236503184e-03, 1.000593416392803e-03, 1.000746618956327e-03, 1.000811345875263e-03, 1.000814605504274e-03, 1.000759773887694e-03, 1.000664313323796e-03, 1.000542310066521e-03, 1.000405754894018e-03, 1.000262913294137e-03, 1.000128104351461e-03, 1.000005402602255e-03, 9.999031899496913e-04, 9.998250752687454e-04, 9.997731540352106e-04, 9.997485904023051e-04, 9.997492888942361e-04, 9.997717570513487e-04, 9.998095920309424e-04, 9.998626774176955e-04, 9.999234462156892e-04, 9.999832836911082e-04, 1.000033807940781e-03, 1.000067801214755e-03, 1.000095973722637e-03, 1.000107731670141e-03, 1.000101678073406e-03, 1.000078860670328e-03, 1.000040909275413e-03, 9.999902686104178e-04, 9.999355534091592e-04, 9.998868918046355e-04, 9.998538298532367e-04, 9.998253080993891e-04, 9.998215828090906e-04]
