last-generated=2018-01-26
statistics-simulation=
{
  "linear": "0",
  "nonlinear": " ",
  "number of continuous time states": "3",
  "numerical Jacobians": "0"
}
monoLayerAir.port_a.Q_flow=[-6.351990356445312e+02, -6.212238159179688e+02, -6.072855224609375e+02, -5.933845825195312e+02, -5.795214233398438e+02, -5.656965942382812e+02, -5.519105224609375e+02, -5.381637573242188e+02, -5.244568481445312e+02, -5.107903747558594e+02, -4.971648254394531e+02, -4.835808410644531e+02, -4.700390319824219e+02, -4.565400695800781e+02, -4.430846252441406e+02, -4.296733703613281e+02, -4.163070983886719e+02, -4.029865112304688e+02, -3.897124633789062e+02, -3.764857788085938e+02, -3.63307373046875e+02, -3.501781616210938e+02, -3.3709912109375e+02, -3.240713195800781e+02, -3.110958251953125e+02, -2.981738586425781e+02, -2.85306640625e+02, -2.724955139160156e+02, -2.597418518066406e+02, -2.470472106933594e+02, -2.344132080078125e+02, -2.218415985107422e+02, -2.093087005615234e+02, -1.967752380371094e+02, -1.844109344482421e+02, -1.722029876708985e+02, -1.601388244628906e+02, -1.482061309814453e+02, -1.363928527832031e+02, -1.246871871948242e+02, -1.130776596069336e+02, -1.015530853271484e+02, -9.010259246826172e+01, -7.87156982421875e+01, -6.738227081298828e+01, -5.609263229370117e+01, -4.483756256103516e+01, -3.36083869934082e+01, -2.239705848693848e+01, -1.119632053375244e+01, 0e+00, 1.119632053375244e+01, 2.239705848693848e+01, 3.36083869934082e+01, 4.483756256103516e+01, 5.609263229370126e+01, 6.738227081298838e+01, 7.87156982421874e+01, 9.010259246826172e+01, 1.015530853271484e+02, 1.130776596069336e+02, 1.246871871948242e+02, 1.363928527832031e+02, 1.482061309814453e+02, 1.601388244628906e+02, 1.722029876708984e+02, 1.844109344482422e+02, 1.967752380371094e+02, 2.093087005615236e+02, 2.218415985107421e+02, 2.344132080078124e+02, 2.470472106933594e+02, 2.597418518066406e+02, 2.724955139160156e+02, 2.85306640625e+02, 2.981738586425781e+02, 3.110958251953125e+02, 3.240713195800781e+02, 3.3709912109375e+02, 3.501781616210938e+02, 3.63307373046875e+02, 3.764857788085938e+02, 3.897124633789062e+02, 4.029865112304688e+02, 4.163070983886719e+02, 4.296733703613281e+02, 4.430846252441406e+02, 4.565400695800781e+02, 4.700390319824219e+02, 4.835808410644531e+02, 4.971648254394531e+02, 5.107903747558594e+02, 5.244568481445312e+02, 5.381637573242188e+02, 5.519105224609375e+02, 5.656965942382812e+02, 5.795214233398438e+02, 5.933845825195312e+02, 6.072855224609375e+02, 6.212238159179688e+02, 6.351990356445312e+02]
monoLayerSolidStatic.port_a.Q_flow=[-3.666666564941406e+02, -3.593333435058594e+02, -3.52e+02, -3.446666564941406e+02, -3.373333435058594e+02, -3.3e+02, -3.226666564941406e+02, -3.153333435058594e+02, -3.08e+02, -3.006666564941406e+02, -2.933333435058594e+02, -2.86e+02, -2.786666564941406e+02, -2.713333435058594e+02, -2.64e+02, -2.566666564941406e+02, -2.493333282470703e+02, -2.42e+02, -2.346666717529297e+02, -2.273333282470703e+02, -2.2e+02, -2.126666717529297e+02, -2.053333282470703e+02, -1.98e+02, -1.906666717529297e+02, -1.833333282470703e+02, -1.76e+02, -1.686666717529297e+02, -1.613333282470703e+02, -1.54e+02, -1.466666717529297e+02, -1.393333282470703e+02, -1.32e+02, -1.246666641235352e+02, -1.173333358764648e+02, -1.1e+02, -1.026666641235352e+02, -9.533333587646484e+01, -8.8e+01, -8.066666412353516e+01, -7.333333587646484e+01, -6.6e+01, -5.866666793823242e+01, -5.133333206176758e+01, -4.4e+01, -3.666666793823242e+01, -2.933333396911621e+01, -2.2e+01, -1.466666698455811e+01, -7.333333492279053e+00, 0e+00, 7.333333492279053e+00, 1.466666698455811e+01, 2.2e+01, 2.933333396911621e+01, 3.666666793823249e+01, 4.400000000000006e+01, 5.133333206176751e+01, 5.866666793823242e+01, 6.6e+01, 7.333333587646484e+01, 8.066666412353516e+01, 8.8e+01, 9.533333587646484e+01, 1.026666641235352e+02, 1.1e+02, 1.173333358764648e+02, 1.246666641235352e+02, 1.320000000000001e+02, 1.393333282470703e+02, 1.466666717529296e+02, 1.54e+02, 1.613333282470703e+02, 1.686666717529297e+02, 1.76e+02, 1.833333282470703e+02, 1.906666717529297e+02, 1.98e+02, 2.053333282470703e+02, 2.126666717529297e+02, 2.2e+02, 2.273333282470703e+02, 2.346666717529297e+02, 2.42e+02, 2.493333282470703e+02, 2.566666564941406e+02, 2.64e+02, 2.713333435058594e+02, 2.786666564941406e+02, 2.86e+02, 2.933333435058594e+02, 3.006666564941406e+02, 3.08e+02, 3.153333435058594e+02, 3.226666564941406e+02, 3.3e+02, 3.373333435058594e+02, 3.446666564941406e+02, 3.52e+02, 3.593333435058594e+02, 3.666666564941406e+02]
monoLayerAirLin.port_a.Q_flow=[-5.609263305664062e+02, -5.497078247070312e+02, -5.384892578125e+02, -5.27270751953125e+02, -5.1605224609375e+02, -5.048336791992188e+02, -4.936151733398438e+02, -4.823966369628906e+02, -4.711781005859375e+02, -4.599595947265625e+02, -4.487410583496094e+02, -4.375225219726562e+02, -4.263040161132812e+02, -4.150854797363281e+02, -4.03866943359375e+02, -3.926484375e+02, -3.814299011230469e+02, -3.702113647460938e+02, -3.589928588867188e+02, -3.477743225097656e+02, -3.365557861328125e+02, -3.253372802734375e+02, -3.141187438964844e+02, -3.029002075195312e+02, -2.916817016601562e+02, -2.804631652832031e+02, -2.6924462890625e+02, -2.58026123046875e+02, -2.468075866699218e+02, -2.355890502929688e+02, -2.243705291748047e+02, -2.131520080566406e+02, -2.019334716796875e+02, -1.907149505615234e+02, -1.794964294433593e+02, -1.682778930664063e+02, -1.570593719482422e+02, -1.458408508300781e+02, -1.34622314453125e+02, -1.234037933349609e+02, -1.121852645874023e+02, -1.009667358398438e+02, -8.974821472167969e+01, -7.852968597412109e+01, -6.73111572265625e+01, -5.609263229370117e+01, -4.487410736083984e+01, -3.365557861328125e+01, -2.243705368041992e+01, -1.121852684020996e+01, 0e+00, 1.121852684020996e+01, 2.243705368041992e+01, 3.365557861328125e+01, 4.487410736083984e+01, 5.609263229370126e+01, 6.73111572265626e+01, 7.852968597412099e+01, 8.974821472167969e+01, 1.009667358398438e+02, 1.121852645874023e+02, 1.234037933349609e+02, 1.34622314453125e+02, 1.458408508300781e+02, 1.570593719482422e+02, 1.682778930664062e+02, 1.794964294433594e+02, 1.907149505615234e+02, 2.019334716796876e+02, 2.131520080566405e+02, 2.243705291748046e+02, 2.355890502929688e+02, 2.468075866699219e+02, 2.58026123046875e+02, 2.6924462890625e+02, 2.804631652832031e+02, 2.916817016601562e+02, 3.029002075195312e+02, 3.141187438964844e+02, 3.253372802734375e+02, 3.365557861328125e+02, 3.477743225097656e+02, 3.589928588867188e+02, 3.702113647460938e+02, 3.814299011230469e+02, 3.926484375e+02, 4.03866943359375e+02, 4.150854797363281e+02, 4.263040161132812e+02, 4.375225219726562e+02, 4.487410583496094e+02, 4.599595947265625e+02, 4.711781005859375e+02, 4.823966369628906e+02, 4.936151733398438e+02, 5.048336791992188e+02, 5.1605224609375e+02, 5.27270751953125e+02, 5.384892578125e+02, 5.497078247070312e+02, 5.609263305664062e+02]
monoLayerSolid.port_a.Q_flow=[-2.7984375e+03, -2.48245703125e+03, -2.21970947265625e+03, -1.999325317382812e+03, -1.811700561523438e+03, -1.650163208007812e+03, -1.50921533203125e+03, -1.3838564453125e+03, -1.270929565429688e+03, -1.168020629882812e+03, -1.073987670898438e+03, -9.874959106445312e+02, -9.076013793945312e+02, -8.335925903320312e+02, -7.649131469726561e+02, -7.009996337890625e+02, -6.412459716796875e+02, -5.853677368164061e+02, -5.327996215820312e+02, -4.830359497070312e+02, -4.363732299804688e+02, -3.922204895019531e+02, -3.502718505859375e+02, -3.1072998046875e+02, -2.732086791992188e+02, -2.375241546630859e+02, -2.037315368652344e+02, -1.715972900390625e+02, -1.40989532470703e+02, -1.118665771484375e+02, -8.410618591308594e+01, -5.762092590332031e+01, -3.232238006591797e+01, -8.168160438537598e+00, 1.495386695861826e+01, 3.711753082275381e+01, 5.841694259643555e+01, 7.882587432861328e+01, 9.845574951171875e+01, 1.173327713012695e+02, 1.354173278808594e+02, 1.530401306152344e+02, 1.700904388427734e+02, 1.865456848144531e+02, 2.024058532714844e+02, 2.176709594726562e+02, 2.324793090820312e+02, 2.469706573486328e+02, 2.609805908203125e+02, 2.745091552734375e+02, 2.875563354492188e+02, 3.001221008300781e+02, 3.126012573242188e+02, 3.247679138183594e+02, 3.365886840820312e+02, 3.480635681152345e+02, 3.591925659179689e+02, 3.700982055664061e+02, 3.809089965820312e+02, 3.914760131835938e+02, 4.017992858886719e+02, 4.118788146972656e+02, 4.217145690917969e+02, 4.314373474121094e+02, 4.410000915527344e+02, 4.504033813476562e+02, 4.596585998535156e+02, 4.687771301269531e+02, 4.777699890136719e+02, 4.866570129394531e+02, 4.954501953124999e+02, 5.041564331054688e+02, 5.127791748046875e+02, 5.213291015625e+02, 5.29812255859375e+02, 5.382244873046875e+02, 5.46565673828125e+02, 5.548551635742188e+02, 5.63113525390625e+02, 5.713204956054688e+02, 5.794760131835938e+02, 5.875800170898438e+02, 5.956326904296875e+02, 6.036338500976562e+02, 6.115835571289062e+02, 6.194828491210938e+02, 6.273955078125e+02, 6.352706298828125e+02, 6.431082763671875e+02, 6.50908447265625e+02, 6.586710815429688e+02, 6.663961791992188e+02, 6.740838012695312e+02, 6.817339477539062e+02, 6.89380859375e+02, 6.970223999023438e+02, 7.046388549804688e+02, 7.122302856445312e+02, 7.197967529296875e+02, 7.273381958007812e+02, 7.348546142578125e+02]
time=[0e+00, 8.64e+04]
monoLayerAir.port_b.Q_flow=[6.351990356445312e+02, 6.212238159179688e+02, 6.072855224609375e+02, 5.933845825195312e+02, 5.795214233398438e+02, 5.656965942382812e+02, 5.519105224609375e+02, 5.381637573242188e+02, 5.244568481445312e+02, 5.107903747558594e+02, 4.971648254394531e+02, 4.835808410644531e+02, 4.700390319824219e+02, 4.565400695800781e+02, 4.430846252441406e+02, 4.296733703613281e+02, 4.163070983886719e+02, 4.029865112304688e+02, 3.897124633789062e+02, 3.764857788085938e+02, 3.63307373046875e+02, 3.501781616210938e+02, 3.3709912109375e+02, 3.240713195800781e+02, 3.110958251953125e+02, 2.981738586425781e+02, 2.85306640625e+02, 2.724955139160156e+02, 2.597418518066406e+02, 2.470472106933594e+02, 2.344132080078125e+02, 2.218415985107422e+02, 2.093087005615234e+02, 1.967752380371094e+02, 1.844109344482421e+02, 1.722029876708985e+02, 1.601388244628906e+02, 1.482061309814453e+02, 1.363928527832031e+02, 1.246871871948242e+02, 1.130776596069336e+02, 1.015530853271484e+02, 9.010259246826172e+01, 7.87156982421875e+01, 6.738227081298828e+01, 5.609263229370117e+01, 4.483756256103516e+01, 3.36083869934082e+01, 2.239705848693848e+01, 1.119632053375244e+01, -0e+00, -1.119632053375244e+01, -2.239705848693848e+01, -3.36083869934082e+01, -4.483756256103516e+01, -5.609263229370126e+01, -6.738227081298838e+01, -7.87156982421874e+01, -9.010259246826172e+01, -1.015530853271484e+02, -1.130776596069336e+02, -1.246871871948242e+02, -1.363928527832031e+02, -1.482061309814453e+02, -1.601388244628906e+02, -1.722029876708984e+02, -1.844109344482422e+02, -1.967752380371094e+02, -2.093087005615236e+02, -2.218415985107421e+02, -2.344132080078124e+02, -2.470472106933594e+02, -2.597418518066406e+02, -2.724955139160156e+02, -2.85306640625e+02, -2.981738586425781e+02, -3.110958251953125e+02, -3.240713195800781e+02, -3.3709912109375e+02, -3.501781616210938e+02, -3.63307373046875e+02, -3.764857788085938e+02, -3.897124633789062e+02, -4.029865112304688e+02, -4.163070983886719e+02, -4.296733703613281e+02, -4.430846252441406e+02, -4.565400695800781e+02, -4.700390319824219e+02, -4.835808410644531e+02, -4.971648254394531e+02, -5.107903747558594e+02, -5.244568481445312e+02, -5.381637573242188e+02, -5.519105224609375e+02, -5.656965942382812e+02, -5.795214233398438e+02, -5.933845825195312e+02, -6.072855224609375e+02, -6.212238159179688e+02, -6.351990356445312e+02]
monoLayerSolid.port_b.Q_flow=[-1.466666625976562e+03, -1.32215185546875e+03, -1.201027954101562e+03, -1.097387451171875e+03, -1.006345397949219e+03, -9.24865478515625e+02, -8.506171264648438e+02, -7.816254882812499e+02, -7.168941650390625e+02, -6.558193359375e+02, -5.983377075195312e+02, -5.441897583007812e+02, -4.932642211914062e+02, -4.454395751953125e+02, -4.005756530761718e+02, -3.585419311523438e+02, -3.192083740234375e+02, -2.824764099121093e+02, -2.48218017578125e+02, -2.163114318847656e+02, -1.866697387695312e+02, -1.591682434082031e+02, -1.336946258544922e+02, -1.101666946411133e+02, -8.846733856201172e+01, -6.849256896972656e+01, -5.016765213012695e+01, -3.338249969482422e+01, -1.804128837585443e+01, -4.076272010803223e+00, 8.605366706848145e+00, 2.008242607116699e+01, 3.04177303314209e+01, 3.969284820556641e+01, 4.797499847412113e+01, 5.533029174804685e+01, 6.184403228759766e+01, 6.749246978759766e+01, 7.237861633300781e+01, 7.652668762207031e+01, 7.990006256103516e+01, 8.281206512451172e+01, 8.515779113769531e+01, 8.691584014892578e+01, 8.808621215820312e+01, 8.866889953613281e+01, 8.879824829101562e+01, 8.860995483398438e+01, 8.794437408447266e+01, 8.680152130126953e+01, 8.518138885498047e+01, 8.308397674560547e+01, 8.089556121826172e+01, 7.839514923095703e+01, 7.555003356933594e+01, 7.236022186279294e+01, 6.88257141113281e+01, 6.506780242919925e+01, 6.121356201171875e+01, 5.711569976806641e+01, 5.277420806884766e+01, 4.818909454345703e+01, 4.336034774780273e+01, 3.841827392578125e+01, 3.331597900390625e+01, 2.805405426025391e+01, 2.264384078979492e+01, 1.709667587280273e+01, 1.142367744445796e+01, 5.644578456878711e+00, -2.285107821225623e-01, -6.188601493835449e+00, -1.223224258422852e+01, -1.834880447387695e+01, -2.453208923339844e+01, -3.078639221191406e+01, -3.711171340942383e+01, -4.348884582519531e+01, -4.989701080322266e+01, -5.635663986206055e+01, -6.286772918701172e+01, -6.943027496337891e+01, -7.604428100585938e+01, -8.270975494384766e+01, -8.942668151855469e+01, -9.619408416748047e+01, -1.029480743408203e+02, -1.097395782470703e+02, -1.165685882568359e+02, -1.234351119995117e+02, -1.303391418457031e+02, -1.372806854248047e+02, -1.442597351074219e+02, -1.512763061523438e+02, -1.582960662841797e+02, -1.653212432861328e+02, -1.723714599609375e+02, -1.794466705322266e+02, -1.865469055175781e+02, -1.936721496582031e+02, -2.008224029541016e+02]
monoLayerSolidStatic.port_b.Q_flow=[3.666666564941406e+02, 3.593333435058594e+02, 3.52e+02, 3.446666564941406e+02, 3.373333435058594e+02, 3.3e+02, 3.226666564941406e+02, 3.153333435058594e+02, 3.08e+02, 3.006666564941406e+02, 2.933333435058594e+02, 2.86e+02, 2.786666564941406e+02, 2.713333435058594e+02, 2.64e+02, 2.566666564941406e+02, 2.493333282470703e+02, 2.42e+02, 2.346666717529297e+02, 2.273333282470703e+02, 2.2e+02, 2.126666717529297e+02, 2.053333282470703e+02, 1.98e+02, 1.906666717529297e+02, 1.833333282470703e+02, 1.76e+02, 1.686666717529297e+02, 1.613333282470703e+02, 1.54e+02, 1.466666717529297e+02, 1.393333282470703e+02, 1.32e+02, 1.246666641235352e+02, 1.173333358764648e+02, 1.1e+02, 1.026666641235352e+02, 9.533333587646484e+01, 8.8e+01, 8.066666412353516e+01, 7.333333587646484e+01, 6.6e+01, 5.866666793823242e+01, 5.133333206176758e+01, 4.4e+01, 3.666666793823242e+01, 2.933333396911621e+01, 2.2e+01, 1.466666698455811e+01, 7.333333492279053e+00, -0e+00, -7.333333492279053e+00, -1.466666698455811e+01, -2.2e+01, -2.933333396911621e+01, -3.666666793823249e+01, -4.400000000000006e+01, -5.133333206176751e+01, -5.866666793823242e+01, -6.6e+01, -7.333333587646484e+01, -8.066666412353516e+01, -8.8e+01, -9.533333587646484e+01, -1.026666641235352e+02, -1.1e+02, -1.173333358764648e+02, -1.246666641235352e+02, -1.320000000000001e+02, -1.393333282470703e+02, -1.466666717529296e+02, -1.54e+02, -1.613333282470703e+02, -1.686666717529297e+02, -1.76e+02, -1.833333282470703e+02, -1.906666717529297e+02, -1.98e+02, -2.053333282470703e+02, -2.126666717529297e+02, -2.2e+02, -2.273333282470703e+02, -2.346666717529297e+02, -2.42e+02, -2.493333282470703e+02, -2.566666564941406e+02, -2.64e+02, -2.713333435058594e+02, -2.786666564941406e+02, -2.86e+02, -2.933333435058594e+02, -3.006666564941406e+02, -3.08e+02, -3.153333435058594e+02, -3.226666564941406e+02, -3.3e+02, -3.373333435058594e+02, -3.446666564941406e+02, -3.52e+02, -3.593333435058594e+02, -3.666666564941406e+02]
monoLayerAirLin.port_b.Q_flow=[5.609263305664062e+02, 5.497078247070312e+02, 5.384892578125e+02, 5.27270751953125e+02, 5.1605224609375e+02, 5.048336791992188e+02, 4.936151733398438e+02, 4.823966369628906e+02, 4.711781005859375e+02, 4.599595947265625e+02, 4.487410583496094e+02, 4.375225219726562e+02, 4.263040161132812e+02, 4.150854797363281e+02, 4.03866943359375e+02, 3.926484375e+02, 3.814299011230469e+02, 3.702113647460938e+02, 3.589928588867188e+02, 3.477743225097656e+02, 3.365557861328125e+02, 3.253372802734375e+02, 3.141187438964844e+02, 3.029002075195312e+02, 2.916817016601562e+02, 2.804631652832031e+02, 2.6924462890625e+02, 2.58026123046875e+02, 2.468075866699218e+02, 2.355890502929688e+02, 2.243705291748047e+02, 2.131520080566406e+02, 2.019334716796875e+02, 1.907149505615234e+02, 1.794964294433593e+02, 1.682778930664063e+02, 1.570593719482422e+02, 1.458408508300781e+02, 1.34622314453125e+02, 1.234037933349609e+02, 1.121852645874023e+02, 1.009667358398438e+02, 8.974821472167969e+01, 7.852968597412109e+01, 6.73111572265625e+01, 5.609263229370117e+01, 4.487410736083984e+01, 3.365557861328125e+01, 2.243705368041992e+01, 1.121852684020996e+01, -0e+00, -1.121852684020996e+01, -2.243705368041992e+01, -3.365557861328125e+01, -4.487410736083984e+01, -5.609263229370126e+01, -6.73111572265626e+01, -7.852968597412099e+01, -8.974821472167969e+01, -1.009667358398438e+02, -1.121852645874023e+02, -1.234037933349609e+02, -1.34622314453125e+02, -1.458408508300781e+02, -1.570593719482422e+02, -1.682778930664062e+02, -1.794964294433594e+02, -1.907149505615234e+02, -2.019334716796876e+02, -2.131520080566405e+02, -2.243705291748046e+02, -2.355890502929688e+02, -2.468075866699219e+02, -2.58026123046875e+02, -2.6924462890625e+02, -2.804631652832031e+02, -2.916817016601562e+02, -3.029002075195312e+02, -3.141187438964844e+02, -3.253372802734375e+02, -3.365557861328125e+02, -3.477743225097656e+02, -3.589928588867188e+02, -3.702113647460938e+02, -3.814299011230469e+02, -3.926484375e+02, -4.03866943359375e+02, -4.150854797363281e+02, -4.263040161132812e+02, -4.375225219726562e+02, -4.487410583496094e+02, -4.599595947265625e+02, -4.711781005859375e+02, -4.823966369628906e+02, -4.936151733398438e+02, -5.048336791992188e+02, -5.1605224609375e+02, -5.27270751953125e+02, -5.384892578125e+02, -5.497078247070312e+02, -5.609263305664062e+02]
