last-generated=2018-05-18
statistics-simulation=
{
  "linear": " ",
  "nonlinear": " ",
  "numerical Jacobians": "0"
}
strobe.tabQRad.y[1]=[1.294440002441406e+02, 0e+00, 1.1e+02, 1.99468017578125e+02, 1.346778411865234e+02, 6.6e+01, 0e+00, 1.1e+02, 2.496218414306641e+02, 6.073958740234375e+02, 0e+00, 0e+00, 1.175e+02, 2.990440063476562e+02, 3.447218322753906e+02, 2.2e+01, 0e+00, 8.8e+01, 2.271999969482422e+02, 2.21468017578125e+02, 4.4e+01, 0e+00, 8.8e+01, 1.294440002441406e+02, 1.025999984741211e+02, 0e+00, 0e+00, 0e+00, 0e+00, 2.28968017578125e+02, 2.100440063476562e+02, 0e+00, 1.1e+02, 2.980440063476562e+02, 1.981000061035156e+02, 6.867784118652344e+01, 0e+00, 2.469440002441406e+02, 1.761000061035156e+02, 1.483680267333984e+02, 0e+00, 0e+00, 1.686000061035156e+02, 2.509898681640625e+02, 3.509120178222656e+02, 6.6e+01, 0e+00, 1.408680267333984e+02, 2.241458587646484e+02, 2.712000122070312e+02, 0e+00, 0e+00, 1.906000061035156e+02, 1.514440002441406e+02, 1.408680267333984e+02, 2.100440063476562e+02, 0e+00, 1.1e+02, 0e+00, 2.360680236816406e+02, 0e+00, 0e+00, 0e+00, 0e+00, 1.1e+02, 1.603120269775391e+02, 0e+00, 8.3e+02, 3.566440124511719e+02, 3.755898742675781e+02, 2.2e+01, 0e+00, 1.11e+02, 2.421218414306641e+02, 2.246178436279297e+02, 1.294440002441406e+02, 0e+00, 2.28968017578125e+02, 3.144120178222656e+02, 2.234180145263672e+02, 3.086802101135254e+01, 0e+00, 1.1e+02, 2.567218322753906e+02, 2.21468017578125e+02, 6.6e+01, 0e+00, 1.981000061035156e+02, 1.831999969482422e+02, 2.461458587646484e+02, 1.514440002441406e+02, 0e+00, 1.1e+02, 0e+00, 8.8e+01, 0e+00, 2.2e+01, 0e+00, 0e+00, 2.712000122070312e+02, 1.294440002441406e+02]
strobe.tabQCon.y[1]=[1.125599956512451e+01, 0e+00, 9e+01, 2.194700469970703e+02, 9.214589691162109e+01, 5.4e+01, 0e+00, 9e+01, 9.290190124511719e+01, 1.901980102539062e+03, 0e+00, 0e+00, 9.75e+01, 1.276559982299805e+02, 1.468018951416016e+02, 1.8e+01, 0e+00, 7.2e+01, 1.408000030517578e+02, 1.360841827392578e+02, 3.6e+01, 0e+00, 1.733858642578125e+02, 1.125599956512451e+01, 6.140000152587891e+01, 0e+00, 0e+00, 0e+00, 0e+00, 1.435841827392578e+02, 5.465599822998047e+01, 0e+00, 9e+01, 1.266559982299805e+02, 1.408999938964844e+02, 3.814590072631836e+01, 0e+00, 1.087559967041016e+02, 2.242858734130859e+02, 1.001841735839844e+02, 0e+00, 0e+00, 1.154000015258789e+02, 7.008607482910156e+01, 1.473401794433594e+02, 5.4e+01, 0e+00, 9.268417358398438e+01, 1.202300720214844e+02, 1.768000030517578e+02, 0e+00, 0e+00, 1.333999938964844e+02, 2.925600051879883e+01, 9.268417358398438e+01, 5.465599822998047e+01, 0e+00, 9e+01, 0e+00, 1.254841766357422e+02, 0e+00, 0e+00, 0e+00, 0e+00, 9e+01, 1.394017601013184e+01, 0e+00, 1.77e+03, 1.520559997558594e+02, 1.494860687255859e+02, 1.8e+01, 0e+00, 1.923858642578125e+02, 8.540190124511719e+01, 1.432059020996094e+02, 1.125599956512451e+01, 0e+00, 1.435841827392578e+02, 1.188401794433594e+02, 1.371341705322266e+02, 2.684175729751587e+00, 0e+00, 9e+01, 7.480190277099609e+01, 1.360841827392578e+02, 5.4e+01, 0e+00, 1.408999938964844e+02, 1.048000030517578e+02, 1.382300720214844e+02, 2.925600051879883e+01, 0e+00, 9e+01, 0e+00, 7.2e+01, 0e+00, 1.8e+01, 0e+00, 0e+00, 1.768000030517578e+02, 1.125599956512451e+01]
time=[-8.64e+05, 8.64e+05]
strobe.tabTSet2.y[1]=[1.2e+01, 1.2e+01, 1.2e+01, 1.2e+01, 1.2e+01, 1.2e+01, 1.2e+01, 1.2e+01, 1.2e+01, 1.2e+01, 1.2e+01, 1.2e+01, 1.2e+01, 1.2e+01, 1.2e+01, 1.2e+01, 1.2e+01, 1.2e+01, 1.2e+01, 1.2e+01, 1.2e+01, 1.2e+01, 1.2e+01, 1.2e+01, 1.2e+01, 1.2e+01, 1.2e+01, 1.2e+01, 1.2e+01, 1.2e+01, 1.2e+01, 1.2e+01, 1.2e+01, 1.2e+01, 1.2e+01, 1.2e+01, 1.2e+01, 1.2e+01, 1.2e+01, 1.2e+01, 1.2e+01, 1.2e+01, 1.2e+01, 1.2e+01, 1.2e+01, 1.2e+01, 1.2e+01, 1.2e+01, 1.2e+01, 1.2e+01, 1.2e+01, 1.2e+01, 1.2e+01, 1.2e+01, 1.2e+01, 1.2e+01, 1.2e+01, 1.2e+01, 1.2e+01, 1.2e+01, 1.2e+01, 1.2e+01, 1.2e+01, 1.2e+01, 1.2e+01, 1.2e+01, 1.2e+01, 1.2e+01, 1.2e+01, 1.2e+01, 1.2e+01, 1.2e+01, 1.2e+01, 1.2e+01, 1.2e+01, 1.2e+01, 1.2e+01, 1.2e+01, 1.2e+01, 1.2e+01, 1.2e+01, 1.2e+01, 1.2e+01, 1.2e+01, 1.2e+01, 1.2e+01, 1.2e+01, 1.2e+01, 1.2e+01, 1.2e+01, 1.2e+01, 1.2e+01, 1.2e+01, 1.2e+01, 1.2e+01, 1.2e+01, 1.2e+01, 1.2e+01, 1.2e+01, 1.2e+01, 1.2e+01]
strobe.tabTSet.y[1]=[1.55e+01, 1.55e+01, 2.15e+01, 2.15e+01, 2.15e+01, 1.55e+01, 1.55e+01, 2.15e+01, 2.15e+01, 2.15e+01, 1.55e+01, 1.55e+01, 2.15e+01, 2.15e+01, 2.15e+01, 1.55e+01, 1.55e+01, 2.15e+01, 2.15e+01, 2.15e+01, 1.55e+01, 1.55e+01, 2.15e+01, 2.15e+01, 2.15e+01, 2.15e+01, 1.55e+01, 2.15e+01, 2.15e+01, 2.15e+01, 1.55e+01, 1.55e+01, 2.15e+01, 2.15e+01, 2.15e+01, 1.55e+01, 1.55e+01, 2.15e+01, 2.15e+01, 2.15e+01, 1.55e+01, 1.55e+01, 2.15e+01, 2.15e+01, 2.15e+01, 1.55e+01, 1.55e+01, 2.15e+01, 2.15e+01, 2.15e+01, 1.55e+01, 1.55e+01, 2.15e+01, 2.15e+01, 2.15e+01, 1.55e+01, 1.55e+01, 2.15e+01, 2.15e+01, 2.15e+01, 2.15e+01, 1.55e+01, 2.15e+01, 2.15e+01, 2.15e+01, 1.55e+01, 1.55e+01, 2.15e+01, 2.15e+01, 2.15e+01, 1.55e+01, 1.55e+01, 2.15e+01, 2.15e+01, 2.15e+01, 1.55e+01, 1.55e+01, 2.15e+01, 2.15e+01, 2.15e+01, 1.55e+01, 1.55e+01, 2.15e+01, 2.15e+01, 2.15e+01, 1.55e+01, 1.55e+01, 2.15e+01, 2.15e+01, 2.15e+01, 1.55e+01, 1.55e+01, 2.15e+01, 2.15e+01, 2.15e+01, 2.15e+01, 1.55e+01, 2.15e+01, 2.15e+01, 2.15e+01, 1.55e+01]
strobe.tabDHW.y[1]=[0e+00, 0e+00, 0e+00, 0e+00, 0e+00, 0e+00, 0e+00, 0e+00, 0e+00, 0e+00, 0e+00, 0e+00, 1e+00, 0e+00, 0e+00, 0e+00, 0e+00, 0e+00, 0e+00, 0e+00, 0e+00, 0e+00, 0e+00, 0e+00, 0e+00, 0e+00, 0e+00, 0e+00, 0e+00, 0e+00, 0e+00, 0e+00, 0e+00, 0e+00, 0e+00, 0e+00, 0e+00, 0e+00, 0e+00, 0e+00, 0e+00, 0e+00, 0e+00, 0e+00, 0e+00, 0e+00, 0e+00, 0e+00, 0e+00, 0e+00, 0e+00, 0e+00, 1e+00, 1e+00, 0e+00, 0e+00, 0e+00, 0e+00, 0e+00, 0e+00, 0e+00, 0e+00, 0e+00, 0e+00, 0e+00, 0e+00, 0e+00, 0e+00, 0e+00, 8e+00, 0e+00, 0e+00, 0e+00, 0e+00, 1e+00, 0e+00, 0e+00, 0e+00, 0e+00, 0e+00, 0e+00, 0e+00, 0e+00, 0e+00, 0e+00, 0e+00, 0e+00, 0e+00, 0e+00, 0e+00, 0e+00, 0e+00, 0e+00, 0e+00, 0e+00, 0e+00, 0e+00, 0e+00, 0e+00, 0e+00, 0e+00]
