last-generated=2016-05-04
statistics-simulation=
{
  "numerical Jacobians": "0", 
  "nonlinear": " ", 
  "number of continuous time states": "4", 
  "linear": " "
}
sou2.T_in=[303.149993896484375, 303.149993896484375]
sou1.T_in=[283.149993896484375, 283.74999999105966708157, 284.35000608563495916314, 284.95001213549045360196, 285.54998775720741832629, 286.149993896484375, 286.74999985695495752225, 287.35000617503811781717, 287.9500121354905672888, 288.54998793605017226582, 289.149993896484375, 289.74999985695455961832, 290.35000581742639269578, 290.95001249312048230422, 291.54998793605057016975, 292.149993896484375, 292.74999985695455961832, 293.35000581742639269578, 293.95001249312048230422, 294.54998793605057016975, 295.149993896484375, 295.75000057218187521357, 296.35000581742468739321, 296.95001249312218760679, 297.54998722078687478643, 298.149993896484375, 298.75000057218187521357, 299.35000581742468739321, 299.95001249312218760679, 300.54998722078687478643, 301.149993896484375, 301.75000057218187521357, 302.35000581742468739321, 302.95001249312218760679, 303.54998722078687478643, 304.149993896484375, 304.75000057218187521357, 305.35000581742468739321, 305.95001249312218760679, 306.54998722078687478643, 307.149993896484375, 307.75000057218187521357, 308.35000724787931858373, 308.95001106237651811171, 309.54998722078687478643, 310.149993896484375, 310.75000057218187521357, 311.35000724787931858373, 311.95001106237651811171, 312.54998722078687478643, 313.149993896484375, 313.149993896484375, 313.149993896484375, 313.149993896484375, 313.149993896484375, 313.149993896484375, 313.149993896484375, 313.149993896484375, 313.149993896484375, 313.149993896484375, 313.149993896484375, 313.149993896484375, 313.149993896484375, 313.149993896484375, 313.149993896484375, 313.149993896484375, 313.149993896484375, 313.149993896484375, 313.149993896484375, 313.149993896484375, 313.149993896484375, 313.149993896484375, 313.149993896484375, 313.149993896484375, 313.149993896484375, 313.149993896484375, 313.149993896484375, 313.149993896484375, 313.149993896484375, 313.149993896484375, 313.149993896484375, 313.149993896484375, 313.149993896484375, 313.149993896484375, 313.149993896484375, 313.149993896484375, 313.149993896484375, 313.149993896484375, 313.149993896484375, 313.149993896484375, 313.149993896484375, 313.149993896484375, 313.149993896484375, 313.149993896484375, 313.149993896484375, 313.149993896484375, 313.149993896484375, 313.149993896484375, 313.149993896484375, 313.149993896484375, 313.149993896484375]
T_out.T=[293.149993896484375, 293.149993896484375, 293.149993896484375, 293.149993896484375, 293.149993896484375, 293.149993896484375, 293.149993896484375, 293.149993896484375, 293.149993896484375, 293.149993896484375, 293.149993896484375, 293.149993896484375, 293.149993896484375, 293.149993896484375, 293.149993896484375, 293.149993896484375, 293.149993896484375, 293.15341185817675295766, 293.19900516275066593153, 293.2940979300401522778, 293.4366455078125, 293.6227724168858799203, 293.84817493423167888977, 294.10961927493929124466, 294.40368623138027714958, 294.726806640625, 295.07638584525591340935, 295.44958477867459123445, 295.84426899273256594824, 296.25845296707080933629, 296.69012451171875, 297.13778730062807653667, 297.60726905413298482017, 298.10394310457945721282, 298.58618118762342419359, 299.045867919921875, 299.43981968474724908447, 299.79257185959414755416, 300.11303725373011275224, 300.40380832788628140406, 300.667266845703125, 300.90527365126786207838, 301.12048378610091958762, 301.3152767439602257582, 301.49166853993648373944, 301.65069580078125, 301.7943116520765443056, 301.92382835724879441841, 302.0408323050357921602, 302.14678945357434258767, 302.24310302734375, 302.32897956960374585833, 302.40548719617083861522, 302.47463976830465526291, 302.53762811605696469996, 302.595947265625, 302.64956669855752124931, 302.69821175723342321362, 302.74240104213816948686, 302.78244014843943432425, 302.819183349609375, 302.85238650414976291358, 302.88232427317421979751, 302.90966791898239307557, 302.93395993896410800517, 302.956085205078125, 302.97613527165958657861, 302.99389651726238525953, 303.01034542900737278615, 303.02499388324213214219, 303.038116455078125, 303.05017090920591726899, 303.06085206969873979688, 303.07043455285020172596, 303.07907103706384077668, 303.086822509765625, 303.0937805238354485482, 303.10006714973133057356, 303.10571288043865934014, 303.11071776892640627921, 303.115234375, 303.11929319775697422301, 303.12295532895933547479, 303.12628173246059759549, 303.12921143625840159075, 303.131866455078125, 303.13430785259720323666, 303.1365661661837975771, 303.1387023885037024229, 303.14056397124642217022, 303.1422119140625, 303.14373778714809759549, 303.14517212175991289769, 303.14651489024987540688, 303.1477661173556725771, 303.148834228515625, 303.14981078752322218861, 303.15072631981450967942, 303.15158080880070201601, 303.15237427048845120225, 303.153106689453125]
time=[0., 20.]
thermostatic3WayValve.port_a1.m_flow=[0.5, 0.51546388840907653162, 0.53191488930975150407, 0.54945057416019094099, 0.56818181161650538336, 0.58823531866073608398, 0.60975610681866143636, 0.63291138699275373281, 0.65789472749636868087, 0.68493152341389462734, 0.71428573131561279297, 0.7462686221317151869, 0.78124998269993417566, 0.81967212710960046795, 0.86206896187212189719, 0.90909093618392944336, 0.96153842095363195597, 0.99900001287460327148, 0.99900001287460327148, 0.99900001287460327148, 0.99900001287460327148, 0.99900001287460327148, 0.99900001287460327148, 0.99900001287460327148, 0.99900001287460327148, 0.99900001287460327148, 0.99900001287460327148, 0.99900001287460327148, 0.99900001287460327148, 0.99900001287460327148, 0.99900001287460327148, 0.99900001287460327148, 0.64023817170388963582, 0.50000321864314400955, 0.49885652000873442757, 0.2317934185266494751, 0.00100000004749745131, 0.00100000004749745131, 0.00100000004749745131, 0.00100000004749745131, 0.00100000004749745131, 0.00100000004749745131, 0.00100000004749745131, 0.00100000004749745131, 0.00100000004749745131, 0.00100000004749745131, 0.00100000004749745131, 0.00100000004749745131, 0.00100000004749745131, 0.00100000004749745131, 0.00100000004749745131, 0.00100000004749745131, 0.00100000004749745131, 0.00100000004749745131, 0.00100000004749745131, 0.00100000004749745131, 0.00100000004749745131, 0.00100000004749745131, 0.00100000004749745131, 0.00100000004749745131, 0.00100000004749745131, 0.00100000004749745131, 0.00100000004749745131, 0.00100000004749745131, 0.00100000004749745131, 0.00100000004749745131, 0.00100000004749745131, 0.00100000004749745131, 0.00100000004749745131, 0.00100000004749745131, 0.00100000004749745131, 0.00100000004749745131, 0.00100000004749745131, 0.00100000004749745131, 0.00100000004749745131, 0.00100000004749745131, 0.00100000004749745131, 0.00100000004749745131, 0.00100000004749745131, 0.00100000004749745131, 0.00100000004749745131, 0.00100000004749745131, 0.00100000004749745131, 0.00100000004749745131, 0.00100000004749745131, 0.00100000004749745131, 0.00100000004749745131, 0.00100000004749745131, 0.00100000004749745131, 0.00100000004749745131, 0.00100000004749745131, 0.00100000004749745131, 0.00100000004749745131, 0.00100000004749745131, 0.00100000004749745131, 0.00100000004749745131, 0.00100000004749745131, 0.00100000004749745131, 0.00100000004749745131, 0.00100000004749745131, 0.00100000004749745131]
