last-generated=2018-08-30
statistics-initialization=
{
  "nonlinear": "9, 7",
  "numerical Jacobians": "0"
}
statistics-simulation=
{
  "linear": "0, 0, 0, 0, 0, 0, 5, 0, 0, 0, 0, 0, 0, 0, 0, 0, 0, 0, 0, 0, 5, 0, 0, 0, 0, 0, 0,   0",
  "nonlinear": "1",
  "number of continuous time states": "72",
  "numerical Jacobians": "0"
}
zoneIntWal.TSensor=[2.931499938964844e+02, 2.943822937011719e+02, 2.947668762207031e+02, 2.950008239746094e+02, 2.951860046386719e+02, 2.953588562011719e+02, 2.956534118652344e+02, 2.9587939453125e+02, 2.960497131347656e+02, 2.961520080566406e+02, 2.962311096191406e+02, 2.963180541992188e+02, 2.963931579589844e+02, 2.96467529296875e+02, 2.965300903320312e+02, 2.965554504394531e+02, 2.965784606933594e+02, 2.966065368652344e+02, 2.966354370117188e+02, 2.966719055175781e+02, 2.967949829101562e+02, 2.968864135742188e+02, 2.969314880371094e+02, 2.969653930664062e+02, 2.969640197753906e+02, 2.969755859375e+02, 2.96997314453125e+02, 2.970156555175781e+02, 2.970220642089844e+02, 2.97057373046875e+02, 2.970672607421875e+02, 2.970864562988281e+02, 2.971109924316406e+02, 2.971266479492188e+02, 2.9722314453125e+02, 2.973113403320312e+02, 2.973666076660156e+02, 2.974224243164062e+02, 2.974045715332031e+02, 2.973798828125e+02, 2.973824157714844e+02, 2.973702697753906e+02, 2.973607482910156e+02, 2.973441467285156e+02, 2.97308349609375e+02, 2.972704772949219e+02, 2.972457580566406e+02, 2.972440795898438e+02, 2.972863159179688e+02, 2.975128173828125e+02, 2.97579833984375e+02, 2.976159057617188e+02, 2.975700073242188e+02, 2.975018005371094e+02, 2.974474182128906e+02, 2.973980407714844e+02, 2.97340087890625e+02, 2.972736511230469e+02, 2.9719384765625e+02, 2.971453857421875e+02, 2.970785827636719e+02, 2.970249938964844e+02, 2.970581665039062e+02, 2.980095520019531e+02, 2.988863525390625e+02, 2.993842163085938e+02, 2.989440002441406e+02, 2.984212951660156e+02, 2.982665405273438e+02, 2.981636962890625e+02, 2.980603637695312e+02, 2.979673767089844e+02, 2.978624877929688e+02, 2.977706604003906e+02, 2.976921691894531e+02, 2.9762060546875e+02, 2.9755322265625e+02, 2.975850524902344e+02, 2.975321960449219e+02, 2.978399047851562e+02, 2.979671630859375e+02, 2.977369384765625e+02, 2.976603088378906e+02, 2.976124877929688e+02, 2.975659484863281e+02, 2.975243225097656e+02, 2.974900512695312e+02, 2.974612426757812e+02, 2.974191284179688e+02, 2.973940124511719e+02, 2.973672485351562e+02, 2.9741796875e+02, 2.975281677246094e+02, 2.975834655761719e+02, 2.975979919433594e+02, 2.975554809570312e+02, 2.975003662109375e+02, 2.974438171386719e+02, 2.974048767089844e+02, 2.973608703613281e+02, 2.973132934570312e+02]
zone.TSensor=[2.931499938964844e+02, 2.921938171386719e+02, 2.919429016113281e+02, 2.917173767089844e+02, 2.915074768066406e+02, 2.913304443359375e+02, 2.914266052246094e+02, 2.914412841796875e+02, 2.913886108398438e+02, 2.912225952148438e+02, 2.910110778808594e+02, 2.908258056640625e+02, 2.906376647949219e+02, 2.904527282714844e+02, 2.902612915039062e+02, 2.900306091308594e+02, 2.898042907714844e+02, 2.895950927734375e+02, 2.893923034667969e+02, 2.892008361816406e+02, 2.891713562011719e+02, 2.891141052246094e+02, 2.889969482421875e+02, 2.888475341796875e+02, 2.886391296386719e+02, 2.884495239257812e+02, 2.882730712890625e+02, 2.880984191894531e+02, 2.879026184082031e+02, 2.877640075683594e+02, 2.876049194335938e+02, 2.874547119140625e+02, 2.873194580078125e+02, 2.871827392578125e+02, 2.871751098632812e+02, 2.872097473144531e+02, 2.871773071289062e+02, 2.87129638671875e+02, 2.869815063476562e+02, 2.868310852050781e+02, 2.866931457519531e+02, 2.865442199707031e+02, 2.86400146484375e+02, 2.862427978515625e+02, 2.860577697753906e+02, 2.858787536621094e+02, 2.857070922851562e+02, 2.855549926757812e+02, 2.854801025390625e+02, 2.857732238769531e+02, 2.858095092773438e+02, 2.857756652832031e+02, 2.855975646972656e+02, 2.853786010742188e+02, 2.851784057617188e+02, 2.849752502441406e+02, 2.847681274414062e+02, 2.845494995117188e+02, 2.843258361816406e+02, 2.841154174804688e+02, 2.839044494628906e+02, 2.837043762207031e+02, 2.836131896972656e+02, 2.851985168457031e+02, 2.871545104980469e+02, 2.885224914550781e+02, 2.881236267089844e+02, 2.871009216308594e+02, 2.866111755371094e+02, 2.862480773925781e+02, 2.859256591796875e+02, 2.856374816894531e+02, 2.853551330566406e+02, 2.850912170410156e+02, 2.848537292480469e+02, 2.846333923339844e+02, 2.844244079589844e+02, 2.843705444335938e+02, 2.842108764648438e+02, 2.846343078613281e+02, 2.84971923828125e+02, 2.845885009765625e+02, 2.843201293945312e+02, 2.841203918457031e+02, 2.839344177246094e+02, 2.837573852539062e+02, 2.835942687988281e+02, 2.834403686523438e+02, 2.832906494140625e+02, 2.8315185546875e+02, 2.830169982910156e+02, 2.829953918457031e+02, 2.831352233886719e+02, 2.8317578125e+02, 2.831644897460938e+02, 2.830260314941406e+02, 2.828657531738281e+02, 2.827093811035156e+02, 2.825702209472656e+02, 2.8242578125e+02, 2.822655029296875e+02]
time=[0e+00, 6.048e+05]
