last-generated=2016-04-19
statistics-simulation=
{
  "numerical Jacobians": "0", 
  "nonlinear": " ", 
  "number of continuous time states": "9", 
  "linear": "0, 0"
}
THeaOut.T=[293.149993896484375, 290.322479248046875, 290.379852294921875, 290.432769775390625, 290.351348876953125, 290.259552001953125, 290.149993896484375, 290.02496337890625, 289.88604736328125, 289.735565185546875, 289.575836181640625, 289.409393310546875, 289.23883056640625, 289.178314208984375, 289.372100830078125, 297.921783447265625, 293.8663330078125, 293.511810302734375, 293.37506103515625, 293.2491455078125, 293.152069091796875, 293.222808837890625, 293.367156982421875, 293.539031982421875, 293.7049560546875, 293.8438720703125, 293.9375, 293.97412109375, 293.949737548828125, 293.86029052734375, 293.702117919921875, 293.476104736328125, 293.186309814453125, 293.5208740234375, 293.65966796875, 293.819580078125, 293.98577880859375, 294.156341552734375, 294.328277587890625, 294.4989013671875, 292.40777587890625, 290.7777099609375, 289.4869384765625, 290.01129150390625, 290.14764404296875, 290.25567626953125, 290.3485107421875, 290.42193603515625, 290.475433349609375, 290.50799560546875, 290.5191650390625, 290.508758544921875, 290.47662353515625, 290.4237060546875, 290.35101318359375, 290.259613037109375, 290.150482177734375, 290.02496337890625, 289.886016845703125, 289.735565185546875, 289.575836181640625, 289.409393310546875, 289.237823486328125, 289.18017578125, 289.373291015625, 297.907989501953125, 293.869842529296875, 293.5078125, 293.3739013671875, 293.249176025390625, 293.153472900390625, 293.22357177734375, 293.3675537109375, 293.539215087890625, 293.705230712890625, 293.844390869140625, 293.93731689453125, 293.973968505859375, 293.949859619140625, 293.8604736328125, 293.702117919921875, 293.476104736328125, 293.18487548828125, 293.51922607421875, 293.6593017578125, 293.819488525390625, 293.98577880859375, 294.1563720703125, 294.3282470703125, 294.4989013671875, 292.40777587890625, 290.780792236328125, 289.502227783203125, 289.99700927734375, 290.1453857421875, 290.2557373046875, 290.3485107421875, 290.421875, 290.4754638671875, 290.50799560546875, 290.5191650390625]
TSet.y=[289.149993896484375, 289.149993896484375, 289.149993896484375, 289.149993896484375, 289.149993896484375, 289.149993896484375, 289.149993896484375, 289.149993896484375, 289.149993896484375, 289.149993896484375, 289.149993896484375, 289.149993896484375, 289.149993896484375, 289.149993896484375, 289.149993896484375, 293.149993896484375, 293.149993896484375, 293.149993896484375, 293.149993896484375, 293.149993896484375, 293.149993896484375, 293.149993896484375, 293.149993896484375, 293.149993896484375, 293.149993896484375, 293.149993896484375, 293.149993896484375, 293.149993896484375, 293.149993896484375, 293.149993896484375, 293.149993896484375, 293.149993896484375, 293.149993896484375, 293.149993896484375, 293.149993896484375, 293.149993896484375, 293.149993896484375, 293.149993896484375, 293.149993896484375, 293.149993896484375, 289.149993896484375, 289.149993896484375, 289.149993896484375, 289.149993896484375, 289.149993896484375, 289.149993896484375, 289.149993896484375, 289.149993896484375, 289.149993896484375, 289.149993896484375, 289.149993896484375, 289.149993896484375, 289.149993896484375, 289.149993896484375, 289.149993896484375, 289.149993896484375, 289.149993896484375, 289.149993896484375, 289.149993896484375, 289.149993896484375, 289.149993896484375, 289.149993896484375, 289.149993896484375, 289.149993896484375, 289.149993896484375, 293.149993896484375, 293.149993896484375, 293.149993896484375, 293.149993896484375, 293.149993896484375, 293.149993896484375, 293.149993896484375, 293.149993896484375, 293.149993896484375, 293.149993896484375, 293.149993896484375, 293.149993896484375, 293.149993896484375, 293.149993896484375, 293.149993896484375, 293.149993896484375, 293.149993896484375, 293.149993896484375, 293.149993896484375, 293.149993896484375, 293.149993896484375, 293.149993896484375, 293.149993896484375, 293.149993896484375, 293.149993896484375, 289.149993896484375, 289.149993896484375, 289.149993896484375, 289.149993896484375, 289.149993896484375, 289.149993896484375, 289.149993896484375, 289.149993896484375, 289.149993896484375, 289.149993896484375, 289.149993896484375]
TVol.T=[293.149993896484375, 290.280181884765625, 289.189666748046875, 289.150421142578125, 289.151123046875, 289.1512451171875, 289.1514892578125, 289.15167236328125, 289.151824951171875, 289.1519775390625, 289.152069091796875, 289.152130126953125, 289.152191162109375, 289.180206298828125, 289.376953125, 292.5535888671875, 293.1561279296875, 293.15093994140625, 293.15167236328125, 293.1514892578125, 293.152252197265625, 293.224884033203125, 293.3701171875, 293.542144775390625, 293.707763671875, 293.845977783203125, 293.938690185546875, 293.974273681640625, 293.94873046875, 293.858062744140625, 293.69866943359375, 293.471435546875, 293.17962646484375, 293.14801025390625, 293.148193359375, 293.14794921875, 293.147857666015625, 293.1478271484375, 293.1478271484375, 293.147857666015625, 292.374725341796875, 290.751861572265625, 289.466217041015625, 289.1397705078125, 289.14886474609375, 289.14874267578125, 289.14892578125, 289.149169921875, 289.149444580078125, 289.14971923828125, 289.149993896484375, 289.1502685546875, 289.150543212890625, 289.150787353515625, 289.151031494140625, 289.151275634765625, 289.1514892578125, 289.15167236328125, 289.151824951171875, 289.1519775390625, 289.152069091796875, 289.152130126953125, 289.152008056640625, 289.181976318359375, 289.378143310546875, 292.557952880859375, 293.155181884765625, 293.15142822265625, 293.151580810546875, 293.1514892578125, 293.153076171875, 293.225433349609375, 293.3704833984375, 293.542327880859375, 293.7080078125, 293.84649658203125, 293.938507080078125, 293.97412109375, 293.9488525390625, 293.858245849609375, 293.69866943359375, 293.471466064453125, 293.1790771484375, 293.14813232421875, 293.148193359375, 293.147918701171875, 293.147857666015625, 293.1478271484375, 293.1478271484375, 293.147857666015625, 292.374725341796875, 290.75384521484375, 289.462005615234375, 289.13995361328125, 289.148773193359375, 289.14874267578125, 289.14892578125, 289.149169921875, 289.149444580078125, 289.14971923828125, 289.149993896484375]
TOut.y=[284.149993896484375, 284.189422607421875, 284.307098388671875, 284.501129150390625, 284.768463134765625, 285.10491943359375, 285.505157470703125, 285.962890625, 286.470855712890625, 287.0211181640625, 287.60491943359375, 288.213104248046875, 288.8360595703125, 289.463958740234375, 290.0869140625, 290.695098876953125, 291.278900146484375, 291.829132080078125, 292.337127685546875, 292.794830322265625, 293.195098876953125, 293.531524658203125, 293.79888916015625, 293.992919921875, 294.110565185546875, 294.149993896484375, 294.110565185546875, 293.992919921875, 293.79888916015625, 293.531524658203125, 293.195098876953125, 292.794830322265625, 292.337127685546875, 291.829132080078125, 291.278900146484375, 290.695098876953125, 290.0869140625, 289.463958740234375, 288.8360595703125, 288.213104248046875, 287.60491943359375, 287.0211181640625, 286.470855712890625, 285.962890625, 285.505157470703125, 285.10491943359375, 284.768463134765625, 284.501129150390625, 284.307098388671875, 284.189422607421875, 284.149993896484375, 284.189422607421875, 284.307098388671875, 284.501129150390625, 284.768463134765625, 285.10491943359375, 285.505157470703125, 285.962890625, 286.470855712890625, 287.0211181640625, 287.60491943359375, 288.213104248046875, 288.8360595703125, 289.463958740234375, 290.0869140625, 290.695098876953125, 291.278900146484375, 291.829132080078125, 292.337127685546875, 292.794830322265625, 293.195098876953125, 293.531524658203125, 293.79888916015625, 293.992919921875, 294.110565185546875, 294.149993896484375, 294.110565185546875, 293.992919921875, 293.79888916015625, 293.531524658203125, 293.195098876953125, 292.794830322265625, 292.337127685546875, 291.829132080078125, 291.278900146484375, 290.695098876953125, 290.0869140625, 289.463958740234375, 288.8360595703125, 288.213104248046875, 287.60491943359375, 287.0211181640625, 286.470855712890625, 285.962890625, 285.505157470703125, 285.10491943359375, 284.768463134765625, 284.501129150390625, 284.307098388671875, 284.189422607421875, 284.149993896484375]
time=[0., 172800.]
hea.Q_flow=[0., 0., 225.2123260498046875, 252.6464080810546875, 236.3898468017578125, 218.230987548828125, 196.517486572265625, 171.77084350585934657829, 144.295318603515625, 114.5499725341796875, 82.99779510498046875, 50.137790679931640625, 16.485546112060546875, 0., 0., 1080., 134.90576171875, 70.96090698242181815658, 43.584003448486328125, 18.8537044525146484375, 0., 0., 0., 0., 0., 0., 0., 0., 0., 0., 0., 0., 0., 73.8930206298828125, 101.38598632812512789769, 133.03791809082017039145, 165.8609771728515625, 199.5168914794921875, 233.4231414794921875, 267.06317138671875, 0., 0., 0., 174.927825927734375, 197.278961181640625, 218.663818359375, 236.88311767578125, 251.2463226318359375, 261.66961669921875, 267.967803955078125, 270.041015625, 267.85650634765625, 261.390228271484375, 250.829559326171875, 236.377716064453125, 218.23788452148420446974, 196.61329650878886354803, 171.76467895507835237368, 144.291961669921875, 114.55193328857421875, 82.998931884765625, 50.1374969482421875, 16.4864101409912109375, 0., 0., 1080., 135.9819793701171875, 69.99712371826171875, 43.41729736328104394261, 18.85371017456074227425, 0.00000000000006061818, 0., 0., 0., 0., 0., 0., 0., 0., 0., 0., 0., 0., 73.53586578369140625, 101.31700897216796875, 133.03021240234375, 165.860931396484375, 199.5221405029296875, 233.4197845458984375, 267.063385009765625, 0., 0., 0., 172.2540740966796875, 196.9144744873046875, 218.679290771484375, 236.881500244140625, 251.2368011474609375, 261.67816162109375, 267.966400146484375, 270.038055419921875]
