last-generated=2018-06-05
statistics-simulation=
{
  "linear": " ",
  "nonlinear": " ",
  "number of continuous time states": "2",
  "numerical Jacobians": "0"
}
m_flow_door=[1.954580992460251e-01, 1.934936493193414e-01, 1.915090530218045e-01, 1.895036696034429e-01, 1.874768285119495e-01, 1.854278446777164e-01, 1.833559569899224e-01, 1.812603921325576e-01, 1.791403140780002e-01, 1.769948460420923e-01, 1.748230460558189e-01, 1.726239173283609e-01, 1.703964316783634e-01, 1.681394119142632e-01, 1.658516974628143e-01, 1.635319902496616e-01, 1.611788860414655e-01, 1.587909166340147e-01, 1.563664841218398e-01, 1.539038711818866e-01, 1.514011927006201e-01, 1.488564593624691e-01, 1.462674584845735e-01, 1.43631787215742e-01, 1.409468487237542e-01, 1.382097452878952e-01, 1.354173394898962e-01, 1.32566142187188e-01, 1.296522471833132e-01, 1.266713266178952e-01, 1.23618561724166e-01, 1.204884655862968e-01, 1.172748631715266e-01, 1.139706864076544e-01, 1.105678019325166e-01, 1.070568093177567e-01, 1.034267150364272e-01, 9.966447386436514e-02, 9.575452464507027e-02, 9.167797264630342e-02, 8.741152545746107e-02, 8.292584700602194e-02, 7.81832347403639e-02, 7.313373310828866e-02, 6.770866973634168e-02, 6.180927158119241e-02, 5.528390604654863e-02, 4.787726231012955e-02, 3.909160983297306e-02, 2.76419627554863e-02, 0e+00, 2.764196275529884e-02, 3.9091638790244e-02, 4.787728573872835e-02, 5.528388533216001e-02, 6.180927158130335e-02, 6.77086697363215e-02, 7.313373310823336e-02, 7.818324929319466e-02, 8.292586067862914e-02, 8.741151239260567e-02, 9.167797264639266e-02, 9.575452464509873e-02, 9.966447386433801e-02, 1.034267150363487e-01, 1.070568199317407e-01, 1.105677916105521e-01, 1.139706764141079e-01, 1.172748631715615e-01, 1.20488465586308e-01, 1.236185617241112e-01, 1.266713355968294e-01, 1.296522383832164e-01, 1.325661335933796e-01, 1.354173394899364e-01, 1.382097452878952e-01, 1.409468527605629e-01, 1.436317911718272e-01, 1.462674662557946e-01, 1.488564555315125e-01, 1.514011889368389e-01, 1.539038711818778e-01, 1.563664841218137e-01, 1.587909202136398e-01, 1.611788930973589e-01, 1.635319832813329e-01, 1.658516940260019e-01, 1.681394119142793e-01, 1.703964333481839e-01, 1.726239206223388e-01, 1.748230509341625e-01, 1.769948396034558e-01, 1.791403108963827e-01, 1.812603905605428e-01, 1.833559577658825e-01, 1.854278469776684e-01, 1.874768330621357e-01, 1.895036639649259e-01, 1.915090493022054e-01, 1.934936474786929e-01, 1.954580992460251e-01]
doo.m1_flow=[1.880411356687546e-01, 1.861261128948484e-01, 1.841903179012854e-01, 1.822329013218177e-01, 1.802529541855522e-01, 1.782495380947793e-01, 1.762217429520805e-01, 1.741685569901344e-01, 1.720890101022999e-01, 1.699820615475612e-01, 1.678466353039487e-01, 1.656816600451923e-01, 1.634859883805676e-01, 1.612584580196547e-01, 1.589978487655005e-01, 1.567029072695999e-01, 1.543723038366113e-01, 1.520046596019578e-01, 1.495985257066828e-01, 1.471523338625656e-01, 1.446644671276076e-01, 1.42133189550658e-01, 1.39556631135387e-01, 1.369327764811028e-01, 1.342594609060107e-01, 1.315343081951141e-01, 1.28754732309906e-01, 1.259178996973587e-01, 1.230206567552312e-01, 1.200594876994614e-01, 1.170304826583305e-01, 1.139287583547957e-01, 1.107459119655243e-01, 1.074703081219931e-01, 1.040882853012503e-01, 1.005848103265315e-01, 9.694394253464005e-02, 9.314903800992251e-02, 8.918287410650233e-02, 8.502479029158926e-02, 8.063620596706211e-02, 7.596389030175298e-02, 7.094890680293163e-02, 6.550090419247637e-02, 5.94787805785253e-02, 5.265898862437729e-02, 4.476622445789195e-02, 3.56378953311289e-02, 2.531274351000163e-02, 1.404453798189287e-02, 2.260352717712522e-03, 1.4037587507761e-02, 2.528730405596656e-02, 3.558521483604752e-02, 4.468092714249425e-02, 5.253825945983685e-02, 5.932018752921563e-02, 6.530128075589436e-02, 7.070534041191315e-02, 7.567336911236611e-02, 8.029623747058462e-02, 8.463286747637208e-02, 8.873624162865971e-02, 9.264540853613697e-02, 9.638137145941952e-02, 9.996134875695017e-02, 1.034018755497067e-01, 1.067188625578606e-01, 1.099272124160066e-01, 1.130405001191304e-01, 1.160704007554278e-01, 1.190256166373399e-01, 1.219112195241755e-01, 1.247312298758679e-01, 1.274891916667273e-01, 1.301883012056351e-01, 1.328314567668092e-01, 1.35421295874468e-01, 1.379602325231197e-01, 1.404504722973892e-01, 1.428940714295549e-01, 1.452929371878005e-01, 1.476488279086114e-01, 1.499634274324065e-01, 1.522382854863262e-01, 1.544748789749705e-01, 1.566746501655093e-01, 1.588388969181298e-01, 1.609689305353015e-01, 1.630659431138633e-01, 1.6513115655557e-01, 1.671656466134347e-01, 1.691705849282593e-01, 1.711469874630883e-01, 1.730958973009239e-01, 1.750183128200404e-01, 1.769151877016695e-01, 1.787874794358593e-01, 1.806360895122648e-01, 1.824619305688211e-01, 1.842658370733261e-01]
time=[0e+00, 1e+00]
cavityAirFlow.port_a.Q_flow=[-3.959981079101562e+02, -3.841777646299786e+02, -3.724774469899622e+02, -3.608983451757467e+02, -3.494418019608458e+02, -3.381091317000095e+02, -3.269016708703982e+02, -3.158208621451209e+02, -3.048681621178587e+02, -2.940450783148476e+02, -2.833531815169776e+02, -2.727941277934018e+02, -2.62369595614464e+02, -2.520813397380506e+02, -2.419311987217922e+02, -2.319210722169835e+02, -2.220529139821499e+02, -2.123288591502707e+02, -2.027510444060289e+02, -1.933217293407442e+02, -1.840432919316025e+02, -1.74918237486486e+02, -1.659492024333161e+02, -1.571389196647787e+02, -1.484903213410255e+02, -1.400064849853516e+02, -1.316906507363469e+02, -1.235463419763716e+02, -1.155771951553969e+02, -1.0778716400086e+02, -1.001804899361814e+02, -9.276166709482104e+01, -8.553558604137773e+01, -7.850756984020671e+01, -7.168332150265324e+01, -6.506912607838933e+01, -5.867191072748746e+01, -5.249925903359648e+01, -4.65596781751448e+01, -4.086270111069432e+01, -3.541915067395248e+01, -3.024139797254066e+01, -2.534387350754542e+01, -2.074365363835965e+01, -1.646133134821995e+01, -1.252255568630596e+01, -8.96041772516325e+00, -5.819959776291642e+00, -3.167982478142712e+00, -1.120053540676744e+00, 0e+00, 1.120053540651712e+00, 3.167989605698571e+00, 5.819968579972283e+00, 8.960407767369603e+00, 1.252255568637204e+01, 1.646133134820548e+01, 2.074365363831192e+01, 2.53438876796467e+01, 3.024141305649082e+01, 3.541913488834558e+01, 4.086270111081255e+01, 4.655967817518597e+01, 5.249925903355328e+01, 5.867191072735299e+01, 6.506914550885841e+01, 7.168330152249385e+01, 7.850754920337619e+01, 8.553558604145351e+01, 9.276166709484708e+01, 1.001804899360476e+02, 1.077871869695371e+02, 1.155771717199701e+02, 1.235463179785123e+02, 1.316906507364636e+02, 1.400064849853516e+02, 1.484903341131209e+02, 1.571389326972217e+02, 1.659492289708922e+02, 1.749182240283269e+02, 1.840432782332572e+02, 1.933217293407111e+02, 2.027510444059273e+02, 2.123288735533276e+02, 2.220529432100567e+02, 2.319210426208014e+02, 2.419311837201858e+02, 2.520813397381231e+02, 2.623696033335473e+02, 2.727941434459865e+02, 2.833532052966547e+02, 2.940450462844569e+02, 3.048681459127855e+02, 3.15820853945736e+02, 3.269016750233691e+02, 3.381091443093006e+02, 3.494418274555504e+02, 3.608983130296443e+02, 3.724774253318581e+02, 3.841777536885206e+02, 3.959981079101562e+02]
Q_flow.y=[-4.497427673339844e+02, -4.392559201771676e+02, -4.288745112575066e+02, -4.185992729969283e+02, -4.084311514404309e+02, -3.98371063978719e+02, -3.884201341723722e+02, -3.785794680653904e+02, -3.688503705868351e+02, -3.59234225834822e+02, -3.497324843191426e+02, -3.403467401674109e+02, -3.310786718496843e+02, -3.219301714534464e+02, -3.129030767070115e+02, -3.039995169959004e+02, -2.952215545053031e+02, -2.865715652582008e+02, -2.780519164564125e+02, -2.696650981173629e+02, -2.614137902845128e+02, -2.533007454683454e+02, -2.453288869993922e+02, -2.375012392034558e+02, -2.298209645561256e+02, -2.222913970947266e+02, -2.149160086810584e+02, -2.07698463485457e+02, -2.006425331819465e+02, -1.93752237376743e+02, -1.870318072455469e+02, -1.804853531065278e+02, -1.741153519653689e+02, -1.679235309744655e+02, -1.619120657224532e+02, -1.56084484508579e+02, -1.504460376184564e+02, -1.450039851004206e+02, -1.397678350889013e+02, -1.347482687669104e+02, -1.299523343473445e+02, -1.253879455018573e+02, -1.210692084064241e+02, -1.170108670838069e+02, -1.132297354684905e+02, -1.097483023582742e+02, -1.066146493932633e+02, -1.039303662354665e+02, -1.018362485081452e+02, -1.004753046400854e+02, -9.995279693603516e+01, -9.943054863228681e+01, -9.80712398162146e+01, -9.598110256230879e+01, -9.330364844565801e+01, -9.017975243814121e+01, -8.671126642019235e+01, -8.294672112554177e+01, -7.890887514277007e+01, -7.461492518053893e+01, -7.007974583541241e+01, -6.531772544433157e+01, -6.033715298960764e+01, -5.514519247342392e+01, -4.975257467015641e+01, -4.41690232884818e+01, -3.840212636610611e+01, -3.245734264936176e+01, -2.63385034949857e+01, -2.004813041865506e+01, -1.358815746224386e+01, -6.961087100798521e+00, -1.711301947369737e-01, 6.777435758860404e+00, 1.388042720444641e+01, 2.113389778137207e+01, 2.853407810828605e+01, 3.607737279413526e+01, 4.37603409724093e+01, 5.15796416147136e+01, 5.953222464920568e+01, 6.761503407137442e+01, 7.58251783503471e+01, 8.415991851263678e+01, 9.261661477437853e+01, 1.011927208347175e+02, 1.098859433087897e+02, 1.18693965504996e+02, 1.27614635938244e+02, 1.366459022951292e+02, 1.457858648399702e+02, 1.550326294471901e+02, 1.643845821012981e+02, 1.73840096357077e+02, 1.833976615949327e+02, 1.930558740113414e+02, 2.028134365912664e+02, 2.126691001094431e+02, 2.226218528916676e+02, 2.326706141597706e+02, 2.428144378662109e+02]
cavityAirFlowLin.port_a.Q_flow=[-2.8056005859375e+02, -2.749488524136443e+02, -2.6933767675111e+02, -2.637264705710012e+02, -2.581152643908918e+02, -2.525040592559569e+02, -2.468928520306839e+02, -2.412816621545315e+02, -2.356704549292601e+02, -2.300592518846438e+02, -2.244480599181621e+02, -2.188368526928914e+02, -2.132256454676206e+02, -2.076144535011026e+02, -2.020032504565227e+02, -1.963920474119064e+02, -1.907808360059812e+02, -1.851696482201539e+02, -1.795584451755377e+02, -1.739472337696124e+02, -1.683360459837852e+02, -1.6272483457786e+02, -1.571136315332437e+02, -1.515024437474165e+02, -1.458912323414913e+02, -1.40280029296875e+02, -1.346688331496661e+02, -1.290576384664315e+02, -1.234464270605108e+02, -1.178352232839756e+02, -1.122240362300628e+02, -1.066128248241466e+02, -1.010016210476069e+02, -9.539042636434951e+01, -8.977922258776881e+01, -8.416801881121543e+01, -7.855682412798535e+01, -7.294562035140011e+01, -6.733441657485123e+01, -6.172320516894422e+01, -5.611201811503136e+01, -5.050081052379663e+01, -4.488960293257551e+01, -3.927841206397903e+01, -3.366720828743016e+01, -2.80560006961954e+01, -2.244480982760461e+01, -1.683360414371567e+01, -1.12223965524792e+01, -5.611206637564994e+00, 0e+00, 5.611206637485255e+00, 1.122241327496596e+01, 1.683362086612326e+01, 2.244479310513781e+01, 2.805600069629511e+01, 3.366720828741026e+01, 3.92784120639192e+01, 4.488961965508559e+01, 5.050082724620196e+01, 5.611200139256741e+01, 6.172320516906383e+01, 6.733441657489111e+01, 7.294562035136023e+01, 7.855682412786574e+01, 8.416803553365664e+01, 8.97792058653703e+01, 9.539040964182124e+01, 1.010016210476667e+02, 1.066128248241666e+02, 1.12224036229963e+02, 1.17835240006414e+02, 1.234464103381277e+02, 1.290576217439731e+02, 1.346688331497458e+02, 1.40280029296875e+02, 1.458912407027205e+02, 1.515024521085659e+02, 1.571136482556223e+02, 1.627248262167305e+02, 1.68336037622576e+02, 1.739472337695925e+02, 1.795584451754778e+02, 1.851696565813233e+02, 1.907808527285798e+02, 1.963920306894879e+02, 2.020032420953333e+02, 2.076144535011424e+02, 2.132256496482352e+02, 2.188368610540807e+02, 2.244480724599262e+02, 2.300592351622453e+02, 2.356704465680908e+02, 2.412816579739362e+02, 2.468928541210506e+02, 2.52504065526838e+02, 2.581152769325198e+02, 2.637264548935734e+02, 2.693376662994917e+02, 2.749488471879773e+02, 2.8056005859375e+02]
