last-generated=2018-06-13
statistics-initialization=
{
  "nonlinear": "1",
  "numerical Jacobians": "0"
}
statistics-simulation=
{
  "linear": " ",
  "nonlinear": "1",
  "number of continuous time states": "4",
  "numerical Jacobians": "0"
}
floMac1.y=[1e+00, 1e+00, 1e+00, 1e+00, 1e+00, 1e+00, 1e+00, 1e+00, 1e+00, 1e+00, 1e+00, 1e+00, 1e+00, 1e+00, 1e+00, 1e+00, 1e+00, 1e+00, 1e+00, 1e+00, 1e+00, 1e+00, 1e+00, 1e+00, 1e+00, 1e+00, 1e+00, 1e+00, 1e+00, 1e+00, 1e+00, 1e+00, 1e+00, 1e+00, 1e+00, 1e+00, 1e+00, 1e+00, 1e+00, 1e+00, 1e+00, 1e+00, 1e+00, 1e+00, 1e+00, 1e+00, 1e+00, 1e+00, 1e+00, 1e+00, 1e+00, 0e+00, 0e+00, 0e+00, 0e+00, 0e+00, 0e+00, 0e+00, 0e+00, 0e+00, 0e+00, 0e+00, 0e+00, 0e+00, 0e+00, 0e+00, 0e+00, 0e+00, 0e+00, 0e+00, 0e+00, 0e+00, 0e+00, 0e+00, 0e+00, 0e+00, 0e+00, 0e+00, 0e+00, 0e+00, 0e+00, 0e+00, 0e+00, 0e+00, 0e+00, 0e+00, 0e+00, 0e+00, 0e+00, 0e+00, 0e+00, 0e+00, 0e+00, 0e+00, 0e+00, 0e+00, 0e+00, 0e+00, 0e+00, 0e+00, 0e+00]
time=[0e+00, 3e+02]
floMac2.dp=[-2e+03, -2e+03, -2e+03, -2e+03, -2e+03, -2e+03, -2e+03, -2e+03, -2e+03, -2e+03, -2e+03, -2e+03, -2e+03, -2e+03, -2e+03, -2e+03, -2e+03, -2e+03, -2e+03, -2e+03, -2e+03, -2e+03, -2e+03, -2e+03, -2e+03, -2e+03, -2e+03, -2e+03, -2e+03, -2e+03, -2e+03, -2e+03, -2e+03, -2e+03, -2e+03, -2e+03, -2e+03, -2e+03, -2e+03, -2e+03, -2e+03, -2e+03, -2e+03, -2e+03, -2e+03, -2e+03, -2e+03, -2e+03, -2e+03, -2e+03, -2e+03, -2.862145263671875e+03, -3.891115478515625e+03, -4.3464189453125e+03, -4.3927900390625e+03, -4.29126123046875e+03, -4.181189941406249e+03, -4.086766357421876e+03, -4.029310791015625e+03, -4.00877734375e+03, -4.003042236328125e+03, -4.001494873046875e+03, -4.001125e+03, -4.00103271484375e+03, -4.0010068359375e+03, -4.0010009765625e+03, -4.001e+03, -4.001e+03, -4.000999755859375e+03, -4.000999755859375e+03, -4.000999755859375e+03, -4.000999755859375e+03, -4.000999755859375e+03, -4.000999755859375e+03, -4.000999755859375e+03, -4.000999755859375e+03, -4.000999755859375e+03, -4.000999755859375e+03, -4.000999755859375e+03, -4.000999755859375e+03, -4.000999755859375e+03, -4.000999755859375e+03, -4.000999755859375e+03, -4.000999755859375e+03, -4.000999755859375e+03, -4.000999755859375e+03, -4.000999755859375e+03, -4.000999755859375e+03, -4.000999755859375e+03, -4.000999755859375e+03, -4.000999755859375e+03, -4.000999755859375e+03, -4.000999755859375e+03, -4.000999755859375e+03, -4.000999755859375e+03, -4.000999755859375e+03, -4.000999755859375e+03, -4.000999755859375e+03, -4.000999755859375e+03, -4.000999755859375e+03, -4.000999755859375e+03]
floMac1.dp=[-2e+03, -2e+03, -2e+03, -2e+03, -2e+03, -2e+03, -2e+03, -2e+03, -2e+03, -2e+03, -2e+03, -2e+03, -2e+03, -2e+03, -2e+03, -2e+03, -2e+03, -2e+03, -2e+03, -2e+03, -2e+03, -2e+03, -2e+03, -2e+03, -2e+03, -2e+03, -2e+03, -2e+03, -2e+03, -2e+03, -2e+03, -2e+03, -2e+03, -2e+03, -2e+03, -2e+03, -2e+03, -2e+03, -2e+03, -2e+03, -2e+03, -2e+03, -2e+03, -2e+03, -2e+03, -2e+03, -2e+03, -2e+03, -2e+03, -2e+03, -2e+03, -1.137854736328125e+03, -1.088845977783203e+02, 3.464190979003906e+02, 3.927901611328125e+02, 2.912613830566406e+02, 1.811897583007804e+02, 8.676626586914145e+01, 2.93107795715332e+01, 8.77738094329834e+00, 3.042168855667114e+00, 1.494791507720947e+00, 1.124992609024048e+00, 1.032729983329773e+00, 1.006889462471008e+00, 1.001070261001587e+00, 1.000089406967163e+00, 9.99895453453064e-01, 9.997979998588562e-01, 9.997619986534119e-01, 9.997515082359314e-01, 9.997500777244568e-01, 9.997500777244568e-01, 9.997500777244568e-01, 9.997500777244568e-01, 9.997500777244568e-01, 9.997502565383911e-01, 9.997501969337463e-01, 9.997501373291016e-01, 9.997500777244568e-01, 9.997500777244568e-01, 9.997500777244568e-01, 9.997500777244568e-01, 9.997500777244568e-01, 9.997500777244568e-01, 9.997500777244568e-01, 9.997500777244568e-01, 9.997500777244568e-01, 9.997500777244568e-01, 9.997500777244568e-01, 9.997500777244568e-01, 9.997500777244568e-01, 9.997500777244568e-01, 9.997500777244568e-01, 9.997500777244568e-01, 9.997500777244568e-01, 9.997500777244568e-01, 9.997500777244568e-01, 9.997500777244568e-01, 9.997500777244568e-01, 9.997500777244568e-01]
floMac2.m_flow=[-9.955859985351562e+02, 7.832604646682739e-02, 4.703646600246429e-01, 6.236875057220459e-01, 6.909239888191223e-01, 7.211790680885315e-01, 7.350109219551086e-01, 7.413325905799866e-01, 7.442560195922852e-01, 7.455244660377502e-01, 7.461721897125244e-01, 7.464798092842102e-01, 7.465863823890686e-01, 7.4662846326828e-01, 7.466572523117065e-01, 7.466762065887451e-01, 7.46687114238739e-01, 7.46691882610321e-01, 7.466923594474792e-01, 7.466904520988464e-01, 7.466880083084106e-01, 7.466869354248047e-01, 7.466877698898315e-01, 7.466884255409241e-01, 7.466889023780823e-01, 7.466893196105957e-01, 7.466895580291748e-01, 7.466897368431091e-01, 7.466898560523987e-01, 7.466898560523987e-01, 7.466898560523987e-01, 7.466897964477539e-01, 7.466896772384644e-01, 7.466895580291748e-01, 7.466894388198853e-01, 7.466893792152405e-01, 7.466893196105957e-01, 7.466893196105957e-01, 7.466893196105957e-01, 7.466893792152405e-01, 7.466894388198853e-01, 7.4668949842453e-01, 7.4668949842453e-01, 7.4668949842453e-01, 7.4668949842453e-01, 7.4668949842453e-01, 7.4668949842453e-01, 7.4668949842453e-01, 7.4668949842453e-01, 7.4668949842453e-01, 7.4668949842453e-01, 6.393970251083374e-01, 5.113434791564941e-01, 4.546817541122437e-01, 4.489109516143799e-01, 4.615460336208344e-01, 4.752442538738252e-01, 4.869951009750365e-01, 4.941453337669373e-01, 4.967006742954254e-01, 4.974144101142883e-01, 4.976069629192352e-01, 4.976530075073242e-01, 4.976644814014435e-01, 4.976677000522614e-01, 4.976684153079987e-01, 4.976685345172882e-01, 4.976685643196106e-01, 4.976685643196106e-01, 4.97668594121933e-01, 4.97668594121933e-01, 4.97668594121933e-01, 4.97668594121933e-01, 4.97668594121933e-01, 4.97668594121933e-01, 4.97668594121933e-01, 4.97668594121933e-01, 4.97668594121933e-01, 4.97668594121933e-01, 4.97668594121933e-01, 4.97668594121933e-01, 4.97668594121933e-01, 4.97668594121933e-01, 4.97668594121933e-01, 4.97668594121933e-01, 4.97668594121933e-01, 4.97668594121933e-01, 4.97668594121933e-01, 4.97668594121933e-01, 4.97668594121933e-01, 4.97668594121933e-01, 4.97668594121933e-01, 4.97668594121933e-01, 4.97668594121933e-01, 4.97668594121933e-01, 4.97668594121933e-01, 4.97668594121933e-01, 4.97668594121933e-01, 4.97668594121933e-01, 4.97668594121933e-01, 4.97668594121933e-01]
floMac1.m_flow=[-9.955859985351562e+02, 7.832604646682739e-02, 4.703646600246429e-01, 6.236875057220459e-01, 6.909239888191223e-01, 7.211790680885315e-01, 7.350109219551086e-01, 7.413325905799866e-01, 7.442560195922852e-01, 7.455244660377502e-01, 7.461721897125244e-01, 7.464798092842102e-01, 7.465863823890686e-01, 7.4662846326828e-01, 7.466572523117065e-01, 7.466762065887451e-01, 7.46687114238739e-01, 7.46691882610321e-01, 7.466923594474792e-01, 7.466904520988464e-01, 7.466880083084106e-01, 7.466869354248047e-01, 7.466877698898315e-01, 7.466884255409241e-01, 7.466889023780823e-01, 7.466893196105957e-01, 7.466895580291748e-01, 7.466897368431091e-01, 7.466898560523987e-01, 7.466898560523987e-01, 7.466898560523987e-01, 7.466897964477539e-01, 7.466896772384644e-01, 7.466895580291748e-01, 7.466894388198853e-01, 7.466893792152405e-01, 7.466893196105957e-01, 7.466893196105957e-01, 7.466893196105957e-01, 7.466893792152405e-01, 7.466894388198853e-01, 7.4668949842453e-01, 7.4668949842453e-01, 7.4668949842453e-01, 7.4668949842453e-01, 7.4668949842453e-01, 7.4668949842453e-01, 7.4668949842453e-01, 7.4668949842453e-01, 7.4668949842453e-01, 7.4668949842453e-01, 6.393970251083374e-01, 5.113434791564941e-01, 4.546817541122437e-01, 4.489109516143799e-01, 4.615460336208344e-01, 4.752442538738252e-01, 4.869951009750365e-01, 4.941453337669373e-01, 4.967006742954254e-01, 4.974144101142883e-01, 4.976069629192352e-01, 4.976530075073242e-01, 4.976644814014435e-01, 4.976677000522614e-01, 4.976684153079987e-01, 4.976685345172882e-01, 4.976685643196106e-01, 4.976685643196106e-01, 4.97668594121933e-01, 4.97668594121933e-01, 4.97668594121933e-01, 4.97668594121933e-01, 4.97668594121933e-01, 4.97668594121933e-01, 4.97668594121933e-01, 4.97668594121933e-01, 4.97668594121933e-01, 4.97668594121933e-01, 4.97668594121933e-01, 4.97668594121933e-01, 4.97668594121933e-01, 4.97668594121933e-01, 4.97668594121933e-01, 4.97668594121933e-01, 4.97668594121933e-01, 4.97668594121933e-01, 4.97668594121933e-01, 4.97668594121933e-01, 4.97668594121933e-01, 4.97668594121933e-01, 4.97668594121933e-01, 4.97668594121933e-01, 4.97668594121933e-01, 4.97668594121933e-01, 4.97668594121933e-01, 4.97668594121933e-01, 4.97668594121933e-01, 4.97668594121933e-01, 4.97668594121933e-01, 4.97668594121933e-01]
