last-generated=2016-09-22
statistics-simulation=
{
  "numerical Jacobians": "0", 
  "nonlinear": "1", 
  "number of continuous time states": "1", 
  "linear": " "
}
sim.radSol[1].F2=[-0.11756929755210876465, -0.11485216766595840454, -0.10536149144172668457, -0.07258664816617965698, -0.07179933041334152222, -0.07907505333423614502, -0.09416446834802627563, -0.10336196422576904297, -0.11317338049411773682, -0.11803590506315231323, -0.11170475184917449951, -0.10176007449626922607, -0.06928169727325439453, -0.077803000807762146, -0.08644056320190429688, -0.09717154502868652344, -0.10694151371717453003, -0.11597754806280136108, -0.1167497485876083374, -0.10819271206855773926, -0.09817065298557281494, -0.0749700888991355896, -0.0799360424280166626, -0.09185277670621871948, -0.10049583762884140015, -0.11046427488327026367, -0.11771672964096069336, -0.11418815702199935913, -0.10456208139657974243, -0.04922045394778251648, -0.06936178356409072876, -0.0783018842339515686, -0.09465941786766052246, -0.10401054471731185913, -0.11371660977602005005, -0.11781185120344161987, -0.1109393686056137085, -0.10097111761569976807, -0.00989983417093753815, 0.06258417665958404541, -0.05455989018082618713, -0.09774050861597061157, -0.10758681595325469971, -0.1163395419716835022, -0.1162169724702835083, -0.10738361626863479614, -0.09309657663106918335, -0.0843404233455657959, -0.06616143882274627686, -0.09240327030420303345, -0.10111214220523834229, -0.11106704175472259521, -0.11776929348707199097, -0.11347745358943939209, -0.10374296456575393677, -0.04785467684268951416, -0.07429920881986618042, -0.08127016574144363403, -0.09515633434057235718, -0.10464745014905929565, -0.1142139434814453125, -0.11749367415904998779, -0.11014213413000106812, -0.1001661643385887146, -0.06768128275871276855, -0.07449227571487426758, -0.08757375180721282959, -0.09830741584300994873, -0.10821313410997390747, -0.11662785708904266357, -0.11561805754899978638, -0.10655047744512557983, -0.08658990263938903809, -0.0737317502498626709, -0.07671943306922912598, -0.09280838072299957275, -0.10172197222709655762, -0.1116388365626335144, -0.11772390455007553101, -0.1127239614725112915, -0.10290446877479553223, -0.05937398597598075867, -0.07350870966911315918, -0.08128609508275985718, -0.09565585851669311523, -0.10527219623327255249, -0.11465999484062194824, -0.11708667129278182983, -0.10931482166051864624, -0.09934539347887039185, -0.05673642829060554504, -0.06631521135568618774, -0.05936193466186523438, -0.09887271374464035034, -0.10881885886192321777, -0.11683579534292221069, -0.1149590611457824707, -0.10569404810667037964, -0.05796691030263900757, -0.04756444692611694336, -0.07355569303035736084]
sim.radSol[1].F1=[0., 0., 0., 0.07883399724960327148, 0.05026206374168395996, 0., 0., 0., 0., 0., 0., 0., 0.09044306725263595581, -0.00084813759895041585, 0., 0., 0., 0., 0., 0., 0., 0.03150035440921783447, 0., 0., 0., 0., 0., 0., 0., 0.26555633544921875, 0.06814563274383544922, -0.0006778863025829196, 0., 0., 0., 0., 0., 0., 0.2038249969482421875, 0.22296921908855438232, 0., 0., 0., 0., 0., 0., 0., 0., 0.07921771705150604248, 0., 0., 0., 0., 0., 0., 0.27295565605163574219, 0.02596627362072467804, 0., 0., 0., 0., 0., 0., 0., 0.09693594276905059814, 0.02046490088105201721, 0., 0., 0., 0., 0., 0., 0., 0.03622909635305404663, 0.0022936349269002676, 0., 0., 0., 0., 0., 0., 0.17531292140483856201, 0.03050414659082889557, 0., 0., 0., 0., 0., 0., 0., 0.18282118439674377441, 0.08609400689601898193, 0., 0., 0., 0., 0., 0., 0.19901071488857269287, 0.15883068740367889404, 0.02887358888983726501]
sim.skyClearness.skyCle=[1.00999999046325683594, 1.00999999046325683594, 1.00999999046325683594, 1.00999999046325683594, 1.00999999046325683594, 1.00999999046325683594, 1.00999999046325683594, 1.00999999046325683594, 1.00999999046325683594, 1.00999999046325683594, 1.00999999046325683594, 1.00999999046325683594, 1.00999999046325683594, 1.00999999046325683594, 1.00999999046325683594, 1.00999999046325683594, 1.00999999046325683594, 1.00999999046325683594, 1.00999999046325683594, 1.00999999046325683594, 1.00999999046325683594, 1.00999999046325683594, 1.00999999046325683594, 1.00999999046325683594, 1.00999999046325683594, 1.00999999046325683594, 1.00999999046325683594, 1.00999999046325683594, 1.00999999046325683594, 1.00999999046325683594, 1.00999999046325683594, 1.00999999046325683594, 1.00999999046325683594, 1.00999999046325683594, 1.00999999046325683594, 1.00999999046325683594, 1.00999999046325683594, 1.00999999046325683594, 1.31448304653167724609, 1.63600242137908935547, 1.14879560470581054688, 1.00999999046325683594, 1.00999999046325683594, 1.00999999046325683594, 1.00999999046325683594, 1.00999999046325683594, 1.00999999046325683594, 1.00999999046325683594, 1.05775427818298339844, 1.00999999046325683594, 1.00999999046325683594, 1.00999999046325683594, 1.00999999046325683594, 1.00999999046325683594, 1.00999999046325683594, 1.00999999046325683594, 1.00999999046325683594, 1.00999999046325683594, 1.00999999046325683594, 1.00999999046325683594, 1.00999999046325683594, 1.00999999046325683594, 1.00999999046325683594, 1.00999999046325683594, 1.00999999046325683594, 1.00999999046325683594, 1.00999999046325683594, 1.00999999046325683594, 1.00999999046325683594, 1.00999999046325683594, 1.00999999046325683594, 1.00999999046325683594, 1.00999999046325683594, 1.00999999046325683594, 1.00999999046325683594, 1.00999999046325683594, 1.00999999046325683594, 1.00999999046325683594, 1.00999999046325683594, 1.00999999046325683594, 1.00999999046325683594, 1.00999999046325683594, 1.00999999046325683594, 1.00999999046325683594, 1.00999999046325683594, 1.00999999046325683594, 1.00999999046325683594, 1.00999999046325683594, 1.00999999046325683594, 1.00999999046325683594, 1.02958309650421142578, 1.03902268409729003906, 1.12569630146026611328, 1.00999999046325683594, 1.00999999046325683594, 1.00999999046325683594, 1.00999999046325683594, 1.00999999046325683594, 1.00999999046325683594, 1.06475377082824707031, 1.00999999046325683594]
sim.skyBrightness.skyBri=[0.00000268376311396423, 0.00000268376311396423, 0.00000268376311396423, 0.32186225056648254395, 0.24177336692810058594, 0.13154250383377075195, 0.00000264673053607112, 0.00000268376311396423, 0.00000268376311396423, 0.00000268376311396423, 0.00000268376311396423, 0.00000268376311396423, 0.32783088088035583496, 0.14384151995182037354, 0.04829192161560058594, 0.00000268376311396423, 0.00000268376311396423, 0.00000268376311396423, 0.00000268376311396423, 0.00000268376311396423, 0.00182630983181297779, 0.21621654927730560303, 0.11160699278116226196, 0.00210774247534573078, 0.00000268376311396423, 0.00000268376311396423, 0.00000268376311396423, 0.00000268376311396423, 0.00000268376311396423, 0.63625049591064453125, 0.27042099833488464355, 0.14389143884181976318, 0.00000268376311396423, 0.00000268376311396423, 0.00000268376311396423, 0.00000268376311396423, 0.00000268376311396423, 0.00000268376311396423, 0.41605535149574279785, 0.18613730370998382568, 0.06801806390285491943, 0.00000268376311396423, 0.00000268376311396423, 0.00000268376311396423, 0.00000268376311396423, 0.00000268376311396423, 0.06169365718960762024, 0.07931270450353622437, 0.28046074509620666504, 0.00000080080360476131, 0.00000268376311396423, 0.00000268376311396423, 0.00000268376311396423, 0.00000268376311396423, 0.00000268376311396423, 0.64548468589782714844, 0.19690410792827606201, 0.10453844070434570312, 0.00000268376311396423, 0.00000268376311396423, 0.00000268376311396423, 0.00000268376311396423, 0.00000268376311396423, 0.00000268376311396423, 0.33298727869987487793, 0.18401001393795013428, 0.04023593664169311523, 0.00000268376311396423, 0.00000268376311396423, 0.00000268376311396423, 0.00000268376311396423, 0.00000268376311396423, 0.14125068485736846924, 0.2194385528564453125, 0.15529665350914001465, 0.00000097765564532892, 0.00000268376311396423, 0.00000268376311396423, 0.00000268376311396423, 0.00000268376311396423, 0.00000268376311396423, 0.47595325112342834473, 0.20291258394718170166, 0.10630766302347183228, 0.00000268376311396423, 0.00000268376311396423, 0.00000268376311396423, 0.00000268376311396423, 0.00000268376311396423, 0.00000268376311396423, 0.47614786028861999512, 0.29477265477180480957, 0.00661842245608568192, 0.00000268376311396423, 0.00000268376311396423, 0.00000268376311396423, 0.00000268376311396423, 0.00000268376311396423, 0.52727794647216796875, 0.38066750764846801758, 0.19901579618453979492]
time=[0., 1000000.]
