<<<<<<< HEAD
last-generated=2015-07-04
statistics-simulation={'numerical Jacobians': '0', 'nonlinear': ' ', 'number of continuous time states': '1', 'linear': ' '}
pipe_HeatPort.port_b.h_outflow=[83680., 83779.50000221072696149349, 83878.01562937779817730188, 83975.55469400121364742517, 84072.13282108446583151817, 84167.75780540448613464832, 84262.42970012000296264887, 84356.17968471650965511799, 84449.05470400533522479236, 84541.00777974080119747669, 84632.04686149003100581467, 84722.171880338792107068, 84811.3828362836065934971, 84899.67972940942854620516, 84987.3203072939213598147, 85074.14838595139735843986, 85160.14065557991852983832, 85245.29685982878436334431, 85329.60931492981035262346, 85413.09376978124782908708, 85495.73435047133534681052, 85577.5391157971607754007, 85658.5078220926079666242, 85738.63277921926055569202, 85817.92972976565943099558, 85896.3828125, 85974.0000735370849724859, 86051.15616748033789917827, 86127.64061591961944941431, 86203.35943778032378759235, 86278.30459851230261847377, 86352.48435738871921785176, 86425.89848966327554080635, 86498.53896763567172456533, 86570.41403689334401860833, 86641.51566711897612549365, 86711.85146230852114968002, 86781.42184197537426371127, 86850.21878259621735196561, 86918.2500966710940701887, 86986.20308446427225135267, 87053.84377405601844657212, 87120.85946238582255318761, 87187.24995269822829868644, 87253.02345309962402097881, 87318.17976470648136455566, 87382.71088387920462992042, 87446.62500757629459258169, 87509.91413001609907951206, 87572.58587796997744590044, 87634.6328125, 87696.06255822529783472419, 87756.87511525853187777102, 87817.05485871144628617913, 87876.62487268104450777173, 87935.57024251228722278029, 87993.89842365105869248509, 88051.60160348680801689625, 88108.67978215802577324212, 88165.14858450678002554923, 88220.98424247503862716258, 88276.21085882320767268538, 88330.80466159104253165424, 88384.78908805505488999188, 88438.14851327112410217524, 88490.88293738824722822756, 88543.57017327894573099911, 88596.36709975227131508291, 88648.6327752849756507203, 88700.37501225636515300721, 88751.58599817463255021721, 88802.26573312471737153828, 88852.42173206302686594427, 88902.04678075175615958869, 88951.14057839740416966379, 88999.7109375, 89047.75004552227619569749, 89095.26571500148565974087, 89142.25013343764294404536, 89188.70302575993991922587, 89234.62494551854615565389, 89280.02342672445229254663, 89324.89846935069363098592, 89369.23444847080099862069, 89413.04698912233288865536, 89456.3358347768516978249, 89499.08587664841616060585, 89541.31247997689933981746, 89583.01564472507743630558, 89624.1875584488152526319, 89664.82822111085988581181, 89704.94520780249149538577, 89744.67962074393290095031, 89784.39059675346652511507, 89823.61719678540248423815, 89862.36723336686554830521, 89900.63289397071639541537, 89938.41395498994097579271, 89975.71867922067758627236, 90012.53902759462653193623, 90048.8828125]
=======
last-generated=2015-06-27
statistics-simulation={'numerical Jacobians': '0', 'nonlinear': ' ', 'number of continuous time states': '1', 'linear': ' '}
pipe_HeatPort.port_b.h_outflow=[83680., 83779.50000221072696149349, 83878.01562937779817730188, 83975.55469400121364742517, 84072.13282108446583151817, 84167.75780540448613464832, 84262.42970012000296264887, 84356.17968471650965511799, 84449.05470400533522479236, 84541.00777974080119747669, 84632.04686149003100581467, 84722.171880338792107068, 84811.3828362836065934971, 84899.67972940942854620516, 84987.3203072939213598147, 85074.14838595139735843986, 85160.14065557991852983832, 85245.29685982878436334431, 85329.60931492981035262346, 85413.09376978124782908708, 85495.73435047133534681052, 85577.5391157971607754007, 85658.5078220926079666242, 85738.63277921926055569202, 85817.92972976565943099558, 85896.3828125, 85974.0000735370849724859, 86051.49210447742370888591, 86128.46092835908348206431, 86204.71881326926813926548, 86280.26553526724455878139, 86355.10935722108115442097, 86429.24224022206908557564, 86502.6717791112168924883, 86575.39841158600756898522, 86647.40629267776967026293, 86718.71864835565793327987, 86789.32027895383362192661, 86859.21097061775799375027, 86928.39853584746015258133, 86996.87495934785692952573, 87064.64846158395812381059, 87131.71102488582255318761, 87198.07026522616797592491, 87263.71876555305789224803, 87328.66413938051846344024, 87392.89838413997495081276, 87456.42969502041523810476, 87519.25006692936585750431, 87581.36712852877099066973, 87642.7734375, 87703.46880751750722993165, 87763.46886361943325027823, 87823.57829766428039874882, 87883.68737150759261567146, 87943.19524186037597246468, 88002.10936101136030629277, 88060.42191643384285271168, 88118.13290820109250489622, 88175.25014874832413624972, 88231.75767839181935414672, 88287.67179537327319849283, 88342.99216123715450521559, 88397.71096340895746834576, 88451.82820188869663979858, 88505.34387675086327362806, 88558.26548680338601116091, 88610.57803809976030606776, 88662.3046506761311320588, 88713.42188710735354106873, 88763.94537228989065624774, 88813.86729386454680934548, 88863.19517202167480718344, 88911.91397003986639901996, 88960.03901686596509534866, 89007.5703125, 89054.49223190470365807414, 89100.82040019184933044016, 89146.55481724966375622898, 89192.20302550849737599492, 89238.28900778573006391525, 89283.87498917788616381586, 89328.97659454627137165517, 89373.59382392713450826705, 89417.71886494188220240176, 89461.35145893867593258619, 89504.50775103374326135963, 89547.16404225339647382498, 89589.33595746722130570561, 89631.02349667523230891675, 89672.2188475078291958198, 89712.92176876583835110068, 89753.14055824393290095031, 89792.87497172552684787661, 89832.11719678540248423815, 89870.87504582029941957444, 89909.14070647071639541537, 89946.91395498994097579271, 89984.2030542951833922416, 90021.00777759462653193623, 90057.3203125]
>>>>>>> OMcompatibility
time=[0., 1.]
