last-generated=2018-08-24
statistics-simulation=
{
  "linear": " ",
  "nonlinear": " ",
  "number of continuous time states": "7",
  "numerical Jacobians": "0"
}
cra.v=[0e+00, 0e+00, 0e+00, 0e+00, 0e+00, 0e+00, -1.024841669861054e-10, 0e+00, 1.024841669861054e-10, 0e+00, 0e+00, 0e+00, 1.024841669861054e-10, 0e+00, -1.024841669861054e-10, 0e+00, 0e+00, 0e+00, 0e+00, 0e+00, 1.024841669861054e-10, 0e+00, 0e+00, 0e+00, -1.024841669861054e-10, -1.024841669861054e-10, 4.164045676589012e-02, 8.329784125089658e-02, 1.24826952815056e-01, 1.673310250043869e-01, 2.077393978834152e-01, 2.499391734600067e-01, 2.915986180305481e-01, 3.332632184028625e-01, 3.749272227287292e-01, 4.165864288806915e-01, 4.582474231719971e-01, 4.999128878116608e-01, 5.415765643119812e-01, 5.832377076148987e-01, 6.249000430107117e-01, 6.665627360343933e-01, 7.082223892211914e-01, 7.498906254768372e-01, 7.91554868221283e-01, 8.33213210105896e-01, 8.748700022697449e-01, 9.165462255477905e-01, 9.582090973854065e-01, 9.998677968978882e-01, 1.041538000106812e+00, 1.083208084106445e+00, 1.124884963035583e+00, 1.166525959968567e+00, 1.208202242851258e+00, 1.249877214431763e+00, 1.291512846946717e+00, 1.333185076713562e+00, 1.374848365783691e+00, 1.416512727737427e+00, 1.458176970481873e+00, 1.499841213226318e+00, 1.541505455970764e+00, 1.583169937133789e+00, 1.624834179878235e+00, 1.66649866104126e+00, 1.708163022994995e+00, 1.749827265739441e+00, 1.791492104530334e+00, 1.83315646648407e+00, 1.874820828437805e+00, 1.916485548019409e+00, 1.958150148391724e+00, 1.999814629554749e+00, 2.041479349136353e+00, 2.083143949508667e+00, 2.083401918411255e+00, 2.083299875259399e+00, 2.083333253860474e+00, 2.083333492279053e+00, 2.083333253860474e+00, 2.083333253860474e+00, 2.083333253860474e+00, 2.083333253860474e+00, 2.083333253860474e+00, 2.083333253860474e+00, 2.083333253860474e+00, 2.083333253860474e+00, 2.083333253860474e+00, 2.083333253860474e+00, 2.083333253860474e+00, 2.083333253860474e+00, 2.083333253860474e+00, 2.083333253860474e+00, 2.083333253860474e+00, 2.083333253860474e+00, 2.083333253860474e+00, 2.083333253860474e+00, 2.083333253860474e+00, 2.083333253860474e+00, 2.083333253860474e+00]
time=[0e+00, 7.2e+03]
cra.m_flow=[0e+00, 0e+00, 0e+00, 0e+00, 0e+00, 0e+00, -2.459619964298443e-13, 0e+00, 2.459619964298443e-13, 0e+00, 0e+00, 0e+00, 2.459619964298443e-13, 0e+00, -2.459619964298443e-13, 0e+00, 0e+00, 0e+00, 0e+00, 0e+00, 2.459619964298443e-13, 0e+00, 0e+00, 0e+00, -2.459619964298443e-13, -2.459619964298443e-13, 9.99370968202129e-05, 1.999148225877437e-04, 2.995847025886181e-04, 4.015944723505527e-04, 4.985745763406157e-04, 5.998540436848998e-04, 6.998366443440318e-04, 7.998317014425993e-04, 8.998253615573049e-04, 9.998073801398277e-04, 1.09979382250458e-03, 1.19979097507894e-03, 1.299783820286393e-03, 1.399770611897111e-03, 1.499760081060231e-03, 1.599750481545925e-03, 1.699733780696988e-03, 1.799737568944693e-03, 1.899731578305364e-03, 1.999711617827415e-03, 2.099688164889812e-03, 2.199711045250297e-03, 2.299701794981956e-03, 2.399682765826583e-03, 2.49969121068716e-03, 2.599699422717094e-03, 2.69972370006144e-03, 2.799662528559566e-03, 2.89968540892005e-03, 2.999705262482167e-03, 3.099630819633604e-03, 3.199644386768341e-03, 3.299636300653219e-03, 3.399630542844534e-03, 3.499624785035849e-03, 3.599619027227163e-03, 3.699613269418478e-03, 3.799607744440436e-03, 3.899602219462395e-03, 3.999596927314997e-03, 4.099591169506311e-03, 4.199585411697626e-03, 4.299581050872803e-03, 4.399575293064117e-03, 4.499570000916719e-03, 4.599565174430609e-03, 4.699560347944498e-03, 4.7995550557971e-03, 4.899550229310989e-03, 4.999545402824879e-03, 5.000164266675711e-03, 4.999919794499874e-03, 4.999999888241291e-03, 5.000000353902578e-03, 4.999999888241291e-03, 4.999999888241291e-03, 4.999999888241291e-03, 4.999999888241291e-03, 4.999999888241291e-03, 4.999999888241291e-03, 4.999999888241291e-03, 4.999999888241291e-03, 4.999999888241291e-03, 4.999999888241291e-03, 4.999999888241291e-03, 4.999999888241291e-03, 4.999999888241291e-03, 4.999999888241291e-03, 4.999999888241291e-03, 4.999999888241291e-03, 4.999999888241291e-03, 4.999999888241291e-03, 4.999999888241291e-03, 4.999999888241291e-03, 4.999999888241291e-03]
