last-generated=2018-06-13
statistics-simulation=
{
  "linear": " ",
  "nonlinear": " ",
  "numerical Jacobians": "0"
}
solTim.solTim=[-2.0470791015625e+03, 6.59022802734375e+03, 1.52275380859375e+04, 2.38648515625e+04, 3.2502166015625e+04, 4.1139484375e+04, 4.97768046875e+04, 5.841412890625001e+04, 6.7051453125e+04, 7.568878125e+04, 8.43261171875e+04, 9.2963453125e+04, 1.016007890625e+05, 1.10238125e+05, 1.1887546875e+05, 1.275128203125e+05, 1.36150171875e+05, 1.44787515625e+05, 1.53424875e+05, 1.62062234375e+05, 1.7069959375e+05, 1.79336953125e+05, 1.87974328125e+05, 1.96611703125e+05, 2.05249078125e+05, 2.13886453125e+05, 2.22523828125e+05, 2.3116121875e+05, 2.39798609375e+05, 2.48436e+05, 2.57073390625e+05, 2.6571078125e+05, 2.743481875e+05, 2.8298559375e+05, 2.91623e+05, 3.0026040625e+05, 3.088978125e+05, 3.1753525e+05, 3.2617265625e+05, 3.3481009375e+05, 3.434475e+05, 3.520849375e+05, 3.60722375e+05, 3.693598125e+05, 3.7799725e+05, 3.8663471875e+05, 3.9527215625e+05, 4.0390959375e+05, 4.125470625e+05, 4.2118453125e+05, 4.29822e+05, 4.3845946875e+05, 4.470969375e+05, 4.5573440625e+05, 4.643719062500001e+05, 4.730093750000001e+05, 4.816468750000001e+05, 4.902843437499999e+05, 4.989218437499999e+05, 5.0755934375e+05, 5.1619684375e+05, 5.24834375e+05, 5.33471875e+05, 5.42109375e+05, 5.507469375e+05, 5.593844375e+05, 5.680219375e+05, 5.766595e+05, 5.852970625e+05, 5.939345625e+05, 6.02572125e+05, 6.112096875e+05, 6.1984725e+05, 6.284848125e+05, 6.37122375e+05, 6.457599375e+05, 6.543975e+05, 6.630350625e+05, 6.71672625e+05, 6.8031025e+05, 6.889478125e+05, 6.975854375e+05, 7.06223e+05, 7.14860625e+05, 7.2349825e+05, 7.321358125e+05, 7.407734375e+05, 7.494110625e+05, 7.580486875e+05, 7.666863125e+05, 7.753239375e+05, 7.83961625e+05, 7.9259925e+05, 8.01236875e+05, 8.098745625e+05, 8.185121875e+05, 8.27149875e+05, 8.357875625e+05, 8.444251875e+05, 8.53062875e+05, 8.617005625e+05]
time=[0e+00, 8.64e+05]
solTim.locTim=[-1.830666748046875e+03, 6.80933349609375e+03, 1.54493330078125e+04, 2.4089333984375e+04, 3.2729333984375e+04, 4.136933203125e+04, 5.000933203125e+04, 5.864933203125001e+04, 6.72893359375e+04, 7.59293359375e+04, 8.45693359375e+04, 9.32093359375e+04, 1.018493359375e+05, 1.104893359375e+05, 1.191293359375e+05, 1.277693359375e+05, 1.36409328125e+05, 1.45049328125e+05, 1.53689328125e+05, 1.62329328125e+05, 1.70969328125e+05, 1.79609328125e+05, 1.88249328125e+05, 1.96889328125e+05, 2.05529328125e+05, 2.14169328125e+05, 2.22809328125e+05, 2.31449328125e+05, 2.40089328125e+05, 2.48729328125e+05, 2.57369328125e+05, 2.6600934375e+05, 2.7464934375e+05, 2.8328934375e+05, 2.9192934375e+05, 3.0056934375e+05, 3.0920934375e+05, 3.1784934375e+05, 3.2648934375e+05, 3.3512934375e+05, 3.4376934375e+05, 3.5240934375e+05, 3.6104934375e+05, 3.6968934375e+05, 3.7832934375e+05, 3.8696934375e+05, 3.9560934375e+05, 4.0424934375e+05, 4.1288934375e+05, 4.2152934375e+05, 4.3016934375e+05, 4.3880934375e+05, 4.4744934375e+05, 4.5608934375e+05, 4.647293437500001e+05, 4.733693437500001e+05, 4.820093437500001e+05, 4.906493437499999e+05, 4.992893437499999e+05, 5.0792934375e+05, 5.1656934375e+05, 5.252093125e+05, 5.338493125e+05, 5.424893125e+05, 5.511293125e+05, 5.597693125e+05, 5.684093125e+05, 5.770493125e+05, 5.856893125e+05, 5.943293125e+05, 6.029693125e+05, 6.116093125e+05, 6.202493125e+05, 6.288893125e+05, 6.375293125e+05, 6.461693125e+05, 6.548093125e+05, 6.634493125e+05, 6.720893125e+05, 6.807293125e+05, 6.893693125e+05, 6.980093125e+05, 7.066493125e+05, 7.152893125e+05, 7.239293125e+05, 7.325693125e+05, 7.412093125e+05, 7.498493125e+05, 7.584893125e+05, 7.671293125e+05, 7.757693125e+05, 7.844093125e+05, 7.930493125e+05, 8.016893125e+05, 8.103293125e+05, 8.189693125e+05, 8.276093125e+05, 8.362493125e+05, 8.448893125e+05, 8.535293125e+05, 8.621693125e+05]
