last-generated=2018-06-13
statistics-simulation=
{
  "linear": " ",
  "nonlinear": "1",
  "numerical Jacobians": "0"
}
TExact=[3.195638122558594e+02, 3.173381347152435e+02, 3.150646361275026e+02, 3.127408140510565e+02, 3.103640134564203e+02, 3.079313051146195e+02, 3.054395443386111e+02, 3.028852845007215e+02, 3.002646784790405e+02, 2.975736398888819e+02, 2.948075260515862e+02, 2.919612730207012e+02, 2.89029265556477e+02, 2.860052170361189e+02, 2.828820802667538e+02, 2.796519489735289e+02, 2.763058154272683e+02, 2.728335272417158e+02, 2.69223330260642e+02, 2.654617910721082e+02, 2.615331737994032e+02, 2.574190646063855e+02, 2.530977167538578e+02, 2.485429096572158e+02, 2.437229740047814e+02, 2.385988006591797e+02, 2.331214545103832e+02, 2.272283085223075e+02, 2.208372810619132e+02, 2.138376250272102e+02, 2.060740910970839e+02, 1.97318300539434e+02, 1.872120128973709e+02, 1.75139116277476e+02, 1.598781799206539e+02, 1.383017253056337e+02, 9.408172615916092e+01, 1.202600486596323e+02, 1.492855476021668e+02, 1.673418029791068e+02, 1.809329302387618e+02, 1.920087773787818e+02, 2.014440726614272e+02, 2.097136174095108e+02, 2.171065690414001e+02, 2.238131942234023e+02, 2.299659374124613e+02, 2.356610724275038e+02, 2.409708917067708e+02, 2.459999952316381e+02, 2.51e+02, 2.560000047682909e+02, 2.610000095365817e+02, 2.660000143048726e+02, 2.709999892713456e+02, 2.759999940396364e+02, 2.809999988078918e+02, 2.860000035762181e+02, 2.91000008344509e+02, 2.960000131127999e+02, 3.009999880792728e+02, 3.059999928475637e+02, 3.109999976158546e+02, 3.160000023841454e+02, 3.210000071524363e+02, 3.260000119207272e+02, 3.309999868872001e+02, 3.35999991655491e+02, 3.409999964237819e+02, 3.460000011921082e+02, 3.510000059603636e+02, 3.560000107286544e+02, 3.609999856951274e+02, 3.659999904634183e+02, 3.709999952317091e+02, 3.76e+02, 3.810000047682909e+02, 3.860000095365817e+02, 3.910000143048726e+02, 3.959999892713456e+02, 4.009999940396364e+02, 4.059999988078918e+02, 4.110000035762181e+02, 4.16000008344509e+02, 4.210000131127999e+02, 4.259999880792728e+02, 4.309999928475637e+02, 4.359999976158546e+02, 4.410000023841454e+02, 4.460000071524363e+02, 4.510000119207272e+02, 4.559999868872001e+02, 4.60999991655491e+02, 4.659999964237819e+02, 4.710000011921082e+02, 4.760000059603636e+02, 4.810000107286544e+02, 4.859999856951274e+02, 4.909999904634183e+02, 4.959999952317091e+02, 5.01e+02]
T=[1e+00, 6.00000011175869e+00, 1.100000022351738e+01, 1.600000033527576e+01, 2.100000044703476e+01, 2.599999962747103e+01, 3.100000067055214e+01, 3.599999985098814e+01, 4.100000089406786e+01, 4.599999821186428e+01, 5.099999925494345e+01, 5.600000029802262e+01, 6.100000134110179e+01, 6.600000238418096e+01, 7.099999970197739e+01, 7.59999970197738e+01, 8.100000178813572e+01, 8.599999910593215e+01, 9.099999642372856e+01, 9.600000119209048e+01, 1.009999985098869e+02, 1.060000032782488e+02, 1.110000005960452e+02, 1.159999979138417e+02, 1.210000026822036e+02, 1.26e+02, 1.310000047683619e+02, 1.359999946355929e+02, 1.409999994039548e+02, 1.460000041723167e+02, 1.509999940395476e+02, 1.559999988079095e+02, 1.610000035762714e+02, 1.659999934435024e+02, 1.709999982118643e+02, 1.760000029802262e+02, 1.809999928474571e+02, 1.85999997615819e+02, 1.91000002384181e+02, 1.960000071525429e+02, 2.009999970197738e+02, 2.060000017881357e+02, 2.110000065564976e+02, 2.159999964237286e+02, 2.210000011920905e+02, 2.260000059604524e+02, 2.309999958276833e+02, 2.360000005960452e+02, 2.410000053644071e+02, 2.459999952316381e+02, 2.51e+02, 2.560000047682909e+02, 2.610000095365817e+02, 2.660000143048726e+02, 2.709999892713456e+02, 2.759999940396364e+02, 2.809999988078918e+02, 2.860000035762181e+02, 2.91000008344509e+02, 2.960000131127999e+02, 3.009999880792728e+02, 3.059999928475637e+02, 3.109999976158546e+02, 3.160000023841454e+02, 3.210000071524363e+02, 3.260000119207272e+02, 3.309999868872001e+02, 3.35999991655491e+02, 3.409999964237819e+02, 3.460000011921082e+02, 3.510000059603636e+02, 3.560000107286544e+02, 3.609999856951274e+02, 3.659999904634183e+02, 3.709999952317091e+02, 3.76e+02, 3.810000047682909e+02, 3.860000095365817e+02, 3.910000143048726e+02, 3.959999892713456e+02, 4.009999940396364e+02, 4.059999988078918e+02, 4.110000035762181e+02, 4.16000008344509e+02, 4.210000131127999e+02, 4.259999880792728e+02, 4.309999928475637e+02, 4.359999976158546e+02, 4.410000023841454e+02, 4.460000071524363e+02, 4.510000119207272e+02, 4.559999868872001e+02, 4.60999991655491e+02, 4.659999964237819e+02, 4.710000011921082e+02, 4.760000059603636e+02, 4.810000107286544e+02, 4.859999856951274e+02, 4.909999904634183e+02, 4.959999952317091e+02, 5.01e+02]
time=[0e+00, 1e+00]
