last-generated=2017-05-01
statistics-initialization=
{
  "numerical Jacobians": "0", 
  "nonlinear": "5"
}
statistics-simulation=
{
  "numerical Jacobians": "0", 
  "nonlinear": "5", 
  "number of continuous time states": "1", 
  "linear": " "
}
pump_dp.m_flow=[2.885681390762329e-01, 2.885681390762329e-01, 2.885681390762329e-01, -1.987755855857207e-15, 9.525072307504425e-16, 1.852961863875219e-15, 2.885681390762329e-01, 2.885681390762329e-01, 9.062364476632088e-17, 1.431312991769629e-15, 1.29859669346829e-15, 2.885681390762329e-01, 2.885681390762329e-01, -1.126663058542045e-15, 1.187469715719668e-15, 1.562666732192225e-15, 2.885681390762329e-01, 2.885681390762329e-01, 1.509634920674204e-15, 2.162490416519627e-15, 2.158279124877768e-15, 2.885681390762329e-01, 2.885681390762329e-01, 1.125852971655192e-15, -5.19211772130472e-16, -1.638712714922006e-15, 2.885681390762329e-01, 2.885681390762329e-01, 1.262911614575547e-15, 1.459176830272578e-16, -7.284869805169168e-16, 2.885681390762329e-01, 2.885681390762329e-01, 3.420278206171153e-16, 2.174051921663431e-15, 2.240985327671809e-15, 2.885681390762329e-01, 2.885681390762329e-01, -4.895864813795925e-16, 2.649963461700363e-15, 1.121672157214956e-15, 2.885681390762329e-01, 2.885681390762329e-01, 1.514826240661338e-15, 1.684101505173355e-15, 6.115001896771916e-16, 2.885681390762329e-01, 2.885681390762329e-01, -1.780262110066329e-15, 6.871521387169183e-16, 1.292442469710896e-15, 2.885681390762329e-01, 2.885681390762329e-01, 1.514826240661406e-15, 1.684101505173355e-15, 6.115001896771916e-16, 2.885681390762329e-01, 2.885681390762329e-01, -1.780262110066329e-15, 6.871521387168976e-16, 1.292442469710896e-15, 2.885681390762329e-01, 2.885681390762329e-01, 1.514826240661338e-15, 1.684101505173355e-15, 6.115001896771916e-16, 2.885681390762329e-01, 2.885681390762329e-01, -1.780262110066308e-15, 6.871521387168976e-16, 1.292442469710896e-15, 2.885681390762329e-01, 2.885681390762329e-01, 1.514826240661338e-15, 1.684101505173355e-15, 6.115001896771916e-16, 2.885681390762329e-01, 2.885681390762329e-01, -1.780262110066308e-15, 6.871521387169183e-16, 1.292442469710896e-15, 2.885681390762329e-01, 2.885681390762329e-01, -1.314719914426949e-16, 2.564051095854039e-15, 7.211435225015772e-16, 2.885681390762329e-01, 2.885681390762329e-01, 1.291528230783825e-15, -1.040837407423778e-15, -1.463362389401144e-15, 2.885681390762329e-01, 2.885681390762329e-01, -5.773958682209893e-16, 1.371783945146607e-15, 1.71081893565587e-15, 2.885681390762329e-01, 2.885681390762329e-01, -1.749190583981043e-15, -2.783425481387004e-16, 9.015433290583772e-16]
time=[0e+00, 2e+01]
