last-generated=2018-06-13
statistics-simulation=
{
  "linear": " ",
  "nonlinear": " ",
  "numerical Jacobians": "0"
}
p=[3e+05, 3e+05]
time=[0e+00, 1e+00]
X[1]=[1e+00, 1e+00]
d=[9.955859985351562e+02, 9.955859985351562e+02]
eta=[1.000000047497451e-03, 1.000000047497451e-03]
h=[0e+00, 4.18400009351965e+03, 8.368000187039301e+03, 1.255200028055869e+04, 1.673600037407904e+04, 2.091999968826747e+04, 2.510400056111856e+04, 2.928799987530676e+04, 3.347200074815669e+04, 3.765599850368663e+04, 4.18399993765361e+04, 4.602400024938556e+04, 5.020800112223502e+04, 5.439200199508449e+04, 5.857599975061444e+04, 6.275999750614438e+04, 6.694400149630639e+04, 7.112799925184682e+04, 7.531199700738724e+04, 7.949600099753759e+04, 8.367999875307802e+04, 8.786400274322837e+04, 9.20480004987688e+04, 9.623199825430922e+04, 1.004160022444596e+05, 1.046e+05, 1.087840039901504e+05, 1.129679955110809e+05, 1.171519995012312e+05, 1.213360034913815e+05, 1.255199950123121e+05, 1.297039990024624e+05, 1.338880029926128e+05, 1.380719945135433e+05, 1.422559985036936e+05, 1.46440002493844e+05, 1.506239940147745e+05, 1.548079980049248e+05, 1.589920019950752e+05, 1.631760059852255e+05, 1.67359997506156e+05, 1.715440014963064e+05, 1.757280054864567e+05, 1.799119970073872e+05, 1.840960009975376e+05, 1.882800049876879e+05, 1.924639965086184e+05, 1.966480004987688e+05, 2.008320044889191e+05, 2.050159960098497e+05, 2.092e+05, 2.133840039900909e+05, 2.175680079801818e+05, 2.217520119702727e+05, 2.259359910222955e+05, 2.301199950123864e+05, 2.343039990024476e+05, 2.384880029925682e+05, 2.42672006982659e+05, 2.468560109727499e+05, 2.510399900247728e+05, 2.552239940148637e+05, 2.594079980049545e+05, 2.635920019950827e+05, 2.677760059852481e+05, 2.719600099754135e+05, 2.761439890270451e+05, 2.803279930172106e+05, 2.84511997007376e+05, 2.88696000997571e+05, 2.928800049877067e+05, 2.970640089778721e+05, 3.012479880295038e+05, 3.054319920196692e+05, 3.096159960098346e+05, 3.138e+05, 3.179840039901654e+05, 3.221680079803308e+05, 3.263520119704962e+05, 3.305359910221279e+05, 3.347199950122933e+05, 3.38903999002429e+05, 3.43088002992624e+05, 3.472720069827894e+05, 3.514560109729549e+05, 3.556399900245865e+05, 3.598239940147519e+05, 3.640079980049173e+05, 3.681920019950827e+05, 3.723760059852481e+05, 3.765600099754135e+05, 3.807439890270451e+05, 3.849279930172106e+05, 3.89111997007376e+05, 3.93296000997571e+05, 3.974800049877067e+05, 4.016640089778721e+05, 4.058479880295038e+05, 4.100319920196692e+05, 4.142159960098346e+05, 4.184e+05]
u=[0e+00, 4.18400009351965e+03, 8.368000187039301e+03, 1.255200028055869e+04, 1.673600037407904e+04, 2.091999968826747e+04, 2.510400056111856e+04, 2.928799987530676e+04, 3.347200074815669e+04, 3.765599850368663e+04, 4.18399993765361e+04, 4.602400024938556e+04, 5.020800112223502e+04, 5.439200199508449e+04, 5.857599975061444e+04, 6.275999750614438e+04, 6.694400149630639e+04, 7.112799925184682e+04, 7.531199700738724e+04, 7.949600099753759e+04, 8.367999875307802e+04, 8.786400274322837e+04, 9.20480004987688e+04, 9.623199825430922e+04, 1.004160022444596e+05, 1.046e+05, 1.087840039901504e+05, 1.129679955110809e+05, 1.171519995012312e+05, 1.213360034913815e+05, 1.255199950123121e+05, 1.297039990024624e+05, 1.338880029926128e+05, 1.380719945135433e+05, 1.422559985036936e+05, 1.46440002493844e+05, 1.506239940147745e+05, 1.548079980049248e+05, 1.589920019950752e+05, 1.631760059852255e+05, 1.67359997506156e+05, 1.715440014963064e+05, 1.757280054864567e+05, 1.799119970073872e+05, 1.840960009975376e+05, 1.882800049876879e+05, 1.924639965086184e+05, 1.966480004987688e+05, 2.008320044889191e+05, 2.050159960098497e+05, 2.092e+05, 2.133840039900909e+05, 2.175680079801818e+05, 2.217520119702727e+05, 2.259359910222955e+05, 2.301199950123864e+05, 2.343039990024476e+05, 2.384880029925682e+05, 2.42672006982659e+05, 2.468560109727499e+05, 2.510399900247728e+05, 2.552239940148637e+05, 2.594079980049545e+05, 2.635920019950827e+05, 2.677760059852481e+05, 2.719600099754135e+05, 2.761439890270451e+05, 2.803279930172106e+05, 2.84511997007376e+05, 2.88696000997571e+05, 2.928800049877067e+05, 2.970640089778721e+05, 3.012479880295038e+05, 3.054319920196692e+05, 3.096159960098346e+05, 3.138e+05, 3.179840039901654e+05, 3.221680079803308e+05, 3.263520119704962e+05, 3.305359910221279e+05, 3.347199950122933e+05, 3.38903999002429e+05, 3.43088002992624e+05, 3.472720069827894e+05, 3.514560109729549e+05, 3.556399900245865e+05, 3.598239940147519e+05, 3.640079980049173e+05, 3.681920019950827e+05, 3.723760059852481e+05, 3.765600099754135e+05, 3.807439890270451e+05, 3.849279930172106e+05, 3.89111997007376e+05, 3.93296000997571e+05, 3.974800049877067e+05, 4.016640089778721e+05, 4.058479880295038e+05, 4.100319920196692e+05, 4.142159960098346e+05, 4.184e+05]
s=[0e+00, 1.528962074047662e+01, 3.052357169392974e+01, 4.570225626462081e+01, 6.082607785681547e+01, 7.589542276802338e+01, 9.091069231699193e+01, 1.058722682315048e+02, 1.207805354970238e+02, 1.356358589526952e+02, 1.50438642206513e+02, 1.651892251205109e+02, 1.798880044224881e+02, 1.945353158075891e+02, 2.091315146341412e+02, 2.23676978036646e+02, 2.38172063278555e+02, 2.526170933678711e+02, 2.67012410372189e+02, 2.813584018508267e+02, 2.95655360735263e+02, 3.099036348111014e+02, 3.241035478318884e+02, 3.382554262323002e+02, 3.523596266913621e+02, 3.664164123535156e+02, 3.804261302772523e+02, 3.943890841604092e+02, 4.083056013705752e+02, 4.221760064244611e+02, 4.360005633756197e+02, 4.497795987699495e+02, 4.63513407020657e+02, 4.772022525810898e+02, 4.908465222263829e+02, 5.044464192231152e+02, 5.180021778991023e+02, 5.315142757918642e+02, 5.449827944958977e+02, 5.584081612577331e+02, 5.717905193775021e+02, 5.8513025378496e+02, 5.984275686732228e+02, 6.116827297891188e+02, 6.248961213083612e+02, 6.380678867657672e+02, 6.511982312443364e+02, 6.642875992136655e+02, 6.773360735438335e+02, 6.903439817508585e+02, 7.033116455078125e+02, 7.162392090831081e+02, 7.291269776602779e+02, 7.419751343465369e+02, 7.54783908095952e+02, 7.675536346983963e+02, 7.80284542866798e+02, 7.929768157020947e+02, 8.056306973492971e+02, 8.182464319510848e+02, 8.308241277638712e+02, 8.433642398956122e+02, 8.558668763698214e+02, 8.683322813239225e+02, 8.807606378642574e+02, 8.93152190135671e+02, 9.055070477155044e+02, 9.178256630594535e+02, 9.301080844870625e+02, 9.423545561373696e+02, 9.545652611126002e+02, 9.667405045946895e+02, 9.78880275366833e+02, 9.90985023325816e+02, 1.003054859108195e+03, 1.015089965820312e+03, 1.027090587596681e+03, 1.039056785479734e+03, 1.050988925682153e+03, 1.062887181529741e+03, 1.074751572787302e+03, 1.086582516713672e+03, 1.098380135376795e+03, 1.110144428780931e+03, 1.121875885207705e+03, 1.13357443503e+03, 1.145240461845524e+03, 1.156874017896225e+03, 1.168475225249212e+03, 1.180044450116297e+03, 1.191581814569829e+03, 1.203087372201278e+03, 1.214561382238582e+03, 1.226004020145039e+03, 1.237415407989733e+03, 1.248795911981466e+03, 1.260145410055844e+03, 1.271464201050077e+03, 1.282752419898883e+03, 1.294010365251982e+03, 1.305238037109375e+03]
g=[0e+00, -7.649466890441249e+00, -3.056068563657254e+01, -6.867818767542218e+01, -1.219469126166748e+02, -1.903121740228846e+02, -2.737197389555388e+02, -3.721156585103711e+02, -4.854465245487912e+02, -6.136590706756496e+02, -7.567006613969402e+02, -9.145189918673658e+02, -1.087061938291535e+03, -1.274277925489863e+03, -1.476115466137318e+03, -1.692523793325257e+03, -1.923452722412841e+03, -2.168851273445999e+03, -2.428669976062002e+03, -2.702859930703338e+03, -2.991370761922622e+03, -3.294154500995611e+03, -3.611161904039452e+03, -3.942345318442699e+03, -4.287656928056321e+03, -4.647048828125e+03, -5.020474485228498e+03, -5.407884832271182e+03, -5.809236767898122e+03, -6.224481798757432e+03, -6.65357272408216e+03, -7.096467178248784e+03, -7.553118008290675e+03, -8.023478379944091e+03, -8.507506660885301e+03, -9.005157528045556e+03, -9.516385003114685e+03, -1.004114720813516e+04, -1.057939967457152e+04, -1.113109943353409e+04, -1.169620083185855e+04, -1.227466524879825e+04, -1.286644805208457e+04, -1.347150542281493e+04, -1.408979897742618e+04, -1.472128591844867e+04, -1.536592035613005e+04, -1.602366707153253e+04, -1.669448314997802e+04, -1.737832551475375e+04, -1.8075158203125e+04, -1.878493623115268e+04, -1.950762443999823e+04, -2.024317790770284e+04, -2.099155697695016e+04, -2.175273150841436e+04, -2.252665411114128e+04, -2.331328767745585e+04, -2.411259509662773e+04, -2.492453925856802e+04, -2.574907224095701e+04, -2.658617067037327e+04, -2.743579060811774e+04, -2.829789299276608e+04, -2.917244462106756e+04, -3.005940447611664e+04, -3.095873200350404e+04, -3.18704027671733e+04, -3.279437433561969e+04, -3.373060959996851e+04, -3.467907145186075e+04, -3.563972863950044e+04, -3.661253626545038e+04, -3.759747467466659e+04, -3.859449904457235e+04, -3.960357421875e+04, -4.062466894937882e+04, -4.165774807780603e+04, -4.270277254153163e+04, -4.37597086593792e+04, -4.482852997024475e+04, -4.590920286621473e+04, -4.700168828644669e+04, -4.810595497966491e+04, -4.922196778900778e+04, -5.034968870643812e+04, -5.148909992593317e+04, -5.264016351141782e+04, -5.380284040146309e+04, -5.49771032522072e+04, -5.616292081240222e+04, -5.736025075410707e+04, -5.856908000617457e+04, -5.978936631142435e+04, -6.102108232654825e+04, -6.226418899002104e+04, -6.35186628626369e+04, -6.478446511561242e+04, -6.606157568058038e+04, -6.734995970452428e+04, -6.864959375e+04]
f=[0e+00, -7.649466890441249e+00, -3.056068563657254e+01, -6.867818767542218e+01, -1.219469126166748e+02, -1.903121740228846e+02, -2.737197389555388e+02, -3.721156585103711e+02, -4.854465245487912e+02, -6.136590706756496e+02, -7.567006613969402e+02, -9.145189918673658e+02, -1.087061938291535e+03, -1.274277925489863e+03, -1.476115466137318e+03, -1.692523793325257e+03, -1.923452722412841e+03, -2.168851273445999e+03, -2.428669976062002e+03, -2.702859930703338e+03, -2.991370761922622e+03, -3.294154500995611e+03, -3.611161904039452e+03, -3.942345318442699e+03, -4.287656928056321e+03, -4.647048828125e+03, -5.020474485228498e+03, -5.407884832271182e+03, -5.809236767898122e+03, -6.224481798757432e+03, -6.65357272408216e+03, -7.096467178248784e+03, -7.553118008290675e+03, -8.023478379944091e+03, -8.507506660885301e+03, -9.005157528045556e+03, -9.516385003114685e+03, -1.004114720813516e+04, -1.057939967457152e+04, -1.113109943353409e+04, -1.169620083185855e+04, -1.227466524879825e+04, -1.286644805208457e+04, -1.347150542281493e+04, -1.408979897742618e+04, -1.472128591844867e+04, -1.536592035613005e+04, -1.602366707153253e+04, -1.669448314997802e+04, -1.737832551475375e+04, -1.8075158203125e+04, -1.878493623115268e+04, -1.950762443999823e+04, -2.024317790770284e+04, -2.099155697695016e+04, -2.175273150841436e+04, -2.252665411114128e+04, -2.331328767745585e+04, -2.411259509662773e+04, -2.492453925856802e+04, -2.574907224095701e+04, -2.658617067037327e+04, -2.743579060811774e+04, -2.829789299276608e+04, -2.917244462106756e+04, -3.005940447611664e+04, -3.095873200350404e+04, -3.18704027671733e+04, -3.279437433561969e+04, -3.373060959996851e+04, -3.467907145186075e+04, -3.563972863950044e+04, -3.661253626545038e+04, -3.759747467466659e+04, -3.859449904457235e+04, -3.960357421875e+04, -4.062466894937882e+04, -4.165774807780603e+04, -4.270277254153163e+04, -4.37597086593792e+04, -4.482852997024475e+04, -4.590920286621473e+04, -4.700168828644669e+04, -4.810595497966491e+04, -4.922196778900778e+04, -5.034968870643812e+04, -5.148909992593317e+04, -5.264016351141782e+04, -5.380284040146309e+04, -5.49771032522072e+04, -5.616292081240222e+04, -5.736025075410707e+04, -5.856908000617457e+04, -5.978936631142435e+04, -6.102108232654825e+04, -6.226418899002104e+04, -6.35186628626369e+04, -6.478446511561242e+04, -6.606157568058038e+04, -6.734995970452428e+04, -6.864959375e+04]
hIse=[0e+00, 4.18400009351965e+03, 8.368000187039301e+03, 1.255200028055869e+04, 1.673600037407904e+04, 2.091999968826747e+04, 2.510400056111856e+04, 2.928799987530676e+04, 3.347200074815669e+04, 3.765599850368663e+04, 4.18399993765361e+04, 4.602400024938556e+04, 5.020800112223502e+04, 5.439200199508449e+04, 5.857599975061444e+04, 6.275999750614438e+04, 6.694400149630639e+04, 7.112799925184682e+04, 7.531199700738724e+04, 7.949600099753759e+04, 8.367999875307802e+04, 8.786400274322837e+04, 9.20480004987688e+04, 9.623199825430922e+04, 1.004160022444596e+05, 1.046e+05, 1.087840039901504e+05, 1.129679955110809e+05, 1.171519995012312e+05, 1.213360034913815e+05, 1.255199950123121e+05, 1.297039990024624e+05, 1.338880029926128e+05, 1.380719945135433e+05, 1.422559985036936e+05, 1.46440002493844e+05, 1.506239940147745e+05, 1.548079980049248e+05, 1.589920019950752e+05, 1.631760059852255e+05, 1.67359997506156e+05, 1.715440014963064e+05, 1.757280054864567e+05, 1.799119970073872e+05, 1.840960009975376e+05, 1.882800049876879e+05, 1.924639965086184e+05, 1.966480004987688e+05, 2.008320044889191e+05, 2.050159960098497e+05, 2.092e+05, 2.133840039900909e+05, 2.175680079801818e+05, 2.217520119702727e+05, 2.259359910222955e+05, 2.301199950123864e+05, 2.343039990024476e+05, 2.384880029925682e+05, 2.42672006982659e+05, 2.468560109727499e+05, 2.510399900247728e+05, 2.552239940148637e+05, 2.594079980049545e+05, 2.635920019950827e+05, 2.677760059852481e+05, 2.719600099754135e+05, 2.761439890270451e+05, 2.803279930172106e+05, 2.84511997007376e+05, 2.88696000997571e+05, 2.928800049877067e+05, 2.970640089778721e+05, 3.012479880295038e+05, 3.054319920196692e+05, 3.096159960098346e+05, 3.138e+05, 3.179840039901654e+05, 3.221680079803308e+05, 3.263520119704962e+05, 3.305359910221279e+05, 3.347199950122933e+05, 3.38903999002429e+05, 3.43088002992624e+05, 3.472720069827894e+05, 3.514560109729549e+05, 3.556399900245865e+05, 3.598239940147519e+05, 3.640079980049173e+05, 3.681920019950827e+05, 3.723760059852481e+05, 3.765600099754135e+05, 3.807439890270451e+05, 3.849279930172106e+05, 3.89111997007376e+05, 3.93296000997571e+05, 3.974800049877067e+05, 4.016640089778721e+05, 4.058479880295038e+05, 4.100319920196692e+05, 4.142159960098346e+05, 4.184e+05]
beta=[0e+00, 0e+00]
kappa=[0e+00, 0e+00]
ddpT=[0e+00, 0e+00]
ddTp=[0e+00, 0e+00]
dddX[1]=[0e+00, 0e+00]
cp=[4.184e+03, 4.184e+03]
cv=[4.184e+03, 4.184e+03]
lambda=[5.979999899864197e-01, 5.979999899864197e-01]
pMed=[3e+05, 3e+05]
TMed=[2.731499938964844e+02, 2.741499939188375e+02, 2.751499939411906e+02, 2.761499939635436e+02, 2.771499939858968e+02, 2.781499938219854e+02, 2.79149994030603e+02, 2.801499938666847e+02, 2.811499940753089e+02, 2.8214999353889e+02, 2.831499937474867e+02, 2.841499939560925e+02, 2.851499941647211e+02, 2.861499943733497e+02, 2.871499938368853e+02, 2.881499933004937e+02, 2.891499942541333e+02, 2.901499937176872e+02, 2.911499931812955e+02, 2.921499941349171e+02, 2.931499935984891e+02, 2.941499945521742e+02, 2.951499940157007e+02, 2.961499934792909e+02, 2.971499944329578e+02, 2.981499938964844e+02, 2.99149994850215e+02, 3.001499928237012e+02, 3.011499937772862e+02, 3.021499947309986e+02, 3.03149992704503e+02, 3.041499936580881e+02, 3.051499946117823e+02, 3.061499925853049e+02, 3.0714999353889e+02, 3.08149994492566e+02, 3.091499924661068e+02, 3.101499934196918e+02, 3.111499943733497e+02, 3.121499953270803e+02, 3.131499933004937e+02, 3.141499942541333e+02, 3.151499952078639e+02, 3.161499931812955e+02, 3.171499941349171e+02, 3.181499950886476e+02, 3.191499930620975e+02, 3.201499940157007e+02, 3.211499949694313e+02, 3.221499929428993e+02, 3.231499938964844e+02, 3.241499948502008e+02, 3.251499958039171e+02, 3.261499967576335e+02, 3.271499917509499e+02, 3.281499927045208e+02, 3.291499936580846e+02, 3.301499946117717e+02, 3.31149995565488e+02, 3.321499965192044e+02, 3.331499915125572e+02, 3.341499924661281e+02, 3.351499934196989e+02, 3.361499943733426e+02, 3.371499953270589e+02, 3.381499962807753e+02, 3.391499912741645e+02, 3.401499922277354e+02, 3.411499931813062e+02, 3.421499941349206e+02, 3.431499950886299e+02, 3.441499960423462e+02, 3.451499910357718e+02, 3.461499919893427e+02, 3.471499929429135e+02, 3.481499938964844e+02, 3.491499948502008e+02, 3.501499958039171e+02, 3.511499967576335e+02, 3.521499917509499e+02, 3.531499927045208e+02, 3.541499936580846e+02, 3.551499946117717e+02, 3.56149995565488e+02, 3.571499965192044e+02, 3.581499915125572e+02, 3.591499924661281e+02, 3.601499934196989e+02, 3.611499943733426e+02, 3.621499953270589e+02, 3.631499962807753e+02, 3.641499912741645e+02, 3.651499922277354e+02, 3.661499931813062e+02, 3.671499941349206e+02, 3.681499950886299e+02, 3.691499960423462e+02, 3.701499910357718e+02, 3.711499919893427e+02, 3.721499929429135e+02, 3.731499938964844e+02]
MM=[1.801526732742786e-02, 1.801526732742786e-02]
