last-generated=2018-06-13
statistics-simulation=
{
  "linear": " ",
  "nonlinear": " ",
  "number of continuous time states": "1",
  "numerical Jacobians": "0"
}
y=[6.112008056640625e+02, 7.548200954435631e+02, 9.200165979156159e+02, 1.107695166964918e+03, 1.31844952836065e+03, 1.55253779575107e+03, 1.809871030199878e+03, 2.090002651327097e+03, 2.39213533478665e+03, 2.715136844508268e+03, 3.05755563052113e+03, 3.417652795733899e+03, 3.793438294628421e+03, 4.182703802259023e+03, 4.583067475214356e+03, 4.992018797535191e+03, 5.406962551609428e+03, 5.825260315250308e+03, 6.24427362632265e+03, 6.661408790324149e+03, 7.074147948542088e+03, 7.480085113210759e+03, 7.876959030925899e+03, 8.262674233844962e+03, 8.635321915630029e+03, 8.9932041015625e+03, 9.334835757891895e+03, 9.658961068155853e+03, 9.96455269885443e+03, 1.025081524716844e+04, 1.051717976327312e+04, 1.076330072451162e+04, 1.098904702773194e+04, 1.119448929238778e+04, 1.137988958496741e+04, 1.154568856852751e+04, 1.169248828933939e+04, 1.182103900458815e+04, 1.193222360479081e+04, 1.202703808066099e+04, 1.210658399493967e+04, 1.217204591902202e+04, 1.22246826086371e+04, 1.22658115244752e+04, 1.229679687134339e+04, 1.231904004037545e+04, 1.233396972545801e+04, 1.23430332026509e+04, 1.234768945297984e+04, 1.234940527341753e+04, 1.2349650390625e+04, 1.234989550783236e+04, 1.235161132827016e+04, 1.235627050828693e+04, 1.236534765735667e+04, 1.23803251939941e+04, 1.240269824587226e+04, 1.243397949113816e+04, 1.247571192276918e+04, 1.252947165860182e+04, 1.259688866095599e+04, 1.267965430240297e+04, 1.277953713913724e+04, 1.289840240627189e+04, 1.303823338957336e+04, 1.320114735801201e+04, 1.338943073722414e+04, 1.360555855299919e+04, 1.385223321276825e+04, 1.413241804068055e+04, 1.444937783059207e+04, 1.480672876694567e+04, 1.520848930911255e+04, 1.565914335801614e+04, 1.61637053674389e+04, 1.672780078125e+04, 1.735776236013193e+04, 1.806071991560488e+04, 1.884473623054704e+04, 1.971892655957449e+04, 2.069362183379488e+04, 2.178056027629375e+04, 2.299307319141829e+04, 2.43463321307814e+04, 2.585763810715589e+04, 2.754671787296948e+04, 2.943609678349192e+04, 3.155153996055507e+04, 3.392250902304926e+04, 3.658273845242442e+04, 3.95708887596578e+04, 4.293130597692747e+04, 4.671484126450068e+04, 5.097987570687009e+04, 5.57934856089766e+04, 6.123269057034309e+04, 6.738599460741105e+04, 7.435518058260161e+04, 8.225716538998586e+04, 9.122633475534205e+04, 1.0141725e+05]
y_comp=[6.112008056640625e+02, 7.548200954435631e+02, 9.200165979156159e+02, 1.107695166964918e+03, 1.31844952836065e+03, 1.55253779575107e+03, 1.809871030199878e+03, 2.090002651327097e+03, 2.39213533478665e+03, 2.715136844508268e+03, 3.057555630521858e+03, 3.417652795733899e+03, 3.793438294628421e+03, 4.182703802259023e+03, 4.583067475214356e+03, 4.992018797535191e+03, 5.406962551609428e+03, 5.825260315250308e+03, 6.24427362632265e+03, 6.661408790324149e+03, 7.074147948542088e+03, 7.480085113210759e+03, 7.876959030925899e+03, 8.262674233844962e+03, 8.635321915630029e+03, 8.9932041015625e+03, 9.334835757891895e+03, 9.658961068155853e+03, 9.96455269885443e+03, 1.025081524716844e+04, 1.051717976327312e+04, 1.076330072451162e+04, 1.098904702773194e+04, 1.119448929238778e+04, 1.137988958496741e+04, 1.154568856852751e+04, 1.169248828933939e+04, 1.182103900458582e+04, 1.193222262822962e+04, 1.202703808066099e+04, 1.210658399493967e+04, 1.217204591902202e+04, 1.22246826086371e+04, 1.22658115244752e+04, 1.229679687134339e+04, 1.231904004037545e+04, 1.233396972545801e+04, 1.234303222608873e+04, 1.234768945297984e+04, 1.234940527341753e+04, 1.2349650390625e+04, 1.234989550783236e+04, 1.235161132827016e+04, 1.235627050828693e+04, 1.236534765735667e+04, 1.23803251939941e+04, 1.240269824587226e+04, 1.243398046770051e+04, 1.247571192276918e+04, 1.252947165860356e+04, 1.259688866095599e+04, 1.267965430240297e+04, 1.277953713913855e+04, 1.289840240627189e+04, 1.303823338957336e+04, 1.320114735801201e+04, 1.338943073722414e+04, 1.360555855299919e+04, 1.385223321277174e+04, 1.413241804068055e+04, 1.444937783059207e+04, 1.480672876694567e+04, 1.520849028567447e+04, 1.565914335801614e+04, 1.61637053674389e+04, 1.672780078125e+04, 1.735776236013193e+04, 1.806071991561536e+04, 1.884473623054704e+04, 1.971892655957449e+04, 2.069362378691988e+04, 2.178056222941642e+04, 2.299307319141829e+04, 2.434633213079421e+04, 2.585763810715589e+04, 2.754671787296948e+04, 2.943609678350589e+04, 3.155153996055507e+04, 3.392250902304926e+04, 3.658273845242442e+04, 3.957088875966944e+04, 4.293130597692747e+04, 4.671484517072507e+04, 5.097987570687009e+04, 5.57934856089766e+04, 6.123269447659309e+04, 6.738599460741105e+04, 7.435518058260161e+04, 8.225716538998586e+04, 9.122634256784205e+04, 1.0141725e+05]
time=[-1e+00, 1e+00]
