last-generated=2018-01-26
statistics-simulation=
{
  "linear": "0, 0, 0, 0, 0, 0",
  "nonlinear": " ",
  "number of continuous time states": "10",
  "numerical Jacobians": "0"
}
TABS.port_b.Q_flow=[-1.12e+03, -1.072793579101562e+03, -1.028683715820312e+03, -9.868588256835938e+02, -9.468582153320312e+02, -9.084276733398438e+02, -8.71410400390625e+02, -8.356793823242188e+02, -8.011900024414062e+02, -7.679120483398438e+02, -7.358056640625e+02, -7.048394775390625e+02, -6.749830322265625e+02, -6.46215087890625e+02, -6.185078735351561e+02, -5.918334350585938e+02, -5.661612548828125e+02, -5.414647216796875e+02, -5.177171020507812e+02, -4.948902282714844e+02, -4.729566955566406e+02, -4.51890625e+02, -4.316640625e+02, -4.122498168945312e+02, -3.936252136230469e+02, -3.757622985839844e+02, -3.586347351074219e+02, -3.4222216796875e+02, -3.264994812011718e+02, -3.114410095214844e+02, -2.970274353027344e+02, -2.832381591796875e+02, -2.700483093261719e+02, -2.574413146972656e+02, -2.454050750732421e+02, -2.339154510498047e+02, -2.229530487060547e+02, -2.124984283447266e+02, -2.025321655273438e+02, -1.930364990234375e+02, -1.840116882324219e+02, -1.754279022216797e+02, -1.672674102783203e+02, -1.595125122070312e+02, -1.521454925537109e+02, -1.451486206054688e+02, -1.385395202636719e+02, -1.322966156005859e+02, -1.26395149230957e+02, -1.20820426940918e+02, -1.15557746887207e+02, -1.10592414855957e+02, -1.059266586303711e+02, -1.015710067749023e+02, -9.749207305908203e+01, -9.367818450927732e+01, -9.011767578124997e+01, -8.679888153076175e+01, -8.371089935302734e+01, -8.088179779052734e+01, -7.827735900878906e+01, -7.588833618164062e+01, -7.370551300048828e+01, -7.171963500976562e+01, -6.992148590087891e+01, -6.831571960449219e+01, -6.689621734619141e+01, -6.565140533447266e+01, -6.457519531249999e+01, -6.366179275512696e+01, -6.290564346313477e+01, -6.230147171020508e+01, -6.184423065185547e+01, -6.152921295166016e+01, -6.135194778442383e+01, -6.130823135375977e+01, -6.139413452148438e+01, -6.160599517822266e+01, -6.193162536621094e+01, -6.237120819091797e+01, -6.292099761962891e+01, -6.357707977294922e+01, -6.433570098876953e+01, -6.519326019287109e+01, -6.614632415771484e+01, -6.719160461425781e+01, -6.832599639892578e+01, -6.954652404785156e+01, -7.085038757324219e+01, -7.223493957519531e+01, -7.370360565185547e+01, -7.526852416992188e+01, -7.690933227539062e+01, -7.862307739257812e+01, -8.040681457519531e+01, -8.225760650634766e+01, -8.417249298095703e+01, -8.614852142333984e+01, -8.818276214599609e+01, -9.027224731445312e+01, -9.241404724121094e+01]
cavityWall.port_b.Q_flow=[-1.375e+03, -1.140531616210938e+03, -9.49752197265625e+02, -7.925435180664062e+02, -6.626156616210938e+02, -5.552394409179688e+02, -4.664710693359375e+02, -3.920617370605468e+02, -3.298738403320312e+02, -2.782565612792969e+02, -2.352390594482422e+02, -1.993172607421875e+02, -1.691770324707031e+02, -1.44141845703125e+02, -1.232780532836914e+02, -1.058310928344727e+02, -9.103084564208984e+01, -7.831523132324216e+01, -6.777188873291016e+01, -5.871071243286133e+01, -5.075618743896484e+01, -4.407823181152344e+01, -3.81447868347168e+01, -3.265652847290039e+01, -2.80656909942627e+01, -2.395402908325195e+01, -2.016411781311035e+01, -1.685348320007324e+01, -1.393285846710204e+01, -1.128533172607422e+01, -8.928586959838867e+00, -6.858151435852051e+00, -5.003506183624268e+00, -3.357580423355103e+00, -1.93555867671966e+00, -6.928344368934681e-01, 3.91813188791275e-01, 1.339605093002319e+00, 2.171762466430664e+00, 2.90522837638855e+00, 3.50970196723938e+00, 4.033679008483887e+00, 4.493915557861328e+00, 4.907169342041016e+00, 5.290196418762207e+00, 5.659753799438477e+00, 5.927273750305176e+00, 6.120988368988037e+00, 6.27867317199707e+00, 6.408085346221924e+00, 6.516982078552246e+00, 6.613120079040527e+00, 6.676259517669678e+00, 6.672384262084961e+00, 6.64021110534668e+00, 6.582481384277343e+00, 6.501935005187987e+00, 6.401312351226808e+00, 6.28287935256958e+00, 6.124688625335693e+00, 5.943495273590088e+00, 5.740530014038086e+00, 5.517022609710693e+00, 5.274202346801758e+00, 5.013299465179443e+00, 4.733824253082275e+00, 4.436619758605957e+00, 4.123206615447998e+00, 3.794423818588254e+00, 3.451077461242679e+00, 3.093940019607547e+00, 2.723953485488892e+00, 2.342329978942871e+00, 1.949503302574158e+00, 1.546218037605286e+00, 1.133194923400879e+00, 7.111307382583618e-01, 2.806979119777679e-01, -1.583795249462128e-01, -6.051292419433594e-01, -1.059044599533081e+00, -1.519688725471497e+00, -1.986660242080688e+00, -2.459593534469604e+00, -2.938158988952637e+00, -3.422062158584595e+00, -3.911044359207153e+00, -4.404882907867432e+00, -4.903391361236572e+00, -5.406416893005371e+00, -5.914353370666504e+00, -6.428039073944092e+00, -6.945524215698242e+00, -7.466506481170654e+00, -7.990684509277344e+00, -8.517756462097168e+00, -9.047420501708984e+00, -9.579376220703125e+00, -1.011332130432129e+01, -1.064895343780518e+01, -1.11859712600708e+01]
time=[0e+00, 8.64e+04]
TABS.port_a.Q_flow=[-5.598979296875e+04, -1.667137939453125e+03, -1.09991650390625e+03, -8.032653198242188e+02, -6.256383666992188e+02, -5.185236206054688e+02, -4.522721557617188e+02, -4.048088378906249e+02, -3.697493286132812e+02, -3.438719177246094e+02, -3.2310791015625e+02, -3.053417663574219e+02, -2.892958984375e+02, -2.746483154296875e+02, -2.608766479492188e+02, -2.476259002685547e+02, -2.345604400634766e+02, -2.215182800292968e+02, -2.090207366943359e+02, -1.967881469726562e+02, -1.847944030761719e+02, -1.730837097167969e+02, -1.616098022460938e+02, -1.503564300537109e+02, -1.394205322265625e+02, -1.287679443359375e+02, -1.184037628173828e+02, -1.082888336181641e+02, -9.842057800292964e+01, -8.880055236816406e+01, -7.940333557128906e+01, -7.02086181640625e+01, -6.121115493774414e+01, -5.240446472167969e+01, -4.378654098510739e+01, -3.534335327148441e+01, -2.706557464599609e+01, -1.894387435913086e+01, -1.096892547607422e+01, -3.134125947952271e+00, 4.536993980407715e+00, 1.207115650177002e+01, 1.947484397888184e+01, 2.675453567504883e+01, 3.391671371459961e+01, 4.096786117553711e+01, 4.789178085327148e+01, 5.469742202758789e+01, 6.139579772949219e+01, 6.799143981933594e+01, 7.448890686035156e+01, 8.089273071289062e+01, 8.720191192626953e+01, 9.341271209716797e+01, 9.953580474853516e+01, 1.055747375488282e+02, 1.11533073425293e+02, 1.174143524169921e+02, 1.232219314575195e+02, 1.289494018554688e+02, 1.3460595703125e+02, 1.401945343017578e+02, 1.457180938720703e+02, 1.511795654296875e+02, 1.565818786621094e+02, 1.619237060546875e+02, 1.672070159912109e+02, 1.724354858398438e+02, 1.776110839843751e+02, 1.827356719970703e+02, 1.878110809326171e+02, 1.928388671875e+02, 1.978202819824219e+02, 2.027570648193359e+02, 2.076506042480469e+02, 2.125022125244141e+02, 2.173130950927734e+02, 2.220843811035156e+02, 2.268200988769531e+02, 2.315200653076172e+02, 2.361854400634766e+02, 2.408174438476562e+02, 2.45417236328125e+02, 2.499859466552734e+02, 2.545246124267578e+02, 2.590342407226562e+02, 2.635158081054688e+02, 2.6797021484375e+02, 2.723983154296875e+02, 2.768009033203125e+02, 2.81177001953125e+02, 2.855232238769531e+02, 2.898455810546875e+02, 2.941449890136719e+02, 2.9842236328125e+02, 3.026786499023438e+02, 3.069147644042969e+02, 3.111316223144531e+02, 3.153301391601562e+02, 3.1951123046875e+02, 3.236758422851562e+02]
cavityWall.port_a.Q_flow=[-7.98578125e+03, -2.8995419921875e+03, -1.418791015625e+03, -9.536503295898438e+02, -7.724046020507812e+02, -6.848909912109375e+02, -6.268778686523438e+02, -5.723911743164062e+02, -5.226810302734375e+02, -4.786169128417969e+02, -4.387147216796875e+02, -4.020070495605469e+02, -3.678531494140625e+02, -3.360254211425781e+02, -3.061869812011718e+02, -2.780893249511719e+02, -2.514881744384766e+02, -2.262130737304687e+02, -2.023857116699219e+02, -1.797854461669922e+02, -1.583103332519531e+02, -1.379601440429688e+02, -1.186037368774414e+02, -1.001533355712891e+02, -8.267757415771484e+01, -6.606394195556641e+01, -5.025422668457031e+01, -3.524456405639648e+01, -2.098872756958002e+01, -7.43574047088623e+00, 5.440597057342529e+00, 1.767071342468262e+01, 2.929764175415039e+01, 4.034497451782227e+01, 5.082674789428715e+01, 6.078264999389644e+01, 7.024233245849609e+01, 7.923544311523438e+01, 8.779164886474609e+01, 9.593661499023438e+01, 1.036520843505859e+02, 1.109930877685547e+02, 1.179851150512695e+02, 1.24653678894043e+02, 1.310242614746094e+02, 1.371223907470703e+02, 1.428964385986328e+02, 1.483802795410156e+02, 1.536148376464844e+02, 1.586190338134766e+02, 1.634117431640625e+02, 1.680119018554688e+02, 1.724052734375e+02, 1.765612945556641e+02, 1.805355529785156e+02, 1.843410034179688e+02, 1.879906158447266e+02, 1.914973754882812e+02, 1.948729858398438e+02, 1.980647735595703e+02, 2.011229705810547e+02, 2.040565338134766e+02, 2.068744049072266e+02, 2.095855712890625e+02, 2.121989593505859e+02, 2.147041625976562e+02, 2.171057739257812e+02, 2.194160308837891e+02, 2.216394805908203e+02, 2.237803192138672e+02, 2.258423156738281e+02, 2.278297729492188e+02, 2.297478332519531e+02, 2.315981750488281e+02, 2.333835601806641e+02, 2.351063690185547e+02, 2.367686767578125e+02, 2.383722076416016e+02, 2.399327545166016e+02, 2.414459228515625e+02, 2.429139251708984e+02, 2.443392944335938e+02, 2.457244262695312e+02, 2.470715484619141e+02, 2.483827514648438e+02, 2.496599578857422e+02, 2.509049377441406e+02, 2.521192932128906e+02, 2.533044738769531e+02, 2.544618072509766e+02, 2.555855255126953e+02, 2.566593933105469e+02, 2.577049865722656e+02, 2.587237548828125e+02, 2.597172241210938e+02, 2.606868591308594e+02, 2.616341857910156e+02, 2.625606689453125e+02, 2.634678344726562e+02, 2.643571166992188e+02, 2.652300720214844e+02]
