last-generated=2016-05-04
statistics-simulation=
{
  "numerical Jacobians": "0", 
  "nonlinear": " ", 
  "number of continuous time states": "7", 
  "linear": " "
}
pipe1.heatPort.T=[293.149993896484375, 294.973968505859375, 296.631866455078125, 295.94049072265625, 296.563720703125, 297.31494140625, 298.043701171875, 298.74298095703125, 299.411834716796875, 300.05078125, 300.66064453125, 301.24267578125, 301.7979736328125, 302.327789306640625, 302.833343505859375, 303.31591796875, 303.776824951171875, 304.21783447265625, 304.642333984375, 305.057952880859375, 305.5286865234375, 305.82391357421875, 306.11236572265625, 306.4307861328125, 306.740081787109375, 307.0367431640625, 307.320587158203125, 307.591705322265625, 307.850494384765625, 308.097442626953125, 308.33306884765625, 308.557891845703125, 308.77239990234375, 308.9771728515625, 309.172760009765625, 309.359832763671875, 309.539581298828125, 317.2196044921875, 317.333404541015625, 317.766326904296875, 318.247528076171875, 318.57366943359375, 318.864715576171875, 319.1326904296875, 319.38153076171875, 319.6136474609375, 319.3837890625, 319.093292236328125, 318.816131591796875, 318.55169677734375, 318.29937744140625, 318.058502197265625, 317.828460693359375, 317.60833740234375, 317.396759033203125, 320.7332763671875, 320.5980224609375, 320.881256103515625, 321.20379638671875, 321.35260009765625, 321.476043701171875, 321.58673095703125, 321.68927001953125, 321.78704833984375, 321.42767333984375, 321.041961669921875, 320.673919677734375, 320.32275390625, 319.987701416015625, 319.667877197265625, 319.362396240234375, 319.07012939453125, 318.78912353515625, 321.89788818359375, 321.69085693359375, 321.878570556640625, 322.12811279296875, 322.21990966796875, 322.28790283203125, 322.345611572265625, 322.396759033203125, 322.44293212890625, 322.075408935546875, 321.65948486328125, 321.262664794921875, 320.884033203125, 320.522735595703125, 320.177886962890625, 319.8485107421875, 319.533355712890625, 319.230377197265625, 322.25347900390625, 322.009002685546875, 322.21014404296875, 322.4595947265625, 322.532012939453125, 322.5823974609375, 322.62408447265625, 322.66064453125, 322.694091796875, 322.3052978515625]
pipe2.heatPort.T=[293.149993896484375, 296.797943115234375, 300.11370849609375, 303.12579345703125, 305.86322021484375, 308.35107421875, 310.612060546875, 312.666839599609375, 314.5343017578125, 316.231536865234375, 317.77410888671875, 319.176055908203125, 320.450164794921875, 321.608123779296875, 322.660491943359375, 323.616912841796875, 324.48614501953125, 325.276153564453125, 325.994110107421875, 326.6466064453125, 327.23956298828125, 327.778045654296875, 328.2667236328125, 328.712005615234375, 329.11663818359375, 329.484375, 329.81854248046875, 330.12225341796875, 330.398284912109375, 330.649139404296875, 330.877105712890625, 331.084320068359375, 331.272674560546875, 331.44384765625, 331.59942626953125, 331.740814208984375, 331.869293212890625, 317.3974609375, 317.886810302734375, 318.200836181640625, 318.43182373046875, 318.713043212890625, 318.9844970703125, 319.24151611328125, 319.48382568359375, 319.71185302734375, 320.826934814453125, 321.950439453125, 322.97149658203125, 323.899444580078125, 324.742828369140625, 325.509307861328125, 326.205963134765625, 326.839111328125, 327.41455078125, 320.99481201171875, 321.269012451171875, 321.3134765625, 321.34619140625, 321.4464111328125, 321.548126220703125, 321.64715576171875, 321.742584228515625, 321.83636474609375, 322.765899658203125, 323.712615966796875, 324.573028564453125, 325.354949951171875, 326.06561279296875, 326.711517333984375, 327.298553466796875, 327.83209228515625, 328.316986083984375, 322.113922119140625, 322.33233642578125, 322.3646240234375, 322.327178955078125, 322.365936279296875, 322.410980224609375, 322.456085205078125, 322.499755859375, 322.54156494140625, 323.407928466796875, 324.296142578125, 325.10333251953125, 325.836944580078125, 326.503662109375, 327.109619140625, 327.66033935546875, 328.160888671875, 328.615814208984375, 322.523529052734375, 322.71099853515625, 322.6632080078125, 322.60833740234375, 322.629486083984375, 322.65740966796875, 322.6864013671875, 322.71551513671875, 322.744659423828125, 323.5966796875]
fixedTemperature.T=[333.149993896484375, 333.149993896484375]
fixedTemperature1.T=[313.149993896484375, 313.149993896484375]
time=[0., 10000.]
