last-generated=2018-06-13
statistics-simulation=
{
  "linear": " ",
  "nonlinear": "1, 1",
  "numerical Jacobians": "0"
}
wetBulPhiApp.TWetBul=[2.831758728027344e+02, 2.833643798794326e+02, 2.830397643914662e+02, 2.829746704232018e+02, 2.832472839668426e+02, 2.836178893755114e+02, 2.840124512251214e+02, 2.844078674199218e+02, 2.84795929023372e+02, 2.851734617806945e+02, 2.855395202098299e+02, 2.858939514367339e+02, 2.862371216723166e+02, 2.865694886809503e+02, 2.868916625786842e+02, 2.87204192931153e+02, 2.875077210539491e+02, 2.878027648404096e+02, 2.880898740644702e+02, 2.88369537419181e+02, 2.886422423511505e+02, 2.889083558849667e+02, 2.891683349914965e+02, 2.894225157639669e+02, 2.896712342626449e+02, 2.899148254394531e+02, 2.901535951956753e+02, 2.903877866157423e+02, 2.906176452364599e+02, 2.908434450106284e+02, 2.910653683896822e+02, 2.912836608369763e+02, 2.914984742733429e+02, 2.917099911795564e+02, 2.919184264395664e+02, 2.921238709710267e+02, 2.923264767624356e+02, 2.925264281277779e+02, 2.927238160113919e+02, 2.929187624838081e+02, 2.931113890459239e+02, 2.933018189153225e+02, 2.93490143067574e+02, 2.936764219864274e+02, 2.938607788522858e+02, 2.940433046598187e+02, 2.942240904259236e+02, 2.944031677458369e+02, 2.945806276309781e+02, 2.947565611120957e+02, 2.949309997558594e+02, 2.951040345879709e+02, 2.952756961267386e+02, 2.954460759244603e+02, 2.956151729780529e+02, 2.957831113725439e+02, 2.959498900970643e+02, 2.961155396688681e+02, 2.962801516409407e+02, 2.964437565308982e+02, 2.966063838906331e+02, 2.967680661755333e+02, 2.969288634488489e+02, 2.970887757107981e+02, 2.972478639965373e+02, 2.974061588234263e+02, 2.975636897733709e+02, 2.977204892406779e+02, 2.97876556285055e+02, 2.980319824588373e+02, 2.981867372446255e+02, 2.983408816773607e+02, 2.984943843273288e+02, 2.986473385758631e+02, 2.987997435072636e+02, 2.989515991210938e+02, 2.991029664526553e+02, 2.992538149845155e+02, 2.994042057518309e+02, 2.995541683796528e+02, 2.997036741383302e+02, 2.998527526500397e+02, 3.000014649499408e+02, 3.001497805204521e+02, 3.002977298795529e+02, 3.004453426657915e+02, 3.005925901216141e+02, 3.00739562918215e+02, 3.008862000210199e+02, 3.010325319473887e+02, 3.011786197325505e+02, 3.013244319908837e+02, 3.014699704604395e+02, 3.016152953062573e+02, 3.017603760111238e+02, 3.019052430925411e+02, 3.020498965506215e+02, 3.021943660421018e+02, 3.023386532894266e+02, 3.024827574309916e+02, 3.026266784667969e+02]
wetBulPhi.TWetBul=[2.834126586914062e+02, 2.836875000061118e+02, 2.839598388792951e+02, 2.842296447933884e+02, 2.844970093011088e+02, 2.847619323533791e+02, 2.850244751326695e+02, 2.852846679610238e+02, 2.855425415497447e+02, 2.857980956120484e+02, 2.860514220815331e+02, 2.863025207668415e+02, 2.865514221855655e+02, 2.867981873729293e+02, 2.870428161475757e+02, 2.872853392114051e+02, 2.875257874390807e+02, 2.877642211488966e+02, 2.880006101830517e+02, 2.882350464423433e+02, 2.884675292278445e+02, 2.886980897500759e+02, 2.889267578396211e+02, 2.891535643587742e+02, 2.893785096415647e+02, 2.896016235351562e+02, 2.898229677394261e+02, 2.900425412689842e+02, 2.902603759506783e+02, 2.904764711267995e+02, 2.90690887196332e+02, 2.909036254377135e+02, 2.911147157264565e+02, 2.913241879585008e+02, 2.915320433829258e+02, 2.917383118899959e+02, 2.919430539071624e+02, 2.921462096202451e+02, 2.923478699687983e+02, 2.925480349530402e+02, 2.927467345009975e+02, 2.929439392792154e+02, 2.931397097283693e+02, 2.933340757891277e+02, 2.935270386200208e+02, 2.937185976396645e+02, 2.939088133182926e+02, 2.94097686789988e+02, 2.94285186968282e+02, 2.944714048522004e+02, 2.946563415527344e+02, 2.948399659946415e+02, 2.950223392135172e+02, 2.952034612093615e+02, 2.953833309141184e+02, 2.955620115062956e+02, 2.957394713933458e+02, 2.959157716098832e+02, 2.96090881638726e+02, 2.962648319971627e+02, 2.964376216592278e+02, 2.966093137197209e+02, 2.967798461103534e+02, 2.969493103832051e+02, 2.971176760211343e+02, 2.972849735417918e+02, 2.974512019575924e+02, 2.976163937679422e+02, 2.977805174610205e+02, 2.979436340719481e+02, 2.98105743600649e+02, 2.98266846047563e+02, 2.984269404609008e+02, 2.985860592676378e+02, 2.987442320272701e+02, 2.989014282226562e+02, 2.990577088886614e+02, 2.992130129907114e+02, 2.993674320806675e+02, 2.995209042126208e+02, 2.996734922501086e+02, 2.998251952764108e+02, 2.999759827735161e+02, 3.001259157766502e+02, 3.002749942862508e+02, 3.004232174209233e+02, 3.00570586947786e+02, 3.007171019810788e+02, 3.00862823555594e+02, 3.010077211537538e+02, 3.011517947759218e+02, 3.012950740879305e+02, 3.014375607980732e+02, 3.015792845667983e+02, 3.017202148772562e+02, 3.018603822466947e+02, 3.019997866752259e+02, 3.021384578560022e+02, 3.022763669249879e+02, 3.024135435706434e+02, 3.025499877929688e+02]
time=[0e+00, 1e+00]
