last-generated=2018-06-13
statistics-initialization=
{
  "nonlinear": "7, 7",
  "numerical Jacobians": "0"
}
statistics-simulation=
{
  "linear": "0, 0, 0, 0, 0, 5, 0, 0, 0, 0, 0, 0, 0, 0, 0, 0, 0, 0, 5, 0, 0, 0, 0, 0, 0, 0",
  "nonlinear": "1",
  "number of continuous time states": "62",
  "numerical Jacobians": "0"
}
zone.TSensor=[2.931499938964844e+02, 2.915770874023438e+02, 2.908185424804688e+02, 2.90127685546875e+02, 2.894826354980469e+02, 2.894822387695312e+02, 2.903123168945312e+02, 2.9134130859375e+02, 2.9146728515625e+02, 2.907508544921875e+02, 2.901144714355469e+02, 2.894742431640625e+02, 2.888315124511719e+02, 2.883199157714844e+02, 2.883203430175781e+02, 2.88467529296875e+02, 2.884986572265625e+02, 2.88227783203125e+02, 2.876538696289062e+02, 2.870122680664062e+02, 2.863306579589844e+02, 2.856603393554688e+02, 2.852810668945312e+02, 2.853797607421875e+02, 2.854649353027344e+02, 2.853246765136719e+02, 2.848367309570312e+02, 2.842214965820312e+02, 2.835570983886719e+02, 2.827360534667969e+02, 2.81963134765625e+02, 2.822467651367188e+02, 2.857461853027344e+02, 2.904437255859375e+02, 2.918888244628906e+02, 2.898005065917969e+02, 2.884359436035156e+02, 2.875757141113281e+02, 2.869363403320312e+02, 2.86601318359375e+02, 2.873200378417969e+02, 2.901693725585938e+02, 2.920878601074219e+02, 2.924184265136719e+02, 2.915815124511719e+02, 2.910082092285156e+02, 2.903289489746094e+02, 2.896782531738281e+02, 2.898437194824219e+02, 2.924420166015625e+02, 2.942867736816406e+02, 2.952315063476562e+02, 2.94377685546875e+02, 2.933499755859375e+02, 2.924535522460938e+02, 2.916502685546875e+02, 2.909954528808594e+02, 2.919216613769531e+02, 2.952669067382812e+02, 2.960084533691406e+02, 2.966024475097656e+02, 2.955131225585938e+02, 2.945751647949219e+02, 2.937161254882812e+02, 2.929508361816406e+02, 2.923108825683594e+02, 2.926366271972656e+02, 2.941549377441406e+02, 2.958874816894531e+02, 2.954184875488281e+02, 2.944608154296875e+02, 2.937333679199219e+02, 2.930103149414062e+02, 2.92331787109375e+02, 2.926283569335938e+02, 2.947653503417969e+02, 2.972216796875e+02, 2.979779357910156e+02, 2.969553527832031e+02, 2.960179443359375e+02, 2.951457824707031e+02, 2.943196716308594e+02, 2.93676513671875e+02, 2.946513061523438e+02, 2.962666625976562e+02, 2.972661437988281e+02, 2.98195556640625e+02, 2.971054992675781e+02, 2.961161193847656e+02, 2.951216735839844e+02, 2.942120361328125e+02, 2.937375183105469e+02, 2.943008117675781e+02, 2.954678955078125e+02, 2.959190673828125e+02, 2.953426208496094e+02, 2.943466491699219e+02, 2.932858276367188e+02, 2.92115234375e+02, 2.910552062988281e+02, 2.91091552734375e+02]
zoneSha.TSensor=[2.931499938964844e+02, 2.915769653320312e+02, 2.908183898925781e+02, 2.901275329589844e+02, 2.894824829101562e+02, 2.894791870117188e+02, 2.903002319335938e+02, 2.913117370605469e+02, 2.914171142578125e+02, 2.90690673828125e+02, 2.900539245605469e+02, 2.894158325195312e+02, 2.887759399414062e+02, 2.882672119140625e+02, 2.882670593261719e+02, 2.884086608886719e+02, 2.884323120117188e+02, 2.881552429199219e+02, 2.875804443359375e+02, 2.869418029785156e+02, 2.862639770507812e+02, 2.855976257324219e+02, 2.852216491699219e+02, 2.853186950683594e+02, 2.853944702148438e+02, 2.852425842285156e+02, 2.84748291015625e+02, 2.841343078613281e+02, 2.834740905761719e+02, 2.826578063964844e+02, 2.818894348144531e+02, 2.821484985351562e+02, 2.856334228515625e+02, 2.902953796386719e+02, 2.9169775390625e+02, 2.895751647949219e+02, 2.881962890625e+02, 2.873446044921875e+02, 2.867156677246094e+02, 2.863915405273438e+02, 2.871078491210938e+02, 2.899554138183594e+02, 2.918521423339844e+02, 2.921685791015625e+02, 2.913218994140625e+02, 2.907504272460938e+02, 2.900833435058594e+02, 2.894459228515625e+02, 2.896058044433594e+02, 2.921952514648438e+02, 2.940218811035156e+02, 2.94937255859375e+02, 2.9405419921875e+02, 2.930252380371094e+02, 2.921428833007812e+02, 2.9135693359375e+02, 2.907190551757812e+02, 2.916062622070312e+02, 2.949268493652344e+02, 2.956368713378906e+02, 2.961978454589844e+02, 2.950751647949219e+02, 2.941425476074219e+02, 2.933046875e+02, 2.925623474121094e+02, 2.919464416503906e+02, 2.922920837402344e+02, 2.938105163574219e+02, 2.95532958984375e+02, 2.950494384765625e+02, 2.940960693359375e+02, 2.933848266601562e+02, 2.926807250976562e+02, 2.920214538574219e+02, 2.923218994140625e+02, 2.944420166015625e+02, 2.968576965332031e+02, 2.975641479492188e+02, 2.965209350585938e+02, 2.9559228515625e+02, 2.947418823242188e+02, 2.939373474121094e+02, 2.933172302246094e+02, 2.942818908691406e+02, 2.958864440917969e+02, 2.968649597167969e+02, 2.977862548828125e+02, 2.9667333984375e+02, 2.956867980957031e+02, 2.947144470214844e+02, 2.938284912109375e+02, 2.933757934570312e+02, 2.939498291015625e+02, 2.951164855957031e+02, 2.955624389648438e+02, 2.94984130859375e+02, 2.939991455078125e+02, 2.92955810546875e+02, 2.918057556152344e+02, 2.907651977539062e+02, 2.907982482910156e+02]
time=[1e+07, 1.1e+07]
