last-generated=2017-01-02
statistics-simulation=
{
  "numerical Jacobians": "0", 
  "nonlinear": " ", 
  "linear": " "
}
cheDifRad.HOut=[0.00009999999747378752, 0.00009999999747378752, 0.00009999999747378752, 0.00009999999747378752, 0.00009999999747378752, 0.00009999999747378752, 0.00009999999747378752, 0.00009999999747378752, 0.00009999999747378752, 0.00009999999747378752, 0.00009999999747378752, 0.00009999999747378752, 0.00009999999747378752, 0.00009999999747378752, 0.00009999999747378752, 0.00009999999747378752, 0.00009999999747378752, 0.00009999999747378752, 0.00009999999747378752, 0.00009999999747378752, 0.00009999999747378752, 0.00009999999747378752, 0.00009999999747378752, 0.00009999999747378752, 0.00009999999747378752, 0.00009999999747378752, 0.00009999999747378752, 0.00009999999747378752, 0.00009999999747378752, 0.00009999999747378752, 0.00009999999747378752, 0.00009999999747378752, 0.00009999999747378752, 0.00009999999747378752, 0.00009999999747378752, 0.00009999999747378752, 0.00009999999747378752, 0.00009999999747378752, 0.00009999999747378752, 0.00009999999747378752, 0.00009999999747378752, 0.00009999999747378752, 0.00009999999747378752, 0.00009999999747378752, 0.00009999999747378752, 0.00009999999747378752, 0.00009999999747378752, 0.00009999999747378752, 0.00009999999747378752, 0.00009999999747378752, 0.00009999999747378752, 0.00009999999747378752, 0.00009999999747378752, 0.00009999999747378752, 0.00009999999747378752, 0.00009999999747378752, 0.00009999999747378752, 0.00009999999747378752, 0.00009999999747378752, 0.00009999999747378752, 0.00009999999747378752, 0.00009999999747378752, 0.00009999999747378752, 0.00009999999747378752, 0.00009999999747378752, 0.00009999999747378752, 0.00009999999747378752, 0.00009999999747378752, 0.00009999999747378752, 0.00009999999747378752, 0.00009999999747378752, 0.00009999999747378752, 0.00009999999747378752, 0.00009999999747378752, 0.00009999999747378752, 0.00009999999747378752, 0.00009999999747378752, 0.00009999999747378752, 0.00009999999747378752, 0.00009999999747378752, 0.00009999999747378752, 0.00009999999747378752, 0.00009999999747378752, 0.00009999999747378752, 0.00009999999747378752, 0.00009999999747378752, 0.00009999999747378752, 0.00009999999747378752, 0.00009999999747378752, 0.00009999999747378752, 0.00009999999747378752, 0.00009999999747378752, 0.00009999999747378752, 0.00009999999747378752, 0.00009999999747378752, 0.00009999999747378752, 0.00009999999747378752, 0.00009999999747378752, 0.00009999999747378752, 0.00009999999747378752, 0.00009999999747378752]
cheGloRad.HOut=[0.00009999999747378752, 0.00009999999747378752, 0.00009999999747378752, 0.00009999999747378752, 0.00009999999747378752, 0.00009999999747378752, 0.00009999999747378752, 0.00009999999747378752, 0.00009999999747378752, 0.00009999999747378752, 0.00009999999747378752, 0.00009999999747378752, 0.00009999999747378752, 0.00009999999747378752, 0.00009999999747378752, 0.00009999999747378752, 0.00009999999747378752, 0.00009999999747378752, 0.00009999999747378752, 0.00009999999747378752, 0.00009999999747378752, 0.00009999999747378752, 0.00009999999747378752, 0.00009999999747378752, 0.00009999999747378752, 0.00009999999747378752, 0.00009999999747378752, 0.00009999999747378752, 0.00009999999747378752, 0.00009999999747378752, 0.00009999999747378752, 0.00009999999747378752, 0.00009999999747378752, 0.00009999999747378752, 0.00009999999747378752, 0.00009999999747378752, 0.00009999999747378752, 0.00009999999747378752, 0.00009999999747378752, 0.00009999999747378752, 0.00009999999747378752, 0.00009999999747378752, 0.00009999999747378752, 0.00009999999747378752, 0.00009999999747378752, 0.00009999999747378752, 0.00009999999747378752, 0.00009999999747378752, 0.00009999999747378752, 0.00009999999747378752, 0.00009999999747378752, 0.00009999999747378752, 0.00009999999747378752, 0.00009999999747378752, 0.00009999999747378752, 0.00009999999747378752, 0.00009999999747378752, 0.00009999999747378752, 0.00009999999747378752, 0.00009999999747378752, 0.00009999999747378752, 0.00009999999747378752, 0.00009999999747378752, 0.00009999999747378752, 0.00009999999747378752, 0.00009999999747378752, 0.00009999999747378752, 0.00009999999747378752, 0.00009999999747378752, 0.00009999999747378752, 0.00009999999747378752, 0.00009999999747378752, 0.00009999999747378752, 0.00009999999747378752, 0.00009999999747378752, 0.00009999999747378752, 0.00009999999747378752, 0.00009999999747378752, 0.00009999999747378752, 0.00009999999747378752, 0.00009999999747378752, 0.00009999999747378752, 0.00009999999747378752, 0.00009999999747378752, 0.00009999999747378752, 0.00009999999747378752, 0.00009999999747378752, 0.00009999999747378752, 0.00009999999747378752, 0.00009999999747378752, 0.00009999999747378752, 0.00009999999747378752, 0.00009999999747378752, 0.00009999999747378752, 0.00009999999747378752, 0.00009999999747378752, 0.00009999999747378752, 0.00009999999747378752, 0.00009999999747378752, 0.00009999999747378752, 0.00009999999747378752]
time=[0., 8640000.]
