last-generated=2016-04-19
statistics-simulation=
{
  "numerical Jacobians": "0", 
  "nonlinear": " ", 
  "number of continuous time states": "8", 
  "linear": "0"
}
TSet.y=[289.149993896484375, 289.149993896484375, 289.149993896484375, 289.149993896484375, 289.149993896484375, 289.149993896484375, 289.149993896484375, 289.149993896484375, 289.149993896484375, 289.149993896484375, 289.149993896484375, 289.149993896484375, 289.149993896484375, 289.149993896484375, 289.149993896484375, 293.149993896484375, 293.149993896484375, 293.149993896484375, 293.149993896484375, 293.149993896484375, 293.149993896484375, 293.149993896484375, 293.149993896484375, 293.149993896484375, 293.149993896484375, 293.149993896484375, 293.149993896484375, 293.149993896484375, 293.149993896484375, 293.149993896484375, 293.149993896484375, 293.149993896484375, 293.149993896484375, 293.149993896484375, 293.149993896484375, 293.149993896484375, 293.149993896484375, 293.149993896484375, 293.149993896484375, 293.149993896484375, 289.149993896484375, 289.149993896484375, 289.149993896484375, 289.149993896484375, 289.149993896484375, 289.149993896484375, 289.149993896484375, 289.149993896484375, 289.149993896484375, 289.149993896484375, 289.149993896484375, 289.149993896484375, 289.149993896484375, 289.149993896484375, 289.149993896484375, 289.149993896484375, 289.149993896484375, 289.149993896484375, 289.149993896484375, 289.149993896484375, 289.149993896484375, 289.149993896484375, 289.149993896484375, 289.149993896484375, 289.149993896484375, 293.149993896484375, 293.149993896484375, 293.149993896484375, 293.149993896484375, 293.149993896484375, 293.149993896484375, 293.149993896484375, 293.149993896484375, 293.149993896484375, 293.149993896484375, 293.149993896484375, 293.149993896484375, 293.149993896484375, 293.149993896484375, 293.149993896484375, 293.149993896484375, 293.149993896484375, 293.149993896484375, 293.149993896484375, 293.149993896484375, 293.149993896484375, 293.149993896484375, 293.149993896484375, 293.149993896484375, 293.149993896484375, 289.149993896484375, 289.149993896484375, 289.149993896484375, 289.149993896484375, 289.149993896484375, 289.149993896484375, 289.149993896484375, 289.149993896484375, 289.149993896484375, 289.149993896484375, 289.149993896484375]
TOut.y=[284.149993896484375, 284.189422607421875, 284.307098388671875, 284.501129150390625, 284.768463134765625, 285.10491943359375, 285.505157470703125, 285.962890625, 286.470855712890625, 287.0211181640625, 287.60491943359375, 288.213104248046875, 288.8360595703125, 289.463958740234375, 290.0869140625, 290.695098876953125, 291.278900146484375, 291.829132080078125, 292.337127685546875, 292.794830322265625, 293.195098876953125, 293.531524658203125, 293.79888916015625, 293.992919921875, 294.110565185546875, 294.149993896484375, 294.110565185546875, 293.992919921875, 293.79888916015625, 293.531524658203125, 293.195098876953125, 292.794830322265625, 292.337127685546875, 291.829132080078125, 291.278900146484375, 290.695098876953125, 290.0869140625, 289.463958740234375, 288.8360595703125, 288.213104248046875, 287.60491943359375, 287.0211181640625, 286.470855712890625, 285.962890625, 285.505157470703125, 285.10491943359375, 284.768463134765625, 284.501129150390625, 284.307098388671875, 284.189422607421875, 284.149993896484375, 284.189422607421875, 284.307098388671875, 284.501129150390625, 284.768463134765625, 285.10491943359375, 285.505157470703125, 285.962890625, 286.470855712890625, 287.0211181640625, 287.60491943359375, 288.213104248046875, 288.8360595703125, 289.463958740234375, 290.0869140625, 290.695098876953125, 291.278900146484375, 291.829132080078125, 292.337127685546875, 292.794830322265625, 293.195098876953125, 293.531524658203125, 293.79888916015625, 293.992919921875, 294.110565185546875, 294.149993896484375, 294.110565185546875, 293.992919921875, 293.79888916015625, 293.531524658203125, 293.195098876953125, 292.794830322265625, 292.337127685546875, 291.829132080078125, 291.278900146484375, 290.695098876953125, 290.0869140625, 289.463958740234375, 288.8360595703125, 288.213104248046875, 287.60491943359375, 287.0211181640625, 286.470855712890625, 285.962890625, 285.505157470703125, 285.10491943359375, 284.768463134765625, 284.501129150390625, 284.307098388671875, 284.189422607421875, 284.149993896484375]
THeaOut.T=[293.149993896484375, 290.2236328125, 290.476043701171875, 290.423248291015625, 290.350250244140625, 290.25823974609375, 290.14874267578125, 290.023529052734375, 289.884521484375, 289.733917236328125, 289.574127197265625, 289.407623291015625, 289.237060546875, 289.179656982421875, 289.380584716796875, 298.20281982421875, 293.60308837890625, 293.512542724609375, 293.373382568359375, 293.247955322265625, 293.151458740234375, 293.225860595703125, 293.373748779296875, 293.54791259765625, 293.7156982421875, 293.852935791015625, 293.94512939453125, 293.98199462890625, 293.953125, 293.857208251953125, 293.694366455078125, 293.4647216796875, 293.168792724609375, 293.51104736328125, 293.6612548828125, 293.821075439453125, 293.987548828125, 294.158111572265625, 294.330047607421875, 294.500640869140625, 292.3291015625, 290.68780517578125, 289.39666748046875, 290.021636962890625, 290.147186279296875, 290.256927490234375, 290.349151611328125, 290.4224853515625, 290.47576904296875, 290.5081787109375, 290.5189208984375, 290.508087158203125, 290.476104736328125, 290.4234619140625, 290.350616455078125, 290.258270263671875, 290.148712158203125, 290.023345947265625, 289.884368896484375, 289.73394775390625, 289.574310302734375, 289.40765380859375, 289.237060546875, 289.17962646484375, 289.38055419921875, 298.20361328125, 293.609161376953125, 293.512542724609375, 293.373382568359375, 293.247955322265625, 293.151885986328125, 293.225860595703125, 293.373748779296875, 293.547943115234375, 293.715484619140625, 293.85302734375, 293.946044921875, 293.98114013671875, 293.95220947265625, 293.8575439453125, 293.695465087890625, 293.46484375, 293.16864013671875, 293.510955810546875, 293.661285400390625, 293.821075439453125, 293.987548828125, 294.158111572265625, 294.330047607421875, 294.5006103515625, 292.32916259765625, 290.687835693359375, 289.396697998046875, 290.021575927734375, 290.147216796875, 290.256927490234375, 290.349151611328125, 290.4224853515625, 290.475738525390625, 290.50811767578125, 290.51904296875]
TVol.T=[293.149993896484375, 290.222259521484375, 289.149688720703125, 289.150299072265625, 289.150390625, 289.15045166015625, 289.150543212890625, 289.150604248046875, 289.150665283203125, 289.150726318359375, 289.1507568359375, 289.150787353515625, 289.150787353515625, 289.179718017578125, 289.3807373046875, 292.730987548828125, 293.155548095703125, 293.150665283203125, 293.150604248046875, 293.150543212890625, 293.151519775390625, 293.225921630859375, 293.37384033203125, 293.548004150390625, 293.715789794921875, 293.852996826171875, 293.9451904296875, 293.98199462890625, 293.95306396484375, 293.85711669921875, 293.69427490234375, 293.464569091796875, 293.168609619140625, 293.149383544921875, 293.1492919921875, 293.14923095703125, 293.14923095703125, 293.149200439453125, 293.149200439453125, 293.14923095703125, 292.328033447265625, 290.686981201171875, 289.39599609375, 289.149444580078125, 289.149444580078125, 289.1495361328125, 289.14959716796875, 289.149688720703125, 289.1497802734375, 289.14990234375, 289.149993896484375, 289.15008544921875, 289.150177001953125, 289.150299072265625, 289.150390625, 289.15045166015625, 289.150543212890625, 289.150604248046875, 289.150665283203125, 289.150726318359375, 289.1507568359375, 289.150787353515625, 289.150787353515625, 289.1796875, 289.3807373046875, 292.731781005859375, 293.154632568359375, 293.150665283203125, 293.150604248046875, 293.150543212890625, 293.151519775390625, 293.225921630859375, 293.37384033203125, 293.54803466796875, 293.715576171875, 293.85308837890625, 293.946075439453125, 293.98114013671875, 293.952178955078125, 293.85748291015625, 293.695343017578125, 293.464691162109375, 293.168426513671875, 293.149383544921875, 293.1492919921875, 293.14923095703125, 293.14923095703125, 293.149200439453125, 293.149200439453125, 293.14923095703125, 292.32806396484375, 290.68701171875, 289.396026611328125, 289.1494140625, 289.149444580078125, 289.1495361328125, 289.14959716796875, 289.149688720703125, 289.1497802734375, 289.14990234375, 289.149993896484375]
time=[0., 172800.]
hea.TSet=[288.149993896484375, 288.149993896484375, 290.47650146484375, 290.4228515625, 290.349700927734375, 290.257598876953125, 290.14801025390625, 290.022674560546875, 289.883575439453125, 289.732940673828125, 289.573089599609375, 289.40655517578125, 289.235992431640625, 288.149993896484375, 288.149993896484375, 303.149993896484375, 293.604034423828125, 293.511627197265625, 293.372528076171875, 293.247222900390625, 293.113189697265625, 288.149993896484375, 288.149993896484375, 288.149993896484375, 288.149993896484375, 288.149993896484375, 288.149993896484375, 288.149993896484375, 288.149993896484375, 288.149993896484375, 288.149993896484375, 288.149993896484375, 288.149993896484375, 293.5118408203125, 293.6622314453125, 293.822113037109375, 293.9886474609375, 294.159210205078125, 294.33111572265625, 294.501708984375, 288.149993896484375, 288.149993896484375, 288.149993896484375, 290.022430419921875, 290.14794921875, 290.257568359375, 290.349700927734375, 290.422882080078125, 290.476043701171875, 290.50830078125, 290.5189208984375, 290.5079345703125, 290.475830078125, 290.423065185546875, 290.35009765625, 290.25762939453125, 290.147979736328125, 290.02252197265625, 289.883453369140625, 289.73297119140625, 289.573272705078125, 289.406585693359375, 289.235992431640625, 288.149993896484375, 288.149993896484375, 303.149993896484375, 293.610504150390625, 293.511627197265625, 293.372528076171875, 293.247222900390625, 293.11285400390625, 288.149993896484375, 288.149993896484375, 288.149993896484375, 288.149993896484375, 288.149993896484375, 288.149993896484375, 288.149993896484375, 288.149993896484375, 288.149993896484375, 288.149993896484375, 288.149993896484375, 288.149993896484375, 293.51177978515625, 293.662261962890625, 293.822113037109375, 293.9886474609375, 294.159210205078125, 294.33111572265625, 294.501708984375, 288.149993896484375, 288.149993896484375, 288.149993896484375, 290.02239990234375, 290.14794921875, 290.257568359375, 290.349700927734375, 290.42291259765625, 290.47601318359375, 290.50823974609375, 290.51904296875]
hea.Q_flow=[0., 0.00003834084782283753, 261.601226806640625, 251.05316162109375, 236.634979248046875, 218.4703521728515625, 196.859893798828125, 172.14787292480465907829, 144.71588134765625, 115.00525665283203125, 83.47974395751953125, 50.6378936767578125, 16.9973201751708984375, 0.00003834084782283753, 0.00003834084782283753, 1080., 88.2800445556640625, 71.35458374023431815658, 43.920246124267578125, 19.1982879638671875, 0.00003834084782283753, 0.00003834084782283753, 0.00003834084782283753, 0.00003834084782283753, 0.00003834084782283753, 0.00003834084782283753, 0.00003834084782283753, 0.00003834084782283753, 0.00003834084782283753, 0.00003834084782283753, 0.00003834084782283753, 0.00003834084782283753, 0.00003834084782283753, 71.3432159423828125, 100.99051666259778414769, 132.51969909667954539145, 165.3624267578125, 199.002655029296875, 232.91107177734375, 266.553466796875, 0.00003834084782283753, 0.00003834084782283753, 0.00003834084782283753, 172.0331878662109375, 196.795623779296875, 218.4191131591796875, 236.5933685302734375, 251.033233642578125, 261.5238037109375, 267.892333984375, 269.990142822265625, 267.829742431640625, 261.50225830078125, 251.0988311767578125, 236.710662841796875, 218.47741699218732946974, 196.85388183593730104803, 172.11277770996116487368, 144.687652587890625, 115.01207733154296875, 83.51959991455078125, 50.643779754638671875, 16.9971218109130859375, 0.00003834084782283753, 0.00003834084782283753, 1080., 89.6692657470703125, 71.35178375244140625, 43.92009735107399848175, 19.19827651977558957697, 0.00003834084789167136, 0.00003834084782283753, 0.00003834084782283753, 0.00003834084782283753, 0.00003834084782283753, 0.00003834084782283753, 0.00003834084782283753, 0.00003834084782283753, 0.00003834084782283753, 0.00003834084782283753, 0.00003834084782283753, 0.00003834084782283753, 0.00003834084782283753, 71.32871246337890625, 100.99539947509765625, 132.520294189453125, 165.3621978759765625, 199.002838134765625, 232.9110565185546875, 266.553070068359375, 0.00003834084782283753, 0.00003834084782283753, 0.00003834084782283753, 172.028350830078125, 196.7974395751953125, 218.419708251953125, 236.59368896484375, 251.037078857421875, 261.515625, 267.88018798828125, 270.0135498046875]
