<<<<<<< HEAD
last-generated=2015-07-04
statistics-simulation={'numerical Jacobians': '0', 'nonlinear': '1, 1', 'number of continuous time states': '4', 'linear': '0'}
volumeFlow1.vol.T=[313.149993896484375, 304.070587158203125, 300.040557861328125, 298.717620849609375, 298.75738525390625, 299.4473876953125, 300.413238525390625, 301.462493896484375, 302.49786376953125, 303.472808837890625, 304.369873046875, 305.184539794921875, 305.917938232421875, 306.57464599609375, 307.1611328125, 307.6844482421875, 308.1507568359375, 308.566162109375, 308.935699462890625, 309.26416015625, 309.555877685546875, 309.814971923828125, 310.045074462890625, 310.24945068359375, 310.430938720703125, 310.5921630859375, 310.735321044921875, 310.8624267578125, 310.9752197265625, 311.075225830078125, 311.16387939453125, 311.242523193359375, 311.312347412109375, 311.37432861328125, 311.429290771484375, 311.47821044921875, 311.52166748046875, 311.56024169921875, 311.59454345703125, 311.625, 311.652008056640625, 311.675933837890625, 311.6971435546875, 311.7159423828125, 311.732635498046875, 311.747406005859375, 311.76055908203125, 311.772247314453125, 311.782623291015625, 311.7918701171875, 311.800079345703125, 311.807342529296875, 311.813812255859375, 311.819549560546875, 311.824615478515625, 311.8291015625, 311.841888427734375, 311.91082763671875, 312.01336669921875, 312.126708984375, 312.238067626953125, 312.34259033203125, 312.438690185546875, 312.52587890625, 312.604248046875, 312.67462158203125, 312.737518310546875, 312.793548583984375, 312.8433837890625, 312.88763427734375, 312.92694091796875, 312.961700439453125, 312.99261474609375, 313.020111083984375, 313.044403076171875, 313.066131591796875, 313.0855712890625, 313.10272216796875, 313.118133544921875, 313.13189697265625, 313.14410400390625, 313.155029296875, 313.164825439453125, 313.173553466796875, 313.181365966796875, 313.188323974609375, 313.194549560546875, 313.200042724609375, 313.204986572265625, 313.20941162109375, 313.213409423828125, 313.21697998046875, 313.22021484375, 313.223175048828125, 313.225616455078125, 313.22772216796875, 313.229583740234375, 313.231170654296875, 313.2325439453125, 313.233734130859375, 313.23486328125]
=======
last-generated=2015-06-27
statistics-simulation={'numerical Jacobians': '0', 'nonlinear': '1', 'number of continuous time states': '4', 'linear': '0'}
volumeFlow1.vol.T=[313.149993896484375, 304.07073974609375, 300.041107177734375, 298.720123291015625, 298.769134521484375, 299.464019775390625, 300.4263916015625, 301.462799072265625, 302.49810791015625, 303.469879150390625, 304.36737060546875, 305.18603515625, 305.926177978515625, 306.595367431640625, 307.191070556640625, 307.72637939453125, 308.19866943359375, 308.62109375, 308.993011474609375, 309.3204345703125, 309.609375, 309.863037109375, 310.0858154296875, 310.281005859375, 310.4521484375, 310.603851318359375, 310.740203857421875, 310.861328125, 310.9658203125, 311.059844970703125, 311.1461181640625, 311.2249755859375, 311.29193115234375, 311.352386474609375, 311.407806396484375, 311.459075927734375, 311.502655029296875, 311.541778564453125, 311.5772705078125, 311.60980224609375, 311.6383056640625, 311.66375732421875, 311.6864013671875, 311.706390380859375, 311.724365234375, 311.740447998046875, 311.754669189453125, 311.76715087890625, 311.77825927734375, 311.7882080078125, 311.796966552734375, 311.804656982421875, 311.81146240234375, 311.817535400390625, 311.822906494140625, 311.827606201171875, 311.840576171875, 311.907867431640625, 312.001800537109375, 312.11102294921875, 312.224700927734375, 312.331939697265625, 312.432525634765625, 312.523590087890625, 312.60565185546875, 312.6788330078125, 312.743743896484375, 312.802581787109375, 312.854095458984375, 312.899810791015625, 312.943206787109375, 312.982147216796875, 313.0166015625, 313.046600341796875, 313.072113037109375, 313.095306396484375, 313.1170654296875, 313.13568115234375, 313.151123046875, 313.163421630859375, 313.1737060546875, 313.184783935546875, 313.1942138671875, 313.20196533203125, 313.208099365234375, 313.212615966796875, 313.218017578125, 313.222564697265625, 313.226287841796875, 313.229156494140625, 313.231231689453125, 313.23345947265625, 313.23553466796875, 313.237213134765625, 313.238525390625, 313.239410400390625, 313.2401123046875, 313.240753173828125, 313.24127197265625, 313.241668701171875, 313.242034912109375]
>>>>>>> OMcompatibility
time=[0., 3600.]
