last-generated=2018-06-13
statistics-simulation=
{
  "linear": " ",
  "nonlinear": "1",
  "numerical Jacobians": "0"
}
incAngEas.y=[1.551878213882446e+00, 1.494108200073242e+00, 1.436384558677673e+00, 1.378743886947632e+00, 1.32122528553009e+00, 1.26387095451355e+00, 1.206727862358093e+00, 1.149849414825439e+00, 1.093296885490417e+00, 1.037142276763916e+00, 9.814715385437012e-01, 9.263882637023926e-01, 8.720190525054932e-01, 8.18520724773407e-01, 7.660894989967345e-01, 7.149728536605835e-01, 6.654860377311707e-01, 6.180319786071776e-01, 5.731264352798462e-01, 5.314255356788635e-01, 4.937508404254913e-01, 4.610980749130249e-01, 4.346072375774384e-01, 4.154638648033142e-01, 4.047156274318695e-01, 4.030367434024811e-01, 4.105388522148132e-01, 4.267368912696838e-01, 4.506916999816896e-01, 4.812425374984741e-01, 5.172170400619507e-01, 5.575606226921082e-01, 6.013879776000977e-01, 6.479852795600891e-01, 6.967889666557314e-01, 7.473580837249754e-01, 7.993481755256653e-01, 8.524892926216125e-01, 9.065679907798767e-01, 9.614145755767822e-01, 1.016892194747925e+00, 1.072889685630798e+00, 1.129315376281738e+00, 1.186092376708984e+00, 1.2431560754776e+00, 1.300450325012207e+00, 1.357926249504089e+00, 1.415539979934692e+00, 1.473251581192017e+00, 1.531023621559143e+00, 1.588820576667786e+00, 1.646607279777527e+00, 1.70434832572937e+00, 1.762007117271423e+00, 1.819544911384583e+00, 1.876919627189637e+00, 1.934084415435791e+00, 1.990986347198486e+00, 2.047564268112183e+00, 2.10374641418457e+00, 2.159447431564331e+00, 2.214564085006714e+00, 2.268970727920532e+00, 2.322511196136475e+00, 2.374990224838257e+00, 2.426161527633667e+00, 2.475711345672607e+00, 2.52323842048645e+00, 2.568228960037232e+00, 2.610028743743896e+00, 2.647818088531494e+00, 2.680601835250854e+00, 2.70723819732666e+00, 2.726536989212036e+00, 2.737442016601562e+00, 2.739268064498901e+00, 2.731893301010132e+00, 2.715796709060669e+00, 2.691916465759277e+00, 2.661415815353394e+00, 2.625472545623779e+00, 2.585145711898804e+00, 2.541324853897095e+00, 2.49472713470459e+00, 2.445918083190918e+00, 2.395340442657471e+00, 2.343339443206787e+00, 2.290186405181885e+00, 2.23609471321106e+00, 2.181234359741211e+00, 2.12574291229248e+00, 2.069730997085571e+00, 2.013291120529175e+00, 1.956499338150024e+00, 1.899420857429504e+00, 1.842111587524414e+00, 1.784620404243469e+00, 1.726991176605225e+00, 1.66926372051239e+00, 1.611475348472595e+00, 1.553661704063416e+00]
incAngWes.y=[1.589714407920837e+00, 1.647484421730042e+00, 1.7052081823349e+00, 1.762848734855652e+00, 1.820367455482483e+00, 1.877721786499023e+00, 1.93486475944519e+00, 1.991743206977844e+00, 2.048295736312866e+00, 2.104450464248657e+00, 2.160121202468872e+00, 2.215204477310181e+00, 2.26957368850708e+00, 2.323071956634521e+00, 2.375503063201904e+00, 2.4266197681427e+00, 2.476106643676758e+00, 2.523560762405396e+00, 2.568466186523438e+00, 2.610167026519775e+00, 2.647841930389404e+00, 2.680494546890259e+00, 2.706985473632812e+00, 2.726128816604614e+00, 2.736876964569092e+00, 2.738555908203125e+00, 2.731053829193115e+00, 2.714855670928955e+00, 2.690901041030884e+00, 2.66035008430481e+00, 2.624375581741333e+00, 2.58403205871582e+00, 2.540204763412476e+00, 2.49360728263855e+00, 2.444803714752197e+00, 2.394234657287598e+00, 2.342244386672974e+00, 2.289103269577026e+00, 2.235024690628052e+00, 2.180178165435791e+00, 2.124700307846069e+00, 2.068702936172485e+00, 2.012277364730835e+00, 1.955500245094299e+00, 1.898436546325684e+00, 1.841142296791077e+00, 1.783666491508484e+00, 1.726052761077881e+00, 1.668341159820557e+00, 1.610569000244141e+00, 1.552772045135498e+00, 1.494985461235046e+00, 1.437244415283203e+00, 1.37958550453186e+00, 1.322047710418701e+00, 1.264672994613647e+00, 1.207508206367492e+00, 1.150606274604798e+00, 1.094028472900391e+00, 1.037846326828003e+00, 9.821453094482422e-01, 9.27028477191925e-01, 8.726218342781067e-01, 8.190814256668091e-01, 7.666023969650269e-01, 7.154311537742615e-01, 6.658813953399658e-01, 6.18354320526123e-01, 5.733637213706967e-01, 5.315638780593875e-01, 4.937745630741122e-01, 4.609909057617188e-01, 4.343544542789459e-01, 4.150556027889252e-01, 4.041505753993988e-01, 4.023244976997375e-01, 4.096992611885071e-01, 4.257959425449371e-01, 4.496763050556183e-01, 4.801767468452454e-01, 5.161201357841492e-01, 5.5644690990448e-01, 6.00267767906189e-01, 6.468656063079834e-01, 6.956746578216553e-01, 7.462522983551025e-01, 7.982531189918518e-01, 8.514062762260437e-01, 9.054980278015137e-01, 9.60358202457428e-01, 1.015849828720093e+00, 1.071861624717712e+00, 1.128301620483398e+00, 1.185093402862549e+00, 1.242171764373779e+00, 1.29948103427887e+00, 1.356972217559814e+00, 1.414601445198059e+00, 1.472328901290894e+00, 1.530117273330688e+00, 1.587931036949158e+00]
time=[0e+00, 8.64e+04]
incAngSou.y=[1.898750782012939e+00, 1.896647930145264e+00, 1.892001509666443e+00, 1.884841442108154e+00, 1.875213146209717e+00, 1.863176107406616e+00, 1.848802328109741e+00, 1.83217442035675e+00, 1.81338357925415e+00, 1.792527794837952e+00, 1.769710063934326e+00, 1.745036244392395e+00, 1.718613624572754e+00, 1.690549969673157e+00, 1.660951614379883e+00, 1.629923343658447e+00, 1.597567200660706e+00, 1.563982486724854e+00, 1.529264807701111e+00, 1.493506789207458e+00, 1.456797361373901e+00, 1.419222474098206e+00, 1.380864977836609e+00, 1.341805100440979e+00, 1.302120923995972e+00, 1.261888980865479e+00, 1.221184611320496e+00, 1.180083155632019e+00, 1.138660073280334e+00, 1.09699273109436e+00, 1.055160880088806e+00, 1.013248085975647e+00, 9.713436365127563e-01, 9.295441508293152e-01, 8.879557847976682e-01, 8.46697270870209e-01, 8.059029579162598e-01, 7.657272219657898e-01, 7.263490557670593e-01, 6.87978208065033e-01, 6.508618593215942e-01, 6.152922511100769e-01, 5.816140174865723e-01, 5.502310991287231e-01, 5.21609365940094e-01, 4.962727427482605e-01, 4.747873246669769e-01, 4.577288031578064e-01, 4.456315040588379e-01, 4.389237463474274e-01, 4.378629624843597e-01, 4.424914419651031e-01, 4.526284337043762e-01, 4.679025113582611e-01, 4.878109395503998e-01, 5.117866396903994e-01, 5.392553210258486e-01, 5.696746706962583e-01, 6.025562882423401e-01, 6.374732851982117e-01, 6.740596890449524e-01, 7.120046019554138e-01, 7.510450482368469e-01, 7.909582257270813e-01, 8.315543532371521e-01, 8.726706504821777e-01, 9.141659140586853e-01, 9.559159278869629e-01, 9.978103637695316e-01, 1.039749264717102e+00, 1.0816410779953e+00, 1.123400211334229e+00, 1.164945602416992e+00, 1.206199288368225e+00, 1.247085332870483e+00, 1.287528395652771e+00, 1.327453374862671e+00, 1.36678409576416e+00, 1.405443429946899e+00, 1.443351745605469e+00, 1.480427384376526e+00, 1.5165855884552e+00, 1.551738500595093e+00, 1.585794925689697e+00, 1.61866021156311e+00, 1.650236487388611e+00, 1.680422425270081e+00, 1.70911431312561e+00, 1.73620593547821e+00, 1.761589884757996e+00, 1.785158395767212e+00, 1.806804537773132e+00, 1.826423764228821e+00, 1.843915820121765e+00, 1.859186291694641e+00, 1.872148752212524e+00, 1.882726788520813e+00, 1.890855669975281e+00, 1.89648425579071e+00, 1.899576306343079e+00, 1.90011191368103e+00]
incAngNor.y=[1.242841839790344e+00, 1.24494469165802e+00, 1.24959123134613e+00, 1.256751298904419e+00, 1.266379475593567e+00, 1.278416514396667e+00, 1.292790293693542e+00, 1.309418201446533e+00, 1.328209161758423e+00, 1.349064826965332e+00, 1.371882557868958e+00, 1.396556496620178e+00, 1.42297899723053e+00, 1.451042771339417e+00, 1.48064112663269e+00, 1.511669397354126e+00, 1.544025421142578e+00, 1.57761025428772e+00, 1.612327814102173e+00, 1.648085832595825e+00, 1.684795260429382e+00, 1.722370147705078e+00, 1.760727763175964e+00, 1.799787640571594e+00, 1.839471817016602e+00, 1.879703760147095e+00, 1.920408010482788e+00, 1.961509466171265e+00, 2.002932548522949e+00, 2.044599771499634e+00, 2.086431741714478e+00, 2.128344535827637e+00, 2.170248985290527e+00, 2.212048530578613e+00, 2.253636837005615e+00, 2.29489541053772e+00, 2.335689783096313e+00, 2.375865459442139e+00, 2.415243625640869e+00, 2.453614473342896e+00, 2.490730762481689e+00, 2.526300430297852e+00, 2.559978723526001e+00, 2.591361522674561e+00, 2.619983196258545e+00, 2.645319938659668e+00, 2.666805267333984e+00, 2.683863878250122e+00, 2.695961236953735e+00, 2.702668905258179e+00, 2.703729629516602e+00, 2.699101209640503e+00, 2.688964128494263e+00, 2.6736900806427e+00, 2.653781652450562e+00, 2.629806041717529e+00, 2.60233736038208e+00, 2.57191801071167e+00, 2.539036512374878e+00, 2.504119396209717e+00, 2.467532873153687e+00, 2.429588079452515e+00, 2.390547513961792e+00, 2.350634574890137e+00, 2.310038328170776e+00, 2.268922090530396e+00, 2.227426767349243e+00, 2.18567681312561e+00, 2.143782377243042e+00, 2.101843357086182e+00, 2.059951543807984e+00, 2.018192529678345e+00, 1.976647019386292e+00, 1.935393333435059e+00, 1.8945072889328e+00, 1.854064226150513e+00, 1.814139366149902e+00, 1.774808526039124e+00, 1.736149191856384e+00, 1.698240876197815e+00, 1.661165237426758e+00, 1.625007033348083e+00, 1.589854121208191e+00, 1.555797815322876e+00, 1.522932410240173e+00, 1.491356253623962e+00, 1.461170196533203e+00, 1.432478308677673e+00, 1.405386686325073e+00, 1.380002737045288e+00, 1.356434226036072e+00, 1.334788203239441e+00, 1.315168857574463e+00, 1.297676920890808e+00, 1.282406330108643e+00, 1.269443869590759e+00, 1.258865833282471e+00, 1.250736951828003e+00, 1.245108366012573e+00, 1.242016315460205e+00, 1.241480708122253e+00]
incAngHor.y=[2.81305193901062e+00, 2.806183099746704e+00, 2.79151177406311e+00, 2.769976615905762e+00, 2.742710828781128e+00, 2.710829973220825e+00, 2.67531418800354e+00, 2.636968851089478e+00, 2.596433639526367e+00, 2.554207563400269e+00, 2.510679721832275e+00, 2.466154336929321e+00, 2.420871734619141e+00, 2.375024795532227e+00, 2.328770875930786e+00, 2.282240629196167e+00, 2.235544681549072e+00, 2.18877911567688e+00, 2.142029285430908e+00, 2.095372200012207e+00, 2.048879623413086e+00, 2.002619504928589e+00, 1.9566570520401e+00, 1.911057233810425e+00, 1.86588442325592e+00, 1.821204543113708e+00, 1.777084827423096e+00, 1.733595132827759e+00, 1.690808892250061e+00, 1.648802876472473e+00, 1.607658505439758e+00, 1.567462205886841e+00, 1.528305530548096e+00, 1.490285873413086e+00, 1.453506708145141e+00, 1.41807758808136e+00, 1.384114027023315e+00, 1.351737499237061e+00, 1.321074604988098e+00, 1.292256593704224e+00, 1.265417575836182e+00, 1.24069356918335e+00, 1.218219876289368e+00, 1.198129296302795e+00, 1.180548429489136e+00, 1.165595412254333e+00, 1.15337598323822e+00, 1.143980741500854e+00, 1.137482047080994e+00, 1.133931040763855e+00, 1.13335645198822e+00, 1.135762810707092e+00, 1.141130805015564e+00, 1.149417519569397e+00, 1.160558581352234e+00, 1.174470186233521e+00, 1.191051959991455e+00, 1.210190176963806e+00, 1.23176109790802e+00, 1.25563383102417e+00, 1.281673908233643e+00, 1.309745311737061e+00, 1.339712738990784e+00, 1.371443867683411e+00, 1.404810070991516e+00, 1.439687848091125e+00, 1.475959300994873e+00, 1.513512492179871e+00, 1.552241563796997e+00, 1.592046976089477e+00, 1.632834553718566e+00, 1.674516201019287e+00, 1.717008590698242e+00, 1.760232925415039e+00, 1.804114580154419e+00, 1.84858226776123e+00, 1.89356791973114e+00, 1.939004778862e+00, 1.984827995300293e+00, 2.030972957611084e+00, 2.077374219894409e+00, 2.123964786529541e+00, 2.170674562454224e+00, 2.217427968978882e+00, 2.264143466949463e+00, 2.310728549957275e+00, 2.357078313827515e+00, 2.403069496154785e+00, 2.448555469512939e+00, 2.493357181549072e+00, 2.53725266456604e+00, 2.579963445663452e+00, 2.621134042739868e+00, 2.660309314727783e+00, 2.696906089782715e+00, 2.730184078216553e+00, 2.759230136871338e+00, 2.782975673675537e+00, 2.800281524658203e+00, 2.810116052627563e+00, 2.811797618865967e+00]
