last-generated=2017-12-20
statistics-simulation=
{
  "numerical Jacobians": "0", 
  "nonlinear": " ", 
  "number of continuous time states": "2", 
  "linear": " "
}
temperature1.T=[2.981499938964844e+02, 3.031499938964844e+02, 3.031499938964844e+02, 3.031499938964844e+02, 3.031499938964844e+02, 3.031499938964844e+02, 3.031499938964844e+02, 3.031499938964844e+02, 3.031499938964844e+02, 3.031499938964844e+02, 3.031499938964844e+02, 3.031499938964844e+02, 3.031499938964844e+02, 3.027022399902344e+02, 2.992509155273438e+02, 2.940099487304688e+02, 2.893184814453125e+02, 2.86127685546875e+02, 2.8430078125e+02, 2.834774475097656e+02, 2.834223937988281e+02, 2.839810180664062e+02, 2.850008850097656e+02, 2.862789611816406e+02, 2.875032653808594e+02, 2.968920593261719e+02, 3.031499938964844e+02, 3.031499938964844e+02, 3.031499938964844e+02, 3.031499938964844e+02, 3.031499938964844e+02, 3.031499938964844e+02, 3.031499938964844e+02, 3.031499938964844e+02, 3.031499938964844e+02, 3.031499938964844e+02, 3.031499938964844e+02, 3.031499938964844e+02, 3.027006530761719e+02, 2.992488708496094e+02, 2.940000305175781e+02, 2.893044128417969e+02, 2.861241149902344e+02, 2.842987976074219e+02, 2.834768371582031e+02, 2.834217529296875e+02, 2.839801025390625e+02, 2.850002746582031e+02, 2.862795715332031e+02, 2.875055847167969e+02, 2.968940124511719e+02, 3.031499938964844e+02, 3.031499938964844e+02, 3.031499938964844e+02, 3.031499938964844e+02, 3.031499938964844e+02, 3.031499938964844e+02, 3.031499938964844e+02, 3.031499938964844e+02, 3.031499938964844e+02, 3.031499938964844e+02, 3.031499938964844e+02, 3.031499938964844e+02, 3.026924438476562e+02, 2.992466430664062e+02, 2.940067138671875e+02, 2.893099975585938e+02, 2.861252136230469e+02, 2.843005065917969e+02, 2.834781494140625e+02, 2.834227294921875e+02, 2.839808349609375e+02, 2.85000732421875e+02, 2.862795715332031e+02, 2.875045471191406e+02, 2.968922424316406e+02, 3.031499938964844e+02, 3.031499938964844e+02, 3.031499938964844e+02, 3.031499938964844e+02, 3.031499938964844e+02, 3.031499938964844e+02, 3.031499938964844e+02, 3.031499938964844e+02, 3.031499938964844e+02, 3.031499938964844e+02, 3.031499938964844e+02, 3.031499938964844e+02, 3.027041625976562e+02, 2.992452392578125e+02, 2.939940795898438e+02, 2.893013000488281e+02, 2.861220092773438e+02, 2.842986145019531e+02, 2.834768676757812e+02, 2.834215087890625e+02, 2.839800720214844e+02, 2.850002746582031e+02, 2.862793273925781e+02, 2.875054321289062e+02, 2.968925476074219e+02]
temperature.T=[2.981499938964844e+02, 2.956369018554688e+02, 2.97967529296875e+02, 2.999954833984375e+02, 3.015932922363281e+02, 3.026605529785156e+02, 3.031302795410156e+02, 3.029728698730469e+02, 3.021982727050781e+02, 3.008551330566406e+02, 2.990278625488281e+02, 2.968312377929688e+02, 2.944033203125e+02, 3.031499938964844e+02, 3.031499938964844e+02, 3.031499938964844e+02, 3.031499938964844e+02, 3.031499938964844e+02, 3.031499938964844e+02, 3.031499938964844e+02, 3.031499938964844e+02, 3.031499938964844e+02, 3.031499938964844e+02, 3.031499938964844e+02, 3.031499938964844e+02, 2.981499938964844e+02, 2.956369018554688e+02, 2.97967529296875e+02, 2.999954833984375e+02, 3.015932922363281e+02, 3.026605529785156e+02, 3.031302795410156e+02, 3.029728698730469e+02, 3.021982727050781e+02, 3.008551330566406e+02, 2.990278625488281e+02, 2.968312377929688e+02, 2.944033203125e+02, 3.031499938964844e+02, 3.031499938964844e+02, 3.031499938964844e+02, 3.031499938964844e+02, 3.031499938964844e+02, 3.031499938964844e+02, 3.031499938964844e+02, 3.031499938964844e+02, 3.031499938964844e+02, 3.031499938964844e+02, 3.031499938964844e+02, 3.031499938964844e+02, 2.981499938964844e+02, 2.956369018554688e+02, 2.97967529296875e+02, 2.999954833984375e+02, 3.015932922363281e+02, 3.026605529785156e+02, 3.031302795410156e+02, 3.029728698730469e+02, 3.021982727050781e+02, 3.008551330566406e+02, 2.990278625488281e+02, 2.968312377929688e+02, 2.944033203125e+02, 3.031499938964844e+02, 3.031499938964844e+02, 3.031499938964844e+02, 3.031499938964844e+02, 3.031499938964844e+02, 3.031499938964844e+02, 3.031499938964844e+02, 3.031499938964844e+02, 3.031499938964844e+02, 3.031499938964844e+02, 3.031499938964844e+02, 3.031499938964844e+02, 2.981499938964844e+02, 2.956369018554688e+02, 2.97967529296875e+02, 2.999954833984375e+02, 3.015932922363281e+02, 3.026605529785156e+02, 3.031302795410156e+02, 3.029728698730469e+02, 3.021982727050781e+02, 3.008551330566406e+02, 2.990278625488281e+02, 2.968312377929688e+02, 2.944033203125e+02, 3.031499938964844e+02, 3.031499938964844e+02, 3.031499938964844e+02, 3.031499938964844e+02, 3.031499938964844e+02, 3.031499938964844e+02, 3.031499938964844e+02, 3.031499938964844e+02, 3.031499938964844e+02, 3.031499938964844e+02, 3.031499938964844e+02, 3.031499938964844e+02, 2.981499938964844e+02]
pipe_HeatPort1.heatPort.T=[3.031499938964844e+02, 3.031499938964844e+02, 3.031499938964844e+02, 3.031499938964844e+02, 3.031499938964844e+02, 3.031499938964844e+02, 3.031499938964844e+02, 3.031499938964844e+02, 3.031499938964844e+02, 3.031499938964844e+02, 3.031499938964844e+02, 3.031499938964844e+02, 3.031499938964844e+02, 3.031499938964844e+02, 3.031499938964844e+02, 3.031499938964844e+02, 3.031499938964844e+02, 3.031499938964844e+02, 3.031499938964844e+02, 3.031499938964844e+02, 3.031499938964844e+02, 3.031499938964844e+02, 3.031499938964844e+02, 3.031499938964844e+02, 3.031499938964844e+02, 3.031499938964844e+02, 3.031499938964844e+02, 3.031499938964844e+02, 3.031499938964844e+02, 3.031499938964844e+02, 3.031499938964844e+02, 3.031499938964844e+02, 3.031499938964844e+02, 3.031499938964844e+02, 3.031499938964844e+02, 3.031499938964844e+02, 3.031499938964844e+02, 3.031499938964844e+02, 3.031499938964844e+02, 3.031499938964844e+02, 3.031499938964844e+02, 3.031499938964844e+02, 3.031499938964844e+02, 3.031499938964844e+02, 3.031499938964844e+02, 3.031499938964844e+02, 3.031499938964844e+02, 3.031499938964844e+02, 3.031499938964844e+02, 3.031499938964844e+02, 3.031499938964844e+02, 3.031499938964844e+02, 3.031499938964844e+02, 3.031499938964844e+02, 3.031499938964844e+02, 3.031499938964844e+02, 3.031499938964844e+02, 3.031499938964844e+02, 3.031499938964844e+02, 3.031499938964844e+02, 3.031499938964844e+02, 3.031499938964844e+02, 3.031499938964844e+02, 3.031499938964844e+02, 3.031499938964844e+02, 3.031499938964844e+02, 3.031499938964844e+02, 3.031499938964844e+02, 3.031499938964844e+02, 3.031499938964844e+02, 3.031499938964844e+02, 3.031499938964844e+02, 3.031499938964844e+02, 3.031499938964844e+02, 3.031499938964844e+02, 3.031499938964844e+02, 3.031499938964844e+02, 3.031499938964844e+02, 3.031499938964844e+02, 3.031499938964844e+02, 3.031499938964844e+02, 3.031499938964844e+02, 3.031499938964844e+02, 3.031499938964844e+02, 3.031499938964844e+02, 3.031499938964844e+02, 3.031499938964844e+02, 3.031499938964844e+02, 3.031499938964844e+02, 3.031499938964844e+02, 3.031499938964844e+02, 3.031499938964844e+02, 3.031499938964844e+02, 3.031499938964844e+02, 3.031499938964844e+02, 3.031499938964844e+02, 3.031499938964844e+02, 3.031499938964844e+02, 3.031499938964844e+02, 3.031499938964844e+02, 3.031499938964844e+02]
time=[0e+00, 4e+03]
