last-generated=2018-06-13
statistics-simulation=
{
  "linear": " ",
  "nonlinear": " ",
  "number of continuous time states": "1",
  "numerical Jacobians": "0"
}
y=[-1e+01, -8.803887271577276e+00, -7.760668861032353e+00, -6.845392807714931e+00, -6.034066043816757e+00, -5.304961086004837e+00, -4.643130931012399e+00, -4.045671063912165e+00, -3.512980888668224e+00, -3.040066880112152e+00, -2.621439702313055e+00, -2.251996542357012e+00, -1.926999477526508e+00, -1.642064803739485e+00, -1.393140346066484e+00, -1.176490071169831e+00, -9.886747579839328e-01, -8.265393223487385e-01, -6.871948582260736e-01, -5.680023173862122e-01, -4.665598967428166e-01, -3.806870056309071e-01, -3.084097725249871e-01, -2.479490504498654e-01, -1.977061476810701e-01, -1.5625e-01, -1.223059240570443e-01, -9.474295858788426e-02, -7.251586263125843e-02, -5.425593995630223e-02, -3.924733756951094e-02, -2.751017611318868e-02, -1.878694120466853e-02, -1.254356935333953e-02, -8.198139655252474e-03, -5.242186619461538e-03, -3.27352867733093e-03, -1.990323230816906e-03, -1.173267088351102e-03, -6.667297229297713e-04, -3.624479543817893e-04, -1.865407101839163e-04, -8.960474821446588e-05, -3.936924163152269e-05, -1.536026911905356e-05, -5.083461059784535e-06, -1.321927331574657e-06, -2.341217512245809e-07, -2.05019023838535e-08, -3.200428411075681e-10, 0e+00, -3.199572983837478e-10, -2.045810273997089e-08, -2.324379776590457e-07, -1.299502256246679e-06, -4.916381445237848e-06, -1.449817526371029e-05, -3.591721095331928e-05, -7.812322633701166e-05, -1.53399752736596e-04, -2.769086349469049e-04, -4.650504118330442e-04, -7.320284765358312e-04, -1.083857454116879e-03, -1.508960706543216e-03, -1.964632153360017e-03, -2.359488618948062e-03, -2.534959458709074e-03, -2.257041776469305e-03, -1.248835798613631e-03, 6.745711028027523e-04, 3.330802769580455e-03, 6.125131955794931e-03, 9.221899731437722e-03, 1.352605784398099e-02, 1.953125e-02, 2.779906817001391e-02, 3.904304415372369e-02, 5.416169188381673e-02, 7.42766086319335e-02, 1.007769278416239e-01, 1.353708563322985e-01, 1.801440193300534e-01, 2.376267229510001e-01, 3.10870976312381e-01, 4.035361445962267e-01, 5.199868052318652e-01, 6.654040058142068e-01, 8.459065340117333e-01, 1.068689587220727e+00, 1.342177095401698e+00, 1.676195636465422e+00, 2.082157969768461e+00, 2.573269227512101e+00, 3.15998044877867e+00, 3.813916527848533e+00, 4.484655774429763e+00, 5.153972705746759e+00, 5.831264760178075e+00, 6.537322785163302e+00, 7.295966625213623e+00]
x=[-1e+00, -9.411919165718786e-01, -8.847360610652117e-01, -8.305839959671187e-01, -7.786879713602207e-01, -7.290000305371322e-01, -6.81472014588215e-01, -6.360559743619447e-01, -5.927040538689573e-01, -5.513680126217286e-01, -5.120000015447808e-01, -4.745520580168051e-01, -4.389760064309575e-01, -4.05223979864775e-01, -3.732479666259722e-01, -3.430000123788798e-01, -3.144319852896573e-01, -2.874959664634759e-01, -2.621440170263651e-01, -2.383279894791887e-01, -2.159999800249487e-01, -1.951120218353276e-01, -1.756159938953107e-01, -1.57463978970045e-01, -1.406080133667697e-01, -1.25e-01, -1.105920076641666e-01, -9.733599644295361e-02, -8.518400182985067e-02, -7.408800676681307e-02, -6.400000020733063e-02, -5.48720008147987e-02, -4.665599585896855e-02, -3.930399816846133e-02, -3.27680021421112e-02, -2.699999752443484e-02, -2.195199923890169e-02, -1.757600168583863e-02, -1.382400096581083e-02, -1.064800023031923e-02, -8.000000029456885e-03, -5.831999490010781e-03, -4.096000271239867e-03, -2.743999905356112e-03, -1.728000122689846e-03, -1.00000000455826e-03, -5.120000347848127e-04, -2.160000158351098e-04, -6.400000457340826e-05, -8.00000063068461e-06, 0e+00, 8.00000063068461e-06, 6.400000457340827e-05, 2.160000158351098e-04, 5.12000034784815e-04, 1.000000004558263e-03, 1.728000122689851e-03, 2.743999905356106e-03, 4.096000271239859e-03, 5.831999490010771e-03, 8.000000029456885e-03, 1.064800023031923e-02, 1.382400096581083e-02, 1.757600168583863e-02, 2.195199923890169e-02, 2.699999752443483e-02, 3.276800214211124e-02, 3.930399816846138e-02, 4.66559958589686e-02, 5.487200081479865e-02, 6.400000020733058e-02, 7.408800676681301e-02, 8.518400182985067e-02, 9.733599644295361e-02, 1.105920076641666e-01, 1.25e-01, 1.406080133667697e-01, 1.57463978970045e-01, 1.756159938953107e-01, 1.951120218353276e-01, 2.159999800249488e-01, 2.383279894791888e-01, 2.621440170263649e-01, 2.874959664634759e-01, 3.144319852896573e-01, 3.430000123788798e-01, 3.732479666259722e-01, 4.05223979864775e-01, 4.389760064309575e-01, 4.745520580168051e-01, 5.120000015447808e-01, 5.513680126217286e-01, 5.927040538689575e-01, 6.360559743619451e-01, 6.814720145882148e-01, 7.29000030537132e-01, 7.786879713602205e-01, 8.305839959671187e-01, 8.847360610652117e-01, 9.411919165718786e-01, 1e+00]
time=[-1e+00, 1e+00]
der(y)=[6.405605316162109e+01, 5.577163742675472e+01, 4.875805981778367e+01, 4.297028414104632e+01, 3.834707308892477e+01, 3.469483585141378e+01, 3.150501708483472e+01, 2.822493511550163e+01, 2.509272017167626e+01, 2.224439146732773e+01, 1.966079948357195e+01, 1.732304894037302e+01, 1.521315289636173e+01, 1.331403933532319e+01, 1.160950337227094e+01, 1.008420077392708e+01, 8.723600887820458e+00, 7.513994172522331e+00, 6.442451729268215e+00, 5.496796876141129e+00, 4.665598908306867e+00, 3.938141205183744e+00, 3.304390599525021e+00, 2.754989561543979e+00, 2.281224675652815e+00, 1.875e+00, 1.5288240262695e+00, 1.235778102454968e+00, 9.998657348379115e-01, 8.314751239271043e-01, 6.682409748126159e-01, 5.077762971152959e-01, 3.692103652328362e-01, 2.600701883253083e-01, 1.787313477987752e-01, 1.202073784266705e-01, 7.915787204041136e-02, 5.097419794442885e-02, 3.201468717722075e-02, 1.953044782125352e-02, 1.150521080517397e-02, 6.491149853964445e-03, 3.466985387769241e-03, 1.724048132552592e-03, 7.787545702545912e-04, 3.075091303402436e-04, 9.956460930444998e-05, 2.34542524654322e-05, 3.076927407441198e-06, 9.601926541539834e-08, 0e+00, -9.598076819577806e-08, -3.067072575081095e-06, -2.320168572952152e-05, -9.704179415454639e-05, -2.924719685073928e-04, -7.140976039231099e-04, -1.50213247990213e-03, -2.821155431344172e-03, -4.834142148058508e-03, -7.656188211336404e-03, -1.128123445250229e-02, -1.547442492161454e-02, -1.962326082983969e-02, -2.254609006491906e-02, -2.227608616717095e-02, -1.589826636745392e-02, 3.207696827624076e-04, 2.988074798125587e-02, 7.273248227821921e-02, 1.183096270801029e-01, 1.412622633727916e-01, 1.386676598777999e-01, 1.804289415549271e-01, 2.536135782839816e-01, 3.515625e-01, 4.811376889607761e-01, 6.507174741128134e-01, 8.704557725701771e-01, 1.152568016065676e+00, 1.511653907506983e+00, 1.965060831115935e+00, 2.533275352010005e+00, 3.240364496722799e+00, 4.114468712183483e+00, 5.188321834736101e+00, 6.499835372023211e+00, 8.092751637920241e+00, 1.001731402786547e+01, 1.233103262229888e+01, 1.509949221160043e+01, 1.839726960119933e+01, 2.230883592709701e+01, 2.692650252721101e+01, 3.148662642085429e+01, 3.343012676957797e+01, 3.35058557101053e+01, 3.351870351443302e+01, 3.439015363699291e+01, 3.641614674760179e+01, 3.964925765991211e+01]
der(x)=[3e+00, 2.881199963226208e+00, 2.764800195569625e+00, 2.650800003175733e+00, 2.539199975595567e+00, 2.430000195788659e+00, 2.323200012645663e+00, 2.218799994259122e+00, 2.11680020230189e+00, 2.017200028409789e+00, 1.919999900007584e+00, 1.825200095901733e+00, 1.732800050468395e+00, 1.642799931259248e+00, 1.55519985748358e+00, 1.470000078820985e+00, 1.387199968805463e+00, 1.306799904279838e+00, 1.228800113467772e+00, 1.153200012645734e+00, 1.079999957370435e+00, 1.009200035199963e+00, 9.408000031757332e-01, 8.747999571513657e-01, 8.112000824354977e-01, 7.5e-01, 6.912000489568345e-01, 6.347999939490026e-01, 5.808000031757329e-01, 5.292000506542184e-01, 4.799999750376008e-01, 4.332000126456981e-01, 3.887999644565863e-01, 3.467999922227887e-01, 3.072000284098951e-01, 2.69999989414196e-01, 2.352000008010876e-01, 2.02800020666073e-01, 1.728000122713828e-01, 1.452000008010831e-01, 1.199999937772858e-01, 9.719999115707222e-02, 7.680000712393663e-02, 5.880000020384719e-02, 4.320000308394396e-02, 2.999999845325987e-02, 1.920000179171466e-02, 1.080000077903223e-02, 4.800000453293242e-03, 1.200000116005526e-03, 0e+00, 1.200000116005526e-03, 4.800000453293242e-03, 1.080000077903223e-02, 1.920000179171472e-02, 2.999999845325993e-02, 4.320000308394404e-02, 5.88000002038471e-02, 7.680000712393652e-02, 9.71999911570721e-02, 1.199999937772858e-01, 1.452000008010831e-01, 1.728000122713828e-01, 2.02800020666073e-01, 2.352000008010876e-01, 2.69999989414196e-01, 3.072000284098954e-01, 3.467999922227889e-01, 3.887999644565866e-01, 4.332000126456979e-01, 4.799999750376005e-01, 5.29200050654218e-01, 5.808000031757329e-01, 6.347999939490026e-01, 6.912000489568345e-01, 7.5e-01, 8.112000824354977e-01, 8.747999571513657e-01, 9.408000031757332e-01, 1.009200035199963e+00, 1.079999957370436e+00, 1.153200012645734e+00, 1.228800113467772e+00, 1.306799904279838e+00, 1.387199968805463e+00, 1.470000078820985e+00, 1.55519985748358e+00, 1.642799931259248e+00, 1.732800050468395e+00, 1.825200095901733e+00, 1.919999900007584e+00, 2.017200028409789e+00, 2.11680020230189e+00, 2.218799994259122e+00, 2.323200012645662e+00, 2.430000195788659e+00, 2.539199975595567e+00, 2.650800003175733e+00, 2.764800195569625e+00, 2.881199963226208e+00, 3e+00]
