last-generated=2018-06-13
statistics-simulation=
{
  "linear": " ",
  "nonlinear": "1",
  "numerical Jacobians": "0"
}
wetBul.TWetBul=[2.980599365234375e+02, 2.980592346191236e+02, 2.980585327148165e+02, 2.980578308105059e+02, 2.980571289061954e+02, 2.9805642700201e+02, 2.980557250975744e+02, 2.980550231933821e+02, 2.980543212889261e+02, 2.980536193850385e+02, 2.980529174805597e+02, 2.980521850585574e+02, 2.980514831540922e+02, 2.980507507321308e+02, 2.980500488281705e+02, 2.980493164067047e+02, 2.980486145016803e+02, 2.980478820802145e+02, 2.980471496587488e+02, 2.980464172361826e+02, 2.980456848146805e+02, 2.98044982909656e+02, 2.980442504881903e+02, 2.980434875491464e+02, 2.980427551266257e+02, 2.980420227050781e+02, 2.980412902824755e+02, 2.98040557861983e+02, 2.980397949219659e+02, 2.980390624993634e+02, 2.980382995614564e+02, 2.980375671388538e+02, 2.980368041986731e+02, 2.980360717781441e+02, 2.980353088381635e+02, 2.980345458979828e+02, 2.980337829600758e+02, 2.98033020019895e+02, 2.980322570797143e+02, 2.980314941395336e+02, 2.980307312016266e+02, 2.980299682614459e+02, 2.980292053212652e+02, 2.980284423833582e+02, 2.980276489255994e+02, 2.980268859854186e+02, 2.980260925300609e+02, 2.980253295897528e+02, 2.98024536131994e+02, 2.98023773194087e+02, 2.980229797363281e+02, 2.980221862785693e+02, 2.980213928208104e+02, 2.980206298801932e+02, 2.980198364274183e+02, 2.980190429696595e+02, 2.980182495119006e+02, 2.980174560540327e+02, 2.980166320788048e+02, 2.98015838621046e+02, 2.980150451678346e+02, 2.980142211927159e+02, 2.980134277347388e+02, 2.980126342769072e+02, 2.98011810301643e+02, 2.980109863263061e+02, 2.980101928730946e+02, 2.980093688977577e+02, 2.980085449225298e+02, 2.980077514646255e+02, 2.98006927489143e+02, 2.980061035136605e+02, 2.980052795431984e+02, 2.980044555678614e+02, 2.980036010750919e+02, 2.980027770996094e+02, 2.980019531242724e+02, 2.980011291486445e+02, 2.980002746560204e+02, 2.979994506852308e+02, 2.979985961924976e+02, 2.979977722169788e+02, 2.979969177240637e+02, 2.979960632311486e+02, 2.979952392554115e+02, 2.979943847678077e+02, 2.979935302747472e+02, 2.979926757816866e+02, 2.979918212886987e+02, 2.979909667957836e+02, 2.979901123025048e+02, 2.979892578145008e+02, 2.979884033215858e+02, 2.979875183112017e+02, 2.979866638181411e+02, 2.979858093250805e+02, 2.979849243144418e+02, 2.979840698264015e+02, 2.979831848161993e+02, 2.979822998055606e+02, 2.979814453125e+02]
wetBulApp.TWetBul=[2.981835327148438e+02, 2.981900634767126e+02, 2.981967163088939e+02, 2.982034606938198e+02, 2.982102966314733e+02, 2.982172241205822e+02, 2.982242431650243e+02, 2.982313537595519e+02, 2.982385559094855e+02, 2.98245788571654e+02, 2.982531127918774e+02, 2.982605285648897e+02, 2.982679748555211e+02, 2.982754821812996e+02, 2.982830505366546e+02, 2.98290649409515e+02, 2.982983093289004e+02, 2.983059997544678e+02, 2.983137206975589e+02, 2.983214721698241e+02, 2.983292846656495e+02, 2.98337097173071e+02, 2.983449096689146e+02, 2.983527831998144e+02, 2.983606567424558e+02, 2.983685302734375e+02, 2.983764038161607e+02, 2.983842773354008e+02, 2.983921813955385e+02, 2.984000549382617e+02, 2.9840792845752e+02, 2.984158020000978e+02, 2.984236755426755e+02, 2.984315185442829e+02, 2.984393310519044e+02, 2.984471435593259e+02, 2.984549255259772e+02, 2.984626769982424e+02, 2.984703979528567e+02, 2.984780883898202e+02, 2.9848571776889e+02, 2.984933471706972e+02, 2.985009155373482e+02, 2.985084533637928e+02, 2.98515960695142e+02, 2.98523406991153e+02, 2.985307922302163e+02, 2.985381469735294e+02, 2.985454406815225e+02, 2.985526733328588e+02, 2.985598449707031e+02, 2.985669555731e+02, 2.985740051403407e+02, 2.985809936724251e+02, 2.985879211278445e+02, 2.985947875894709e+02, 2.986015624983993e+02, 2.986083068894586e+02, 2.986149292101689e+02, 2.986215210129009e+02, 2.98627990707377e+02, 2.986343994051132e+02, 2.986407470673294e+02, 2.986470031768112e+02, 2.986531677333404e+02, 2.986592712544223e+02, 2.986652831871182e+02, 2.986711730860263e+02, 2.986770324665559e+02, 2.986827697767367e+02, 2.98688415533892e+02, 2.986939697383493e+02, 2.986994323573311e+02, 2.987048034566107e+02, 2.987100830028649e+02, 2.987152709960938e+02, 2.987203369188646e+02, 2.987253418061881e+02, 2.987302246233446e+02, 2.987350158589908e+02, 2.987396850531369e+02, 2.987442932117992e+02, 2.9874877930004e+02, 2.987531433179319e+02, 2.987574462998671e+02, 2.987615966698651e+02, 2.987656860292628e+02, 2.987696533184208e+02, 2.987734985369752e+02, 2.987772522025042e+02, 2.987808837977935e+02, 2.987844238189211e+02, 2.987878723085961e+02, 2.987911682105988e+02, 2.987944030768995e+02, 2.987974853552004e+02, 2.988005065980177e+02, 2.988033752358461e+02, 2.988061523385114e+02, 2.988088073705731e+02, 2.988113708496094e+02]
time=[0e+00, 1e+00]
