last-generated=2016-08-24
statistics-initialization=
{
  "linear": "2, 2, 2, 2, 2, 2, 2, 2"
}
statistics-simulation=
{
  "numerical Jacobians": "0", 
  "nonlinear": "1, 2, 2", 
  "number of continuous time states": "67", 
  "linear": "0, 0, 0, 0, 0, 0, 0, 5, 5, 0, 0, 0, 0, 0, 0, 0, 0, 0, 0, 0, 0, 5, 5, 0, 0, 0, 0,   0, 2, 2"
}
case900_gains.building.gF.airModel.phi=[0.69202816486358642578, 0.74475663900375366211, 0.76147174835205078125, 0.76686596870422363281, 0.76846325397491455078, 0.76900446414947509766, 0.76925307512283325195, 0.76936286687850952148, 0.76943069696426391602, 0.76949536800384521484, 0.7695490717887878418, 0.7695903778076171875, 0.76957190036773681641, 0.76956093311309814453, 0.7695948481559753418, 0.76964026689529418945, 0.76966869831085205078, 0.76970440149307250977, 0.76971507072448730469, 0.76972585916519165039, 0.76973360776901245117, 0.76965415477752685547, 0.76963031291961669922, 0.76965725421905517578, 0.76968073844909667969, 0.76970559358596801758, 0.7697308659553527832, 0.76976859569549560547, 0.76979440450668334961, 0.76977705955505371094, 0.76963943243026733398, 0.76964133977890014648, 0.76972150802612304688, 0.76977634429931640625, 0.76982992887496948242, 0.769886016845703125, 0.76993197202682495117, 0.76996839046478271484, 0.76953536272048950195, 0.72816634178161621094, 0.7135931849479675293, 0.76925098896026611328, 0.76942467689514160156, 0.7695446014404296875, 0.76963347196578979492, 0.76970553398132324219, 0.76975798606872558594, 0.76976281404495239258, 0.76955008506774902344, 0.76967889070510864258, 0.76974266767501831055, 0.76978838443756103516, 0.76982468366622924805, 0.76985466480255126953, 0.76987588405609130859, 0.76984941959381103516, 0.76975870132446289062, 0.76975548267364501953, 0.76981568336486816406, 0.7698529362678527832, 0.76988404989242553711, 0.76992619037628173828, 0.76995813846588134766, 0.76998603343963623047, 0.76989370584487915039, 0.76988017559051513672, 0.76991248130798339844, 0.76996850967407226562, 0.77000731229782104492, 0.77004653215408325195, 0.77007722854614257812, 0.77009654045104980469, 0.7701079249382019043, 0.77001851797103881836, 0.76997649669647216797, 0.77003109455108642578, 0.77005469799041748047, 0.77007114887237548828, 0.77008479833602905273, 0.77009338140487670898, 0.7701027989387512207, 0.77006316184997558594, 0.76996767520904541016, 0.76996320486068725586, 0.77001303434371948242, 0.77002280950546264648, 0.77003270387649536133, 0.77004724740982055664, 0.77005743980407714844, 0.77006316184997558594, 0.7697327733039855957, 0.76953554153442382812, 0.76968175172805786133, 0.76977396011352539062, 0.76984393596649169922, 0.76992595195770263672, 0.77004915475845336914, 0.77014702558517456055, 0.77019810676574707031, 0.76987272500991821289, 0.77006715536117553711]
case900_default.building.gF.airModel.phi=[0.69202816486358642578, 0.69220119714736938477, 0.69224542379379272461, 0.69227457046508789062, 0.69221109151840209961, 0.69221597909927368164, 0.69227296113967895508, 0.6923153996467590332, 0.69235658645629882812, 0.69240736961364746094, 0.69245290756225585938, 0.69248932600021362305, 0.69247221946716308594, 0.6924622654914855957, 0.69249314069747924805, 0.69253432750701904297, 0.69256013631820678711, 0.69259250164031982422, 0.69260221719741821289, 0.69261199235916137695, 0.69261896610260009766, 0.69254702329635620117, 0.69252550601959228516, 0.69254982471466064453, 0.6925709843635559082, 0.69259345531463623047, 0.69261628389358520508, 0.69265025854110717773, 0.69267362356185913086, 0.69265788793563842773, 0.69253331422805786133, 0.69253522157669067383, 0.69260782003402709961, 0.69265735149383544922, 0.69270575046539306641, 0.69275623559951782227, 0.69279772043228149414, 0.69283050298690795898, 0.69243776798248291016, 0.66337692737579345703, 0.65162843465805053711, 0.69219452142715454102, 0.69234800338745117188, 0.69244939088821411133, 0.69253009557723999023, 0.69259524345397949219, 0.69264245033264160156, 0.69264656305313110352, 0.69245296716690063477, 0.69257020950317382812, 0.69262790679931640625, 0.69266903400421142578, 0.69270175695419311523, 0.69272875785827636719, 0.6927477717399597168, 0.69272363185882568359, 0.6926415562629699707, 0.69263863563537597656, 0.69269299507141113281, 0.69272655248641967773, 0.69275462627410888672, 0.69279259443283081055, 0.69282138347625732422, 0.69284653663635253906, 0.69276297092437744141, 0.69275063276290893555, 0.69277989864349365234, 0.69283044338226318359, 0.6928653717041015625, 0.69290071725845336914, 0.69292837381362915039, 0.69294571876525878906, 0.69295603036880493164, 0.69287520647048950195, 0.69283729791641235352, 0.69288665056228637695, 0.69290786981582641602, 0.69292271137237548828, 0.69293498992919921875, 0.69294279813766479492, 0.69295126199722290039, 0.69291538000106811523, 0.692829132080078125, 0.69282519817352294922, 0.69287014007568359375, 0.69287902116775512695, 0.69288796186447143555, 0.69290107488632202148, 0.69291025400161743164, 0.69291543960571289062, 0.69261658191680908203, 0.69243818521499633789, 0.69257116317749023438, 0.69265460968017578125, 0.6927178502082824707, 0.69279187917709350586, 0.69290310144424438477, 0.69299137592315673828, 0.69303739070892333984, 0.69274306297302246094, 0.69291907548904418945]
time=[0., 1000000.]
case900_gains.building.gF.TAir=[293.149993896484375, 293.14642333984375, 293.14544677734375, 293.144805908203125, 293.14630126953125, 293.146240234375, 293.144927978515625, 293.14398193359375, 293.143035888671875, 293.141876220703125, 293.140838623046875, 293.139984130859375, 293.140380859375, 293.140625, 293.139923095703125, 293.138946533203125, 293.13836669921875, 293.137603759765625, 293.13739013671875, 293.137176513671875, 293.136993408203125, 293.138671875, 293.13916015625, 293.13861083984375, 293.13812255859375, 293.137603759765625, 293.137054443359375, 293.136260986328125, 293.135711669921875, 293.136077880859375, 293.13897705078125, 293.138946533203125, 293.13726806640625, 293.1361083984375, 293.134979248046875, 293.1337890625, 293.132843017578125, 293.132080078125, 293.14117431640625, 294.036712646484375, 294.36590576171875, 293.147125244140625, 293.14349365234375, 293.140960693359375, 293.13909912109375, 293.137603759765625, 293.136505126953125, 293.136383056640625, 293.140838623046875, 293.138153076171875, 293.136810302734375, 293.1358642578125, 293.135101318359375, 293.13446044921875, 293.134002685546875, 293.13458251953125, 293.136474609375, 293.13653564453125, 293.135284423828125, 293.134490966796875, 293.13385009765625, 293.132965087890625, 293.132293701171875, 293.1317138671875, 293.133636474609375, 293.1339111328125, 293.13323974609375, 293.132080078125, 293.131256103515625, 293.13043212890625, 293.129791259765625, 293.12939453125, 293.129150390625, 293.131011962890625, 293.13189697265625, 293.130767822265625, 293.130279541015625, 293.129913330078125, 293.129638671875, 293.12945556640625, 293.129241943359375, 293.130096435546875, 293.132080078125, 293.132171630859375, 293.131134033203125, 293.13092041015625, 293.1307373046875, 293.13043212890625, 293.130218505859375, 293.130096435546875, 293.13702392578125, 293.141143798828125, 293.138092041015625, 293.136138916015625, 293.134674072265625, 293.132965087890625, 293.13037109375, 293.128326416015625, 293.12725830078125, 293.13409423828125, 293.1300048828125]
case900_gains.building.gF.comfort.TRad=[293.149993896484375, 292.674041748046875, 292.41845703125, 292.213592529296875, 292.422271728515625, 292.4027099609375, 292.157867431640625, 291.960540771484375, 291.775390625, 291.578277587890625, 291.3861083984375, 291.2169189453125, 291.220306396484375, 291.257659912109375, 291.1473388671875, 290.979705810546875, 290.857086181640625, 290.733795166015625, 290.643951416015625, 290.570281982421875, 290.513336181640625, 290.71197509765625, 290.792236328125, 290.748046875, 290.67791748046875, 290.611358642578125, 290.5374755859375, 290.4437255859375, 290.3587646484375, 290.372100830078125, 290.8524169921875, 290.918426513671875, 290.705322265625, 290.536529541015625, 290.36956787109375, 290.19573974609375, 290.03546142578125, 289.893280029296875, 291.5819091796875, 295.623992919921875, 295.682708740234375, 293.818939208984375, 292.95068359375, 292.317718505859375, 291.78521728515625, 291.351409912109375, 291.018463134765625, 290.858673095703125, 291.6668701171875, 291.388519287109375, 291.005950927734375, 290.73553466796875, 290.519775390625, 290.341156005859375, 290.20526123046875, 290.198211669921875, 290.44537353515625, 290.480316162109375, 290.321197509765625, 290.20587158203125, 290.1019287109375, 289.9854736328125, 289.879302978515625, 289.78155517578125, 290.0074462890625, 290.0960693359375, 290.031402587890625, 289.8712158203125, 289.7457275390625, 289.6231689453125, 289.51220703125, 289.42706298828125, 289.36676025390625, 289.587158203125, 289.7222900390625, 289.614898681640625, 289.525360107421875, 289.460968017578125, 289.40289306640625, 289.35888671875, 289.31787109375, 289.399627685546875, 289.66253662109375, 289.726531982421875, 289.614959716796875, 289.569549560546875, 289.5302734375, 289.48565673828125, 289.447998046875, 289.41851806640625, 290.44378662109375, 291.52880859375, 291.161041259765625, 290.794708251953125, 290.5283203125, 290.263671875, 289.94384765625, 289.64422607421875, 289.42974853515625, 290.64910888671875, 290.166595458984375]
case900_default.building.gF.comfort.TRad=[293.149993896484375, 292.636993408203125, 292.36297607421875, 292.14373779296875, 292.33935546875, 292.30950927734375, 292.057647705078125, 291.854888916015625, 291.6656494140625, 291.46563720703125, 291.271514892578125, 291.1009521484375, 291.102996826171875, 291.13897705078125, 291.028045654296875, 290.86029052734375, 290.737579345703125, 290.614288330078125, 290.524627685546875, 290.451202392578125, 290.39453125, 290.592926025390625, 290.672943115234375, 290.628753662109375, 290.558990478515625, 290.492645263671875, 290.41912841796875, 290.325836181640625, 290.241302490234375, 290.2548828125, 290.733978271484375, 290.799407958984375, 290.586669921875, 290.4183349609375, 290.251953125, 290.07891845703125, 289.91937255859375, 289.7779541015625, 291.46435546875, 295.485504150390625, 295.501800537109375, 293.660675048828125, 292.81243896484375, 292.18243408203125, 291.650146484375, 291.218231201171875, 290.887542724609375, 290.72967529296875, 291.537750244140625, 291.260467529296875, 290.879791259765625, 290.61102294921875, 290.39678955078125, 290.219635009765625, 290.08502197265625, 290.079010009765625, 290.326263427734375, 290.36151123046875, 290.203125, 290.088531494140625, 289.985260009765625, 289.869476318359375, 289.763885498046875, 289.666656494140625, 289.892669677734375, 289.98138427734375, 289.91693115234375, 289.757293701171875, 289.63232421875, 289.510345458984375, 289.399932861328125, 289.315277099609375, 289.255401611328125, 289.475738525390625, 289.61065673828125, 289.503448486328125, 289.414215087890625, 289.350067138671875, 289.292205810546875, 289.248382568359375, 289.20758056640625, 289.289398193359375, 289.55194091796875, 289.61572265625, 289.50433349609375, 289.458953857421875, 289.419708251953125, 289.375152587890625, 289.33758544921875, 289.3082275390625, 290.331787109375, 291.4132080078125, 291.04510498046875, 290.678985595703125, 290.412811279296875, 290.148651123046875, 289.82952880859375, 289.53076171875, 289.317108154296875, 290.53485107421875, 290.0528564453125]
case900_default.building.gF.TAir=[293.149993896484375, 293.145965576171875, 293.144927978515625, 293.144256591796875, 293.145721435546875, 293.1456298828125, 293.144287109375, 293.143310546875, 293.142333984375, 293.141143798828125, 293.14007568359375, 293.139251708984375, 293.1396484375, 293.139862060546875, 293.13916015625, 293.13818359375, 293.137603759765625, 293.1368408203125, 293.1365966796875, 293.136383056640625, 293.13623046875, 293.137908935546875, 293.138397216796875, 293.1378173828125, 293.1373291015625, 293.136810302734375, 293.13629150390625, 293.135498046875, 293.13494873046875, 293.13531494140625, 293.138214111328125, 293.13818359375, 293.136474609375, 293.13531494140625, 293.134185791015625, 293.133026123046875, 293.132049560546875, 293.13128662109375, 293.14044189453125, 293.83477783203125, 294.125244140625, 293.1461181640625, 293.142547607421875, 293.140167236328125, 293.138275146484375, 293.13677978515625, 293.13568115234375, 293.135589599609375, 293.14007568359375, 293.137359619140625, 293.136016845703125, 293.135040283203125, 293.13427734375, 293.1336669921875, 293.133209228515625, 293.1337890625, 293.13568115234375, 293.135772705078125, 293.134490966796875, 293.133697509765625, 293.133056640625, 293.132171630859375, 293.131500244140625, 293.13092041015625, 293.13287353515625, 293.133148193359375, 293.132476806640625, 293.13128662109375, 293.130462646484375, 293.129638671875, 293.128997802734375, 293.12860107421875, 293.12835693359375, 293.1302490234375, 293.131134033203125, 293.129974365234375, 293.129486083984375, 293.129150390625, 293.12884521484375, 293.128662109375, 293.12847900390625, 293.129302978515625, 293.131317138671875, 293.13140869140625, 293.13037109375, 293.130157470703125, 293.12994384765625, 293.129638671875, 293.129425048828125, 293.129302978515625, 293.136260986328125, 293.14044189453125, 293.1373291015625, 293.1353759765625, 293.1339111328125, 293.132171630859375, 293.129608154296875, 293.127532958984375, 293.12646484375, 293.133331298828125, 293.12921142578125]
case900_gains.building.gF.intGai.portRad.Q_flow=[-43.799999237060546875, -43.799999237060546875]
case900_gains.building.gF.intGai.mWat_flow=[0.00001991150384128559, 0.00001991150384128559]
case900_gains.building.gF.intGai.portCon.Q_flow=[-29.200000762939453125, -29.200000762939453125]
case900_gains.building.gF.intGai.C_flow[1]=[0., 0.]
