last-generated=2019-02-26
statistics-initialization=
{
  "nonlinear": "18, 10, 8, 11, 10, 8, 12",
  "numerical Jacobians": "0"
}
statistics-simulation=
{
  "linear": "0, 0, 0, 0, 0, 0, 0, 0, 0, 0, 0, 0, 0, 0, 0, 0, 0, 0, 0, 0, 0, 0, 0, 0, 0, 0, 0,   0, 0, 0, 0, 0, 0, 0, 0, 0, 0, 0, 0, 0, 0, 0, 0, 0, 0, 0, 0, 0, 0, 0, 0, 0, 0,   0, 0, 0, 0, 0, 0, 0, 0, 0, 0, 0, 0, 0, 0, 0, 0, 0, 0, 0, 0, 0, 0, 0, 0, 0, 0,   0, 0, 0, 0, 0, 0, 0, 0, 0, 0, 0, 0, 0, 0, 0, 0, 0, 0, 0, 0, 0, 0, 0, 0, 0, 0,   0, 0, 0, 0, 0, 0, 0, 0, 0, 0, 0, 0, 0, 0, 0, 0, 0, 0, 0, 0, 0, 0, 0, 0, 0, 0,   0, 0, 0, 0, 0, 0, 0, 0, 0",
  "nonlinear": "3, 1, 1, 1, 1, 1, 1, 1, 1",
  "number of continuous time states": "359",
  "numerical Jacobians": "0"
}
heaSys.heaSche.TdegC[1].y=[3.031360168457031e+02, 3.031360168457031e+02, 3.031360168457031e+02, 3.031360168457031e+02, 3.031360168457031e+02, 3.031360168457031e+02, 3.031360168457031e+02, 3.031360168457031e+02, 3.031360168457031e+02, 3.031360168457031e+02, 3.031360168457031e+02, 3.031360168457031e+02, 3.031360168457031e+02, 3.031360168457031e+02, 3.031360168457031e+02, 3.031360168457031e+02, 3.031360168457031e+02, 3.031360168457031e+02, 3.031360168457031e+02, 3.031360168457031e+02, 3.031360168457031e+02, 3.031360168457031e+02, 3.031360168457031e+02, 3.031360168457031e+02, 3.031360168457031e+02, 3.031360168457031e+02, 3.031360168457031e+02, 3.031360168457031e+02, 3.031360168457031e+02, 3.031360168457031e+02, 3.031360168457031e+02, 3.031360168457031e+02, 3.031360168457031e+02, 3.031360168457031e+02, 3.031360168457031e+02, 3.031360168457031e+02, 3.031360168457031e+02, 3.031360168457031e+02, 3.031360168457031e+02, 3.031360168457031e+02, 3.031360168457031e+02, 3.031360168457031e+02, 3.031360168457031e+02, 3.031360168457031e+02, 3.031360168457031e+02, 3.031360168457031e+02, 3.031360168457031e+02, 3.031360168457031e+02, 3.031360168457031e+02, 3.031360168457031e+02, 3.031360168457031e+02, 3.031360168457031e+02, 3.031360168457031e+02, 3.031360168457031e+02, 3.031360168457031e+02, 3.031360168457031e+02, 3.031360168457031e+02, 3.031360168457031e+02, 3.031360168457031e+02, 3.031566979980469e+02, 3.031549255371094e+02, 3.031681502278646e+02, 3.031583996582031e+02, 3.03146259765625e+02, 3.031488899739583e+02, 3.031598470052083e+02, 3.031428112792969e+02, 3.031367883300781e+02, 3.005173478190104e+02, 3.000359936523437e+02, 2.983834777832031e+02, 2.970857287597656e+02, 2.954567053222656e+02, 2.958717272949219e+02, 2.970119999186198e+02, 2.973654479980469e+02, 2.979108231608073e+02, 2.974407934570312e+02, 2.96683935546875e+02, 2.942657670084636e+02, 2.928125142415365e+02, 2.920661206054688e+02, 2.913698055013021e+02, 2.958438423665365e+02, 2.981514135742187e+02, 2.981447631835937e+02, 2.981467936197917e+02, 2.981531884765625e+02, 2.981561869303385e+02, 2.963656787109375e+02, 2.933755310058594e+02, 2.920279459635416e+02, 2.91316328531901e+02, 2.909127587890625e+02, 2.909366552734375e+02, 2.914933024088542e+02, 2.909561218261719e+02, 2.903412158203125e+02, 2.89828798421224e+02, 2.889145068359375e+02, 2.882002258300781e+02]
struct.TSensor[1]=[2.931499938964844e+02, 3.016953173828125e+02, 3.031351517740886e+02, 3.03136962890625e+02, 3.031375321451823e+02, 3.031377868652344e+02, 3.03137939453125e+02, 3.031380615234375e+02, 3.031381225585938e+02, 3.031381530761719e+02, 3.0313818359375e+02, 3.031382141113281e+02, 3.031382446289062e+02, 3.031382446289062e+02, 3.031382751464844e+02, 3.031382751464844e+02, 3.031382751464844e+02, 3.031382751464844e+02, 3.031382751464844e+02, 3.031382751464844e+02, 3.031382751464844e+02, 3.031382751464844e+02, 3.031383056640625e+02, 3.031383056640625e+02, 3.031383056640625e+02, 3.031383056640625e+02, 3.031383056640625e+02, 3.031383056640625e+02, 3.031383056640625e+02, 3.031383056640625e+02, 3.031383056640625e+02, 3.031383056640625e+02, 3.031383056640625e+02, 3.031383056640625e+02, 3.031383056640625e+02, 3.031383056640625e+02, 3.031383056640625e+02, 3.031383056640625e+02, 3.031383056640625e+02, 3.031383056640625e+02, 3.031383056640625e+02, 3.031383056640625e+02, 3.031383056640625e+02, 3.031383056640625e+02, 3.031383056640625e+02, 3.031383056640625e+02, 3.031383056640625e+02, 3.031383056640625e+02, 3.031383056640625e+02, 3.031383056640625e+02, 3.031383056640625e+02, 3.031383056640625e+02, 3.031383056640625e+02, 3.031383056640625e+02, 3.031383056640625e+02, 3.031383056640625e+02, 3.031383056640625e+02, 3.031383056640625e+02, 3.031383056640625e+02, 3.031369844563802e+02, 3.031372924804688e+02, 3.031383622233073e+02, 3.03138916015625e+02, 3.031403186035157e+02, 3.031381640625e+02, 3.03138710530599e+02, 3.031394128417969e+02, 3.031373173014323e+02, 2.997374686686198e+02, 2.999407739257812e+02, 2.981751037597656e+02, 2.970491324869791e+02, 2.954249572753906e+02, 2.957963252766927e+02, 2.96795253499349e+02, 2.970894470214844e+02, 2.978315222167969e+02, 2.968640075683594e+02, 2.961195056152344e+02, 2.939847542317708e+02, 2.924023640950521e+02, 2.915708728027344e+02, 2.908551017252604e+02, 2.954665661621094e+02, 2.981389685058594e+02, 2.98141845703125e+02, 2.981404418945312e+02, 2.981410217285156e+02, 2.981418762207031e+02, 2.959993273925782e+02, 2.938088806152344e+02, 2.921253251139323e+02, 2.914563069661459e+02, 2.908910607910156e+02, 2.9078505859375e+02, 2.914245808919271e+02, 2.90789658203125e+02, 2.900261242675781e+02, 2.894048177083333e+02, 2.884572265625e+02, 2.87689208984375e+02]
time=[1.5e+07, 2.35872e+07]
heaSys.heaSche.TdegC[2].y=[3.031993103027344e+02, 3.031993103027344e+02, 3.031993103027344e+02, 3.031993103027344e+02, 3.031993103027344e+02, 3.031993103027344e+02, 3.031993103027344e+02, 3.031993103027344e+02, 3.031993103027344e+02, 3.031993103027344e+02, 3.031993103027344e+02, 3.031993103027344e+02, 3.031993103027344e+02, 3.031993103027344e+02, 3.031993103027344e+02, 3.031993103027344e+02, 3.031993103027344e+02, 3.031993103027344e+02, 3.031993103027344e+02, 3.031993103027344e+02, 3.031993103027344e+02, 3.031993103027344e+02, 3.031993103027344e+02, 3.031993103027344e+02, 3.031993103027344e+02, 3.031993103027344e+02, 3.031993103027344e+02, 3.031993103027344e+02, 3.031993103027344e+02, 3.031993103027344e+02, 3.031993103027344e+02, 3.031993103027344e+02, 3.031993103027344e+02, 3.031993103027344e+02, 3.031993103027344e+02, 3.031993103027344e+02, 3.031993103027344e+02, 3.031993103027344e+02, 3.031993103027344e+02, 3.031993103027344e+02, 3.031993103027344e+02, 3.031993103027344e+02, 3.031993103027344e+02, 3.031993103027344e+02, 3.031993103027344e+02, 3.031993103027344e+02, 3.031993103027344e+02, 3.031993103027344e+02, 3.031993103027344e+02, 3.031993103027344e+02, 3.031993103027344e+02, 3.031993103027344e+02, 3.031993103027344e+02, 3.031993103027344e+02, 3.031993103027344e+02, 3.031993103027344e+02, 3.031993103027344e+02, 3.031993103027344e+02, 3.031993103027344e+02, 3.031961730957031e+02, 3.032340637207031e+02, 3.033282649739583e+02, 3.033284269205729e+02, 3.033180688476563e+02, 3.033246801757812e+02, 3.033201985677084e+02, 3.033067602539062e+02, 3.033239501953125e+02, 3.011796085611979e+02, 3.001304602050781e+02, 2.989952758789062e+02, 2.973662878417969e+02, 2.962697082519531e+02, 2.960590608723958e+02, 2.968429846191406e+02, 2.971441040039062e+02, 2.976796248372396e+02, 2.975354646809896e+02, 2.96864365234375e+02, 2.950991251627604e+02, 2.937280029296875e+02, 2.930097790527344e+02, 2.920682088216146e+02, 2.958661612955729e+02, 2.981982556152344e+02, 2.982716756184896e+02, 2.982968505859375e+02, 2.983101330566406e+02, 2.983160286458333e+02, 2.969369246419271e+02, 2.943506896972656e+02, 2.929302958170573e+02, 2.922265584309896e+02, 2.917359265136719e+02, 2.916001212565104e+02, 2.918391398111979e+02, 2.914057336425781e+02, 2.908829935709635e+02, 2.903894571940104e+02, 2.895677416992187e+02, 2.88826416015625e+02]
struct.TSensor[2]=[2.931499938964844e+02, 2.997390234375e+02, 3.020560673014323e+02, 3.025108117675781e+02, 3.026289892578125e+02, 3.026674662272135e+02, 3.026842321777344e+02, 3.026941125488281e+02, 3.027011295572917e+02, 3.027064953613281e+02, 3.027106669108073e+02, 3.02713944905599e+02, 3.027165515136719e+02, 3.027185782877604e+02, 3.027201778157552e+02, 3.027214660644531e+02, 3.02722461344401e+02, 3.027232666015625e+02, 3.02723876953125e+02, 3.027243912760417e+02, 3.027247619628906e+02, 3.027250671386719e+02, 3.027253112792969e+02, 3.027255249023438e+02, 3.027257080078125e+02, 3.02725830078125e+02, 3.027258911132812e+02, 3.027259826660156e+02, 3.027260437011719e+02, 3.027261047363281e+02, 3.027261352539062e+02, 3.027261657714844e+02, 3.027261657714844e+02, 3.027261962890625e+02, 3.027262268066406e+02, 3.027262573242188e+02, 3.027262573242188e+02, 3.027262573242188e+02, 3.027262573242188e+02, 3.027262573242188e+02, 3.027262573242188e+02, 3.027262878417969e+02, 3.027262573242188e+02, 3.027262573242188e+02, 3.027262878417969e+02, 3.027262878417969e+02, 3.027262878417969e+02, 3.027262878417969e+02, 3.027262878417969e+02, 3.027262573242188e+02, 3.027262573242188e+02, 3.027262573242188e+02, 3.027262878417969e+02, 3.027262878417969e+02, 3.027262878417969e+02, 3.027262878417969e+02, 3.027262878417969e+02, 3.027262878417969e+02, 3.027262878417969e+02, 3.02712109375e+02, 3.027738403320312e+02, 3.02813857014974e+02, 3.028018660481771e+02, 3.028347265625e+02, 3.027503621419271e+02, 3.02758984375e+02, 3.027534753417969e+02, 3.027203446451823e+02, 3.012875174967448e+02, 3.006659155273438e+02, 2.993752421061198e+02, 2.979045947265625e+02, 2.966631005859375e+02, 2.963127526855469e+02, 2.968614888509115e+02, 2.971081237792969e+02, 2.975737451171875e+02, 2.972554760742187e+02, 2.966933264160156e+02, 2.951242256673177e+02, 2.93813417561849e+02, 2.929943762207031e+02, 2.920484647623698e+02, 2.935900988769531e+02, 2.971991052246094e+02, 2.980562357584635e+02, 2.982277144368489e+02, 2.983092236328125e+02, 2.983160904947917e+02, 2.974752421061198e+02, 2.954785095214844e+02, 2.939080061848958e+02, 2.929662556966146e+02, 2.922085754394531e+02, 2.918498746744792e+02, 2.919893473307292e+02, 2.913956481933594e+02, 2.907402856445312e+02, 2.901578723144531e+02, 2.893701232910156e+02, 2.885908203125e+02]
heaSys.heaSche.TdegC[3].y=[3.0312939453125e+02, 3.0312939453125e+02, 3.0312939453125e+02, 3.0312939453125e+02, 3.0312939453125e+02, 3.0312939453125e+02, 3.0312939453125e+02, 3.0312939453125e+02, 3.0312939453125e+02, 3.0312939453125e+02, 3.0312939453125e+02, 3.0312939453125e+02, 3.0312939453125e+02, 3.0312939453125e+02, 3.0312939453125e+02, 3.0312939453125e+02, 3.0312939453125e+02, 3.0312939453125e+02, 3.0312939453125e+02, 3.0312939453125e+02, 3.0312939453125e+02, 3.0312939453125e+02, 3.0312939453125e+02, 3.0312939453125e+02, 3.0312939453125e+02, 3.0312939453125e+02, 3.0312939453125e+02, 3.0312939453125e+02, 3.0312939453125e+02, 3.0312939453125e+02, 3.0312939453125e+02, 3.0312939453125e+02, 3.0312939453125e+02, 3.0312939453125e+02, 3.0312939453125e+02, 3.0312939453125e+02, 3.0312939453125e+02, 3.0312939453125e+02, 3.0312939453125e+02, 3.0312939453125e+02, 3.0312939453125e+02, 3.0312939453125e+02, 3.0312939453125e+02, 3.0312939453125e+02, 3.0312939453125e+02, 3.0312939453125e+02, 3.0312939453125e+02, 3.0312939453125e+02, 3.0312939453125e+02, 3.0312939453125e+02, 3.0312939453125e+02, 3.0312939453125e+02, 3.0312939453125e+02, 3.0312939453125e+02, 3.0312939453125e+02, 3.0312939453125e+02, 3.0312939453125e+02, 3.0312939453125e+02, 3.0312939453125e+02, 3.032199877929688e+02, 3.032847900390625e+02, 3.031992443847656e+02, 3.031609545898438e+02, 3.031449816894531e+02, 3.03159082438151e+02, 3.031503967285156e+02, 3.031563793945313e+02, 3.031545166015625e+02, 3.009260457356771e+02, 2.997968603515625e+02, 2.987770568847656e+02, 2.971344685872396e+02, 2.960803125e+02, 2.958870304361979e+02, 2.966016825358073e+02, 2.968663024902344e+02, 2.97340468343099e+02, 2.973211999511719e+02, 2.966828503417969e+02, 2.948757425944011e+02, 2.935184122721354e+02, 2.928620654296875e+02, 2.918941678873698e+02, 2.966872041829427e+02, 2.981503344726563e+02, 2.981515563964844e+02, 2.981489998372396e+02, 2.981533166503907e+02, 2.981525244140625e+02, 2.96760947672526e+02, 2.9412822265625e+02, 2.927351094563802e+02, 2.920570520019531e+02, 2.915239514160156e+02, 2.914565759277344e+02, 2.91816943359375e+02, 2.913139636230469e+02, 2.90756680094401e+02, 2.902638362630208e+02, 2.89394208984375e+02, 2.886743469238281e+02]
struct.TSensor[3]=[2.931499938964844e+02, 3.031456730143229e+02, 3.031477355957031e+02, 3.031481628417969e+02, 3.031483154296875e+02, 3.031483764648438e+02, 3.031484069824219e+02, 3.031484069824219e+02, 3.031484375e+02, 3.031484375e+02, 3.031484680175781e+02, 3.031484680175781e+02, 3.031484680175781e+02, 3.031484680175781e+02, 3.031484680175781e+02, 3.031484680175781e+02, 3.031484680175781e+02, 3.031484680175781e+02, 3.031484680175781e+02, 3.031484680175781e+02, 3.031484680175781e+02, 3.031484680175781e+02, 3.031484680175781e+02, 3.031484680175781e+02, 3.031484680175781e+02, 3.031484680175781e+02, 3.031484680175781e+02, 3.031484680175781e+02, 3.031484680175781e+02, 3.031484680175781e+02, 3.031484680175781e+02, 3.031484680175781e+02, 3.031484680175781e+02, 3.031484680175781e+02, 3.031484680175781e+02, 3.031484680175781e+02, 3.031484680175781e+02, 3.031484680175781e+02, 3.031484680175781e+02, 3.031484680175781e+02, 3.031484680175781e+02, 3.031484680175781e+02, 3.031484680175781e+02, 3.031484680175781e+02, 3.031484680175781e+02, 3.031484680175781e+02, 3.031484680175781e+02, 3.031484680175781e+02, 3.031484680175781e+02, 3.031484680175781e+02, 3.031484680175781e+02, 3.031484680175781e+02, 3.031484680175781e+02, 3.031484680175781e+02, 3.031484680175781e+02, 3.031484680175781e+02, 3.031484680175781e+02, 3.031484680175781e+02, 3.031484680175781e+02, 3.031484611002604e+02, 3.031487487792969e+02, 3.031488102213542e+02, 3.031488037109375e+02, 3.031490173339844e+02, 3.03148681640625e+02, 3.031487162272135e+02, 3.031487121582031e+02, 3.031485689290365e+02, 3.014547607421875e+02, 3.006681481933594e+02, 2.996573038736979e+02, 2.980620520019531e+02, 2.971697290039062e+02, 2.966489839680989e+02, 2.968204516601563e+02, 2.969256896972656e+02, 2.97229218343099e+02, 2.972473714192708e+02, 2.968137719726562e+02, 2.955812316894531e+02, 2.944653015136719e+02, 2.939549841308594e+02, 2.926184444173177e+02, 2.981193806966146e+02, 2.981483679199219e+02, 2.981493225097656e+02, 2.981493835449219e+02, 2.981495056152344e+02, 2.981495056152344e+02, 2.975816809082031e+02, 2.959779357910156e+02, 2.945968196614583e+02, 2.938047709147135e+02, 2.928591076660156e+02, 2.926525419108073e+02, 2.926788208007812e+02, 2.917697155761718e+02, 2.911144604492188e+02, 2.905623844401042e+02, 2.898243872070312e+02, 2.890431213378906e+02]
heaSys.heaSche.TdegC[4].y=[3.031470642089844e+02, 3.031470642089844e+02, 3.031470642089844e+02, 3.031470642089844e+02, 3.031470642089844e+02, 3.031470642089844e+02, 3.031470642089844e+02, 3.031470642089844e+02, 3.031470642089844e+02, 3.031470642089844e+02, 3.031470642089844e+02, 3.031470642089844e+02, 3.031470642089844e+02, 3.031470642089844e+02, 3.031470642089844e+02, 3.031470642089844e+02, 3.031470642089844e+02, 3.031470642089844e+02, 3.031470642089844e+02, 3.031470642089844e+02, 3.031470642089844e+02, 3.031470642089844e+02, 3.031470642089844e+02, 3.031470642089844e+02, 3.031470642089844e+02, 3.031470642089844e+02, 3.031470642089844e+02, 3.031470642089844e+02, 3.031470642089844e+02, 3.031470642089844e+02, 3.031470642089844e+02, 3.031470642089844e+02, 3.031470642089844e+02, 3.031470642089844e+02, 3.031470642089844e+02, 3.031470642089844e+02, 3.031470642089844e+02, 3.031470642089844e+02, 3.031470642089844e+02, 3.031470642089844e+02, 3.031470642089844e+02, 3.031470642089844e+02, 3.031470642089844e+02, 3.031470642089844e+02, 3.031470642089844e+02, 3.031470642089844e+02, 3.031470642089844e+02, 3.031470642089844e+02, 3.031470642089844e+02, 3.031470642089844e+02, 3.031470642089844e+02, 3.031470642089844e+02, 3.031470642089844e+02, 3.031470642089844e+02, 3.031470642089844e+02, 3.031470642089844e+02, 3.031470642089844e+02, 3.031470642089844e+02, 3.031470642089844e+02, 3.031406477864583e+02, 3.031186462402344e+02, 3.031501208496094e+02, 3.031510290527344e+02, 3.031481530761719e+02, 3.031564827473958e+02, 3.031488891601563e+02, 3.031507580566406e+02, 3.031548364257812e+02, 3.009309993489583e+02, 2.997498706054687e+02, 2.986632446289062e+02, 2.9710900390625e+02, 2.959812280273438e+02, 2.957644262695313e+02, 2.963872741699219e+02, 2.966893920898438e+02, 2.970937036132813e+02, 2.971420943196615e+02, 2.965530334472656e+02, 2.9487693359375e+02, 2.935362874348958e+02, 2.927940234375e+02, 2.918426407877604e+02, 2.960942399088541e+02, 2.981475268554688e+02, 2.981504557291667e+02, 2.981444600423177e+02, 2.981455651855469e+02, 2.981601989746094e+02, 2.96684600016276e+02, 2.940852905273438e+02, 2.926908520507812e+02, 2.91957822672526e+02, 2.914587438964843e+02, 2.913234106445312e+02, 2.914977945963541e+02, 2.911826818847656e+02, 2.907050728352864e+02, 2.902214900716146e+02, 2.894200122070313e+02, 2.88713134765625e+02]
struct.TSensor[4]=[2.931499938964844e+02, 3.024243603515625e+02, 3.031460213216146e+02, 3.031468811035156e+02, 3.031471557617188e+02, 3.031473083496094e+02, 3.031473999023438e+02, 3.031474609375e+02, 3.031474914550781e+02, 3.031475219726562e+02, 3.031475219726562e+02, 3.031475524902344e+02, 3.031475524902344e+02, 3.031475524902344e+02, 3.031475524902344e+02, 3.031475524902344e+02, 3.031475830078125e+02, 3.031475830078125e+02, 3.031475830078125e+02, 3.031475830078125e+02, 3.031475830078125e+02, 3.031475830078125e+02, 3.031475830078125e+02, 3.031475830078125e+02, 3.031475830078125e+02, 3.031475830078125e+02, 3.031475830078125e+02, 3.031475830078125e+02, 3.031475830078125e+02, 3.031475830078125e+02, 3.031475830078125e+02, 3.031475830078125e+02, 3.031475830078125e+02, 3.031475830078125e+02, 3.031475830078125e+02, 3.031475830078125e+02, 3.031475830078125e+02, 3.031475830078125e+02, 3.031475830078125e+02, 3.031475830078125e+02, 3.031475830078125e+02, 3.031475830078125e+02, 3.031475830078125e+02, 3.031475830078125e+02, 3.031475830078125e+02, 3.031475830078125e+02, 3.031475830078125e+02, 3.031475830078125e+02, 3.031475830078125e+02, 3.031475830078125e+02, 3.031475830078125e+02, 3.031475830078125e+02, 3.031475830078125e+02, 3.031475830078125e+02, 3.031475830078125e+02, 3.031475830078125e+02, 3.031475830078125e+02, 3.031475830078125e+02, 3.031475830078125e+02, 3.031474914550781e+02, 3.031476135253906e+02, 3.03147803141276e+02, 3.031479187011719e+02, 3.031481323242188e+02, 3.031478881835938e+02, 3.031478881835938e+02, 3.031478881835938e+02, 3.03147705078125e+02, 3.016360274251302e+02, 3.003262780761719e+02, 2.99385390218099e+02, 2.980824658203125e+02, 2.970840087890625e+02, 2.96357440999349e+02, 2.962615568033854e+02, 2.963008117675781e+02, 2.96546396484375e+02, 2.966251973470052e+02, 2.963720788574219e+02, 2.954151334635417e+02, 2.944122090657552e+02, 2.935828503417969e+02, 2.9259271484375e+02, 2.960477933756511e+02, 2.981466589355469e+02, 2.9814794921875e+02, 2.981481628417969e+02, 2.981482543945312e+02, 2.981483459472656e+02, 2.970918147786458e+02, 2.955417297363281e+02, 2.942082584635417e+02, 2.932833060709635e+02, 2.924837121582031e+02, 2.920146008300781e+02, 2.919248352050781e+02, 2.915246215820313e+02, 2.909969315592448e+02, 2.904533044433594e+02, 2.897740380859375e+02, 2.890533447265625e+02]
struct.TSensor[5]=[2.931499938964844e+02, 3.031433052571614e+02, 3.031456298828125e+02, 3.031461791992188e+02, 3.031463623046875e+02, 3.03146484375e+02, 3.031465454101562e+02, 3.031465759277344e+02, 3.031466064453125e+02, 3.031466369628906e+02, 3.031466369628906e+02, 3.031466674804688e+02, 3.031466674804688e+02, 3.031466674804688e+02, 3.031466674804688e+02, 3.031466674804688e+02, 3.031466674804688e+02, 3.031466674804688e+02, 3.031466674804688e+02, 3.031466674804688e+02, 3.031466674804688e+02, 3.031466674804688e+02, 3.031466674804688e+02, 3.031466674804688e+02, 3.031466674804688e+02, 3.031466674804688e+02, 3.031466674804688e+02, 3.031466674804688e+02, 3.031466674804688e+02, 3.031466674804688e+02, 3.031466674804688e+02, 3.031466674804688e+02, 3.031466674804688e+02, 3.031466674804688e+02, 3.031466674804688e+02, 3.031466674804688e+02, 3.031466674804688e+02, 3.031466674804688e+02, 3.031466674804688e+02, 3.031466674804688e+02, 3.031466674804688e+02, 3.031466674804688e+02, 3.031466674804688e+02, 3.031466674804688e+02, 3.031466674804688e+02, 3.031466674804688e+02, 3.031466674804688e+02, 3.031466674804688e+02, 3.031466674804688e+02, 3.031466674804688e+02, 3.031466674804688e+02, 3.031466674804688e+02, 3.031466674804688e+02, 3.031466674804688e+02, 3.031466674804688e+02, 3.031466674804688e+02, 3.031466674804688e+02, 3.031466674804688e+02, 3.031466674804688e+02, 3.031463553873698e+02, 3.031467834472656e+02, 3.031471012369792e+02, 3.031471862792969e+02, 3.031475207519532e+02, 3.031468811035156e+02, 3.031470031738281e+02, 3.031471252441406e+02, 3.031466768391927e+02, 3.008900805664063e+02, 2.998339001464844e+02, 2.99130322265625e+02, 2.972776839192708e+02, 2.964316857910156e+02, 2.964064473470052e+02, 2.964328507486979e+02, 2.964458618164062e+02, 2.965639408365885e+02, 2.966338802083333e+02, 2.959367846679688e+02, 2.955460664876302e+02, 2.939629007975261e+02, 2.931750537109375e+02, 2.919709574381511e+02, 2.967498897298177e+02, 3.031431408691406e+02, 3.031456298828125e+02, 3.031456298828125e+02, 3.031461486816406e+02, 3.031462097167969e+02, 3.006420914713541e+02, 2.976916748046875e+02, 2.958451944986979e+02, 2.947818233235677e+02, 2.94197373046875e+02, 2.937817150878906e+02, 2.937698506673177e+02, 2.925599890136719e+02, 2.916240633138021e+02, 2.908719392903646e+02, 2.899296057128906e+02, 2.890474853515625e+02]
heaSys.heaSche.TdegC[5].y=[3.0313671875e+02, 3.0313671875e+02, 3.0313671875e+02, 3.0313671875e+02, 3.0313671875e+02, 3.0313671875e+02, 3.0313671875e+02, 3.0313671875e+02, 3.0313671875e+02, 3.0313671875e+02, 3.0313671875e+02, 3.0313671875e+02, 3.0313671875e+02, 3.0313671875e+02, 3.0313671875e+02, 3.0313671875e+02, 3.0313671875e+02, 3.0313671875e+02, 3.0313671875e+02, 3.0313671875e+02, 3.0313671875e+02, 3.0313671875e+02, 3.0313671875e+02, 3.0313671875e+02, 3.0313671875e+02, 3.0313671875e+02, 3.0313671875e+02, 3.0313671875e+02, 3.0313671875e+02, 3.0313671875e+02, 3.0313671875e+02, 3.0313671875e+02, 3.0313671875e+02, 3.0313671875e+02, 3.0313671875e+02, 3.0313671875e+02, 3.0313671875e+02, 3.0313671875e+02, 3.0313671875e+02, 3.0313671875e+02, 3.0313671875e+02, 3.0313671875e+02, 3.0313671875e+02, 3.0313671875e+02, 3.0313671875e+02, 3.0313671875e+02, 3.0313671875e+02, 3.0313671875e+02, 3.0313671875e+02, 3.0313671875e+02, 3.0313671875e+02, 3.0313671875e+02, 3.0313671875e+02, 3.0313671875e+02, 3.0313671875e+02, 3.0313671875e+02, 3.0313671875e+02, 3.0313671875e+02, 3.0313671875e+02, 3.031591979980469e+02, 3.031619201660156e+02, 3.031660823567709e+02, 3.031537255859375e+02, 3.031474755859375e+02, 3.031485046386719e+02, 3.031328491210937e+02, 3.031478002929687e+02, 3.031454252115885e+02, 3.003424471028646e+02, 2.988025793457031e+02, 2.979611897786459e+02, 2.960664298502604e+02, 2.951804663085937e+02, 2.954259029134114e+02, 2.957232381184896e+02, 2.958912353515625e+02, 2.960247473144531e+02, 2.961410815429688e+02, 2.954523754882812e+02, 2.949671948242187e+02, 2.932097188313802e+02, 2.924218579101562e+02, 2.911758898925781e+02, 2.970436429850261e+02, 2.981498608398438e+02, 2.98153135172526e+02, 2.981533520507812e+02, 2.981468090820313e+02, 2.981483276367188e+02, 2.961378633626302e+02, 2.937140319824219e+02, 2.925633740234375e+02, 2.919309903971354e+02, 2.918592041015625e+02, 2.917480696614583e+02, 2.919398132324219e+02, 2.910723608398437e+02, 2.904604056803386e+02, 2.900028361002604e+02, 2.892000561523437e+02, 2.883916931152344e+02]
struct.TSensor[6]=[2.931499938964844e+02, 3.031462833658854e+02, 3.031478881835938e+02, 3.031482849121094e+02, 3.031484069824219e+02, 3.031484375e+02, 3.031484680175781e+02, 3.031484985351562e+02, 3.031484985351562e+02, 3.031485290527344e+02, 3.031485290527344e+02, 3.031485290527344e+02, 3.031485290527344e+02, 3.031485290527344e+02, 3.031485290527344e+02, 3.031485595703125e+02, 3.031485595703125e+02, 3.031485595703125e+02, 3.031485595703125e+02, 3.031485595703125e+02, 3.031485595703125e+02, 3.031485595703125e+02, 3.031485595703125e+02, 3.031485595703125e+02, 3.031485595703125e+02, 3.031485595703125e+02, 3.031485595703125e+02, 3.031485595703125e+02, 3.031485595703125e+02, 3.031485595703125e+02, 3.031485595703125e+02, 3.031485595703125e+02, 3.031485595703125e+02, 3.031485595703125e+02, 3.031485595703125e+02, 3.031485595703125e+02, 3.031485595703125e+02, 3.031485595703125e+02, 3.031485595703125e+02, 3.031485595703125e+02, 3.031485595703125e+02, 3.031485595703125e+02, 3.031485595703125e+02, 3.031485595703125e+02, 3.031485595703125e+02, 3.031485595703125e+02, 3.031485595703125e+02, 3.031485595703125e+02, 3.031485595703125e+02, 3.031485595703125e+02, 3.031485595703125e+02, 3.031485595703125e+02, 3.031485595703125e+02, 3.031485595703125e+02, 3.031485595703125e+02, 3.031485595703125e+02, 3.031485595703125e+02, 3.031485595703125e+02, 3.031485595703125e+02, 3.031484493001302e+02, 3.03148583984375e+02, 3.03148681640625e+02, 3.031487235514323e+02, 3.031488342285156e+02, 3.031486206054688e+02, 3.03148681640625e+02, 3.031487121582031e+02, 3.031485595703125e+02, 3.013427368164063e+02, 3.000202087402344e+02, 2.991743733723958e+02, 2.977447257486979e+02, 2.968007141113281e+02, 2.962332678222656e+02, 2.959968017578125e+02, 2.959352722167969e+02, 2.960971118164063e+02, 2.961964583333333e+02, 2.95917578125e+02, 2.951197127278646e+02, 2.941265360514323e+02, 2.933033044433594e+02, 2.922816040039062e+02, 2.98617753499349e+02, 3.031460095214844e+02, 3.031474914550781e+02, 3.031476135253906e+02, 3.031477355957031e+02, 3.031478271484375e+02, 3.00909677734375e+02, 2.980159790039062e+02, 2.960124975585937e+02, 2.946553401692709e+02, 2.936297717285156e+02, 2.929850769042969e+02, 2.927871602376302e+02, 2.921937646484375e+02, 2.914950390625e+02, 2.908355297851563e+02, 2.900116345214844e+02, 2.892214660644531e+02]
heaSys.heaSche.TdegC[6].y=[3.031622314453125e+02, 3.031622314453125e+02, 3.031622314453125e+02, 3.031622314453125e+02, 3.031622314453125e+02, 3.031622314453125e+02, 3.031622314453125e+02, 3.031622314453125e+02, 3.031622314453125e+02, 3.031622314453125e+02, 3.031622314453125e+02, 3.031622314453125e+02, 3.031622314453125e+02, 3.031622314453125e+02, 3.031622314453125e+02, 3.031622314453125e+02, 3.031622314453125e+02, 3.031622314453125e+02, 3.031622314453125e+02, 3.031622314453125e+02, 3.031622314453125e+02, 3.031622314453125e+02, 3.031622314453125e+02, 3.031622314453125e+02, 3.031622314453125e+02, 3.031622314453125e+02, 3.031622314453125e+02, 3.031622314453125e+02, 3.031622314453125e+02, 3.031622314453125e+02, 3.031622314453125e+02, 3.031622314453125e+02, 3.031622314453125e+02, 3.031622314453125e+02, 3.031622314453125e+02, 3.031622314453125e+02, 3.031622314453125e+02, 3.031622314453125e+02, 3.031622314453125e+02, 3.031622314453125e+02, 3.031622314453125e+02, 3.031622314453125e+02, 3.031622314453125e+02, 3.031622314453125e+02, 3.031622314453125e+02, 3.031622314453125e+02, 3.031622314453125e+02, 3.031622314453125e+02, 3.031622314453125e+02, 3.031622314453125e+02, 3.031622314453125e+02, 3.031622314453125e+02, 3.031622314453125e+02, 3.031622314453125e+02, 3.031622314453125e+02, 3.031622314453125e+02, 3.031622314453125e+02, 3.031622314453125e+02, 3.031622314453125e+02, 3.031462605794271e+02, 3.031526794433594e+02, 3.031633256022135e+02, 3.031536930338542e+02, 3.031503723144531e+02, 3.031507727050781e+02, 3.031429911295573e+02, 3.031494616699219e+02, 3.031506591796875e+02, 3.009080928548177e+02, 2.989505517578125e+02, 2.980511433919271e+02, 2.966162093098959e+02, 2.956721911621094e+02, 2.9540138671875e+02, 2.954007100423177e+02, 2.95432861328125e+02, 2.95631562906901e+02, 2.957826460774739e+02, 2.955466528320313e+02, 2.946401790364583e+02, 2.935517211914063e+02, 2.927693347167969e+02, 2.918028995768229e+02, 2.98189795328776e+02, 2.981478259277344e+02, 2.981478983561198e+02, 2.98164766031901e+02, 2.98153583984375e+02, 2.981462577311198e+02, 2.966881172688802e+02, 2.943078247070313e+02, 2.930038452148438e+02, 2.921597696940104e+02, 2.916634753417969e+02, 2.91296552734375e+02, 2.913660298665365e+02, 2.910529028320312e+02, 2.906289424641927e+02, 2.901841328938802e+02, 2.8944740234375e+02, 2.887413330078125e+02]
struct.TSensor[7]=[2.931499938964844e+02, 3.029771508789062e+02, 3.031463012695312e+02, 3.031470031738281e+02, 3.031472473144531e+02, 3.031473693847656e+02, 3.031474609375e+02, 3.031475219726562e+02, 3.031475524902344e+02, 3.031475830078125e+02, 3.031475830078125e+02, 3.031475830078125e+02, 3.031476135253906e+02, 3.031476135253906e+02, 3.031476135253906e+02, 3.031476135253906e+02, 3.031476135253906e+02, 3.031476135253906e+02, 3.031476135253906e+02, 3.031476135253906e+02, 3.031476135253906e+02, 3.031476135253906e+02, 3.031476135253906e+02, 3.031476440429688e+02, 3.031476440429688e+02, 3.031476440429688e+02, 3.031476440429688e+02, 3.031476440429688e+02, 3.031476440429688e+02, 3.031476440429688e+02, 3.031476440429688e+02, 3.031476440429688e+02, 3.031476440429688e+02, 3.031476440429688e+02, 3.031476440429688e+02, 3.031476440429688e+02, 3.031476440429688e+02, 3.031476440429688e+02, 3.031476440429688e+02, 3.031476440429688e+02, 3.031476440429688e+02, 3.031476440429688e+02, 3.031476440429688e+02, 3.031476440429688e+02, 3.031476440429688e+02, 3.031476440429688e+02, 3.031476440429688e+02, 3.031476440429688e+02, 3.031476440429688e+02, 3.031476440429688e+02, 3.031476440429688e+02, 3.031476440429688e+02, 3.031476440429688e+02, 3.031476440429688e+02, 3.031476440429688e+02, 3.031476440429688e+02, 3.031476440429688e+02, 3.031476440429688e+02, 3.031476440429688e+02, 3.031475642903646e+02, 3.031477355957031e+02, 3.031479187011719e+02, 3.031480102539062e+02, 3.03148193359375e+02, 3.031479797363281e+02, 3.031479797363281e+02, 3.031479797363281e+02, 3.031478365071615e+02, 3.015813293457031e+02, 3.003374145507813e+02, 2.994740865071615e+02, 2.983099243164062e+02, 2.974428100585938e+02, 2.967607385253907e+02, 2.964004325358073e+02, 2.962048034667969e+02, 2.962189538574219e+02, 2.962558256022135e+02, 2.961352612304688e+02, 2.955619388834635e+02, 2.947582194010417e+02, 2.94142431640625e+02, 2.931594856770834e+02, 2.967377555338542e+02, 3.023309692382812e+02, 3.03145263671875e+02, 3.031458435058594e+02, 3.031460571289062e+02, 3.031462097167969e+02, 3.010238895670573e+02, 2.982081909179688e+02, 2.964120202636719e+02, 2.951667557779948e+02, 2.940819738769531e+02, 2.933485400390625e+02, 2.929772501627604e+02, 2.923726843261718e+02, 2.91771240234375e+02, 2.912239143880208e+02, 2.905455908203125e+02, 2.898045654296875e+02]
heaSys.heaSche.TdegC[7].y=[3.031509399414062e+02, 3.031509399414062e+02, 3.031509399414062e+02, 3.031509399414062e+02, 3.031509399414062e+02, 3.031509399414062e+02, 3.031509399414062e+02, 3.031509399414062e+02, 3.031509399414062e+02, 3.031509399414062e+02, 3.031509399414062e+02, 3.031509399414062e+02, 3.031509399414062e+02, 3.031509399414062e+02, 3.031509399414062e+02, 3.031509399414062e+02, 3.031509399414062e+02, 3.031509399414062e+02, 3.031509399414062e+02, 3.031509399414062e+02, 3.031509399414062e+02, 3.031509399414062e+02, 3.031509399414062e+02, 3.031509399414062e+02, 3.031509399414062e+02, 3.031509399414062e+02, 3.031509399414062e+02, 3.031509399414062e+02, 3.031509399414062e+02, 3.031509399414062e+02, 3.031509399414062e+02, 3.031509399414062e+02, 3.031509399414062e+02, 3.031509399414062e+02, 3.031509399414062e+02, 3.031509399414062e+02, 3.031509399414062e+02, 3.031509399414062e+02, 3.031509399414062e+02, 3.031509399414062e+02, 3.031509399414062e+02, 3.031509399414062e+02, 3.031509399414062e+02, 3.031509399414062e+02, 3.031509399414062e+02, 3.031509399414062e+02, 3.031509399414062e+02, 3.031509399414062e+02, 3.031509399414062e+02, 3.031509399414062e+02, 3.031509399414062e+02, 3.031509399414062e+02, 3.031509399414062e+02, 3.031509399414062e+02, 3.031509399414062e+02, 3.031509399414062e+02, 3.031509399414062e+02, 3.031509399414062e+02, 3.031509399414062e+02, 3.031531416829427e+02, 3.031559631347656e+02, 3.031586991373698e+02, 3.031479248046875e+02, 3.031425219726563e+02, 3.031486804199219e+02, 3.031467000325521e+02, 3.031521545410156e+02, 3.031530684407552e+02, 3.011923661295573e+02, 2.993719104003906e+02, 2.983482727050781e+02, 2.972056770833333e+02, 2.963346557617188e+02, 2.957730525716146e+02, 2.955567720540365e+02, 2.954555358886719e+02, 2.955151241048177e+02, 2.95628622639974e+02, 2.955542529296875e+02, 2.949260172526041e+02, 2.940760009765625e+02, 2.934734228515625e+02, 2.925160127766927e+02, 2.973942700195312e+02, 2.981493579101563e+02, 2.981498881022135e+02, 2.981512622070313e+02, 2.98150546875e+02, 2.981502237955729e+02, 2.968683178710937e+02, 2.947584716796875e+02, 2.935555354817708e+02, 2.926975378417969e+02, 2.919737670898438e+02, 2.914856030273438e+02, 2.913217142740885e+02, 2.91015263671875e+02, 2.907115055338542e+02, 2.904199784342448e+02, 2.898993896484375e+02, 2.892545471191406e+02]
heaSys.Qhea[1]=[1.82e+03, 1.82e+03, 1.485709692382813e+03, 1.303729931640625e+03, 1.247068875325521e+03, 1.220196207682292e+03, 1.204652275390625e+03, 1.194776136067708e+03, 1.188118626302083e+03, 1.18346638671875e+03, 1.18019384765625e+03, 1.177796049804688e+03, 1.1760319921875e+03, 1.174740208333333e+03, 1.173773629557292e+03, 1.173033569335938e+03, 1.172463868815104e+03, 1.172024425455729e+03, 1.171685981445313e+03, 1.171422861328125e+03, 1.171217862955729e+03, 1.171053852539063e+03, 1.170924923502604e+03, 1.170822747395833e+03, 1.170743842773438e+03, 1.170680908203125e+03, 1.170633668619792e+03, 1.17059416015625e+03, 1.170563702799479e+03, 1.170537602539062e+03, 1.1705169921875e+03, 1.170502486979167e+03, 1.170493014322917e+03, 1.170482177734375e+03, 1.170474365234375e+03, 1.170467228190104e+03, 1.170461806640625e+03, 1.170459925130208e+03, 1.170458129882812e+03, 1.17045458984375e+03, 1.17045263671875e+03, 1.170449591471354e+03, 1.170450439453125e+03, 1.170448391927083e+03, 1.170447143554688e+03, 1.17044658203125e+03, 1.170446166992188e+03, 1.17044580078125e+03, 1.170444946289062e+03, 1.170446655273438e+03, 1.170445434570312e+03, 1.170445791015625e+03, 1.1704453125e+03, 1.1704443359375e+03, 1.170443481445312e+03, 1.170444091796875e+03, 1.170444195963542e+03, 1.170444213867188e+03, 1.1704443359375e+03, 1.300110779622396e+03, 1.269568139648437e+03, 1.164453483072917e+03, 1.109213180338542e+03, 9.673982446289062e+02, 1.183104721679688e+03, 1.128679931640625e+03, 1.058625283203125e+03, 1.268939734700521e+03, 1.388002232958873e-02, 5.000555187988281e+02, 1.161762583069503e-03, 4.999834195963542e+02, 0e+00, 5.000797086588541e+02, 5.001837076822916e+02, 4.99848388671875e+02, 4.999617106119792e+02, 1.060694329440594e-02, 1.552451707422733e-02, 0e+00, 0e+00, 0e+00, 1.231320598473152e-02, 1.82e+03, 1.102439091796875e+03, 8.145041178385417e+02, 9.553218929036458e+02, 8.992146826171875e+02, 8.122208463541666e+02, 1.087218338002761e-02, 4.750388115644455e-02, 4.00932473440965e-02, 5.504919523994128e-02, 5.2820213586092e-02, 3.577298219005267e-02, 3.24382704993089e-02, 4.333248779177665e-02, 4.400631745656331e-02, 5.810848370194435e-02, 5.358335852622986e-02, 4.516699910163879e-02]
heaSys.heaSche.Pel_IDEAL[1]=[1.1482958984375e+03, 1.1482958984375e+03, 1.1482958984375e+03, 1.1482958984375e+03, 1.1482958984375e+03, 1.1482958984375e+03, 1.1482958984375e+03, 1.1482958984375e+03, 1.1482958984375e+03, 1.1482958984375e+03, 1.1482958984375e+03, 1.1482958984375e+03, 1.1482958984375e+03, 1.1482958984375e+03, 1.1482958984375e+03, 1.1482958984375e+03, 1.1482958984375e+03, 1.1482958984375e+03, 1.1482958984375e+03, 1.1482958984375e+03, 1.1482958984375e+03, 1.1482958984375e+03, 1.1482958984375e+03, 1.1482958984375e+03, 1.1482958984375e+03, 1.1482958984375e+03, 1.1482958984375e+03, 1.1482958984375e+03, 1.1482958984375e+03, 1.1482958984375e+03, 1.1482958984375e+03, 1.1482958984375e+03, 1.1482958984375e+03, 1.1482958984375e+03, 1.1482958984375e+03, 1.1482958984375e+03, 1.1482958984375e+03, 1.1482958984375e+03, 1.1482958984375e+03, 1.1482958984375e+03, 1.1482958984375e+03, 1.1482958984375e+03, 1.1482958984375e+03, 1.1482958984375e+03, 1.1482958984375e+03, 1.1482958984375e+03, 1.1482958984375e+03, 1.1482958984375e+03, 1.1482958984375e+03, 1.1482958984375e+03, 1.1482958984375e+03, 1.1482958984375e+03, 1.1482958984375e+03, 1.1482958984375e+03, 1.1482958984375e+03, 1.1482958984375e+03, 1.1482958984375e+03, 1.1482958984375e+03, 1.1482958984375e+03, 1.265359905598958e+03, 1.219719677734375e+03, 1.099763126627604e+03, 1.047153833007812e+03, 9.116084252929687e+02, 1.166508416341146e+03, 1.069226082356771e+03, 9.989011474609375e+02, 1.223894682617188e+03, 1.388002232958873e-02, 5.000555187988281e+02, 1.161762583069503e-03, 4.999834195963542e+02, 0e+00, 5.000797086588541e+02, 5.001837076822916e+02, 4.99848388671875e+02, 4.999617106119792e+02, 1.060694329440594e-02, 1.552451707422733e-02, 0e+00, 0e+00, 0e+00, 1.231320598473152e-02, 1.831648051757812e+03, 9.476201538085937e+02, 7.7937197265625e+02, 9.714805387369792e+02, 9.825216943359375e+02, 8.67020096842448e+02, 1.087218338002761e-02, 4.750388115644455e-02, 4.00932473440965e-02, 5.504919523994128e-02, 5.2820213586092e-02, 3.577298219005267e-02, 3.24382704993089e-02, 4.333248779177665e-02, 4.400631745656331e-02, 5.810848370194435e-02, 5.358335852622986e-02, 4.516699910163879e-02]
heaSys.Qhea[3]=[7.5e+02, 4.332030814615886e+02, 2.257466538492839e+02, 1.834470428466797e+02, 1.696076729329427e+02, 1.634131164550781e+02, 1.59996162109375e+02, 1.578597188313802e+02, 1.564073057047526e+02, 1.553653576660156e+02, 1.546294087727865e+02, 1.540646779378255e+02, 1.536511474609375e+02, 1.533295660400391e+02, 1.530831768798828e+02, 1.528946746826172e+02, 1.527480104573568e+02, 1.526405021158854e+02, 1.525367974853516e+02, 1.524717055257161e+02, 1.524375335693359e+02, 1.523776751708984e+02, 1.523415842692057e+02, 1.523031258138021e+02, 1.522779321289063e+02, 1.522673899332682e+02, 1.522830289713542e+02, 1.522514569091797e+02, 1.522420760091146e+02, 1.522160829671224e+02, 1.522237884521484e+02, 1.522208852132161e+02, 1.522540386962891e+02, 1.522074816894531e+02, 1.522088456217448e+02, 1.521930674235026e+02, 1.522060009765625e+02, 1.522084584554036e+02, 1.522376204427083e+02, 1.522385852050781e+02, 1.522085713704427e+02, 1.522024584960938e+02, 1.522426782226563e+02, 1.521948767089844e+02, 1.521929779052734e+02, 1.521907318115234e+02, 1.522155600992839e+02, 1.521955446370443e+02, 1.521949932861328e+02, 1.522413828531901e+02, 1.522135569254557e+02, 1.522305541992187e+02, 1.522026446533203e+02, 1.522132303873698e+02, 1.522136901855469e+02, 1.521872894287109e+02, 1.522174879964193e+02, 1.521985699462891e+02, 1.5218880859375e+02, 1.531552457682292e+02, 1.2482041015625e+02, 1.183995819091797e+02, 1.194377833048503e+02, 9.873632049560547e+01, 1.323403723144531e+02, 1.274010823567708e+02, 1.285117443847656e+02, 1.428968705240885e+02, 7.218269834915797e-02, 0e+00, 0e+00, 0e+00, 0e+00, 0e+00, 0e+00, 0e+00, 0e+00, 0e+00, 0e+00, 0e+00, 0e+00, 0e+00, 0e+00, 7.42444140625e+02, 1.634706280517578e+02, 6.802107899983724e+01, 6.081372090657552e+01, 5.072794982910156e+01, 4.972265823364258e+01, 8.033366570870082e-02, 0e+00, 0e+00, 0e+00, 0e+00, 0e+00, 0e+00, 0e+00, 0e+00, 0e+00, 0e+00, 0e+00]
heaSys.heaSche.Pel_IDEAL[3]=[1.95525390625e+02, 1.95525390625e+02, 1.95525390625e+02, 1.95525390625e+02, 1.95525390625e+02, 1.95525390625e+02, 1.95525390625e+02, 1.95525390625e+02, 1.95525390625e+02, 1.95525390625e+02, 1.95525390625e+02, 1.95525390625e+02, 1.95525390625e+02, 1.95525390625e+02, 1.95525390625e+02, 1.95525390625e+02, 1.95525390625e+02, 1.95525390625e+02, 1.95525390625e+02, 1.95525390625e+02, 1.95525390625e+02, 1.95525390625e+02, 1.95525390625e+02, 1.95525390625e+02, 1.95525390625e+02, 1.95525390625e+02, 1.95525390625e+02, 1.95525390625e+02, 1.95525390625e+02, 1.95525390625e+02, 1.95525390625e+02, 1.95525390625e+02, 1.95525390625e+02, 1.95525390625e+02, 1.95525390625e+02, 1.95525390625e+02, 1.95525390625e+02, 1.95525390625e+02, 1.95525390625e+02, 1.95525390625e+02, 1.95525390625e+02, 1.95525390625e+02, 1.95525390625e+02, 1.95525390625e+02, 1.95525390625e+02, 1.95525390625e+02, 1.95525390625e+02, 1.95525390625e+02, 1.95525390625e+02, 1.95525390625e+02, 1.95525390625e+02, 1.95525390625e+02, 1.95525390625e+02, 1.95525390625e+02, 1.95525390625e+02, 1.95525390625e+02, 1.95525390625e+02, 1.95525390625e+02, 1.95525390625e+02, 1.077377620442708e+02, 5.189975585937501e+01, 1.430058304850261e+02, 1.583426059977214e+02, 1.361734539794922e+02, 1.743756427001953e+02, 1.646248514811198e+02, 1.647554870605469e+02, 1.876993607584635e+02, 7.218269834915797e-02, 0e+00, 0e+00, 0e+00, 0e+00, 0e+00, 0e+00, 0e+00, 0e+00, 0e+00, 0e+00, 0e+00, 0e+00, 0e+00, 0e+00, 7.750027189127604e+02, 1.698689849853516e+02, 1.480752512613932e+02, 1.625502970377604e+02, 1.509081658935547e+02, 1.386764794921875e+02, 8.033366570870082e-02, 0e+00, 0e+00, 0e+00, 0e+00, 0e+00, 0e+00, 0e+00, 0e+00, 0e+00, 0e+00, 0e+00]
heaSys.Qhea[4]=[7.5e+02, 7.5e+02, 3.988526041666667e+02, 3.128981213378906e+02, 2.833092476399739e+02, 2.686808654785156e+02, 2.60141416015625e+02, 2.547557346598307e+02, 2.511791937255859e+02, 2.48723154296875e+02, 2.470264221191406e+02, 2.45805703531901e+02, 2.449200427246094e+02, 2.442838631184896e+02, 2.438143695068359e+02, 2.434559997558594e+02, 2.431862526448568e+02, 2.42978755086263e+02, 2.428200238037109e+02, 2.426977516682943e+02, 2.426037414550781e+02, 2.425283618164063e+02, 2.424688193766276e+02, 2.424206284586589e+02, 2.423839672851562e+02, 2.42355951944987e+02, 2.423356215413411e+02, 2.423169769287109e+02, 2.42302470296224e+02, 2.422900095621745e+02, 2.422808135986328e+02, 2.422746362304688e+02, 2.422717215983073e+02, 2.42267275390625e+02, 2.422625699869792e+02, 2.422582021077474e+02, 2.422555084228516e+02, 2.422546539306641e+02, 2.422556304931641e+02, 2.422555676269531e+02, 2.422537068684896e+02, 2.422516479492188e+02, 2.422528741455078e+02, 2.422522180175781e+02, 2.422496834309896e+02, 2.422482086181641e+02, 2.422497249348958e+02, 2.422493918863932e+02, 2.42249091796875e+02, 2.422503700764974e+02, 2.422511749267578e+02, 2.422507299804687e+02, 2.422498783365886e+02, 2.422494396972656e+02, 2.422494409179687e+02, 2.422474945068359e+02, 2.422493088785807e+02, 2.422483264160156e+02, 2.422474517822266e+02, 2.518394071451823e+02, 2.391701721191406e+02, 2.193235518391927e+02, 2.091807212320963e+02, 1.878933160400391e+02, 2.123375571695964e+02, 2.125024017333984e+02, 2.113630706787109e+02, 2.284318023681641e+02, 1.171302696069082e-01, 3.821562185883522e-02, 3.891944959759712e-02, 3.854666699965795e-02, 4.23929163813591e-02, 3.853051955501238e-02, 3.825907667477926e-02, 4.24170009791851e-02, 3.72940082848072e-02, 3.852315361301104e-02, 3.818601667881012e-02, 4.263555124402046e-02, 3.966160913308461e-02, 3.766097411513328e-02, 3.908053790529569e-02, 7.5e+02, 3.336441027832032e+02, 2.039720855712891e+02, 1.843025193277995e+02, 1.746711450195313e+02, 1.657431695556641e+02, 1.154813618461291e-01, 3.528055995702743e-02, 3.718616396188736e-02, 4.720215092102686e-02, 3.753710076212883e-02, 3.338143552343051e-02, 3.581358939409256e-02, 3.763950064778328e-02, 3.655238971114159e-02, 3.431935471793016e-02, 3.743234381079674e-02, 4.306700080633163e-02]
heaSys.heaSche.Pel_IDEAL[4]=[3.624784545898438e+02, 3.624784545898438e+02, 3.624784545898438e+02, 3.624784545898438e+02, 3.624784545898438e+02, 3.624784545898438e+02, 3.624784545898438e+02, 3.624784545898438e+02, 3.624784545898438e+02, 3.624784545898438e+02, 3.624784545898438e+02, 3.624784545898438e+02, 3.624784545898438e+02, 3.624784545898438e+02, 3.624784545898438e+02, 3.624784545898438e+02, 3.624784545898438e+02, 3.624784545898438e+02, 3.624784545898438e+02, 3.624784545898438e+02, 3.624784545898438e+02, 3.624784545898438e+02, 3.624784545898438e+02, 3.624784545898438e+02, 3.624784545898438e+02, 3.624784545898438e+02, 3.624784545898438e+02, 3.624784545898438e+02, 3.624784545898438e+02, 3.624784545898438e+02, 3.624784545898438e+02, 3.624784545898438e+02, 3.624784545898438e+02, 3.624784545898438e+02, 3.624784545898438e+02, 3.624784545898438e+02, 3.624784545898438e+02, 3.624784545898438e+02, 3.624784545898438e+02, 3.624784545898438e+02, 3.624784545898438e+02, 3.624784545898438e+02, 3.624784545898438e+02, 3.624784545898438e+02, 3.624784545898438e+02, 3.624784545898438e+02, 3.624784545898438e+02, 3.624784545898438e+02, 3.624784545898438e+02, 3.624784545898438e+02, 3.624784545898438e+02, 3.624784545898438e+02, 3.624784545898438e+02, 3.624784545898438e+02, 3.624784545898438e+02, 3.624784545898438e+02, 3.624784545898438e+02, 3.624784545898438e+02, 3.624784545898438e+02, 3.510102844238281e+02, 3.226813415527344e+02, 2.937624357096354e+02, 2.866684130859375e+02, 2.680815014648438e+02, 3.007419083658854e+02, 2.968406290690104e+02, 2.953560546875e+02, 3.171920072428385e+02, 1.171302696069082e-01, 3.821562185883522e-02, 3.891944959759712e-02, 3.854666699965795e-02, 4.23929163813591e-02, 3.853051955501238e-02, 3.825907667477926e-02, 4.24170009791851e-02, 3.72940082848072e-02, 3.852315361301104e-02, 3.818601667881012e-02, 4.263555124402046e-02, 3.966160913308461e-02, 3.766097411513328e-02, 3.908053790529569e-02, 7.725170198567708e+02, 3.68180888671875e+02, 2.917607299804687e+02, 2.940689274088542e+02, 2.882565417480469e+02, 2.664429077148437e+02, 1.154813618461291e-01, 3.528055995702743e-02, 3.718616396188736e-02, 4.720215092102686e-02, 3.753710076212883e-02, 3.338143552343051e-02, 3.581358939409256e-02, 3.763950064778328e-02, 3.655238971114159e-02, 3.431935471793016e-02, 3.743234381079674e-02, 4.306700080633163e-02]
heaSys.heaSche.Pel_IDEAL[5]=[1.694965209960938e+02, 1.694965209960938e+02, 1.694965209960938e+02, 1.694965209960938e+02, 1.694965209960938e+02, 1.694965209960938e+02, 1.694965209960938e+02, 1.694965209960938e+02, 1.694965209960938e+02, 1.694965209960938e+02, 1.694965209960938e+02, 1.694965209960938e+02, 1.694965209960938e+02, 1.694965209960938e+02, 1.694965209960938e+02, 1.694965209960938e+02, 1.694965209960938e+02, 1.694965209960938e+02, 1.694965209960938e+02, 1.694965209960938e+02, 1.694965209960938e+02, 1.694965209960938e+02, 1.694965209960938e+02, 1.694965209960938e+02, 1.694965209960938e+02, 1.694965209960938e+02, 1.694965209960938e+02, 1.694965209960938e+02, 1.694965209960938e+02, 1.694965209960938e+02, 1.694965209960938e+02, 1.694965209960938e+02, 1.694965209960938e+02, 1.694965209960938e+02, 1.694965209960938e+02, 1.694965209960938e+02, 1.694965209960938e+02, 1.694965209960938e+02, 1.694965209960938e+02, 1.694965209960938e+02, 1.694965209960938e+02, 1.694965209960938e+02, 1.694965209960938e+02, 1.694965209960938e+02, 1.694965209960938e+02, 1.694965209960938e+02, 1.694965209960938e+02, 1.694965209960938e+02, 1.694965209960938e+02, 1.694965209960938e+02, 1.694965209960938e+02, 1.694965209960938e+02, 1.694965209960938e+02, 1.694965209960938e+02, 1.694965209960938e+02, 1.694965209960938e+02, 1.694965209960938e+02, 1.694965209960938e+02, 1.694965209960938e+02, 1.482323942057292e+02, 1.16247477722168e+02, 1.115396725463867e+02, 1.293708573404948e+02, 1.300832788085937e+02, 1.422248956298828e+02, 1.492191518147787e+02, 1.495097454833984e+02, 1.420806793212891e+02, -1.438711735026042e+02, -1.063751669311524e+02, -7.496523132324219e+01, -8.628615956624348e+01, -5.028893035888672e+01, -7.411785532633463e+01, -7.461906778971354e+01, -8.156156921386719e+01, -5.133353378295899e+01, -5.433077458699545e+01, -5.378089370727539e+01, -7.509255015055338e+01, -7.272313842773437e+01, -6.174055755615235e+01, -5.162819188435872e+01, 6.61037197265625e+02, 2.085265545654297e+02, 1.566329233805339e+02, 1.44114853515625e+02, 1.33791806640625e+02, 1.402317417399088e+02, -9.904454091389974e+01, -5.934945068359375e+01, -8.504895985921225e+01, -6.508414927164714e+01, -7.445955383300782e+01, -5.525932205200196e+01, -1.978502209981282e+01, -1.902037536621094e+01, -2.885745404561361e+01, -3.199160906473795e+01, -3.956168106079102e+01, -3.243476104736328e+01]
heaSys.Qhea[5]=[7.5e+02, 5.233820621744792e+02, 2.885047452799479e+02, 2.355149401855469e+02, 2.152134887695312e+02, 2.044986592610677e+02, 1.980097741699219e+02, 1.938580712890625e+02, 1.91096284790039e+02, 1.89208544921875e+02, 1.879208272298177e+02, 1.870037284342448e+02, 1.863515338134765e+02, 1.858875803629557e+02, 1.855504970296224e+02, 1.853014251708984e+02, 1.851113307698568e+02, 1.849693361409505e+02, 1.848616058349609e+02, 1.847790474446615e+02, 1.847172007242839e+02, 1.846663684082031e+02, 1.846274387613932e+02, 1.845966623942057e+02, 1.845735577392578e+02, 1.845546162923177e+02, 1.845422025553385e+02, 1.845304351806641e+02, 1.845218876139323e+02, 1.845132920328776e+02, 1.845064239501953e+02, 1.845030135091146e+02, 1.84502114054362e+02, 1.844976501464844e+02, 1.844951357014974e+02, 1.844927927652995e+02, 1.844911419677734e+02, 1.844921525065104e+02, 1.844921964518229e+02, 1.844901983642578e+02, 1.844895029703776e+02, 1.844876300048828e+02, 1.844896545410156e+02, 1.844875897216797e+02, 1.844873752848307e+02, 1.844877288818359e+02, 1.844875329589844e+02, 1.844873089599609e+02, 1.844860815429687e+02, 1.844880257161458e+02, 1.844860636393229e+02, 1.844868585205078e+02, 1.844867783610026e+02, 1.844858274332682e+02, 1.844846752929687e+02, 1.844861297607422e+02, 1.844864587402344e+02, 1.844867315673828e+02, 1.844873360188802e+02, 1.899949049886068e+02, 1.445112731933594e+02, 1.300720172119141e+02, 1.330740258789062e+02, 1.249965939331055e+02, 1.498850533040365e+02, 1.507966644287109e+02, 1.519979449462891e+02, 1.564134912109375e+02, -1.438711735026042e+02, -1.063751669311524e+02, -7.496523132324219e+01, -8.628615956624348e+01, -5.028893035888672e+01, -7.411785532633463e+01, -7.461906778971354e+01, -8.156156921386719e+01, -5.133353378295899e+01, -5.433077458699545e+01, -5.378089370727539e+01, -7.509255015055338e+01, -7.272313842773437e+01, -6.174055755615235e+01, -5.162819188435872e+01, 7.5e+02, 5.940755102539063e+02, 3.45033408610026e+02, 3.079590026855469e+02, 2.548167462158203e+02, 2.688671350097656e+02, -9.904454091389974e+01, -5.934945068359375e+01, -8.504895985921225e+01, -6.508414927164714e+01, -7.445955383300782e+01, -5.525932205200196e+01, -1.978502209981282e+01, -1.902037536621094e+01, -2.885745404561361e+01, -3.199160906473795e+01, -3.956168106079102e+01, -3.243476104736328e+01]
heaSys.Qhea[6]=[7.5e+02, 3.716801334635417e+02, 2.102890983072917e+02, 1.727047351074219e+02, 1.607632786051432e+02, 1.552924194335938e+02, 1.52140718383789e+02, 1.501063881429037e+02, 1.487118711344401e+02, 1.477242889404297e+02, 1.470208506266276e+02, 1.464994952392578e+02, 1.461156860351562e+02, 1.458337634277344e+02, 1.456214440917969e+02, 1.454590911865234e+02, 1.453347060139974e+02, 1.452389467366536e+02, 1.451667730712891e+02, 1.451083260091146e+02, 1.450621287027995e+02, 1.450263903808594e+02, 1.449987345377604e+02, 1.449769586181641e+02, 1.449613604736328e+02, 1.449478963216146e+02, 1.449347481282552e+02, 1.4492615234375e+02, 1.449199593098958e+02, 1.449161385091146e+02, 1.449075561523437e+02, 1.449056083170573e+02, 1.449016318766276e+02, 1.449023046875e+02, 1.448993347167969e+02, 1.449008107503255e+02, 1.448942712402344e+02, 1.44894873046875e+02, 1.448919000244141e+02, 1.448933062744141e+02, 1.448945190429687e+02, 1.448940958658854e+02, 1.448910327148438e+02, 1.448918227132162e+02, 1.448962974039713e+02, 1.448925079345703e+02, 1.448870650227865e+02, 1.448904978434245e+02, 1.448879138183594e+02, 1.448858506266276e+02, 1.448877716064453e+02, 1.448880407714844e+02, 1.448879158528646e+02, 1.448822664388021e+02, 1.448844921875e+02, 1.448932037353516e+02, 1.448868979899088e+02, 1.448944030761719e+02, 1.448922717285156e+02, 1.545460148111979e+02, 1.41971923828125e+02, 1.323769165039062e+02, 1.273981008911133e+02, 1.154767694091797e+02, 1.376029073079427e+02, 1.328408355712891e+02, 1.289438006591797e+02, 1.445867008463542e+02, 1.105265368024508e-01, 2.663118533790112e-02, 2.223564460873604e-02, 2.925884234408537e-02, 2.860437504947186e-02, 2.598198771476746e-02, 3.081977002322674e-02, 2.831700071692467e-02, 2.333926223218441e-02, 3.059879114230474e-02, 2.76437759399414e-02, 2.552881814539433e-02, 3.00786371032397e-02, 2.369841918349266e-02, 2.831608571112156e-02, 7.5e+02, 3.997519812011719e+02, 2.502010060628255e+02, 2.39327196858724e+02, 2.272490942382813e+02, 2.159805546061198e+02, 1.065432000160217e-01, 2.927718199789524e-02, 2.566054321825504e-02, 2.743249036371708e-02, 2.699641332030296e-02, 3.14441318064928e-02, 2.422875252862771e-02, 2.681538566946983e-02, 2.808345603446166e-02, 3.343569869796435e-02, 3.15064038336277e-02, 3.003299981355667e-02]
heaSys.heaSche.Pel_IDEAL[6]=[1.818350982666016e+02, 1.818350982666016e+02, 1.818350982666016e+02, 1.818350982666016e+02, 1.818350982666016e+02, 1.818350982666016e+02, 1.818350982666016e+02, 1.818350982666016e+02, 1.818350982666016e+02, 1.818350982666016e+02, 1.818350982666016e+02, 1.818350982666016e+02, 1.818350982666016e+02, 1.818350982666016e+02, 1.818350982666016e+02, 1.818350982666016e+02, 1.818350982666016e+02, 1.818350982666016e+02, 1.818350982666016e+02, 1.818350982666016e+02, 1.818350982666016e+02, 1.818350982666016e+02, 1.818350982666016e+02, 1.818350982666016e+02, 1.818350982666016e+02, 1.818350982666016e+02, 1.818350982666016e+02, 1.818350982666016e+02, 1.818350982666016e+02, 1.818350982666016e+02, 1.818350982666016e+02, 1.818350982666016e+02, 1.818350982666016e+02, 1.818350982666016e+02, 1.818350982666016e+02, 1.818350982666016e+02, 1.818350982666016e+02, 1.818350982666016e+02, 1.818350982666016e+02, 1.818350982666016e+02, 1.818350982666016e+02, 1.818350982666016e+02, 1.818350982666016e+02, 1.818350982666016e+02, 1.818350982666016e+02, 1.818350982666016e+02, 1.818350982666016e+02, 1.818350982666016e+02, 1.818350982666016e+02, 1.818350982666016e+02, 1.818350982666016e+02, 1.818350982666016e+02, 1.818350982666016e+02, 1.818350982666016e+02, 1.818350982666016e+02, 1.818350982666016e+02, 1.818350982666016e+02, 1.818350982666016e+02, 1.818350982666016e+02, 1.774959897867839e+02, 1.581708953857422e+02, 1.506814426676432e+02, 1.50245121866862e+02, 1.346483557128906e+02, 1.625447273763021e+02, 1.573305308024088e+02, 1.51347431640625e+02, 1.660419944254557e+02, 1.105265368024508e-01, 2.663118533790112e-02, 2.223564460873604e-02, 2.925884234408537e-02, 2.860437504947186e-02, 2.598198771476746e-02, 3.081977002322674e-02, 2.831700071692467e-02, 2.333926223218441e-02, 3.059879114230474e-02, 2.76437759399414e-02, 2.552881814539433e-02, 3.00786371032397e-02, 2.369841918349266e-02, 2.831608571112156e-02, 6.016779541015625e+02, 1.697183172607422e+02, 1.230776555379232e+02, 1.27075991007487e+02, 1.417883624267578e+02, 1.371340098063151e+02, 1.065432000160217e-01, 2.927718199789524e-02, 2.566054321825504e-02, 2.743249036371708e-02, 2.699641332030296e-02, 3.14441318064928e-02, 2.422875252862771e-02, 2.681538566946983e-02, 2.808345603446166e-02, 3.343569869796435e-02, 3.15064038336277e-02, 3.003299981355667e-02]
