last-generated=2016-07-16
statistics-simulation=
{
  "numerical Jacobians": "0", 
  "nonlinear": "1", 
  "number of continuous time states": "13", 
  "linear": "0, 0, 5, 0, 0, 0"
}
outerWall.layMul.monLay[3].airLayer=[0., 0.]
outerWall.layMul.monLay[2].airLayer=[1., 1.]
time=[0., 1000000.]
outerWall.layMul.monLay[2].port_a.T=[293.149993896484375, 288.137054443359375, 285.134307861328125, 283.89202880859375, 284.408050537109375, 285.12518310546875, 284.913055419921875, 284.21954345703125, 283.45855712890625, 282.6103515625, 281.7081298828125, 280.9678955078125, 280.56494140625, 280.93505859375, 280.942108154296875, 280.4666748046875, 279.901123046875, 279.32867431640625, 278.867401123046875, 278.68597412109375, 278.64007568359375, 279.30889892578125, 280.344146728515625, 280.697723388671875, 280.459930419921875, 280.0147705078125, 279.492645263671875, 278.8270263671875, 278.203155517578125, 277.728271484375, 279.107574462890625, 279.795379638671875, 279.22198486328125, 278.17840576171875, 277.1138916015625, 276.110809326171875, 275.2242431640625, 274.60125732421875, 276.2445068359375, 285.069671630859375, 287.570587158203125, 281.670654296875, 278.979583740234375, 277.634918212890625, 276.75372314453125, 276.086212158203125, 275.70672607421875, 275.89691162109375, 277.207763671875, 278.11810302734375, 277.010772705078125, 276.299896240234375, 275.81317138671875, 275.4697265625, 275.31036376953125, 275.26806640625, 276.56890869140625, 277.54644775390625, 277.374603271484375, 276.79425048828125, 276.227325439453125, 275.56121826171875, 274.81597900390625, 274.145965576171875, 274.1591796875, 275.1566162109375, 275.42791748046875, 274.866455078125, 274.140045166015625, 273.573883056640625, 273.046539306640625, 272.74139404296875, 272.493316650390625, 273.089599609375, 273.94573974609375, 274.016876220703125, 273.65289306640625, 273.338958740234375, 273.069488525390625, 272.90557861328125, 272.802032470703125, 272.826019287109375, 274.031524658203125, 275.041595458984375, 274.871856689453125, 274.49993896484375, 274.190887451171875, 273.919647216796875, 273.735870361328125, 273.62481689453125, 275.26300048828125, 278.744842529296875, 279.0791015625, 277.432525634765625, 276.049072265625, 274.715576171875, 272.629638671875, 270.621612548828125, 269.09552001953125, 270.69354248046875, 270.465576171875]
outerWall.layMul.monLay[2].port_b.T=[293.149993896484375, 287.470428466796875, 284.442657470703125, 283.234771728515625, 283.920074462890625, 284.67327880859375, 284.390472412109375, 283.651611328125, 282.85333251953125, 281.959808349609375, 281.017059326171875, 280.26666259765625, 279.911865234375, 280.34613037109375, 280.337371826171875, 279.823089599609375, 279.241058349609375, 278.642852783203125, 278.200653076171875, 278.042572021484375, 278.02813720703125, 278.847808837890625, 279.947296142578125, 280.275390625, 280.01385498046875, 279.540771484375, 278.994964599609375, 278.2899169921875, 277.648773193359375, 277.191131591796875, 278.776824951171875, 279.450347900390625, 278.757415771484375, 277.6409912109375, 276.52154541015625, 275.479705810546875, 274.562744140625, 273.93658447265625, 276.159210205078125, 285.7967529296875, 287.5281982421875, 281.017791748046875, 278.316986083984375, 276.958099365234375, 276.056549072265625, 275.388336181640625, 275.027191162109375, 275.29180908203125, 276.892333984375, 277.6103515625, 276.422454833984375, 275.697296142578125, 275.210113525390625, 274.876922607421875, 274.737091064453125, 274.7445068359375, 276.226318359375, 277.229705810546875, 276.973297119140625, 276.3560791015625, 275.7662353515625, 275.05914306640625, 274.27862548828125, 273.589569091796875, 273.742645263671875, 274.796539306640625, 275.03271484375, 274.404510498046875, 273.645050048828125, 273.0604248046875, 272.5233154296875, 272.22735595703125, 271.985504150390625, 272.719879150390625, 273.632354736328125, 273.63983154296875, 273.2650146484375, 272.9400634765625, 272.671722412109375, 272.518768310546875, 272.425994873046875, 272.49725341796875, 273.869110107421875, 274.892303466796875, 274.63970947265625, 274.254119873046875, 273.935089111328125, 273.65625, 273.475189208984375, 273.372344970703125, 275.368743896484375, 279.048614501953125, 279.086944580078125, 277.266387939453125, 275.7950439453125, 274.3681640625, 272.088104248046875, 269.986358642578125, 268.42681884765625, 270.428436279296875, 269.874908447265625]
