last-generated=2018-06-13
statistics-simulation=
{
  "linear": " ",
  "nonlinear": " ",
  "number of continuous time states": "1",
  "numerical Jacobians": "0"
}
y=[1e+00, 9.801980068163899e-01, 9.603919599378083e-01, 9.405818009151994e-01, 9.207674099541785e-01, 9.00948726917017e-01, 8.811256336748035e-01, 8.612980104707763e-01, 8.414658568112868e-01, 8.216288756747615e-01, 8.017871261568486e-01, 7.819404289940899e-01, 7.620885466832966e-01, 7.422314787577499e-01, 7.223690464035151e-01, 7.025011300267935e-01, 6.826275515995449e-01, 6.62748012696308e-01, 6.428625725898338e-01, 6.229708743344798e-01, 6.030727387639897e-01, 5.831679867927183e-01, 5.632563805680326e-01, 5.433376217713366e-01, 5.234115313807207e-01, 5.034776926040649e-01, 4.835359561148365e-01, 4.635888851269624e-01, 4.441348336863438e-01, 4.263645223306625e-01, 4.109388548428234e-01, 3.980570761845584e-01, 3.876382345891176e-01, 3.794460880180129e-01, 3.731724043792286e-01, 3.684904552298829e-01, 3.650873301766623e-01, 3.626817772710476e-01, 3.61032307522919e-01, 3.599392176217825e-01, 3.592427372163717e-01, 3.588190077650355e-01, 3.585751951079743e-01, 3.584443032716189e-01, 3.583799898685971e-01, 3.583518862712758e-01, 3.583414256578452e-01, 3.583383858204987e-01, 3.583377897739544e-01, 3.583377301692963e-01, 3.583377599716187e-01, 3.583377599716187e-01, 3.583378195762768e-01, 3.583384454251435e-01, 3.583415150647991e-01, 3.583519756782541e-01, 3.583801090778866e-01, 3.584444522832309e-01, 3.585753441195862e-01, 3.588191269743783e-01, 3.592428862279615e-01, 3.599393666333944e-01, 3.610324267322086e-01, 3.626818666780147e-01, 3.65087449385943e-01, 3.6849054463685e-01, 3.731724937861424e-01, 3.794461476226844e-01, 3.876382643915466e-01, 3.980571059868807e-01, 4.109388548428677e-01, 4.263645223306624e-01, 4.441348038840214e-01, 4.6358885532464e-01, 4.835359859171589e-01, 5.034777522087097e-01, 5.234115313807207e-01, 5.433376217713366e-01, 5.632563805680326e-01, 5.831679867927183e-01, 6.030727387643451e-01, 6.2297087433448e-01, 6.428625725898337e-01, 6.62748012696308e-01, 6.826274919950067e-01, 7.025011300267935e-01, 7.223690464035151e-01, 7.422314787577499e-01, 7.620885466832966e-01, 7.819404289940899e-01, 8.017870665523814e-01, 8.216288756747615e-01, 8.414658568112869e-01, 8.612980104705632e-01, 8.811256336748033e-01, 9.009487269166616e-01, 9.207673503497823e-01, 9.405817413105901e-01, 9.603919599374886e-01, 9.801979472117451e-01, 9.999999403953552e-01]
x=[1e+00, 9.801980068163899e-01, 9.603920195421334e-01, 9.405818009152349e-01, 9.207674099541785e-01, 9.009487865213065e-01, 8.811256336748745e-01, 8.612980700752079e-01, 8.414658568112868e-01, 8.216289352794063e-01, 8.017871261568486e-01, 7.819404289940899e-01, 7.620886062877993e-01, 7.422315383623946e-01, 7.223691060077335e-01, 7.025011896312606e-01, 6.826275515996515e-01, 6.627480723009528e-01, 6.428626321944786e-01, 6.229709339390536e-01, 6.030727983686345e-01, 5.831680463973631e-01, 5.632564401726774e-01, 5.433376813759814e-01, 5.234115909853655e-01, 5.034777522087097e-01, 4.835360157194813e-01, 4.635889149292226e-01, 4.441348336863438e-01, 4.263645521329849e-01, 4.109388846451458e-01, 3.980571059868808e-01, 3.876382345891176e-01, 3.794460880180395e-01, 3.731724341815509e-01, 3.684904850322053e-01, 3.650873599789847e-01, 3.626818070733699e-01, 3.610323373252814e-01, 3.599392772264184e-01, 3.592427670186941e-01, 3.588190375673579e-01, 3.58575254712619e-01, 3.584443628762637e-01, 3.583800196709395e-01, 3.583518862712869e-01, 3.583414554601543e-01, 3.583383858204987e-01, 3.583377897739544e-01, 3.583377301692963e-01, 3.583377301692963e-01, 3.583377301692963e-01, 3.583377897739544e-01, 3.583383858204987e-01, 3.583414554601543e-01, 3.583518862712869e-01, 3.583800196709395e-01, 3.584443628762637e-01, 3.58575254712619e-01, 3.588190375673579e-01, 3.592427670186941e-01, 3.599392772264184e-01, 3.610323373252814e-01, 3.626818070733699e-01, 3.650873599789847e-01, 3.684904850322053e-01, 3.731724341815509e-01, 3.794460880180396e-01, 3.876382345891177e-01, 3.980571059868807e-01, 4.109388846451457e-01, 4.263645521329847e-01, 4.441348336863438e-01, 4.635889149292226e-01, 4.835360157194813e-01, 5.034777522087097e-01, 5.234115909853655e-01, 5.433376813759814e-01, 5.632564401726774e-01, 5.831680463973631e-01, 6.030727983686346e-01, 6.229709339390537e-01, 6.428626321944785e-01, 6.627480723009528e-01, 6.826275515996515e-01, 7.025011896312606e-01, 7.223691060077335e-01, 7.422315383623946e-01, 7.620886062877993e-01, 7.819404289940899e-01, 8.017871261568486e-01, 8.216289352794063e-01, 8.414658568112869e-01, 8.61298070075208e-01, 8.811256336748744e-01, 9.009487865213064e-01, 9.207674099541784e-01, 9.405818009152349e-01, 9.603920195421334e-01, 9.801980068163899e-01, 1e+00]
time=[-1e+00, 1e+00]
der(y)=[-9.900000095367432e-01, -9.902000429175923e-01, -9.90404248016667e-01, -9.90612745259952e-01, -9.908258320701574e-01, -9.91043627000281e-01, -9.912663697660663e-01, -9.914942981464631e-01, -9.917275902521829e-01, -9.919666051001317e-01, -9.922115804248147e-01, -9.924628134914152e-01, -9.927206634233132e-01, -9.92985427507932e-01, -9.932575229790636e-01, -9.935373662216523e-01, -9.938254357433036e-01, -9.941221479563885e-01, -9.94428097980276e-01, -9.947438836865102e-01, -9.950701002274648e-01, -9.954075214392054e-01, -9.957568645902909e-01, -9.961190823711511e-01, -9.964950677091914e-01, -9.968860149383545e-01, -9.972930548354637e-01, -9.955926419290496e-01, -9.386096694665239e-01, -8.331251315985188e-01, -7.079299305821993e-01, -5.810253321264549e-01, -4.62895731816612e-01, -3.589310477352952e-01, -2.711850992995451e-01, -1.996302978311214e-01, -1.430316836589724e-01, -9.953823297994711e-02, -6.707093885665949e-02, -4.356505470838629e-02, -2.711156562217899e-02, -1.603101448537178e-02, -8.90306487861642e-03, -4.568383937154973e-03, -2.114065942466874e-03, -8.496723019086423e-04, -2.784300357320703e-04, -6.607340153660418e-05, -8.70104059276309e-06, -2.719075834900076e-07, 0e+00, 2.719075834900076e-07, 8.70104059276309e-06, 6.607340153660418e-05, 2.784300357320724e-04, 8.496723019086466e-04, 2.114065942466884e-03, 4.568383937154956e-03, 8.903064878616387e-03, 1.603101448537173e-02, 2.711156562217899e-02, 4.356505470838629e-02, 6.707093885665949e-02, 9.953823297994711e-02, 1.430316836589724e-01, 1.996302978311214e-01, 2.711850992995455e-01, 3.589310477352958e-01, 4.628957318166126e-01, 5.810253321264542e-01, 7.079299305821986e-01, 8.331251315985181e-01, 9.386096694665239e-01, 9.955926419290496e-01, 9.972930548354637e-01, 9.968860149383545e-01, 9.964950677091914e-01, 9.961190823711511e-01, 9.957568645902909e-01, 9.954075214392054e-01, 9.950701002274648e-01, 9.947438836865102e-01, 9.94428097980276e-01, 9.941221479563885e-01, 9.938254357433036e-01, 9.935373662216523e-01, 9.932575229790636e-01, 9.92985427507932e-01, 9.927206634233132e-01, 9.924628134914152e-01, 9.922115804248147e-01, 9.919666051001317e-01, 9.917275902521829e-01, 9.914942981464631e-01, 9.912663697660663e-01, 9.91043627000281e-01, 9.908258320701574e-01, 9.90612745259952e-01, 9.90404248016667e-01, 9.902000429175923e-01, 9.900000095367432e-01]
der(x)=[-9.900000095367432e-01, -9.902000429175923e-01, -9.90404248016667e-01, -9.90612745259952e-01, -9.908258320701574e-01, -9.91043627000281e-01, -9.912663697660663e-01, -9.914942981464631e-01, -9.917275902521829e-01, -9.919666051001317e-01, -9.922115804248147e-01, -9.924628134914152e-01, -9.927206634233132e-01, -9.92985427507932e-01, -9.932575229790636e-01, -9.935373662216523e-01, -9.938254357433036e-01, -9.941221479563885e-01, -9.94428097980276e-01, -9.947438836865102e-01, -9.950701002274648e-01, -9.954075214392054e-01, -9.957568645902909e-01, -9.961190823711511e-01, -9.964950677091914e-01, -9.968860149383545e-01, -9.972930548354637e-01, -9.955926419290496e-01, -9.386096694665239e-01, -8.331251315985188e-01, -7.079299305821993e-01, -5.810253321264549e-01, -4.62895731816612e-01, -3.589310477352952e-01, -2.711850992995451e-01, -1.996302978311214e-01, -1.430316836589724e-01, -9.953823297994711e-02, -6.707093885665949e-02, -4.356505470838629e-02, -2.711156562217899e-02, -1.603101448537178e-02, -8.90306487861642e-03, -4.568383937154973e-03, -2.114065942466874e-03, -8.496723019086423e-04, -2.784300357320703e-04, -6.607340153660418e-05, -8.70104059276309e-06, -2.719075834900076e-07, 0e+00, 2.719075834900076e-07, 8.70104059276309e-06, 6.607340153660418e-05, 2.784300357320724e-04, 8.496723019086466e-04, 2.114065942466884e-03, 4.568383937154956e-03, 8.903064878616387e-03, 1.603101448537173e-02, 2.711156562217899e-02, 4.356505470838629e-02, 6.707093885665949e-02, 9.953823297994711e-02, 1.430316836589724e-01, 1.996302978311214e-01, 2.711850992995455e-01, 3.589310477352958e-01, 4.628957318166126e-01, 5.810253321264542e-01, 7.079299305821986e-01, 8.331251315985181e-01, 9.386096694665239e-01, 9.955926419290496e-01, 9.972930548354637e-01, 9.968860149383545e-01, 9.964950677091914e-01, 9.961190823711511e-01, 9.957568645902909e-01, 9.954075214392054e-01, 9.950701002274648e-01, 9.947438836865102e-01, 9.94428097980276e-01, 9.941221479563885e-01, 9.938254357433036e-01, 9.935373662216523e-01, 9.932575229790636e-01, 9.92985427507932e-01, 9.927206634233132e-01, 9.924628134914152e-01, 9.922115804248147e-01, 9.919666051001317e-01, 9.917275902521829e-01, 9.914942981464631e-01, 9.912663697660663e-01, 9.91043627000281e-01, 9.908258320701574e-01, 9.90612745259952e-01, 9.90404248016667e-01, 9.902000429175923e-01, 9.900000095367432e-01]
