last-generated=2018-05-16
statistics-simulation=
{
  "linear": " ",
  "nonlinear": " ",
  "number of continuous time states": "3",
  "numerical Jacobians": "0"
}
movingAverage.y=[5e+01, 5e+01, 5e+01, 5e+01, 5e+01, 5e+01, 5e+01, 5e+01, 5e+01, 5e+01, 5e+01, 5e+01, 5e+01, 5e+01, 5e+01, 5e+01, 5e+01, 5.750000715256424e+01, 7.999999284743576e+01, 1.025000143050147e+02, 1.25e+02, 1.474999856949853e+02, 1.700000071525642e+02, 1.924999928474358e+02, 2e+02, 2e+02, 2e+02, 2e+02, 2e+02, 2e+02, 2e+02, 2e+02, 2e+02, 2e+02, 1.849999856949852e+02, 1.625e+02, 1.400000143050148e+02, 1.175000286100294e+02, 9.499997138997057e+01, 7.249998569498521e+01, 5e+01, 5e+01, 5e+01, 5e+01, 5e+01, 5e+01, 5e+01, 5e+01, 5e+01, 5e+01, 5e+01, 7.249998569498536e+01, 9.49999713899707e+01, 1.175000286100294e+02, 1.399999427808509e+02, 1.625e+02, 1.850000572191494e+02, 2e+02, 2e+02, 2e+02, 2e+02, 2e+02, 2e+02, 2e+02, 2e+02, 2e+02, 2e+02, 1.92500028610484e+02, 1.699999713895157e+02, 1.475000572191494e+02, 1.25e+02, 1.024999427808509e+02, 8.000002861048431e+01, 5.749997138951596e+01, 5e+01, 5e+01, 5e+01, 5e+01, 5e+01, 5e+01, 5e+01, 5e+01, 5e+01, 5e+01, 6.49999427808506e+01, 8.75e+01, 1.100000572191494e+02, 1.32499971389516e+02, 1.55000028610484e+02, 1.774999427808506e+02, 2e+02, 2e+02, 2e+02, 2e+02, 2e+02, 2e+02, 2e+02, 2e+02, 2e+02, 2e+02, 2e+02]
movingAverage.u=[5e+01, 5e+01, 5e+01, 5e+01, 5e+01, 5e+01, 5e+01, 5e+01, 5e+01, 5e+01, 5e+01, 5e+01, 5e+01, 5e+01, 5e+01, 5e+01, 5e+01, 2e+02, 2e+02, 2e+02, 2e+02, 2e+02, 2e+02, 2e+02, 2e+02, 2e+02, 2e+02, 2e+02, 2e+02, 2e+02, 2e+02, 2e+02, 2e+02, 2e+02, 5e+01, 5e+01, 5e+01, 5e+01, 5e+01, 5e+01, 5e+01, 5e+01, 5e+01, 5e+01, 5e+01, 5e+01, 5e+01, 5e+01, 5e+01, 5e+01, 2e+02, 2e+02, 2e+02, 2e+02, 2e+02, 2e+02, 2e+02, 2e+02, 2e+02, 2e+02, 2e+02, 2e+02, 2e+02, 2e+02, 2e+02, 2e+02, 2e+02, 5e+01, 5e+01, 5e+01, 5e+01, 5e+01, 5e+01, 5e+01, 5e+01, 5e+01, 5e+01, 5e+01, 5e+01, 5e+01, 5e+01, 5e+01, 5e+01, 5e+01, 2e+02, 2e+02, 2e+02, 2e+02, 2e+02, 2e+02, 2e+02, 2e+02, 2e+02, 2e+02, 2e+02, 2e+02, 2e+02, 2e+02, 2e+02, 2e+02, 2e+02]
time=[0e+00, 3e+01]
