last-generated=2018-06-08
statistics-initialization=
{
  "linear": "2, 2",
  "nonlinear": "2, 8, 8, 8, 2",
  "numerical Jacobians": "0"
}
statistics-simulation=
{
  "linear": "0, 0, 0, 0, 0, 0, 0, 0, 0, 0, 0, 0, 0, 0, 0, 0, 0, 0, 0, 0, 0, 0, 0, 0, 0, 0, 0,   0, 0, 0, 0, 0, 0, 0, 0, 5, 5, 5, 0, 0, 0, 0, 0, 0, 5, 5, 5, 0, 0, 0, 0, 0, 5,   5, 5, 0",
  "nonlinear": "1",
  "number of continuous time states": "123",
  "numerical Jacobians": "0"
}
structure.TSensor[1]=[2.931499938964844e+02, 2.923758239746094e+02, 2.922116088867188e+02, 2.9198828125e+02, 2.916312561035156e+02, 2.912457885742188e+02, 2.909249877929688e+02, 2.907058410644531e+02, 2.903448791503906e+02, 2.900128784179688e+02, 2.897315063476562e+02, 2.896435241699219e+02, 2.893744201660156e+02, 2.8906982421875e+02, 2.88729248046875e+02, 2.886350402832031e+02, 2.883842163085938e+02, 2.879986877441406e+02, 2.876036071777344e+02, 2.877716064453125e+02, 2.880588073730469e+02, 2.874931945800781e+02, 2.871156311035156e+02, 2.867737121582031e+02, 2.866923217773438e+02, 2.864248046875e+02, 2.861185607910156e+02, 2.858511657714844e+02, 2.857806091308594e+02, 2.855975036621094e+02, 2.853051452636719e+02, 2.849831848144531e+02, 2.847787475585938e+02, 2.846388854980469e+02, 2.842986755371094e+02, 2.839736633300781e+02, 2.83686279296875e+02, 2.836422119140625e+02, 2.833584899902344e+02, 2.830993347167969e+02, 2.828607788085938e+02, 2.828140563964844e+02, 2.826525573730469e+02, 2.824347534179688e+02, 2.822228088378906e+02, 2.823522033691406e+02, 2.824915771484375e+02, 2.821494445800781e+02, 2.817353820800781e+02, 2.812816162109375e+02, 2.812299499511719e+02, 2.807385559082031e+02, 2.803893737792969e+02, 2.801303405761719e+02, 2.805535888671875e+02, 2.803303527832031e+02, 2.801035461425781e+02, 2.798540954589844e+02, 2.797292175292969e+02, 2.796405944824219e+02, 2.793605041503906e+02, 2.790643920898438e+02, 2.788025207519531e+02, 2.786757202148438e+02, 2.78447021484375e+02, 2.78306640625e+02, 2.782013549804688e+02, 2.782962951660156e+02, 2.782298583984375e+02, 2.781460571289062e+02, 2.780481262207031e+02, 2.779908447265625e+02, 2.783130187988281e+02, 2.781571044921875e+02, 2.780974731445312e+02, 2.780586242675781e+02, 2.7841796875e+02, 2.783996276855469e+02, 2.78357666015625e+02, 2.78323974609375e+02, 2.784794616699219e+02, 2.787752380371094e+02, 2.786526489257812e+02, 2.784804992675781e+02, 2.795209350585938e+02, 2.794391784667969e+02, 2.791277770996094e+02, 2.790509338378906e+02, 2.793002624511719e+02, 2.800148620605469e+02, 2.799078063964844e+02, 2.798816528320312e+02, 2.79855224609375e+02, 2.800834655761719e+02, 2.801241149902344e+02, 2.800350036621094e+02, 2.799315185546875e+02, 2.798782653808594e+02, 2.798436584472656e+02, 2.79721435546875e+02, 2.795085144042969e+02]
structure.TSensor[2]=[2.931499938964844e+02, 2.923647766113281e+02, 2.922733154296875e+02, 2.921135864257812e+02, 2.918006286621094e+02, 2.91455078125e+02, 2.911689453125e+02, 2.909783935546875e+02, 2.906229248046875e+02, 2.902991333007812e+02, 2.90023193359375e+02, 2.899407043457031e+02, 2.896524353027344e+02, 2.893320922851562e+02, 2.889786682128906e+02, 2.888868713378906e+02, 2.886124267578125e+02, 2.882033081054688e+02, 2.877967529296875e+02, 2.880028686523438e+02, 2.88243896484375e+02, 2.875982666015625e+02, 2.872212524414062e+02, 2.86881591796875e+02, 2.868101196289062e+02, 2.865202941894531e+02, 2.861967163085938e+02, 2.8592041015625e+02, 2.858489379882812e+02, 2.8564404296875e+02, 2.853264465332031e+02, 2.849891967773438e+02, 2.847791442871094e+02, 2.846328430175781e+02, 2.842665100097656e+02, 2.8392919921875e+02, 2.836339416503906e+02, 2.835915832519531e+02, 2.832810363769531e+02, 2.830052490234375e+02, 2.827545776367188e+02, 2.827045593261719e+02, 2.825216064453125e+02, 2.822803039550781e+02, 2.82054931640625e+02, 2.821923217773438e+02, 2.823169250488281e+02, 2.819249267578125e+02, 2.814959411621094e+02, 2.810383605957031e+02, 2.810118103027344e+02, 2.8049560546875e+02, 2.801553955078125e+02, 2.799047241210938e+02, 2.803652954101562e+02, 2.800750427246094e+02, 2.798133850097656e+02, 2.795502014160156e+02, 2.794207458496094e+02, 2.793248291015625e+02, 2.790194091796875e+02, 2.787112731933594e+02, 2.784447937011719e+02, 2.783203430175781e+02, 2.78077392578125e+02, 2.779316101074219e+02, 2.778179626464844e+02, 2.779107971191406e+02, 2.778213806152344e+02, 2.777164916992188e+02, 2.776060180664062e+02, 2.775412902832031e+02, 2.778878784179688e+02, 2.776905822753906e+02, 2.776240539550781e+02, 2.775860595703125e+02, 2.779688110351562e+02, 2.779190063476562e+02, 2.778790893554688e+02, 2.778541564941406e+02, 2.780205078125e+02, 2.783233032226562e+02, 2.781869812011719e+02, 2.780269470214844e+02, 2.791517028808594e+02, 2.790140686035156e+02, 2.786748962402344e+02, 2.786347961425781e+02, 2.789254455566406e+02, 2.796575622558594e+02, 2.795364990234375e+02, 2.795291442871094e+02, 2.795295104980469e+02, 2.797793273925781e+02, 2.798315734863281e+02, 2.797617797851562e+02, 2.79662109375e+02, 2.79625244140625e+02, 2.79605224609375e+02, 2.794881591796875e+02, 2.792789306640625e+02]
structure.TSensor[3]=[2.931499938964844e+02, 2.923239135742188e+02, 2.921318359375e+02, 2.918663024902344e+02, 2.914557495117188e+02, 2.910132446289062e+02, 2.906286315917969e+02, 2.903584289550781e+02, 2.899259033203125e+02, 2.895298156738281e+02, 2.891847534179688e+02, 2.8906103515625e+02, 2.887515258789062e+02, 2.88418701171875e+02, 2.880465698242188e+02, 2.879459838867188e+02, 2.876690063476562e+02, 2.872449340820312e+02, 2.868039855957031e+02, 2.8700146484375e+02, 2.873026123046875e+02, 2.866319580078125e+02, 2.862445068359375e+02, 2.858819580078125e+02, 2.858007507324219e+02, 2.855133056640625e+02, 2.851806030273438e+02, 2.848880615234375e+02, 2.848135070800781e+02, 2.846242980957031e+02, 2.843175964355469e+02, 2.839801330566406e+02, 2.837607727050781e+02, 2.836176147460938e+02, 2.832444763183594e+02, 2.828947448730469e+02, 2.825804138183594e+02, 2.825404357910156e+02, 2.822320556640625e+02, 2.819576416015625e+02, 2.817057800292969e+02, 2.816680908203125e+02, 2.815144348144531e+02, 2.812961730957031e+02, 2.810889892578125e+02, 2.81259765625e+02, 2.814500427246094e+02, 2.811098937988281e+02, 2.806915893554688e+02, 2.802003173828125e+02, 2.80149169921875e+02, 2.79556884765625e+02, 2.791351013183594e+02, 2.78809814453125e+02, 2.792852783203125e+02, 2.790232543945312e+02, 2.787854309082031e+02, 2.785389709472656e+02, 2.784197998046875e+02, 2.783467712402344e+02, 2.780453186035156e+02, 2.7772900390625e+02, 2.774440612792969e+02, 2.773118286132812e+02, 2.770567626953125e+02, 2.769120178222656e+02, 2.768140869140625e+02, 2.769485778808594e+02, 2.769079895019531e+02, 2.768583679199219e+02, 2.76793212890625e+02, 2.767668151855469e+02, 2.771584167480469e+02, 2.770325012207031e+02, 2.770239562988281e+02, 2.77026611328125e+02, 2.774583129882812e+02, 2.774810180664062e+02, 2.775047912597656e+02, 2.775237121582031e+02, 2.777339172363281e+02, 2.781220092773438e+02, 2.780276489257812e+02, 2.778709411621094e+02, 2.791075134277344e+02, 2.789848327636719e+02, 2.786293640136719e+02, 2.785664978027344e+02, 2.788521423339844e+02, 2.796825866699219e+02, 2.796160278320312e+02, 2.79641845703125e+02, 2.796502685546875e+02, 2.79915771484375e+02, 2.799833374023438e+02, 2.799085998535156e+02, 2.797721252441406e+02, 2.796847534179688e+02, 2.796230773925781e+02, 2.79458984375e+02, 2.791887817382812e+02]
time=[0e+00, 2e+06]
constantAirFlowRecup.hex.T_in2=[2.8375e+02, 2.829875793457031e+02, 2.840944519042969e+02, 2.840499877929688e+02, 2.823833312988281e+02, 2.804944458007812e+02, 2.799191284179688e+02, 2.801709899902344e+02, 2.791734619140625e+02, 2.7875e+02, 2.789313354492188e+02, 2.807611083984375e+02, 2.800166625976562e+02, 2.788611145019531e+02, 2.774703063964844e+02, 2.786611022949219e+02, 2.78291748046875e+02, 2.761612548828125e+02, 2.746499938964844e+02, 2.761181640625e+02, 2.795503540039062e+02, 2.7725e+02, 2.757034606933594e+02, 2.751260070800781e+02, 2.767439270019531e+02, 2.763649597167969e+02, 2.755991516113281e+02, 2.755499877929688e+02, 2.773331298828125e+02, 2.77119873046875e+02, 2.757536926269531e+02, 2.7420556640625e+02, 2.743611145019531e+02, 2.749981384277344e+02, 2.735768737792969e+02, 2.725632629394531e+02, 2.7225e+02, 2.741178894042969e+02, 2.734389038085938e+02, 2.730499877929688e+02, 2.72861328125e+02, 2.747703857421875e+02, 2.745475158691406e+02, 2.741645812988281e+02, 2.7375e+02, 2.758500061035156e+02, 2.779483032226562e+02, 2.750944519042969e+02, 2.704500122070312e+02, 2.678239440917969e+02, 2.675944519042969e+02, 2.660499877929688e+02, 2.66727783203125e+02, 2.675944519042969e+02, 2.730499877929688e+02, 2.724885864257812e+02, 2.721166687011719e+02, 2.708055419921875e+02, 2.713427429199219e+02, 2.717109069824219e+02, 2.701727600097656e+02, 2.688648986816406e+02, 2.682087097167969e+02, 2.6875e+02, 2.692611083984375e+02, 2.701939697265625e+02, 2.710166625976562e+02, 2.736316528320312e+02, 2.736404418945312e+02, 2.7372900390625e+02, 2.734500122070312e+02, 2.739441833496094e+02, 2.764500122070312e+02, 2.758916931152344e+02, 2.756534423828125e+02, 2.75858642578125e+02, 2.792711791992188e+02, 2.784722290039062e+02, 2.779166564941406e+02, 2.776499938964844e+02, 2.791938171386719e+02, 2.8025e+02, 2.783277893066406e+02, 2.761233825683594e+02, 2.806324462890625e+02, 2.796448364257812e+02, 2.781736755371094e+02, 2.782833251953125e+02, 2.799256896972656e+02, 2.851788635253906e+02, 2.831499938964844e+02, 2.819833374023438e+02, 2.812395629882812e+02, 2.830388793945312e+02, 2.8229052734375e+02, 2.804166564941406e+02, 2.788833312988281e+02, 2.786499938964844e+02, 2.784160766601562e+02, 2.766499938964844e+02, 2.743302612304688e+02]
constantAirFlowRecup.hex.T_in1=[2.931499938964844e+02, 2.918913269042969e+02, 2.917349853515625e+02, 2.915846557617188e+02, 2.911611633300781e+02, 2.907027587890625e+02, 2.903260803222656e+02, 2.901427612304688e+02, 2.897402038574219e+02, 2.893765563964844e+02, 2.890948486328125e+02, 2.8906005859375e+02, 2.887865600585938e+02, 2.884311828613281e+02, 2.880321655273438e+02, 2.8794775390625e+02, 2.877382202148438e+02, 2.872574768066406e+02, 2.867896423339844e+02, 2.868846740722656e+02, 2.875368957519531e+02, 2.86767822265625e+02, 2.863245849609375e+02, 2.859522399902344e+02, 2.858767395019531e+02, 2.856706237792969e+02, 2.853207397460938e+02, 2.850459594726562e+02, 2.850118408203125e+02, 2.848828735351562e+02, 2.845254821777344e+02, 2.841413269042969e+02, 2.838907775878906e+02, 2.838325500488281e+02, 2.834323425292969e+02, 2.83057373046875e+02, 2.827548828125e+02, 2.827687683105469e+02, 2.8248486328125e+02, 2.822024536132812e+02, 2.81958740234375e+02, 2.819502563476562e+02, 2.818471984863281e+02, 2.816012878417969e+02, 2.813758239746094e+02, 2.815155639648438e+02, 2.819084167480469e+02, 2.814186706542969e+02, 2.808312072753906e+02, 2.802319946289062e+02, 2.801974487304688e+02, 2.796225280761719e+02, 2.792598571777344e+02, 2.790289306640625e+02, 2.79658935546875e+02, 2.794782104492188e+02, 2.791939392089844e+02, 2.788983154296875e+02, 2.787531127929688e+02, 2.787486572265625e+02, 2.783956298828125e+02, 2.780313720703125e+02, 2.77739990234375e+02, 2.776351928710938e+02, 2.774187927246094e+02, 2.773193054199219e+02, 2.772613220214844e+02, 2.774478454589844e+02, 2.774401245117188e+02, 2.773636779785156e+02, 2.772659912109375e+02, 2.772210083007812e+02, 2.777129821777344e+02, 2.775316467285156e+02, 2.774742736816406e+02, 2.774501342773438e+02, 2.779288635253906e+02, 2.779845886230469e+02, 2.779295959472656e+02, 2.778926086425781e+02, 2.780514221191406e+02, 2.785630798339844e+02, 2.783394775390625e+02, 2.780513000488281e+02, 2.793084411621094e+02, 2.792560424804688e+02, 2.788173522949219e+02, 2.787281188964844e+02, 2.788992309570312e+02, 2.800244140625e+02, 2.799095153808594e+02, 2.798468322753906e+02, 2.797898864746094e+02, 2.800629272460938e+02, 2.801520080566406e+02, 2.799767456054688e+02, 2.797674255371094e+02, 2.796521606445312e+02, 2.796160888671875e+02, 2.794255981445312e+02, 2.790897521972656e+02]
