last-generated=2018-06-13
statistics-simulation=
{
  "linear": " ",
  "nonlinear": " ",
  "number of continuous time states": "1",
  "numerical Jacobians": "0"
}
y=[6.44747802734375e+02, 7.792229182704543e+02, 9.346368477355871e+02, 1.112758888767874e+03, 1.315234190495695e+03, 1.543533040350153e+03, 1.798900571239513e+03, 2.082302216910962e+03, 2.394377505298342e+03, 2.735402950070762e+03, 3.105251451335233e+03, 3.503370020074326e+03, 3.928769323350119e+03, 4.380011452656255e+03, 4.855225308357952e+03, 5.352121281054599e+03, 5.868029973272844e+03, 6.399934301941386e+03, 6.944526462913587e+03, 7.498268687631782e+03, 8.057450863805759e+03, 8.618262227560757e+03, 9.176866277170115e+03, 9.729463477870422e+03, 1.027235983833495e+04, 1.0802037109375e+04, 1.131520187709751e+04, 1.180884199744364e+04, 1.228026752305601e+04, 1.27271452215804e+04, 1.3147525510956e+04, 1.35398544013977e+04, 1.390298657506934e+04, 1.423617974383501e+04, 1.453909169288373e+04, 1.481175894085613e+04, 1.505458302123632e+04, 1.52683006847838e+04, 1.545395796094597e+04, 1.561287596770651e+04, 1.574662306466905e+04, 1.58569795269374e+04, 1.594590232929387e+04, 1.601550097832008e+04, 1.606800292348948e+04, 1.610572851785326e+04, 1.613106640437542e+04, 1.614645507732021e+04, 1.615436230444106e+04, 1.615727734371606e+04, 1.6157693359375e+04, 1.615810937503394e+04, 1.616102441430915e+04, 1.61689394539311e+04, 1.618436425969363e+04, 1.620982616963328e+04, 1.624788379533387e+04, 1.630114745914994e+04, 1.637229688985864e+04, 1.646410933896487e+04, 1.657949412191855e+04, 1.672152149387796e+04, 1.689347466072453e+04, 1.709889268644691e+04, 1.734163279708315e+04, 1.762593146061235e+04, 1.795649036332333e+04, 1.833856047462664e+04, 1.877805435561922e+04, 1.928167395814668e+04, 1.985704864749535e+04, 2.051293015201889e+04, 2.125939462730641e+04, 2.210809923691017e+04, 2.307259430827029e+04, 2.4168685546875e+04, 2.541490558009521e+04, 2.683303550782705e+04, 2.844882206275658e+04, 3.029277315016429e+04, 3.240119656746628e+04, 3.481751111048119e+04, 3.759378731545181e+04, 4.079276899844375e+04, 4.449040875509897e+04, 4.877898717083634e+04, 5.37711525678211e+04, 5.960510641436878e+04, 6.645110515872033e+04, 7.451997368729884e+04, 8.407404859500963e+04, 9.544153576624414e+04, 1.09035043300256e+05, 1.253761671078815e+05, 1.451281146564822e+05, 1.691386259602846e+05, 1.984977703304604e+05, 2.346160205050085e+05, 2.793288670746285e+05, 3.350402857600135e+05, 4.0491965625e+05]
y_comp=[6.44747802734375e+02, 7.792229182704543e+02, 9.346368477355871e+02, 1.112758888767874e+03, 1.315234190495695e+03, 1.543533040350153e+03, 1.798900571239513e+03, 2.082302216910962e+03, 2.394377505298342e+03, 2.735402950070762e+03, 3.105251451335233e+03, 3.503370020074326e+03, 3.928769323350119e+03, 4.380011452656255e+03, 4.855225308357952e+03, 5.352121281054599e+03, 5.868029973273718e+03, 6.399934301941386e+03, 6.944526462913587e+03, 7.498268687631782e+03, 8.057450863805759e+03, 8.618262227560757e+03, 9.176866277170115e+03, 9.729463477870422e+03, 1.027235983833495e+04, 1.0802037109375e+04, 1.131520187709751e+04, 1.180884199744364e+04, 1.228026752305601e+04, 1.27271452215804e+04, 1.3147525510956e+04, 1.35398544013977e+04, 1.390298657506934e+04, 1.423617974383501e+04, 1.453909169288373e+04, 1.481175894085613e+04, 1.505458302123632e+04, 1.52683006847838e+04, 1.545395796094597e+04, 1.561287596770622e+04, 1.574662306466905e+04, 1.585697855037665e+04, 1.594590232929299e+04, 1.601550097832008e+04, 1.606800292348948e+04, 1.61057285178529e+04, 1.613106640437542e+04, 1.614645507732021e+04, 1.615436230444106e+04, 1.615727734371606e+04, 1.6157693359375e+04, 1.615810937503394e+04, 1.616102441430915e+04, 1.61689394539311e+04, 1.618436425969363e+04, 1.620982616963328e+04, 1.624788379533387e+04, 1.630114843571229e+04, 1.637229688985864e+04, 1.646411129208638e+04, 1.657949412191855e+04, 1.672152149387855e+04, 1.689347466072453e+04, 1.709889268644691e+04, 1.734163279708315e+04, 1.762593146061235e+04, 1.795649036332333e+04, 1.833856047462664e+04, 1.877805435561922e+04, 1.928167395814668e+04, 1.985704864749535e+04, 2.051293015201889e+04, 2.125939462730758e+04, 2.210809923691017e+04, 2.307259430827553e+04, 2.41686875e+04, 2.541490558009521e+04, 2.683303746094158e+04, 2.844882206275775e+04, 3.029277315017244e+04, 3.240119656746628e+04, 3.481751111048119e+04, 3.759378731545181e+04, 4.079276899846936e+04, 4.449041266134199e+04, 4.877898717083634e+04, 5.37711525678211e+04, 5.960510641436878e+04, 6.645110515872033e+04, 7.451997368729884e+04, 8.407404859500963e+04, 9.544153576625811e+04, 1.090350511127048e+05, 1.253761671078815e+05, 1.451281146564822e+05, 1.691386259602846e+05, 1.984977703304604e+05, 2.346160205050085e+05, 2.793288670746285e+05, 3.350402857601625e+05, 4.0491965625e+05]
time=[-1e+00, 1e+00]
