last-generated=2018-06-13
statistics-simulation=
{
  "linear": " ",
  "nonlinear": " ",
  "numerical Jacobians": "0"
}
solDecNOAA.y=[-4.007543921470642e-01, -3.884308040142059e-01, -3.761071860790253e-01, -3.63783597946167e-01, -3.514600098133087e-01, -3.391363918781281e-01, -3.268128037452698e-01, -3.144891858100891e-01, -3.021655976772308e-01, -2.850671708583832e-01, -2.633230090141296e-01, -2.415788322687149e-01, -2.198346704244614e-01, -1.980904936790466e-01, -1.763463318347931e-01, -1.546021550893784e-01, -1.328579783439636e-01, -1.084552556276321e-01, -8.352953940629959e-02, -5.860381573438644e-02, -3.36780957877636e-02, -8.752375841140747e-03, 1.61733441054821e-02, 4.109906405210495e-02, 6.60247877240181e-02, 9.004814922809601e-02, 1.123389899730682e-01, 1.346298307180405e-01, 1.569206714630127e-01, 1.792115122079849e-01, 2.015023529529572e-01, 2.237932085990906e-01, 2.460840493440628e-01, 2.673742473125458e-01, 2.815486788749695e-01, 2.957231104373932e-01, 3.098975419998169e-01, 3.240719735622406e-01, 3.382464051246643e-01, 3.52420836687088e-01, 3.665952682495117e-01, 3.807696998119354e-01, 3.872928321361542e-01, 3.893249928951263e-01, 3.913571536540985e-01, 3.933893144130707e-01, 3.954214751720428e-01, 3.97453635931015e-01, 3.994857966899872e-01, 4.015179872512817e-01, 3.98341029882431e-01, 3.876977562904358e-01, 3.770544528961182e-01, 3.664111495018005e-01, 3.557678759098053e-01, 3.451245725154877e-01, 3.3448126912117e-01, 3.238379955291748e-01, 3.131946921348572e-01, 2.938595712184906e-01, 2.737460732460022e-01, 2.536325454711914e-01, 2.335190623998642e-01, 2.134055495262146e-01, 1.932920515537262e-01, 1.731785535812378e-01, 1.530650556087494e-01, 1.311449110507965e-01, 1.067770794034004e-01, 8.240924030542374e-02, 5.804140120744705e-02, 3.367356210947037e-02, 9.305723942816257e-03, -1.506211422383785e-02, -3.942995145916939e-02, -6.352324783802032e-02, -8.655496686697006e-02, -1.095866933465004e-01, -1.326184123754501e-01, -1.556501388549805e-01, -1.786818653345108e-01, -2.017135918140411e-01, -2.247453182935715e-01, -2.477770298719406e-01, -2.654369175434113e-01, -2.809273898601532e-01, -2.964178621768951e-01, -3.119083344936371e-01, -3.273988366127014e-01, -3.428893089294434e-01, -3.583797812461853e-01, -3.738702535629272e-01, -3.847659528255463e-01, -3.868074119091034e-01, -3.888488709926605e-01, -3.9089035987854e-01, -3.929318189620972e-01, -3.949732780456543e-01, -3.970147669315338e-01, -3.990562260150909e-01, -4.010977149009705e-01]
decAng.decAng=[-4.028861224651337e-01, -3.97406280040741e-01, -3.902890682220459e-01, -3.815765082836151e-01, -3.713188469409943e-01, -3.595738112926483e-01, -3.464056849479675e-01, -3.318841457366943e-01, -3.160835802555084e-01, -2.990820109844208e-01, -2.809602618217468e-01, -2.618013322353363e-01, -2.416895031929016e-01, -2.207100838422775e-01, -1.989487260580063e-01, -1.764911860227585e-01, -1.53423011302948e-01, -1.298294216394424e-01, -1.057951897382736e-01, -8.140458166599274e-02, -5.674143508076668e-02, -3.18891815841198e-02, -6.930957082659006e-03, 1.805027015507221e-02, 4.297157004475594e-02, 6.774991750717163e-02, 9.230204671621323e-02, 1.165443733334541e-01, 1.403928697109222e-01, 1.637630313634872e-01, 1.865698993206024e-01, 2.08728089928627e-01, 2.301519066095352e-01, 2.5075563788414e-01, 2.704537212848663e-01, 2.891612350940704e-01, 3.067944049835205e-01, 3.232711255550385e-01, 3.385116755962372e-01, 3.524396121501923e-01, 3.649824857711792e-01, 3.76072883605957e-01, 3.856493830680847e-01, 3.936574161052704e-01, 4.000503420829773e-01, 4.04790073633194e-01, 4.078480303287506e-01, 4.092055559158325e-01, 4.088542461395264e-01, 4.067963361740112e-01, 4.030443727970123e-01, 3.976212441921234e-01, 3.905594646930695e-01, 3.819007277488708e-01, 3.716950714588165e-01, 3.5999995470047e-01, 3.468794226646423e-01, 3.324030339717865e-01, 3.166450262069702e-01, 2.996832430362701e-01, 2.815985083580017e-01, 2.624737024307251e-01, 2.423931062221527e-01, 2.214419841766357e-01, 1.997059881687164e-01, 1.772708594799042e-01, 1.542221903800964e-01, 1.306451857089996e-01, 1.06624647974968e-01, 8.224485814571381e-02, 5.758966505527496e-02, 3.274251148104668e-02, 7.786544039845467e-03, -1.719526574015617e-02, -4.211999103426933e-02, -6.690460443496704e-02, -9.146586805582047e-02, -1.157201901078224e-01, -1.395835727453232e-01, -1.629715114831924e-01, -1.857990920543671e-01, -2.079809010028839e-01, -2.294312864542007e-01, -2.500645220279694e-01, -2.697950303554535e-01, -2.88537859916687e-01, -3.062092065811157e-01, -3.22726845741272e-01, -3.380110263824463e-01, -3.519851267337799e-01, -3.645765781402588e-01, -3.757177889347076e-01, -3.853470683097839e-01, -3.934096395969391e-01, -3.998585343360901e-01, -4.046554267406464e-01, -4.077713489532471e-01, -4.091872870922089e-01, -4.088945388793945e-01, -4.068949222564697e-01, -4.032006561756134e-01]
time=[0e+00, 3.1536e+07]
