last-generated=2016-01-29
statistics-initialization=
{
  "linear": "16"
}
statistics-simulation=
{
  "numerical Jacobians": "0", 
  "nonlinear": "1", 
  "number of continuous time states": "43", 
  "linear": "0, 0, 0, 5, 0, 0, 0, 0, 0, 0, 0, 0, 0, 0, 6, 2"
}
zone.TSensor=[295.830413818359375, 292.4698486328125, 291.497100830078125, 290.714813232421875, 290.16949462890625, 289.913482666015625, 289.606109619140625, 289.167999267578125, 288.691314697265625, 288.175506591796875, 287.620758056640625, 287.069610595703125, 286.539093017578125, 286.169219970703125, 285.875244140625, 285.483306884765625, 285.037750244140625, 284.578857421875, 284.115081787109375, 283.703399658203125, 283.33831787109375, 283.0662841796875, 283.034271240234375, 282.99285888671875, 282.81524658203125, 282.5894775390625, 282.329925537109375, 282.031646728515625, 281.709716796875, 281.373321533203125, 281.199951171875, 281.274871826171875, 281.184234619140625, 280.87554931640625, 280.48583984375, 280.0552978515625, 279.614532470703125, 279.17327880859375, 278.75982666015625, 278.878265380859375, 279.43682861328125, 279.4315185546875, 279.2340087890625, 279.00897216796875, 278.766693115234375, 278.502227783203125, 278.250091552734375, 278.06121826171875, 278.003021240234375, 278.147491455078125, 278.013641357421875, 277.78741455078125, 277.563079833984375, 277.34283447265625, 277.154022216796875, 276.982452392578125, 276.998046875, 277.233795166015625, 277.29486083984375, 277.192230224609375, 277.0579833984375, 276.8817138671875, 276.648345947265625, 276.372589111328125, 276.121795654296875, 276.155303955078125, 276.256988525390625, 276.16448974609375, 275.97039794921875, 275.77276611328125, 275.552520751953125, 275.338897705078125, 275.1343994140625, 275.006072998046875, 275.09112548828125, 275.142059326171875, 275.0428466796875, 274.9320068359375, 274.798614501953125, 274.676788330078125, 274.55694580078125, 274.44659423828125, 274.50579833984375, 274.751251220703125, 274.876251220703125, 274.89007568359375, 274.84893798828125, 274.781951904296875, 274.710052490234375, 274.651885986328125, 274.659454345703125, 275.08953857421875, 275.639892578125, 275.815093994140625, 275.7822265625, 275.63018798828125, 275.31427001953125, 274.81817626953125, 274.267242431640625, 273.850982666015625, 273.7064208984375]
zone1.TSensor=[295.659149169921875, 291.98419189453125, 290.952606201171875, 290.3306884765625, 291.55126953125, 292.763275146484375, 291.36962890625, 290.047393798828125, 289.041168212890625, 288.189727783203125, 287.46807861328125, 286.826812744140625, 286.572509765625, 287.754852294921875, 287.621917724609375, 286.3046875, 285.30950927734375, 284.482147216796875, 283.86798095703125, 283.377777099609375, 282.9962158203125, 283.687225341796875, 284.739105224609375, 284.325958251953125, 283.420318603515625, 282.765106201171875, 282.2591552734375, 281.796722412109375, 281.38720703125, 281.1331787109375, 283.1148681640625, 284.536773681640625, 282.979095458984375, 281.63519287109375, 280.657623291015625, 279.93048095703125, 279.303131103515625, 278.780120849609375, 279.030364990234375, 283.254730224609375, 284.664642333984375, 282.06011962890625, 280.54608154296875, 279.5718994140625, 278.907806396484375, 278.404754638671875, 278.05120849609375, 278.452423095703125, 280.87725830078125, 280.908416748046875, 279.31146240234375, 278.317108154296875, 277.674957275390625, 277.218841552734375, 276.906402587890625, 276.86285400390625, 278.696044921875, 279.843170166015625, 278.644775390625, 277.768890380859375, 277.20013427734375, 276.72552490234375, 276.298370361328125, 275.8880615234375, 276.3826904296875, 278.349212646484375, 278.551544189453125, 277.236724853515625, 276.3570556640625, 275.798919677734375, 275.35784912109375, 275.02423095703125, 274.78057861328125, 275.945770263671875, 277.56707763671875, 276.814971923828125, 275.8016357421875, 275.165985107421875, 274.74810791015625, 274.45428466796875, 274.244964599609375, 274.31292724609375, 276.33123779296875, 277.379180908203125, 276.2803955078125, 275.50518798828125, 275.01177978515625, 274.688873291015625, 274.485321044921875, 274.360015869140625, 275.834808349609375, 280.1683349609375, 280.1546630859375, 278.104644775390625, 276.844818115234375, 275.992950439453125, 275.138580322265625, 274.356414794921875, 273.771697998046875, 276.00482177734375, 277.387054443359375]
time=[0., 1000000.]
