last-generated=2017-01-17
statistics-simulation=
{
  "numerical Jacobians": "0", 
  "nonlinear": "3, 1, 1, 1, 1, 1, 1, 1, 1", 
  "number of continuous time states": "360", 
  "linear": "0, 0, 0, 0, 0, 0, 0, 0, 0, 0, 0, 0, 0, 0, 0, 0, 0, 0, 0, 0, 0, 0, 0, 0, 0, 0, 0,   0, 0, 0, 0, 0, 0, 0, 0, 0, 0, 0, 0, 0, 0, 0, 0, 0, 0, 0, 0, 0, 0, 0, 0, 0, 0,   0, 0, 0, 0, 0, 0, 0, 0, 0, 0, 0, 0, 0, 0, 0, 0, 0, 0, 0, 0, 0, 0, 0, 0, 0, 0,   0, 0, 0, 0, 0, 0, 0, 0, 0, 0, 0, 0, 0, 0, 0, 0, 0, 0, 0, 0, 0, 0, 0, 0, 0, 0,   0, 0, 0, 0, 0, 0, 0, 0, 0, 0, 0, 0, 0, 0, 0, 0, 0, 0, 0, 0, 0, 0, 0, 0, 0, 0,   0, 0, 0, 0, 0, 0, 0, 0, 0"
}
heaSys.heaSche.TdegC[1].y=[303.136016845703125, 303.136016845703125, 303.136016845703125, 303.136016845703125, 303.136016845703125, 303.136016845703125, 303.136016845703125, 303.136016845703125, 303.136016845703125, 303.136016845703125, 303.136016845703125, 303.136016845703125, 303.136016845703125, 303.136016845703125, 303.136016845703125, 303.136016845703125, 303.136016845703125, 303.136016845703125, 303.136016845703125, 303.136016845703125, 303.136016845703125, 303.136016845703125, 303.136016845703125, 303.136016845703125, 303.136016845703125, 303.136016845703125, 303.136016845703125, 303.136016845703125, 303.136016845703125, 303.136016845703125, 303.136016845703125, 303.136016845703125, 303.136016845703125, 303.136016845703125, 303.136016845703125, 303.136016845703125, 303.136016845703125, 303.136016845703125, 303.136016845703125, 303.136016845703125, 303.136016845703125, 303.136016845703125, 303.136016845703125, 303.136016845703125, 303.136016845703125, 303.136016845703125, 303.136016845703125, 303.136016845703125, 303.136016845703125, 303.136016845703125, 303.136016845703125, 303.136016845703125, 303.136016845703125, 303.136016845703125, 303.136016845703125, 303.136016845703125, 303.136016845703125, 303.136016845703125, 303.136016845703125, 303.15669799804686590505, 303.15492553710936363132, 303.16815022786460076532, 303.15839965820310908384, 303.14625976562501818989, 303.148889973958318933, 303.15984700520834849158, 303.14281127929689318989, 303.13678833007810453637, 300.51734781901041060337, 300.03599365234373408384, 298.38347778320314773737, 297.08572875976562954747, 295.45670532226563409495, 295.87172729492186817879, 297.01199991861977878216, 297.365447998046875, 297.91082316080729697205, 297.44079345703124772626, 296.68393554687497726263, 294.26576700846356970942, 292.81251424153646212289, 292.06612060546876818989, 291.36980550130209621784, 295.84384236653647803905, 298.15141357421873635758, 298.14476318359373863132, 298.14679361979165150842, 298.15318847656249090505, 298.15618693033854924579, 296.36567871093751591616, 293.37553100585938636868, 292.02794596354164013974, 291.31632853190103560337, 290.91275878906247953637, 290.93665527343750909495, 291.49330240885416287711, 290.95612182617185226263, 290.34121582031252728484, 289.82879842122395075421, 288.91450683593751591616, 288.200225830078125]
struct.TSensor[1]=[293.149993896484375, 301.64903483072919243568, 303.135034993489568933, 303.13687866210938182121, 303.137451171875, 303.137725830078125, 303.13787841796875, 303.137969970703125, 303.138031005859375, 303.138092041015625, 303.13812255859375, 303.13812255859375, 303.138153076171875, 303.138153076171875, 303.13818359375, 303.13818359375, 303.13818359375, 303.13818359375, 303.13818359375, 303.138214111328125, 303.138214111328125, 303.138214111328125, 303.138214111328125, 303.138214111328125, 303.138214111328125, 303.138214111328125, 303.138214111328125, 303.138214111328125, 303.138214111328125, 303.138214111328125, 303.138214111328125, 303.138214111328125, 303.138214111328125, 303.138214111328125, 303.138214111328125, 303.138214111328125, 303.138214111328125, 303.138214111328125, 303.138214111328125, 303.138214111328125, 303.138214111328125, 303.138214111328125, 303.138214111328125, 303.138214111328125, 303.138214111328125, 303.138214111328125, 303.138214111328125, 303.138214111328125, 303.138214111328125, 303.138214111328125, 303.138214111328125, 303.138214111328125, 303.138214111328125, 303.138214111328125, 303.138214111328125, 303.138214111328125, 303.138214111328125, 303.138214111328125, 303.138214111328125, 303.1369234212239689441, 303.13723144531252273737, 303.13830118815104697205, 303.13885498046875, 303.14028808593752728484, 303.13810302734373181011, 303.13867594401040150842, 303.13938232421872953637, 303.13725626627604015084, 299.72439005533851741347, 299.93764282226561590505, 298.18155721028648486026, 297.04571777343750227374, 295.42457153320310681011, 295.79866536458331438553, 296.80138509114584621784, 297.09759521484375, 297.83721842447914696095, 296.8769262695312249889, 296.13832031250001364242, 294.00806518554685453637, 292.41388142903645075421, 291.59364746093751818989, 290.86676839192710986026, 295.47636759440104015084, 298.13896850585939546363, 298.14184163411459849158, 298.140411376953125, 298.14099243164059771516, 298.14186482747396667037, 295.99439453125000909495, 293.80104980468752273737, 292.11696004231771439663, 291.46165364583333712289, 290.89609985351563636868, 290.79338785807289013974, 291.44236653645833712289, 290.7882421874999749889, 290.01424438476561817879, 289.39390543619794016195, 288.44345947265622953637, 287.66204833984375]
time=[15000000., 23587200.]
heaSys.heaSche.TdegC[2].y=[303.199310302734375, 303.199310302734375, 303.199310302734375, 303.199310302734375, 303.199310302734375, 303.199310302734375, 303.199310302734375, 303.199310302734375, 303.199310302734375, 303.199310302734375, 303.199310302734375, 303.199310302734375, 303.199310302734375, 303.199310302734375, 303.199310302734375, 303.199310302734375, 303.199310302734375, 303.199310302734375, 303.199310302734375, 303.199310302734375, 303.199310302734375, 303.199310302734375, 303.199310302734375, 303.199310302734375, 303.199310302734375, 303.199310302734375, 303.199310302734375, 303.199310302734375, 303.199310302734375, 303.199310302734375, 303.199310302734375, 303.199310302734375, 303.199310302734375, 303.199310302734375, 303.199310302734375, 303.199310302734375, 303.199310302734375, 303.199310302734375, 303.199310302734375, 303.199310302734375, 303.199310302734375, 303.199310302734375, 303.199310302734375, 303.199310302734375, 303.199310302734375, 303.199310302734375, 303.199310302734375, 303.199310302734375, 303.199310302734375, 303.199310302734375, 303.199310302734375, 303.199310302734375, 303.199310302734375, 303.199310302734375, 303.199310302734375, 303.199310302734375, 303.199310302734375, 303.199310302734375, 303.199310302734375, 303.19617309570310226263, 303.23406372070314773737, 303.32826497395831211179, 303.32842692057289468721, 303.31806884765626364242, 303.3246801757812249889, 303.32019856770835986026, 303.30676025390624772626, 303.32395019531247726263, 301.17960856119793788821, 300.13046020507812272626, 298.99527587890622726263, 297.36628784179686135758, 296.26970825195314773737, 296.05906087239583257542, 296.84298461914062272626, 297.14410400390625, 297.67962483723960076532, 297.53546468098960531279, 296.86436523437498635758, 295.09912516276040150842, 293.72800292968747726263, 293.00977905273435908384, 292.06820882161457575421, 295.86616129557290832963, 298.19825561523435908384, 298.27167561848960986026, 298.29685058593747726263, 298.31013305664060908384, 298.31602864583334167037, 296.93692464192707802795, 294.35068969726563636868, 292.93029581705729924579, 292.22655843098959849158, 291.73592651367187045253, 291.60012125651041969832, 291.83913981119792424579, 291.40573364257812727374, 290.88299357096354924579, 290.38945719401039013974, 289.56774169921874317879, 288.826416015625]
struct.TSensor[2]=[293.149993896484375, 299.70284220377601513974, 302.04985107421873635758, 302.50932373046873635758, 302.62853149414064546363, 302.66673380533853787711, 302.68334716796874772626, 302.69325805664061590505, 302.70027506510416515084, 302.70561035156248408384, 302.70978190104165150842, 302.71305989583333939663, 302.71560546875002728484, 302.717620849609375, 302.719207763671875, 302.72046508789060226263, 302.721466064453125, 302.722259521484375, 302.722900390625, 302.72338419596354697205, 302.723785400390625, 302.724090576171875, 302.724334716796875, 302.72454833984375, 302.724700927734375, 302.724822998046875, 302.72491455078125, 302.725006103515625, 302.72503662109375, 302.72509765625, 302.72515869140625, 302.72515869140625, 302.725189208984375, 302.7252197265625, 302.725250244140625, 302.725250244140625, 302.725250244140625, 302.72528076171875, 302.725250244140625, 302.725250244140625, 302.725250244140625, 302.725250244140625, 302.725250244140625, 302.725250244140625, 302.72528076171875, 302.72528076171875, 302.72528076171875, 302.72528076171875, 302.72528076171875, 302.72528076171875, 302.72528076171875, 302.72528076171875, 302.72528076171875, 302.72528076171875, 302.72528076171875, 302.72528076171875, 302.72528076171875, 302.72528076171875, 302.72528076171875, 302.711003824869806067, 302.78066406250002273737, 302.82331990559896439663, 302.81361124674481288821, 302.8473852539062249889, 302.75720092773440228484, 302.76809488932292424579, 302.76184204101559771516, 302.72776733398438864242, 301.29893351236978560337, 300.68766845703123635758, 299.40959676106768938553, 297.92745686848957120674, 296.69218017578123181011, 296.3454984537760310559, 296.89615356445312954747, 297.144287109375, 297.60899414062498635758, 297.30074625651042197205, 296.74390136718750454747, 295.18242757161459621784, 293.85943603515625, 293.05237915039060681011, 292.08775797526044470942, 293.62715006510416060337, 297.2184484863280999889, 298.06781209309895075421, 298.23410359700523031279, 298.3205529785156500111, 298.32424641927082120674, 297.48514282226562954747, 295.487640380859375, 293.92743977864580529058, 293.00151936848959621784, 292.2441137695312249889, 291.88795776367186363132, 292.03308919270835986026, 291.41841186523436135758, 290.7486303710937249889, 290.1676062011718499889, 289.37688720703124545253, 288.58294677734375]
heaSys.heaSche.TdegC[3].y=[303.12939453125, 303.12939453125, 303.12939453125, 303.12939453125, 303.12939453125, 303.12939453125, 303.12939453125, 303.12939453125, 303.12939453125, 303.12939453125, 303.12939453125, 303.12939453125, 303.12939453125, 303.12939453125, 303.12939453125, 303.12939453125, 303.12939453125, 303.12939453125, 303.12939453125, 303.12939453125, 303.12939453125, 303.12939453125, 303.12939453125, 303.12939453125, 303.12939453125, 303.12939453125, 303.12939453125, 303.12939453125, 303.12939453125, 303.12939453125, 303.12939453125, 303.12939453125, 303.12939453125, 303.12939453125, 303.12939453125, 303.12939453125, 303.12939453125, 303.12939453125, 303.12939453125, 303.12939453125, 303.12939453125, 303.12939453125, 303.12939453125, 303.12939453125, 303.12939453125, 303.12939453125, 303.12939453125, 303.12939453125, 303.12939453125, 303.12939453125, 303.12939453125, 303.12939453125, 303.12939453125, 303.12939453125, 303.12939453125, 303.12939453125, 303.12939453125, 303.12939453125, 303.12939453125, 303.21998779296876591616, 303.2847900390625, 303.19924438476562045253, 303.16095458984375454747, 303.14498168945311817879, 303.15908243815101741347, 303.15039672851560226263, 303.15637939453125682121, 303.15451660156247726263, 300.92604573567706438553, 299.79686035156248635758, 298.77705688476561363132, 297.13446858723960986026, 296.08031249999999090505, 295.88703043619790378216, 296.60168253580729924579, 296.866302490234375, 297.34046834309896212289, 297.32119995117187727374, 296.68285034179689318989, 294.87574259440106061447, 293.51841227213543561447, 292.86206542968750454747, 291.89416788736980379326, 296.68720418294270757542, 298.15033447265625454747, 298.15155639648435226263, 298.14899983723955756432, 298.1533166503906500111, 298.15252441406249772626, 296.76094767252601513974, 294.12822265624998863132, 292.73510945638020075421, 292.05705200195313864242, 291.52395141601562045253, 291.45657592773437727374, 291.81694335937498863132, 291.31396362304690228484, 290.75668009440101968721, 290.26383626302083484916, 289.39420898437498408384, 288.674346923828125]
struct.TSensor[3]=[293.149993896484375, 303.145624593098943933, 303.147730305989568933, 303.14813964843750682121, 303.148284912109375, 303.148345947265625, 303.14837646484375, 303.148406982421875, 303.148406982421875, 303.1484375, 303.1484375, 303.1484375, 303.1484375, 303.1484375, 303.1484375, 303.1484375, 303.1484375, 303.148468017578125, 303.148468017578125, 303.148468017578125, 303.148468017578125, 303.148468017578125, 303.148468017578125, 303.148468017578125, 303.148468017578125, 303.148468017578125, 303.148468017578125, 303.148468017578125, 303.148468017578125, 303.148468017578125, 303.148468017578125, 303.148468017578125, 303.148468017578125, 303.148468017578125, 303.148468017578125, 303.148468017578125, 303.148468017578125, 303.148468017578125, 303.148468017578125, 303.148468017578125, 303.148468017578125, 303.148468017578125, 303.148468017578125, 303.148468017578125, 303.148468017578125, 303.148468017578125, 303.148468017578125, 303.148468017578125, 303.148468017578125, 303.148468017578125, 303.148468017578125, 303.148468017578125, 303.148468017578125, 303.148468017578125, 303.148468017578125, 303.148468017578125, 303.148468017578125, 303.148468017578125, 303.148468017578125, 303.14846110026041969832, 303.148773193359375, 303.14884073893227878216, 303.1488037109375, 303.149017333984375, 303.148681640625, 303.14874267578125, 303.148712158203125, 303.14856892903645757542, 301.473297119140625, 300.7074243164062750111, 299.71670735677082575421, 298.10351806640625227374, 297.2255822753906500111, 296.70484903971356516195, 296.87964152018230379326, 296.98760986328125, 297.29162394205729924579, 297.31931762695313636868, 296.90010009765626364242, 295.67387532552083939663, 294.53700358072916287711, 294.04881713867189318989, 292.67736612955729924579, 298.14269287109374317879, 298.14837646484375, 298.149322509765625, 298.149383544921875, 298.149505615234375, 298.149505615234375, 297.59646647135417651953, 296.00099487304686363132, 294.64053222656252728484, 293.87190022786455756432, 292.92018554687501818989, 292.71672526041669470942, 292.75077921549478787711, 291.80497680664063864242, 291.13450398763018256432, 290.59155436197914923468, 289.84795166015624090505, 289.043731689453125]
heaSys.heaSche.TdegC[4].y=[303.147064208984375, 303.147064208984375, 303.147064208984375, 303.147064208984375, 303.147064208984375, 303.147064208984375, 303.147064208984375, 303.147064208984375, 303.147064208984375, 303.147064208984375, 303.147064208984375, 303.147064208984375, 303.147064208984375, 303.147064208984375, 303.147064208984375, 303.147064208984375, 303.147064208984375, 303.147064208984375, 303.147064208984375, 303.147064208984375, 303.147064208984375, 303.147064208984375, 303.147064208984375, 303.147064208984375, 303.147064208984375, 303.147064208984375, 303.147064208984375, 303.147064208984375, 303.147064208984375, 303.147064208984375, 303.147064208984375, 303.147064208984375, 303.147064208984375, 303.147064208984375, 303.147064208984375, 303.147064208984375, 303.147064208984375, 303.147064208984375, 303.147064208984375, 303.147064208984375, 303.147064208984375, 303.147064208984375, 303.147064208984375, 303.147064208984375, 303.147064208984375, 303.147064208984375, 303.147064208984375, 303.147064208984375, 303.147064208984375, 303.147064208984375, 303.147064208984375, 303.147064208984375, 303.147064208984375, 303.147064208984375, 303.147064208984375, 303.147064208984375, 303.147064208984375, 303.147064208984375, 303.147064208984375, 303.14064778645831665926, 303.11864624023439773737, 303.15012084960937954747, 303.15102905273437272626, 303.14815307617186590505, 303.15648274739584167037, 303.14888916015627273737, 303.15075805664059771516, 303.15483642578124090505, 300.93099934895832348047, 299.74987060546874317879, 298.66324462890622726263, 297.10900390624999545253, 295.9812280273437750111, 295.76442626953127046363, 296.38727416992185226263, 296.68939208984375, 297.09370361328126364242, 297.14209431966145302795, 296.55303344726564773737, 294.87693359374998181011, 293.53628743489582575421, 292.79402343750001591616, 291.84264078776044470942, 296.09423990885414923468, 298.14752685546875454747, 298.15045572916665150842, 298.14446004231768938553, 298.1455651855469000111, 298.16019897460938636868, 296.68460001627602196095, 294.08529052734377273737, 292.69085205078124545253, 291.95782267252604924579, 291.4587438964843499889, 291.32341064453123635758, 291.49779459635414013974, 291.1826818847655999889, 290.705072835286443933, 290.22149007161459621784, 289.42001220703127728484, 288.713134765625]
struct.TSensor[4]=[293.149993896484375, 302.38928304036460303905, 303.145990804036443933, 303.1468505859375, 303.147125244140625, 303.14727783203125, 303.147369384765625, 303.147430419921875, 303.1474609375, 303.147491455078125, 303.147491455078125, 303.14752197265625, 303.14752197265625, 303.14752197265625, 303.14752197265625, 303.14752197265625, 303.14752197265625, 303.14752197265625, 303.147552490234375, 303.147552490234375, 303.147552490234375, 303.147552490234375, 303.147552490234375, 303.147552490234375, 303.147552490234375, 303.147552490234375, 303.147552490234375, 303.147552490234375, 303.147552490234375, 303.147552490234375, 303.147552490234375, 303.147552490234375, 303.147552490234375, 303.147552490234375, 303.147552490234375, 303.147552490234375, 303.147552490234375, 303.147552490234375, 303.147552490234375, 303.147552490234375, 303.147552490234375, 303.147552490234375, 303.147552490234375, 303.147552490234375, 303.147552490234375, 303.147552490234375, 303.147552490234375, 303.147552490234375, 303.147552490234375, 303.147552490234375, 303.147552490234375, 303.147552490234375, 303.147552490234375, 303.147552490234375, 303.147552490234375, 303.147552490234375, 303.147552490234375, 303.147552490234375, 303.147552490234375, 303.14744222005208484916, 303.1475830078125, 303.147796630859375, 303.14788818359375, 303.148101806640625, 303.147857666015625, 303.147857666015625, 303.147857666015625, 303.147705078125, 301.62722859700522803905, 300.32151611328123408384, 299.38975830078123863132, 298.08114176432292197205, 297.08637207031250682121, 296.36068929036457575421, 296.26733601888020075421, 296.307861328125, 296.55286092122395302795, 296.63595703124997271516, 296.39311401367189091616, 295.44105468750001364242, 294.43204549153648486026, 293.61004882812500227374, 292.61172729492187727374, 296.060063883463556067, 298.14665893554689546363, 298.14794921875, 298.14813232421875, 298.14825439453125, 298.148345947265625, 297.08782348632814773737, 295.53414306640627273737, 294.20035929361978332963, 293.28399820963539923468, 292.48486938476560226263, 292.01738769531249317879, 291.93386433919272349158, 291.52304321289062727374, 290.98520141601562727374, 290.43969319661459849158, 289.75840698242188864242, 289.026947021484375]
struct.TSensor[5]=[293.149993896484375, 303.143244222005193933, 303.145624593098943933, 303.146148681640625, 303.1463623046875, 303.146453857421875, 303.146514892578125, 303.14654541015625, 303.146575927734375, 303.1466064453125, 303.1466064453125, 303.146636962890625, 303.146636962890625, 303.146636962890625, 303.146636962890625, 303.146636962890625, 303.146636962890625, 303.146636962890625, 303.146636962890625, 303.146636962890625, 303.146636962890625, 303.146636962890625, 303.146636962890625, 303.146636962890625, 303.146636962890625, 303.146636962890625, 303.146636962890625, 303.146636962890625, 303.146636962890625, 303.146636962890625, 303.146636962890625, 303.146636962890625, 303.146636962890625, 303.146636962890625, 303.146636962890625, 303.146636962890625, 303.146636962890625, 303.146636962890625, 303.146636962890625, 303.146636962890625, 303.146636962890625, 303.146636962890625, 303.146636962890625, 303.146636962890625, 303.146636962890625, 303.146636962890625, 303.146636962890625, 303.146636962890625, 303.146636962890625, 303.146636962890625, 303.146636962890625, 303.146636962890625, 303.146636962890625, 303.146636962890625, 303.146636962890625, 303.146636962890625, 303.146636962890625, 303.146636962890625, 303.146636962890625, 303.14635538736979469832, 303.14678344726564773737, 303.14710123697915378216, 303.147186279296875, 303.14752075195315228484, 303.14686442057291060337, 303.147003173828125, 303.147125244140625, 303.14667683919270757542, 300.91421590169272803905, 299.89127319335938182121, 299.21417846679685226263, 297.33890421549477878216, 296.49891601562501364242, 296.49246134440102196095, 296.52919840494791969832, 296.54925537109375, 296.6676367187499749889, 296.74960205078127728484, 296.05404052734377273737, 295.68412394205728332963, 294.064544677734375, 293.3010522460937750111, 292.05989746093752046363, 296.84275065104168334074, 303.14326293945310908384, 303.145660400390625, 303.1456298828125, 303.14617919921875, 303.146209716796875, 300.64662353515626591616, 297.71326904296876136868, 295.8981233723958439441, 294.87059041341143483805, 294.29141723632812954747, 293.88119018554687045253, 293.87907714843748863132, 292.62205444335938864242, 291.66443155924480379326, 290.91560546875001591616, 289.96628051757812727374, 289.060760498046875]
heaSys.heaSche.TdegC[5].y=[303.13671875, 303.13671875, 303.13671875, 303.13671875, 303.13671875, 303.13671875, 303.13671875, 303.13671875, 303.13671875, 303.13671875, 303.13671875, 303.13671875, 303.13671875, 303.13671875, 303.13671875, 303.13671875, 303.13671875, 303.13671875, 303.13671875, 303.13671875, 303.13671875, 303.13671875, 303.13671875, 303.13671875, 303.13671875, 303.13671875, 303.13671875, 303.13671875, 303.13671875, 303.13671875, 303.13671875, 303.13671875, 303.13671875, 303.13671875, 303.13671875, 303.13671875, 303.13671875, 303.13671875, 303.13671875, 303.13671875, 303.13671875, 303.13671875, 303.13671875, 303.13671875, 303.13671875, 303.13671875, 303.13671875, 303.13671875, 303.13671875, 303.13671875, 303.13671875, 303.13671875, 303.13671875, 303.13671875, 303.13671875, 303.13671875, 303.13671875, 303.13671875, 303.13671875, 303.15919799804686363132, 303.16192016601564773737, 303.16608235677085758653, 303.15372558593747953637, 303.14747558593751364242, 303.14850463867185226263, 303.13284912109372726263, 303.1478002929687249889, 303.1454252115885310559, 300.34244710286458257542, 298.80257934570312272626, 297.96118977864585986026, 296.06642985026041969832, 295.18046630859373635758, 295.42590291341144848047, 295.72323811848957575421, 295.8912353515625, 296.02474731445312272626, 296.14108154296877728484, 295.45237548828123408384, 294.96719482421872271516, 293.20971883138020075421, 292.42185791015623408384, 291.17588989257814091616, 297.04364298502605379326, 298.14986083984376818989, 298.15313517252604924579, 298.15335205078122271516, 298.14680908203126818989, 298.14832763671876136868, 296.13786336263018483805, 293.71403198242188636868, 292.56337402343751818989, 291.93099039713541742458, 291.85920410156251136868, 291.74806966145831665926, 291.93981323242189773737, 291.0723608398437249889, 290.46040568033856743568, 290.00283610026042424579, 289.20005615234373408384, 288.391693115234375]
struct.TSensor[6]=[293.149993896484375, 303.14625284830731288821, 303.147882893880193933, 303.14825439453125, 303.14837646484375, 303.1484375, 303.148468017578125, 303.148468017578125, 303.14849853515625, 303.14849853515625, 303.14849853515625, 303.14849853515625, 303.148529052734375, 303.148529052734375, 303.148529052734375, 303.148529052734375, 303.148529052734375, 303.148529052734375, 303.148529052734375, 303.148529052734375, 303.148529052734375, 303.148529052734375, 303.148529052734375, 303.148529052734375, 303.148529052734375, 303.148529052734375, 303.148529052734375, 303.148529052734375, 303.148529052734375, 303.148529052734375, 303.148529052734375, 303.148529052734375, 303.148529052734375, 303.148529052734375, 303.148529052734375, 303.148529052734375, 303.148529052734375, 303.148529052734375, 303.148529052734375, 303.148529052734375, 303.148529052734375, 303.148529052734375, 303.148529052734375, 303.148529052734375, 303.148529052734375, 303.148529052734375, 303.148529052734375, 303.148529052734375, 303.148529052734375, 303.148529052734375, 303.148529052734375, 303.148529052734375, 303.148529052734375, 303.148529052734375, 303.148529052734375, 303.148529052734375, 303.148529052734375, 303.148529052734375, 303.148529052734375, 303.1484375, 303.1485595703125, 303.14865763346352878216, 303.148712158203125, 303.148834228515625, 303.14862060546875, 303.148651123046875, 303.148712158203125, 303.14853841145833257542, 301.33388590494791969832, 300.02031738281249317879, 299.19309082031247726263, 297.756505533854181067, 296.81543701171875682121, 296.25040283203122726263, 296.0217985026041560559, 295.966217041015625, 296.12758097330731743568, 296.23421223958331438553, 295.9681433105468499889, 295.17312662760417651953, 294.17316080729165150842, 293.35508789062498635758, 292.32445719401039241347, 298.64734375000000454747, 303.14601806640627046363, 303.147491455078125, 303.1475830078125, 303.147705078125, 303.1478271484375, 300.90331013997393938553, 298.00293579101560226263, 295.99995483398436135758, 294.65869628906250454747, 293.64081787109375909495, 293.0023588053385310559, 292.81675618489583712289, 292.20826782226561135758, 291.4956933593750250111, 290.83366699218748863132, 290.00560302734373863132, 289.197967529296875]
heaSys.heaSche.TdegC[6].y=[303.1622314453125, 303.1622314453125, 303.1622314453125, 303.1622314453125, 303.1622314453125, 303.1622314453125, 303.1622314453125, 303.1622314453125, 303.1622314453125, 303.1622314453125, 303.1622314453125, 303.1622314453125, 303.1622314453125, 303.1622314453125, 303.1622314453125, 303.1622314453125, 303.1622314453125, 303.1622314453125, 303.1622314453125, 303.1622314453125, 303.1622314453125, 303.1622314453125, 303.1622314453125, 303.1622314453125, 303.1622314453125, 303.1622314453125, 303.1622314453125, 303.1622314453125, 303.1622314453125, 303.1622314453125, 303.1622314453125, 303.1622314453125, 303.1622314453125, 303.1622314453125, 303.1622314453125, 303.1622314453125, 303.1622314453125, 303.1622314453125, 303.1622314453125, 303.1622314453125, 303.1622314453125, 303.1622314453125, 303.1622314453125, 303.1622314453125, 303.1622314453125, 303.1622314453125, 303.1622314453125, 303.1622314453125, 303.1622314453125, 303.1622314453125, 303.1622314453125, 303.1622314453125, 303.1622314453125, 303.1622314453125, 303.1622314453125, 303.1622314453125, 303.1622314453125, 303.1622314453125, 303.1622314453125, 303.14626057942706438553, 303.152679443359375, 303.16332560221354697205, 303.15369303385415378216, 303.15037231445313636868, 303.15077270507811135758, 303.14299112955728787711, 303.14946166992189091616, 303.15065917968752273737, 300.90809285481770984916, 298.95055175781249090505, 298.05114339192709849158, 296.61620930989585076532, 295.67219116210935681011, 295.40138671875001818989, 295.40071004231771212289, 295.432861328125, 295.63156290690102423468, 295.78264607747394165926, 295.54665283203127046363, 294.64017903645833484916, 293.55172119140627273737, 292.76933471679689091616, 291.80289957682293788821, 298.18979532877602878216, 298.14782592773440228484, 298.14789835611981061447, 298.16476603190102423468, 298.15358398437501818989, 298.14625773111981743568, 296.68811726888020530168, 294.30782470703127273737, 293.00384521484375, 292.15976969401043561447, 291.66347534179686817879, 291.29655273437498408384, 291.36602986653645075421, 291.05290283203123635758, 290.62894246419273258653, 290.18413289388018938553, 289.44740234375001364242, 288.7413330078125]
struct.TSensor[7]=[293.149993896484375, 302.93857666015622953637, 303.146270751953125, 303.14697265625, 303.147216796875, 303.1473388671875, 303.147430419921875, 303.147491455078125, 303.14752197265625, 303.14752197265625, 303.147552490234375, 303.147552490234375, 303.1475830078125, 303.1475830078125, 303.1475830078125, 303.1475830078125, 303.1475830078125, 303.1475830078125, 303.1475830078125, 303.1475830078125, 303.1475830078125, 303.1475830078125, 303.1475830078125, 303.1475830078125, 303.1475830078125, 303.1475830078125, 303.1475830078125, 303.1475830078125, 303.1475830078125, 303.1475830078125, 303.1475830078125, 303.1475830078125, 303.1475830078125, 303.1475830078125, 303.1475830078125, 303.1475830078125, 303.1475830078125, 303.1475830078125, 303.1475830078125, 303.1475830078125, 303.1475830078125, 303.1475830078125, 303.1475830078125, 303.1475830078125, 303.1475830078125, 303.1475830078125, 303.1475830078125, 303.1475830078125, 303.1475830078125, 303.1475830078125, 303.1475830078125, 303.1475830078125, 303.1475830078125, 303.1475830078125, 303.1475830078125, 303.1475830078125, 303.1475830078125, 303.1475830078125, 303.1475830078125, 303.147552490234375, 303.147735595703125, 303.14789469401040378216, 303.14801025390625, 303.148193359375, 303.14794921875, 303.147979736328125, 303.147979736328125, 303.1478271484375, 301.59347981770832802795, 300.37570434570312727374, 299.53402099609377273737, 298.36030273437501136868, 297.50470825195310453637, 296.82834472656247726263, 296.47495076497398258653, 296.28485107421875, 296.30027709960938864242, 296.34458740234373408384, 296.23761474609375454747, 295.67188354492185453637, 294.84769490559898486026, 294.25043823242185681011, 293.23758219401042879326, 296.81353352864584849158, 302.39746704101560226263, 303.145294189453125, 303.145843505859375, 303.14605712890625, 303.146209716796875, 301.02548990885418334074, 298.22285766601561363132, 296.44824625651040150842, 295.22510416666665378216, 294.14106689453126364242, 293.41310587565106970942, 293.04941202799477650842, 292.41657226562500682121, 291.7995874023437750111, 291.26011962890623863132, 290.57756591796874090505, 289.814422607421875]
heaSys.heaSche.TdegC[7].y=[303.15093994140625, 303.15093994140625, 303.15093994140625, 303.15093994140625, 303.15093994140625, 303.15093994140625, 303.15093994140625, 303.15093994140625, 303.15093994140625, 303.15093994140625, 303.15093994140625, 303.15093994140625, 303.15093994140625, 303.15093994140625, 303.15093994140625, 303.15093994140625, 303.15093994140625, 303.15093994140625, 303.15093994140625, 303.15093994140625, 303.15093994140625, 303.15093994140625, 303.15093994140625, 303.15093994140625, 303.15093994140625, 303.15093994140625, 303.15093994140625, 303.15093994140625, 303.15093994140625, 303.15093994140625, 303.15093994140625, 303.15093994140625, 303.15093994140625, 303.15093994140625, 303.15093994140625, 303.15093994140625, 303.15093994140625, 303.15093994140625, 303.15093994140625, 303.15093994140625, 303.15093994140625, 303.15093994140625, 303.15093994140625, 303.15093994140625, 303.15093994140625, 303.15093994140625, 303.15093994140625, 303.15093994140625, 303.15093994140625, 303.15093994140625, 303.15093994140625, 303.15093994140625, 303.15093994140625, 303.15093994140625, 303.15093994140625, 303.15093994140625, 303.15093994140625, 303.15093994140625, 303.15093994140625, 303.15314168294270302795, 303.15596313476561363132, 303.15869913736980834074, 303.14792480468747726263, 303.14252197265625454747, 303.14868041992190228484, 303.14670003255207575421, 303.15215454101564773737, 303.15306844075519165926, 301.19236612955728560337, 299.37191040039061817879, 298.34827270507810226263, 297.20567708333334167037, 296.33465576171875, 295.77305257161458484916, 295.55677205403645757542, 295.455535888671875, 295.51512410481768711179, 295.6286226399739689441, 295.55425292968749317879, 294.92601725260414013974, 294.07600097656251136868, 293.4734228515624749889, 292.5160127766927189441, 297.39427001953123408384, 298.14935791015625454747, 298.14988810221353787711, 298.15126220703126591616, 298.1505468749999749889, 298.15022379557291287711, 296.86831787109372271516, 294.75847167968748863132, 293.55553548177084621784, 292.69753784179687272626, 291.97376708984376136868, 291.48560302734375682121, 291.32171427408854924579, 291.01526367187500454747, 290.71150553385416515084, 290.41997843424479697205, 289.89938964843747726263, 289.254547119140625]
heaSys.Qhea[1]=[1820., 1820., 1495.52309733072911512863, 1311.72487304687501818989, 1255.07947916666671517305, 1228.46879069010424245789, 1213.08944335937508185452, 1203.22565917968745452526, 1196.57254069010423336294, 1191.97740234375010004442, 1188.7288818359375, 1186.35269205729173336294, 1184.65381347656239086064, 1183.37180013020838487137, 1182.41237141927081211179, 1181.679931640625, 1181.11457845052086668147, 1180.67737955729171517305, 1180.34181152343739995558, 1180.07764648437500909495, 1179.8690185546875, 1179.70363281250001818989, 1179.57886555989580301684, 1179.47618977864590306126, 1179.39507812500005456968, 1179.330322265625, 1179.28390624999997271516, 1179.24212890624994543032, 1179.21262858072918788821, 1179.18677246093739086064, 1179.16677246093740905053, 1179.1522444661459303461, 1179.14047526041667879326, 1179.1302490234375, 1179.12230794270840306126, 1179.11761881510415150842, 1179.11013671875002728484, 1179.10791015625, 1179.10498046875, 1179.103759765625, 1179.1007080078125, 1179.09717447916659693874, 1179.094970703125, 1179.09304524739582120674, 1179.0911865234375, 1179.08935546875, 1179.0892333984375, 1179.0899658203125, 1179.0908203125, 1179.0916748046875, 1179.092529296875, 1179.09326171875, 1179.0941162109375, 1179.094970703125, 1179.0953369140625, 1179.0950927734375, 1179.0948486328125, 1179.0946044921875, 1179.09423828125, 1307.53661621093760913936, 1275.83271484374995452526, 1170.29381347656249090505, 1113.838846028645775732, 971.16889892578126364242, 1188.44637858072906055895, 1133.03599446614589396631, 1061.75690917968745452526, 1274.17171223958325754211, 0.01388002232958873185, 500.05551879882813182121, 0.00116176258306950326, 499.98341959635416742458, 0., 500.07970865885414468721, 500.18370768229164013974, 499.848388671875, 499.96171061197918561447, 0.01060694329440593775, 0.01552451707422733244, 0., 0., 0., 0.01231320598473151576, 1820., 1102.60041503906245452526, 815.63550211588540150842, 958.5688492838542060781, 901.20229980468752728484, 814.55517252604170153063, 0.01087218338002761235, 0.04750388115644454956, 0.04009324734409649982, 0.05504919523994127734, 0.05282021358609199913, 0.03577298219005266983, 0.03243827049930890494, 0.04333248779177665405, 0.04400631745656331112, 0.05810848370194435231, 0.0535833585262298559, 0.04516699910163879395]
heaSys.heaSche.Pel_IDEAL[1]=[1148.2958984375, 1148.2958984375, 1148.2958984375, 1148.2958984375, 1148.2958984375, 1148.2958984375, 1148.2958984375, 1148.2958984375, 1148.2958984375, 1148.2958984375, 1148.2958984375, 1148.2958984375, 1148.2958984375, 1148.2958984375, 1148.2958984375, 1148.2958984375, 1148.2958984375, 1148.2958984375, 1148.2958984375, 1148.2958984375, 1148.2958984375, 1148.2958984375, 1148.2958984375, 1148.2958984375, 1148.2958984375, 1148.2958984375, 1148.2958984375, 1148.2958984375, 1148.2958984375, 1148.2958984375, 1148.2958984375, 1148.2958984375, 1148.2958984375, 1148.2958984375, 1148.2958984375, 1148.2958984375, 1148.2958984375, 1148.2958984375, 1148.2958984375, 1148.2958984375, 1148.2958984375, 1148.2958984375, 1148.2958984375, 1148.2958984375, 1148.2958984375, 1148.2958984375, 1148.2958984375, 1148.2958984375, 1148.2958984375, 1148.2958984375, 1148.2958984375, 1148.2958984375, 1148.2958984375, 1148.2958984375, 1148.2958984375, 1148.2958984375, 1148.2958984375, 1148.2958984375, 1148.2958984375, 1265.35990559895822116232, 1219.71967773437495452526, 1099.76312662760415150842, 1047.15383300781240905053, 911.60842529296871816769, 1166.50841634114590306126, 1069.22608235677080301684, 998.90114746093752273737, 1223.89468261718752728484, 0.01388002232958873185, 500.05551879882813182121, 0.00116176258306950326, 499.98341959635416742458, 0., 500.07970865885414468721, 500.18370768229164013974, 499.848388671875, 499.96171061197918561447, 0.01060694329440593775, 0.01552451707422733244, 0., 0., 0., 0.01231320598473151576, 1831.64805175781248181011, 947.62015380859372726263, 779.37197265625002273737, 971.4805387369791560559, 982.52169433593746816769, 867.02009684244796972052, 0.01087218338002761235, 0.04750388115644454956, 0.04009324734409649982, 0.05504919523994127734, 0.05282021358609199913, 0.03577298219005266983, 0.03243827049930890494, 0.04333248779177665405, 0.04400631745656331112, 0.05810848370194435231, 0.0535833585262298559, 0.04516699910163879395]
heaSys.Qhea[3]=[750., 437.12114664713539013974, 227.74128011067708143855, 185.27101989746094545808, 171.44999613444011288266, 165.34803975423176325421, 161.98160522460938182121, 159.85342936197915264529, 158.40383138020834508097, 157.39420227050780454192, 156.64879252115886743013, 156.09368387858071969276, 155.69188476562499090505, 155.381744384765625, 155.14164021809895643855, 154.95801696777343181566, 154.80740173339845000555, 154.68806620279949015639, 154.60190002441404999445, 154.54005208333333598603, 154.47898152669270643855, 154.43030212402342726818, 154.40008605957029885758, 154.36567077636718181566, 154.33217712402344545808, 154.32144673665365530724, 154.32001525878905567879, 154.29909729003907159495, 154.31048258463542310892, 154.28413228352863484361, 154.26765136718751136868, 154.30812459309896667037, 154.29272501627605151953, 154.26666076660157500555, 154.26792419433593295253, 154.29953511555990530724, 154.25169067382813636868, 154.27702982584634128216, 154.2977573649088469665, 154.30026428222654999445, 154.3006439208984375, 154.3007049560546875, 154.3006439208984375, 154.300537109375, 154.3004302978515625, 154.300323486328125, 154.30035400390625, 154.3004608154296875, 154.300567626953125, 154.3006744384765625, 154.30078125, 154.3008880615234375, 154.300994873046875, 154.3011016845703125, 154.300994873046875, 154.30059814453125, 154.300201416015625, 154.2998046875, 154.299407958984375, 153.2759031168619685559, 122.60466918945311931566, 117.33933461507162121507, 118.25324645996093408939, 97.13586975097656761591, 132.29396728515624204192, 126.60398610432942234638, 127.80427917480469091061, 142.77130716959635492458, 0.0721826983491579699, 0., 0., 0., 0., 0., 0., 0., 0., 0., 0., 0., 0., 0., 0., 730.74395263671874545253, 161.49329711914063523182, 66.68793029785156534217, 60.52490722656249744205, 48.82444671630859289735, 48.64206059773763257681, 0.0803336657087008188, 0., 0., 0., 0., 0., 0., 0., 0., 0., 0., 0.]
heaSys.heaSche.Pel_IDEAL[3]=[195.525390625, 195.525390625, 195.525390625, 195.525390625, 195.525390625, 195.525390625, 195.525390625, 195.525390625, 195.525390625, 195.525390625, 195.525390625, 195.525390625, 195.525390625, 195.525390625, 195.525390625, 195.525390625, 195.525390625, 195.525390625, 195.525390625, 195.525390625, 195.525390625, 195.525390625, 195.525390625, 195.525390625, 195.525390625, 195.525390625, 195.525390625, 195.525390625, 195.525390625, 195.525390625, 195.525390625, 195.525390625, 195.525390625, 195.525390625, 195.525390625, 195.525390625, 195.525390625, 195.525390625, 195.525390625, 195.525390625, 195.525390625, 195.525390625, 195.525390625, 195.525390625, 195.525390625, 195.525390625, 195.525390625, 195.525390625, 195.525390625, 195.525390625, 195.525390625, 195.525390625, 195.525390625, 195.525390625, 195.525390625, 195.525390625, 195.525390625, 195.525390625, 195.525390625, 107.73776204427083769133, 51.89975585937500568434, 143.00583048502605265639, 158.34260599772136401953, 136.17345397949219432121, 174.37564270019529999445, 164.62485148111980493013, 164.75548706054686931566, 187.69936075846354128771, 0.0721826983491579699, 0., 0., 0., 0., 0., 0., 0., 0., 0., 0., 0., 0., 0., 0., 775.00271891276042879326, 169.86898498535157386868, 148.07525126139321969276, 162.55029703776042993013, 150.90816589355469545808, 138.67647949218749658939, 0.0803336657087008188, 0., 0., 0., 0., 0., 0., 0., 0., 0., 0., 0.]
heaSys.Qhea[4]=[750., 750., 401.99885742187501591616, 315.76491088867186363132, 286.24764892578127728484, 271.79240315755208712289, 263.36455688476564773737, 257.998835042317693933, 254.43559814453124090505, 252.01823181152343522626, 250.34028218587238256987, 249.13426656087239052795, 248.28769897460938409495, 247.65861877441406591061, 247.19230590820313864242, 246.84163208007811363132, 246.57331542968751136868, 246.36820515950520871229, 246.21032348632812158939, 246.08849650065104697205, 245.9909820556640625, 245.91496887207031818434, 245.85640930175782159495, 245.81044474283854128771, 245.77289855957030795253, 245.74405415852865530724, 245.72191691080729469832, 245.70415344238281818434, 245.69161743164062272626, 245.67997904459636515639, 245.66956176757813068434, 245.66399475097657045808, 245.65921162923177689663, 245.65364746093749204192, 245.64883260091144734361, 245.6482696533203125, 245.64488586425781591061, 245.6432952880859375, 245.64403849283854697205, 245.64433471679686249445, 245.64409586588541856145, 245.643768310546875, 245.64348815917969659495, 245.643218994140625, 245.6429595947265625, 245.64269104003906818434, 245.6425933837890625, 245.6425628662109375, 245.642547607421875, 245.64251708984375, 245.6425018310546875, 245.642486572265625, 245.6424560546875, 245.6424407958984375, 245.6423797607421875, 245.64227294921875, 245.6421661376953125, 245.642059326171875, 245.641937255859375, 255.1509220377604094665, 241.782928466796875, 221.44095845540365985471, 211.0029081217447810559, 189.24627563476562386313, 214.4501926676432219665, 214.24710693359375568434, 213.03027832031250454747, 230.57295532226561363132, 0.11713026960690815781, 0.03821562185883522339, 0.03891944959759711942, 0.03854666699965794696, 0.04239291638135909979, 0.03853051955501238246, 0.03825907667477925628, 0.04241700097918510437, 0.03729400828480720215, 0.03852315361301104218, 0.0381860166788101224, 0.04263555124402046426, 0.03966160913308461322, 0.03766097411513328469, 0.0390805379052956911, 750., 334.088287353515625, 204.82713419596353787711, 185.71879740397136515639, 175.52692687988280795253, 166.72012451171875113687, 0.11548136184612910193, 0.03528055995702743253, 0.03718616396188736267, 0.04720215092102686416, 0.03753710076212882912, 0.03338143552343050824, 0.03581358939409255704, 0.03763950064778327775, 0.03655238971114158769, 0.03431935471793015613, 0.03743234381079673517, 0.04306700080633163452]
heaSys.heaSche.Pel_IDEAL[4]=[362.47845458984375, 362.47845458984375, 362.47845458984375, 362.47845458984375, 362.47845458984375, 362.47845458984375, 362.47845458984375, 362.47845458984375, 362.47845458984375, 362.47845458984375, 362.47845458984375, 362.47845458984375, 362.47845458984375, 362.47845458984375, 362.47845458984375, 362.47845458984375, 362.47845458984375, 362.47845458984375, 362.47845458984375, 362.47845458984375, 362.47845458984375, 362.47845458984375, 362.47845458984375, 362.47845458984375, 362.47845458984375, 362.47845458984375, 362.47845458984375, 362.47845458984375, 362.47845458984375, 362.47845458984375, 362.47845458984375, 362.47845458984375, 362.47845458984375, 362.47845458984375, 362.47845458984375, 362.47845458984375, 362.47845458984375, 362.47845458984375, 362.47845458984375, 362.47845458984375, 362.47845458984375, 362.47845458984375, 362.47845458984375, 362.47845458984375, 362.47845458984375, 362.47845458984375, 362.47845458984375, 362.47845458984375, 362.47845458984375, 362.47845458984375, 362.47845458984375, 362.47845458984375, 362.47845458984375, 362.47845458984375, 362.47845458984375, 362.47845458984375, 362.47845458984375, 362.47845458984375, 362.47845458984375, 351.010284423828125, 322.68134155273435226263, 293.76243570963544016195, 286.66841308593751591616, 268.08150146484376818989, 300.74190836588542197205, 296.84062906901039013974, 295.35605468749997726263, 317.19200724283854242458, 0.11713026960690815781, 0.03821562185883522339, 0.03891944959759711942, 0.03854666699965794696, 0.04239291638135909979, 0.03853051955501238246, 0.03825907667477925628, 0.04241700097918510437, 0.03729400828480720215, 0.03852315361301104218, 0.0381860166788101224, 0.04263555124402046426, 0.03966160913308461322, 0.03766097411513328469, 0.0390805379052956911, 772.5170198567708439441, 368.18088867187498181011, 291.76072998046873863132, 294.06892740885416515084, 288.25654174804685681011, 266.44290771484372726263, 0.11548136184612910193, 0.03528055995702743253, 0.03718616396188736267, 0.04720215092102686416, 0.03753710076212882912, 0.03338143552343050824, 0.03581358939409255704, 0.03763950064778327775, 0.03655238971114158769, 0.03431935471793015613, 0.03743234381079673517, 0.04306700080633163452]
heaSys.heaSche.Pel_IDEAL[5]=[169.49652099609375, 169.49652099609375, 169.49652099609375, 169.49652099609375, 169.49652099609375, 169.49652099609375, 169.49652099609375, 169.49652099609375, 169.49652099609375, 169.49652099609375, 169.49652099609375, 169.49652099609375, 169.49652099609375, 169.49652099609375, 169.49652099609375, 169.49652099609375, 169.49652099609375, 169.49652099609375, 169.49652099609375, 169.49652099609375, 169.49652099609375, 169.49652099609375, 169.49652099609375, 169.49652099609375, 169.49652099609375, 169.49652099609375, 169.49652099609375, 169.49652099609375, 169.49652099609375, 169.49652099609375, 169.49652099609375, 169.49652099609375, 169.49652099609375, 169.49652099609375, 169.49652099609375, 169.49652099609375, 169.49652099609375, 169.49652099609375, 169.49652099609375, 169.49652099609375, 169.49652099609375, 169.49652099609375, 169.49652099609375, 169.49652099609375, 169.49652099609375, 169.49652099609375, 169.49652099609375, 169.49652099609375, 169.49652099609375, 169.49652099609375, 169.49652099609375, 169.49652099609375, 169.49652099609375, 169.49652099609375, 169.49652099609375, 169.49652099609375, 169.49652099609375, 169.49652099609375, 169.49652099609375, 148.23239420572917879326, 116.24747772216797159217, 111.53967254638672557121, 129.37085734049477991903, 130.08327880859374658939, 142.22489562988280908939, 149.21915181477865530724, 149.50974548339843295253, 142.08067932128906818434, -143.87117350260416515084, -106.37516693115235000278, -74.96523132324219318434, -86.28615956624348370951, -50.28893035888671647626, -74.11785532633463446928, -74.61906778971354015084, -81.5615692138671875, -51.33353378295898750139, -54.33077458699544592946, -53.78089370727538920391, -75.09255015055337878493, -72.72313842773436931566, -61.74055755615234630795, -51.62819188435872064247, 661.03719726562496816769, 208.52655456542967726818, 156.63292338053386743013, 144.11485351562498635758, 133.79180664062499772626, 140.23174173990884128216, -99.04454091389973768855, -59.34945068359375142109, -85.04895985921224621507, -65.08414927164713503771, -74.45955383300781704747, -55.25932205200195568295, -19.7850220998128243366, -19.02037536621093849476, -28.85745404561360771822, -31.99160906473795407123, -39.56168106079101676187, -32.43476104736328125]
heaSys.Qhea[5]=[750., 527.59675699869796972052, 290.86628417968751136868, 237.90493408203124658939, 217.73188374837238256987, 207.17636820475260606145, 200.79299011230469318434, 196.67372314453123749445, 193.92988891601561363132, 192.0811767578125, 190.81197306315104356145, 189.91109863281249658939, 189.28913635253906022626, 188.83208618164061931566, 188.50162434895833030168, 188.2546234130859375, 188.06868204752603901397, 187.92505635579428258097, 187.82034423828125113687, 187.73852010091147235471, 187.67467753092446969276, 187.62234252929687272626, 187.58735432942708598603, 187.55534200032550984361, 187.53048217773437045253, 187.51048787434896780724, 187.49972188313802234916, 187.48581054687500113687, 187.4784761555989689441, 187.4702785237630280335, 187.46474304199219318434, 187.46121500651042879326, 187.45774291992188409495, 187.45446228027344659495, 187.45226888020832234361, 187.45197347005208143855, 187.44782165527342954192, 187.44879597981770302795, 187.44793253580729697205, 187.4483642578125, 187.44642537434896212289, 187.44406209309894961734, 187.44252990722657159495, 187.44124186197916515084, 187.43996907552082120674, 187.43868103027344318434, 187.4388885498046875, 187.43988037109375, 187.4408721923828125, 187.44186787923177917037, 187.44286600748696969276, 187.44386413574218863687, 187.44486226399740758097, 187.44586039225259810337, 187.4463653564453125, 187.446136474609375, 187.4459228515625, 187.4456939697265625, 187.4454803466796875, 192.00042195638022235471, 144.99074401855469318434, 130.21909851074218522626, 132.34234476725259810337, 124.53389434814452840783, 150.20163574218750568434, 150.29015604654946969276, 151.55990417480470000555, 156.19643554687499431566, -143.87117350260416515084, -106.37516693115235000278, -74.96523132324219318434, -86.28615956624348370951, -50.28893035888671647626, -74.11785532633463446928, -74.61906778971354015084, -81.5615692138671875, -51.33353378295898750139, -54.33077458699544592946, -53.78089370727538920391, -75.09255015055337878493, -72.72313842773436931566, -61.74055755615234630795, -51.62819188435872064247, 750., 583.53166992187505002221, 342.75377197265623863132, 307.68817708333335758653, 253.29616821289062045253, 268.23538248697917651953, -99.04454091389973768855, -59.34945068359375142109, -85.04895985921224621507, -65.08414927164713503771, -74.45955383300781704747, -55.25932205200195568295, -19.7850220998128243366, -19.02037536621093849476, -28.85745404561360771822, -31.99160906473795407123, -39.56168106079101676187, -32.43476104736328125]
heaSys.Qhea[6]=[750., 375.03064737955730834074, 212.56186971028645871229, 174.82828491210938182121, 162.89704427083333371229, 157.49174601236978787711, 154.38021545410157386868, 152.35407246907553258097, 150.96366353352865985471, 149.98772827148437158939, 149.29006245930989393855, 148.77644104003906022626, 148.40747985839843181566, 148.12824666341145984916, 147.91753214518229242458, 147.75704650878907386868, 147.63335205078124090505, 147.5371219889322844665, 147.46391662597656591061, 147.40612508138019620674, 147.36045227050780681566, 147.32382629394530226818, 147.29678914388020416482, 147.27411682128905567879, 147.25942321777344545808, 147.24394734700521780724, 147.23270324707030454192, 147.22447631835936476818, 147.21783996582030340505, 147.21252278645832234361, 147.21114807128907386868, 147.20108642578125568434, 147.20016642252605265639, 147.19925842285155681566, 147.19584594726563864242, 147.19439086914061931566, 147.19885070800782500555, 147.19302246093749886313, 147.1985015869140625, 147.1985015869140625, 147.19818115234375, 147.19780049641926211734, 147.1975250244140625, 147.19728434244791515084, 147.1970367431640625, 147.1967926025390625, 147.196563720703125, 147.19635009765625, 147.196136474609375, 147.1959075927734375, 147.1956939697265625, 147.1954803466796875, 147.19525146484375, 147.195037841796875, 147.19500732421875, 147.1952667236328125, 147.195526123046875, 147.195770263671875, 147.1960296630859375, 156.82610555013022235471, 143.70419921875000568434, 133.8716609700520905335, 128.58129862467447424024, 116.4565295410156267053, 139.03041524251301552795, 134.24108988444010037711, 129.87120788574219432121, 145.77463846842448447205, 0.11052653680245082268, 0.026631185337901115, 0.0222356446087360396, 0.02925884234408537496, 0.02860437504947185502, 0.02598198771476745508, 0.03081977002322673631, 0.02831700071692466736, 0.0233392622321844101, 0.03059879114230473762, 0.02764377593994140486, 0.02552881814539432678, 0.03007863710323969639, 0.02369841918349266038, 0.02831608571112155873, 750., 398.41804443359376364242, 250.37327982584636743013, 240.28256327311197537711, 228.12655334472657386868, 216.93083557128906591061, 0.10654320001602173018, 0.02927718199789524148, 0.02566054321825504345, 0.02743249036371707764, 0.02699641332030296159, 0.03144413180649280326, 0.02422875252862771375, 0.02681538566946983435, 0.02808345603446165892, 0.03343569869796435279, 0.03150640383362770386, 0.03003299981355667114]
heaSys.heaSche.Pel_IDEAL[6]=[181.8350982666015625, 181.8350982666015625, 181.8350982666015625, 181.8350982666015625, 181.8350982666015625, 181.8350982666015625, 181.8350982666015625, 181.8350982666015625, 181.8350982666015625, 181.8350982666015625, 181.8350982666015625, 181.8350982666015625, 181.8350982666015625, 181.8350982666015625, 181.8350982666015625, 181.8350982666015625, 181.8350982666015625, 181.8350982666015625, 181.8350982666015625, 181.8350982666015625, 181.8350982666015625, 181.8350982666015625, 181.8350982666015625, 181.8350982666015625, 181.8350982666015625, 181.8350982666015625, 181.8350982666015625, 181.8350982666015625, 181.8350982666015625, 181.8350982666015625, 181.8350982666015625, 181.8350982666015625, 181.8350982666015625, 181.8350982666015625, 181.8350982666015625, 181.8350982666015625, 181.8350982666015625, 181.8350982666015625, 181.8350982666015625, 181.8350982666015625, 181.8350982666015625, 181.8350982666015625, 181.8350982666015625, 181.8350982666015625, 181.8350982666015625, 181.8350982666015625, 181.8350982666015625, 181.8350982666015625, 181.8350982666015625, 181.8350982666015625, 181.8350982666015625, 181.8350982666015625, 181.8350982666015625, 181.8350982666015625, 181.8350982666015625, 181.8350982666015625, 181.8350982666015625, 181.8350982666015625, 181.8350982666015625, 177.49598978678386629326, 158.17089538574219886868, 150.68144266764323901953, 150.24512186686197878771, 134.64835571289063409495, 162.54472737630209167037, 157.33053080240884469276, 151.34743164062498976818, 166.04199442545572651397, 0.11052653680245082268, 0.026631185337901115, 0.0222356446087360396, 0.02925884234408537496, 0.02860437504947185502, 0.02598198771476745508, 0.03081977002322673631, 0.02831700071692466736, 0.0233392622321844101, 0.03059879114230473762, 0.02764377593994140486, 0.02552881814539432678, 0.03007863710323969639, 0.02369841918349266038, 0.02831608571112155873, 601.67795410156247726263, 169.71831726074219659495, 123.07765553792317803072, 127.07599100748697651397, 141.78836242675779999445, 137.13400980631510606145, 0.10654320001602173018, 0.02927718199789524148, 0.02566054321825504345, 0.02743249036371707764, 0.02699641332030296159, 0.03144413180649280326, 0.02422875252862771375, 0.02681538566946983435, 0.02808345603446165892, 0.03343569869796435279, 0.03150640383362770386, 0.03003299981355667114]
