last-generated=2018-05-16
statistics-simulation=
{
  "linear": "0, 0, 0, 0, 0, 0, 0, 0, 0, 0, 0, 0, 0, 0, 0, 0, 0, 0, 0, 0",
  "nonlinear": " ",
  "number of continuous time states": "45",
  "numerical Jacobians": "0"
}
TSen_pri.T=[2.831499938964844e+02, 2.803421325683594e+02, 2.797807922363281e+02, 2.795964965820312e+02, 2.821919250488281e+02, 2.825765686035156e+02, 2.822331848144531e+02, 2.799564208984375e+02, 2.79491455078125e+02, 2.8023681640625e+02, 2.820665283203125e+02, 2.824244995117188e+02, 2.812029418945312e+02, 2.797571411132812e+02, 2.793368835449219e+02, 2.80673095703125e+02, 2.820199584960938e+02, 2.823461303710938e+02, 2.806625671386719e+02, 2.796131286621094e+02, 2.792297058105469e+02, 2.809555969238281e+02, 2.820013732910156e+02, 2.82298828125e+02, 2.803193054199219e+02, 2.794969482421875e+02, 2.791477966308594e+02, 2.811551513671875e+02, 2.819945068359375e+02, 2.822666015625e+02, 2.800731506347656e+02, 2.793958435058594e+02, 2.790799255371094e+02, 2.812981567382812e+02, 2.819910583496094e+02, 2.822410278320312e+02, 2.798882751464844e+02, 2.793040466308594e+02, 2.790207214355469e+02, 2.814015502929688e+02, 2.819881591796875e+02, 2.822189331054688e+02, 2.797440185546875e+02, 2.792198181152344e+02, 2.789683227539062e+02, 2.814799499511719e+02, 2.819854125976562e+02, 2.821991577148438e+02, 2.7962255859375e+02, 2.791426086425781e+02, 2.789220581054688e+02, 2.815405883789062e+02, 2.819827575683594e+02, 2.820843811035156e+02, 2.795160217285156e+02, 2.790720825195312e+02, 2.793189086914063e+02, 2.815884094238281e+02, 2.819794006347656e+02, 2.811189880371094e+02, 2.794197998046875e+02, 2.790076599121094e+02, 2.800739440917969e+02, 2.816265869140625e+02, 2.819756469726562e+02, 2.805264282226562e+02, 2.793305358886719e+02, 2.789484558105469e+02, 2.804845886230469e+02, 2.816568908691406e+02, 2.819714660644531e+02, 2.801541442871094e+02, 2.792464294433594e+02, 2.788950805664062e+02, 2.807532348632812e+02, 2.816812744140625e+02, 2.819669494628906e+02, 2.798984680175781e+02, 2.791668395996094e+02, 2.788463134765625e+02, 2.809455871582031e+02, 2.81700927734375e+02, 2.81962158203125e+02, 2.797085571289062e+02, 2.790914306640625e+02, 2.788018188476562e+02, 2.810848083496094e+02, 2.817167053222656e+02, 2.819571228027344e+02, 2.79563232421875e+02, 2.790204162597656e+02, 2.787612915039062e+02, 2.811892395019531e+02, 2.817295227050781e+02, 2.81951904296875e+02, 2.794467163085938e+02, 2.789542236328125e+02, 2.787247619628906e+02, 2.812708435058594e+02, 2.817406311035156e+02, 2.819465942382812e+02]
TSen_sec.T=[2.831499938964844e+02, 3.091686401367188e+02, 3.023045654296875e+02, 3.027268371582031e+02, 3.068937683105469e+02, 2.999011840820312e+02, 3.054967346191406e+02, 3.08730224609375e+02, 3.017369995117188e+02, 3.037294311523438e+02, 3.063634948730469e+02, 2.994668579101562e+02, 3.064073486328125e+02, 3.080914001464844e+02, 3.014063110351562e+02, 3.047025756835938e+02, 3.056382446289062e+02, 2.992709045410156e+02, 3.072952270507812e+02, 3.072829284667969e+02, 3.013259887695312e+02, 3.055849609375e+02, 3.047636108398438e+02, 2.993256225585938e+02, 3.080796813964844e+02, 3.063528137207031e+02, 3.014990539550781e+02, 3.063214111328125e+02, 3.037945556640624e+02, 2.996276245117188e+02, 3.087023010253906e+02, 3.053578186035156e+02, 3.019132690429688e+02, 3.068656005859375e+02, 3.027919311523438e+02, 3.001578979492188e+02, 3.091203308105469e+02, 3.043595275878906e+02, 3.025414733886719e+02, 3.071829528808594e+02, 3.018187866210938e+02, 3.008831481933594e+02, 3.093050231933594e+02, 3.034202575683594e+02, 3.033433227539062e+02, 3.072541198730469e+02, 3.009362487792969e+02, 3.017577514648438e+02, 3.092435302734375e+02, 3.025990600585938e+02, 3.042677307128906e+02, 3.070743408203125e+02, 3.001997375488281e+02, 3.049938659667969e+02, 3.08938232421875e+02, 3.019477233886718e+02, 3.032278747558594e+02, 3.066549682617188e+02, 2.996555786132812e+02, 3.059120788574219e+02, 3.084071655273438e+02, 3.015075378417969e+02, 3.042236022949219e+02, 3.060222778320312e+02, 2.993379211425781e+02, 3.068344421386719e+02, 3.076825561523438e+02, 3.013062133789062e+02, 3.051586608886719e+02, 3.052160949707031e+02, 2.992667846679688e+02, 3.076832885742188e+02, 3.06808837890625e+02, 3.013565673828125e+02, 3.059745483398438e+02, 3.042870483398438e+02, 2.994465637207031e+02, 3.083958129882812e+02, 3.058400268554688e+02, 3.016551208496094e+02, 3.066199035644531e+02, 3.032934875488281e+02, 2.998659973144531e+02, 3.089224243164062e+02, 3.048363342285156e+02, 3.021826171875e+02, 3.0705419921875e+02, 3.022978820800781e+02, 3.004987487792969e+02, 3.092282104492188e+02, 3.038605041503906e+02, 3.029052734375e+02, 3.072505493164062e+02, 3.0136279296875e+02, 3.013050231933594e+02, 3.092915649414062e+02, 3.029738464355469e+02, 3.037769775390625e+02, 3.0719580078125e+02, 3.005466003417969e+02, 3.022341918945312e+02]
time=[0e+00, 1.7e+06]
heatPumpOnOff.P=[3.508164306640625e+03, 4.089726318359375e+03, 3.62846630859375e+03, 0e+00, 0e+00, 0e+00, 3.997524169921875e+03, 4.042750244140625e+03, 3.5670517578125e+03, 0e+00, 0e+00, 0e+00, 3.979956787109375e+03, 3.9915712890625e+03, 3.531973876953125e+03, 0e+00, 0e+00, 0e+00, 3.9975859375e+03, 3.931541259765625e+03, 3.5173427734375e+03, 0e+00, 0e+00, 0e+00, 4.024369140625e+03, 3.864310791015625e+03, 3.52178955078125e+03, 0e+00, 0e+00, 0e+00, 4.048793701171875e+03, 3.792875e+03, 3.54371875e+03, 0e+00, 0e+00, 0e+00, 4.06491650390625e+03, 3.72097509765625e+03, 3.58099658203125e+03, 0e+00, 0e+00, 0e+00, 4.0689658203125e+03, 3.652735595703125e+03, 3.630843017578125e+03, 0e+00, 0e+00, 0e+00, 4.058603759765625e+03, 3.5922119140625e+03, 0e+00, 0e+00, 0e+00, 3.966414794921875e+03, 4.033190429687498e+03, 3.543060058593748e+03, 0e+00, 0e+00, 0e+00, 3.945766845703125e+03, 3.99334228515625e+03, 3.5082294921875e+03, 0e+00, 0e+00, 0e+00, 3.961778564453125e+03, 3.94073876953125e+03, 3.489760986328125e+03, 0e+00, 0e+00, 0e+00, 3.99085302734375e+03, 3.878027099609375e+03, 3.488769287109375e+03, 0e+00, 0e+00, 0e+00, 4.0205283203125e+03, 3.808637939453125e+03, 3.5050947265625e+03, 0e+00, 0e+00, 0e+00, 4.04344189453125e+03, 3.736525390625e+03, 3.53752978515625e+03, 0e+00, 0e+00, 0e+00, 4.055240966796875e+03, 3.665945068359375e+03, 3.583837158203125e+03, 0e+00, 0e+00, 0e+00, 4.053124267578125e+03, 3.60116650390625e+03, 3.64091015625e+03, 0e+00, 0e+00, 0e+00]
multipleBoreholes.Q_flow=[4.184e+04, -1.684926171875e+04, -1.7422146484375e+04, 7.354940032958984e+01, 8.094693756103516e+01, 8.2359619140625e+01, -1.86357109375e+04, -1.6706837890625e+04, -1.7249126953125e+04, 6.595462036132812e+01, 8.120207977294922e+01, 8.236493682861328e+01, -1.7837701171875e+04, -1.669766015625e+04, -1.7153015625e+04, 7.184234619140625e+01, 8.143708038330078e+01, 8.239955139160156e+01, -1.7356296875e+04, -1.6736056640625e+04, -1.7076017578125e+04, 7.545206451416016e+01, 8.163291168212891e+01, 8.243815612792969e+01, -1.70190703125e+04, -1.6793716796875e+04, -1.7004490234375e+04, 7.747308349609379e+01, 8.179519653320314e+01, 8.247675323486328e+01, -1.676947265625e+04, -1.68515703125e+04, -1.6930203125e+04, 7.879877471923828e+01, 8.19288330078125e+01, 8.251319885253906e+01, -1.6592107421875e+04, -1.68972734375e+04, -1.6847654296875e+04, 7.971337890625e+01, 8.203968048095703e+01, 8.254648590087891e+01, -1.647952734375e+04, -1.6924751953125e+04, -1.6753359375e+04, 8.033350372314453e+01, 8.21226806640625e+01, 8.257659149169922e+01, -1.6423220703125e+04, -1.693257421875e+04, -1.664555859375e+04, 8.078702545166016e+01, 8.221610260009766e+01, -1.8693435546875e+04, -1.641601953125e+04, -1.6922669921875e+04, 5.109115219116342e+01, 8.113048553466795e+01, 8.228880310058595e+01, -1.785310546875e+04, -1.644795703125e+04, -1.6898501953125e+04, 6.894138336181641e+01, 8.140105438232422e+01, 8.234995269775391e+01, -1.7340966796875e+04, -1.650619921875e+04, -1.6863560546875e+04, 7.386897277832031e+01, 8.161634063720703e+01, 8.240167236328125e+01, -1.698288671875e+04, -1.6577e+04, -1.682089453125e+04, 7.641628265380859e+01, 8.179042816162109e+01, 8.244712066650391e+01, -1.671737890625e+04, -1.664750390625e+04, -1.6770369140625e+04, 7.808858489990234e+01, 8.193206024169922e+01, 8.248783874511719e+01, -1.65215234375e+04, -1.6707158203125e+04, -1.6710380859375e+04, 7.922295379638672e+01, 8.204765319824219e+01, 8.252403259277344e+01, -1.638878125e+04, -1.674927734375e+04, -1.6638244140625e+04, 7.991510772705078e+01, 8.214362335205078e+01, 8.255650329589844e+01, -1.63140146484375e+04, -1.6771408203125e+04, -1.6551654296875e+04, 8.045571899414062e+01, 8.221105194091797e+01, 8.258573150634766e+01]
