last-generated=2018-06-13
statistics-simulation=
{
  "linear": " ",
  "nonlinear": " ",
  "numerical Jacobians": "0"
}
TInv=[2.731499938964844e+02, 2.741499939188375e+02, 2.751499939411906e+02, 2.761499939635436e+02, 2.771499939858968e+02, 2.781499938219854e+02, 2.79149994030603e+02, 2.801499938666847e+02, 2.811499940753089e+02, 2.8214999353889e+02, 2.831499937474867e+02, 2.841499939560925e+02, 2.851499941647211e+02, 2.861499943733497e+02, 2.871499938368853e+02, 2.881499933004937e+02, 2.891499942541333e+02, 2.901499937176872e+02, 2.911499931812955e+02, 2.921499941349171e+02, 2.931499935984891e+02, 2.941499945521742e+02, 2.951499940157007e+02, 2.961499934792909e+02, 2.971499944329578e+02, 2.981499938964844e+02, 2.99149994850215e+02, 3.001499928237012e+02, 3.011499937772862e+02, 3.021499947309986e+02, 3.03149992704503e+02, 3.041499936580881e+02, 3.051499946117823e+02, 3.061499925853049e+02, 3.0714999353889e+02, 3.08149994492566e+02, 3.091499924661068e+02, 3.101499934196918e+02, 3.111499943733497e+02, 3.121499953270803e+02, 3.131499933004937e+02, 3.141499942541333e+02, 3.151499952078639e+02, 3.161499931812955e+02, 3.171499941349171e+02, 3.181499950886476e+02, 3.191499930620975e+02, 3.201499940157007e+02, 3.211499949694313e+02, 3.221499929428993e+02, 3.231499938964844e+02, 3.241499948502008e+02, 3.251499958039171e+02, 3.261499967576335e+02, 3.271499917509499e+02, 3.281499927045208e+02, 3.291499936580846e+02, 3.301499946117717e+02, 3.31149995565488e+02, 3.321499965192044e+02, 3.331499915125572e+02, 3.341499924661281e+02, 3.351499934196989e+02, 3.361499943733426e+02, 3.371499953270589e+02, 3.381499962807753e+02, 3.391499912741645e+02, 3.401499922277354e+02, 3.411499931813062e+02, 3.421499941349206e+02, 3.431499950886299e+02, 3.441499960423462e+02, 3.451499910357718e+02, 3.461499919893427e+02, 3.471499929429135e+02, 3.481499938964844e+02, 3.491499948502008e+02, 3.501499958039171e+02, 3.511499967576335e+02, 3.521499917509499e+02, 3.531499927045208e+02, 3.541499936580846e+02, 3.551499946117717e+02, 3.56149995565488e+02, 3.571499965192044e+02, 3.581499915125572e+02, 3.591499924661281e+02, 3.601499934196989e+02, 3.611499943733426e+02, 3.621499953270589e+02, 3.631499962807753e+02, 3.641499912741645e+02, 3.651499922277354e+02, 3.661499931813062e+02, 3.671499941349206e+02, 3.681499950886299e+02, 3.691499960423462e+02, 3.701499910357718e+02, 3.711499919893427e+02, 3.721499929429135e+02, 3.731499938964844e+02]
T=[2.731499938964844e+02, 2.741499939188375e+02, 2.751499939411906e+02, 2.761499939635436e+02, 2.771499939858968e+02, 2.781499938219854e+02, 2.79149994030603e+02, 2.801499938666847e+02, 2.811499940753089e+02, 2.8214999353889e+02, 2.831499937474867e+02, 2.841499939560925e+02, 2.851499941647211e+02, 2.861499943733497e+02, 2.871499938368853e+02, 2.881499933004937e+02, 2.891499942541333e+02, 2.901499937176872e+02, 2.911499931812955e+02, 2.921499941349171e+02, 2.931499935984891e+02, 2.941499945521742e+02, 2.951499940157007e+02, 2.961499934792909e+02, 2.971499944329578e+02, 2.981499938964844e+02, 2.99149994850215e+02, 3.001499928237012e+02, 3.011499937772862e+02, 3.021499947309986e+02, 3.03149992704503e+02, 3.041499936580881e+02, 3.051499946117823e+02, 3.061499925853049e+02, 3.0714999353889e+02, 3.08149994492566e+02, 3.091499924661068e+02, 3.101499934196918e+02, 3.111499943733497e+02, 3.121499953270803e+02, 3.131499933004937e+02, 3.141499942541333e+02, 3.151499952078639e+02, 3.161499931812955e+02, 3.171499941349171e+02, 3.181499950886476e+02, 3.191499930620975e+02, 3.201499940157007e+02, 3.211499949694313e+02, 3.221499929428993e+02, 3.231499938964844e+02, 3.241499948502008e+02, 3.251499958039171e+02, 3.261499967576335e+02, 3.271499917509499e+02, 3.281499927045208e+02, 3.291499936580846e+02, 3.301499946117717e+02, 3.31149995565488e+02, 3.321499965192044e+02, 3.331499915125572e+02, 3.341499924661281e+02, 3.351499934196989e+02, 3.361499943733426e+02, 3.371499953270589e+02, 3.381499962807753e+02, 3.391499912741645e+02, 3.401499922277354e+02, 3.411499931813062e+02, 3.421499941349206e+02, 3.431499950886299e+02, 3.441499960423462e+02, 3.451499910357718e+02, 3.461499919893427e+02, 3.471499929429135e+02, 3.481499938964844e+02, 3.491499948502008e+02, 3.501499958039171e+02, 3.511499967576335e+02, 3.521499917509499e+02, 3.531499927045208e+02, 3.541499936580846e+02, 3.551499946117717e+02, 3.56149995565488e+02, 3.571499965192044e+02, 3.581499915125572e+02, 3.591499924661281e+02, 3.601499934196989e+02, 3.611499943733426e+02, 3.621499953270589e+02, 3.631499962807753e+02, 3.641499912741645e+02, 3.651499922277354e+02, 3.661499931813062e+02, 3.671499941349206e+02, 3.681499950886299e+02, 3.691499960423462e+02, 3.701499910357718e+02, 3.711499919893427e+02, 3.721499929429135e+02, 3.731499938964844e+02]
time=[0e+00, 1e+00]
p_w=[6.112008056640625e+02, 6.5705877792043e+02, 7.059406150625761e+02, 7.580163610475353e+02, 8.134641164736632e+02, 8.724697220567731e+02, 9.352275477927336e+02, 1.001940305580353e+03, 1.072819837357247e+03, 1.148087008567976e+03, 1.227971789570426e+03, 1.31271448277032e+03, 1.402564600147467e+03, 1.497782639768752e+03, 1.598639154006296e+03, 1.705415828457918e+03, 1.818405681437161e+03, 1.937912697877452e+03, 2.064253325592069e+03, 2.197755892264299e+03, 2.338760455104988e+03, 2.487621438687172e+03, 2.64470485331801e+03, 2.81039055439607e+03, 2.985072850604404e+03, 3.1691591796875e+03, 3.363071968077063e+03, 3.567247335017414e+03, 3.782139134015098e+03, 4.008213817473165e+03, 4.245954300729794e+03, 4.495861267353414e+03, 4.758450388738494e+03, 5.034253049204175e+03, 5.323820695207029e+03, 5.627720889541932e+03, 5.946537621123493e+03, 6.280875814107576e+03, 6.631357593749069e+03, 6.998623098788853e+03, 7.383332285972029e+03, 7.786167140250899e+03, 8.20782674001729e+03, 8.649029952145833e+03, 9.11051964425878e+03, 9.593057231320967e+03, 1.009742535292747e+04, 1.062443072854889e+04, 1.117490099671395e+04, 1.174968205955924e+04, 1.2349650390625e+04, 1.297569983109354e+04, 1.362875030069685e+04, 1.430974320842297e+04, 1.50196420061152e+04, 1.575944636917817e+04, 1.653016778198715e+04, 1.733285019753017e+04, 1.816855611607342e+04, 1.903837928927786e+04, 1.994343530795988e+04, 2.088487753830465e+04, 2.186387257276533e+04, 2.288161963725833e+04, 2.393934529815322e+04, 2.503830150851913e+04, 2.617976649225619e+04, 2.736505853896122e+04, 2.859551277865166e+04, 2.987249640501365e+04, 3.119740591128371e+04, 3.257166512305822e+04, 3.399672242626844e+04, 3.547407917288314e+04, 3.700524070642416e+04, 3.85917578125e+04, 4.023520472552526e+04, 4.193718690830819e+04, 4.369934108440434e+04, 4.552333587594994e+04, 4.741088443786322e+04, 4.936371437182881e+04, 5.13835952240305e+04, 5.347231605616245e+04, 5.563171671399567e+04, 5.786364304597861e+04, 6.017001618877123e+04, 6.255275666155379e+04, 6.501382932132879e+04, 6.755522245563255e+04, 7.01789751253539e+04, 7.288713343273172e+04, 7.568182340233386e+04, 7.856516978696358e+04, 8.153933665982445e+04, 8.460651934901653e+04, 8.776896003551071e+04, 9.102891243512515e+04, 9.438872007710289e+04, 9.785070759645544e+04, 1.0141725e+05]
dT=[5.684341886080801e-14, 1.136868186633778e-13, -5.684339344982374e-14, -1.70530161291322e-13, -5.684336803883946e-14, 5.684341886080801e-14, -1.136867614886634e-13, 2.541103102873967e-20, -1.136864311466249e-13, 1.136869393653638e-13, -1.136866259638092e-13, -1.136867868997421e-13, -5.684349509361865e-14, -1.70530121057427e-13, 0e+00, -5.684308004831542e-14, 1.136864311466249e-13, -5.082187349447944e-20, -5.684321557331246e-14, -1.13686702196619e-13, 1.705300871761785e-13, -5.684323251393748e-14, -5.684331721706024e-14, -1.18584372013026e-19, 0e+00, 0e+00, 5.684368991080209e-14, 6.098624850891969e-19, 1.136867699591191e-13, -1.136875492278481e-13, -5.684341886080801e-14, 1.136866344341205e-13, 1.136858212841383e-13, -1.70530256582424e-13, -1.705299516511831e-13, -1.13686498909125e-13, 3.410588868648836e-13, 0e+00, -1.13686702196619e-13, 1.136852114216516e-13, -1.694062455075054e-19, 1.136864311466281e-13, -5.684192808584376e-14, -1.136860245716338e-13, 1.136866344341205e-13, -5.684240242333023e-14, 4.743374880521038e-19, 1.136867360778706e-13, 1.705284269949688e-13, 5.684423201079024e-14, -5.684341886080801e-14, 1.705294434445585e-13, 1.136862956297057e-13, 2.27372049167501e-13, 5.68440287142056e-14, 1.136871765290584e-13, 1.705303921094374e-13, 2.842162811661808e-13, 1.13687312052036e-13, 3.410575316593474e-13, 5.684477409058394e-14, 4.065689327794339e-19, -1.705294434445585e-13, 1.136864311526833e-13, -5.684260572294246e-14, -5.684206363103209e-14, 5.684341886080801e-14, -1.705293079215841e-13, 1.136864311526864e-13, -5.684341886080801e-14, 1.705309341973089e-13, -3.979014926120658e-13, -1.705294434445585e-13, -5.420919103704749e-19, -5.68436899067632e-14, 0e+00, -5.68436899067632e-14, -5.684233467698728e-14, -5.684260572294246e-14, -1.705278171688337e-13, 1.016422327218575e-18, 0e+00, -1.136862278682216e-13, -1.136854147303561e-13, 5.684267348443284e-14, 2.842143838444882e-13, 5.684301229187524e-14, -3.979036609797009e-13, 5.684328333783042e-14, -1.136876508594816e-13, -5.684138601614414e-14, -2.842133674221642e-13, 1.13684940399936e-13, -1.136860245837568e-13, -5.684308004327454e-14, -1.705292401600968e-13, -5.68440287142056e-14, 1.136884639973471e-13, -5.420919103704749e-19, -1.136857535377953e-13, -1.70530256582424e-13]
