last-generated=2018-08-13
statistics-initialization=
{
  "nonlinear": "10, 8, 8",
  "numerical Jacobians": "0"
}
statistics-simulation=
{
  "linear": "0, 0, 0, 0, 0, 0, 0, 5, 5, 5, 5, 0, 0, 0, 0, 0, 0, 0, 0, 0, 0, 0, 0, 0, 0, 5, 5,   0, 0, 0, 0, 0, 0, 0, 0, 0, 0, 0, 0, 0, 5, 5, 0, 0, 0, 0, 0, 0, 0",
  "nonlinear": "1",
  "number of continuous time states": "103",
  "numerical Jacobians": "0"
}
zoneWith3Win.TSensor=[2.931499938964844e+02, 2.903344116210938e+02, 2.893790893554688e+02, 2.886436157226562e+02, 2.877163391113281e+02, 2.865715637207031e+02, 2.854902648925781e+02, 2.844227905273438e+02, 2.834687194824219e+02, 2.826065368652344e+02, 2.818076477050781e+02, 2.856890563964844e+02, 2.866285095214844e+02, 2.855474853515625e+02, 2.845536193847656e+02, 2.840486145019531e+02, 2.836688537597656e+02, 2.832150268554688e+02, 2.827992858886719e+02, 2.827906799316406e+02, 2.866962890625e+02, 2.881868896484375e+02, 2.875282287597656e+02, 2.867356262207031e+02, 2.861441955566406e+02, 2.855009460449219e+02, 2.848109130859375e+02, 2.841513977050781e+02, 2.858170166015625e+02, 2.928515625e+02, 2.973423767089844e+02, 2.946124267578125e+02, 2.93079345703125e+02, 2.918144836425781e+02, 2.906532897949219e+02, 2.895780639648438e+02, 2.88588134765625e+02, 2.878221130371094e+02, 2.886975708007812e+02, 2.883878173828125e+02, 2.872566833496094e+02, 2.864176330566406e+02, 2.856072692871094e+02, 2.84837158203125e+02, 2.841304321289062e+02, 2.842724304199219e+02, 2.880996704101562e+02, 2.90380859375e+02, 2.895198364257812e+02, 2.884377746582031e+02, 2.876879577636719e+02, 2.869844055175781e+02, 2.863095397949219e+02, 2.856826782226562e+02, 2.861995849609375e+02, 2.871877136230469e+02, 2.876135864257812e+02, 2.867157592773438e+02, 2.861690063476562e+02, 2.856188354492188e+02, 2.851014404296875e+02, 2.846086730957031e+02, 2.841646728515625e+02, 2.87572265625e+02, 2.904459533691406e+02, 2.929784240722656e+02, 2.909818725585938e+02, 2.90169677734375e+02, 2.894157104492188e+02, 2.886410217285156e+02, 2.879261169433594e+02, 2.88522705078125e+02, 2.947973327636719e+02, 2.998236999511719e+02, 2.97789794921875e+02, 2.959277648925781e+02, 2.945357055664062e+02, 2.932821655273438e+02, 2.920969543457031e+02, 2.910188903808594e+02, 2.935757141113281e+02, 3.002679443359375e+02, 3.03091064453125e+02, 2.996994934082031e+02, 2.978592834472656e+02, 2.96292236328125e+02, 2.947920532226562e+02, 2.933899841308594e+02, 2.921960754394531e+02, 2.971097717285156e+02, 3.008811645507812e+02, 3.007857666015625e+02, 2.978695068359375e+02, 2.960834350585938e+02, 2.94375244140625e+02, 2.927411193847656e+02, 2.912215576171875e+02, 2.9052294921875e+02, 2.903657531738281e+02, 2.896551818847656e+02, 2.881383361816406e+02]
zoneWithScaledAWin.TSensor=[2.931499938964844e+02, 2.903362121582031e+02, 2.893805541992188e+02, 2.886452026367188e+02, 2.877181091308594e+02, 2.865736083984375e+02, 2.854924011230469e+02, 2.84425048828125e+02, 2.834710083007812e+02, 2.826088256835938e+02, 2.818099060058594e+02, 2.856870422363281e+02, 2.866297302246094e+02, 2.855492553710938e+02, 2.845554809570312e+02, 2.8405029296875e+02, 2.8367041015625e+02, 2.83216552734375e+02, 2.828008422851562e+02, 2.82791748046875e+02, 2.866949462890625e+02, 2.88187255859375e+02, 2.875290222167969e+02, 2.867367553710938e+02, 2.861453857421875e+02, 2.855022277832031e+02, 2.848123474121094e+02, 2.841528930664062e+02, 2.858166809082031e+02, 2.92849365234375e+02, 2.97341552734375e+02, 2.946139526367188e+02, 2.930811767578125e+02, 2.918162841796875e+02, 2.906551818847656e+02, 2.895800476074219e+02, 2.885901794433594e+02, 2.878240966796875e+02, 2.88698486328125e+02, 2.883894348144531e+02, 2.872586975097656e+02, 2.86419677734375e+02, 2.85609375e+02, 2.848392944335938e+02, 2.84132568359375e+02, 2.842737731933594e+02, 2.880987548828125e+02, 2.903806762695312e+02, 2.895213623046875e+02, 2.884394836425781e+02, 2.876896362304688e+02, 2.869861145019531e+02, 2.86311279296875e+02, 2.856844177246094e+02, 2.862003479003906e+02, 2.871878051757812e+02, 2.876141662597656e+02, 2.867171630859375e+02, 2.8617041015625e+02, 2.856203002929688e+02, 2.851029357910156e+02, 2.846101684570312e+02, 2.841661682128906e+02, 2.8757080078125e+02, 2.904435729980469e+02, 2.929781494140625e+02, 2.909830322265625e+02, 2.901708679199219e+02, 2.894169311523438e+02, 2.886423645019531e+02, 2.879275207519531e+02, 2.885228576660156e+02, 2.947945861816406e+02, 2.998221740722656e+02, 2.97791259765625e+02, 2.959295043945312e+02, 2.945374145507812e+02, 2.932840270996094e+02, 2.920989074707031e+02, 2.910209045410156e+02, 2.935754699707031e+02, 3.002665710449219e+02, 3.03091552734375e+02, 2.997020874023438e+02, 2.978617248535156e+02, 2.962947692871094e+02, 2.947947387695312e+02, 2.933927307128906e+02, 2.921987609863281e+02, 2.971078186035156e+02, 3.008806457519531e+02, 3.00787353515625e+02, 2.978722839355469e+02, 2.960862426757812e+02, 2.943782043457031e+02, 2.927442626953125e+02, 2.912247924804688e+02, 2.905254516601562e+02, 2.903682556152344e+02, 2.896579895019531e+02, 2.881416015625e+02]
zoneWithWinNFactor.TSensor=[2.931499938964844e+02, 2.903345031738281e+02, 2.893791809082031e+02, 2.886436767578125e+02, 2.877163696289062e+02, 2.865715942382812e+02, 2.854902954101562e+02, 2.844228210449219e+02, 2.834687194824219e+02, 2.826065063476562e+02, 2.818075866699219e+02, 2.856889343261719e+02, 2.866283569335938e+02, 2.855474243164062e+02, 2.845535888671875e+02, 2.840485534667969e+02, 2.836687927246094e+02, 2.832149353027344e+02, 2.827992248535156e+02, 2.827905883789062e+02, 2.866961059570312e+02, 2.881867370605469e+02, 2.875281372070312e+02, 2.86735595703125e+02, 2.861441650390625e+02, 2.855009155273438e+02, 2.848108825683594e+02, 2.841513671875e+02, 2.858169555664062e+02, 2.928513793945312e+02, 2.973422241210938e+02, 2.946124267578125e+02, 2.930793762207031e+02, 2.918145141601562e+02, 2.906532897949219e+02, 2.895780639648438e+02, 2.885881042480469e+02, 2.878220825195312e+02, 2.886974792480469e+02, 2.883877258300781e+02, 2.872566223144531e+02, 2.864175720214844e+02, 2.856072082519531e+02, 2.848370666503906e+02, 2.841303405761719e+02, 2.842723083496094e+02, 2.880994873046875e+02, 2.903806762695312e+02, 2.895197448730469e+02, 2.88437744140625e+02, 2.876879272460938e+02, 2.86984375e+02, 2.863094787597656e+02, 2.856826171875e+02, 2.86199462890625e+02, 2.871875610351562e+02, 2.876134643554688e+02, 2.867156677246094e+02, 2.861689453125e+02, 2.856187744140625e+02, 2.851013793945312e+02, 2.846086120605469e+02, 2.841646118164062e+02, 2.875720825195312e+02, 2.904457702636719e+02, 2.92978271484375e+02, 2.909818420410156e+02, 2.90169677734375e+02, 2.894157104492188e+02, 2.886410217285156e+02, 2.879261169433594e+02, 2.885226440429688e+02, 2.947971496582031e+02, 2.998235778808594e+02, 2.97789794921875e+02, 2.959278259277344e+02, 2.945357360839844e+02, 2.932821960449219e+02, 2.920969848632812e+02, 2.910188598632812e+02, 2.935756225585938e+02, 3.002677612304688e+02, 3.030909423828125e+02, 2.996995544433594e+02, 2.978593139648438e+02, 2.96292236328125e+02, 2.947920532226562e+02, 2.933899536132812e+02, 2.921960144042969e+02, 2.971095886230469e+02, 3.008809814453125e+02, 3.0078564453125e+02, 2.978695068359375e+02, 2.960834350585938e+02, 2.943752136230469e+02, 2.927410888671875e+02, 2.912214965820312e+02, 2.905228576660156e+02, 2.903656005859375e+02, 2.896550598144531e+02, 2.881382446289062e+02]
time=[2e+06, 3e+06]
