last-generated=2017-01-20
statistics-initialization=
{
  "numerical Jacobians": "0", 
  "nonlinear": "2, 2"
}
statistics-simulation=
{
  "numerical Jacobians": "0", 
  "nonlinear": "1", 
  "linear": "0"
}
zonLwDist.port_a[2].Q_flow=[-2760.699951171875, -2702.753662109375, -2644.9208984375, -2587.2021484375, -2529.596923828125, -2472.105224609375, -2414.726806640625, -2357.461669921875, -2300.309326171875, -2243.269775390625, -2186.343017578125, -2129.529052734375, -2072.8271484375, -2016.23779296875, -1959.7603759765625, -1903.3948974609375, -1847.141357421875, -1790.9993896484375, -1734.968994140625, -1679.050048828125, -1623.2421875, -1567.5455322265625, -1511.959716796875, -1456.4847412109375, -1401.120361328125, -1345.866455078125, -1290.722900390625, -1235.6895751953125, -1180.766357421875, -1125.952880859375, -1071.249267578125, -1016.6552734375, -962.170654296875, -907.79541015625, -853.52935791015625, -799.372314453125, -745.3240966796875, -691.3846435546875, -637.55377197265625, -583.83135986328125, -530.21722412109375, -476.71124267578125, -423.313262939453125, -370.02313232421875, -316.8406982421875, -263.765838623046875, -210.7984161376953125, -157.938262939453125, -105.18523406982421875, -52.539196014404296875, 0., 52.43250274658203125, 104.758453369140625, 156.977996826171875, 209.091278076171875, 261.098419189453125, 312.999603271484375, 364.79498291015625, 416.484649658203125, 468.068756103515625, 519.5474853515625, 570.92095947265625, 622.1893310546875, 673.35272216796875, 724.4112548828125, 775.36517333984375, 826.2144775390625, 876.95941162109375, 927.60015869140625, 978.13671875, 1028.5693359375, 1078.898193359375, 1129.123291015625, 1179.244873046875, 1229.262939453125, 1279.177978515625, 1328.98974609375, 1378.6986083984375, 1428.3045654296875, 1477.807861328125, 1527.208740234375, 1576.507080078125, 1625.7032470703125, 1674.7972412109375, 1723.7891845703125, 1772.679443359375, 1821.4678955078125, 1870.15478515625, 1918.7403564453125, 1967.224609375, 2015.607666015625, 2063.889892578125, 2112.071044921875, 2160.151611328125, 2208.131591796875, 2256.01123046875, 2303.79052734375, 2351.4697265625, 2399.048828125, 2446.528076171875, 2493.907470703125]
zonLwDistLin.port_a[2].Q_flow=[-2597.7373046875, -2545.78271484375, -2493.827880859375, -2441.873291015625, -2389.91845703125, -2337.963623046875, -2286.009033203125, -2234.05419921875, -2182.099365234375, -2130.144775390625, -2078.18994140625, -2026.2352294921875, -1974.2803955078125, -1922.32568359375, -1870.3709716796875, -1818.4161376953125, -1766.46142578125, -1714.5067138671875, -1662.552001953125, -1610.59716796875, -1558.6424560546875, -1506.687744140625, -1454.73291015625, -1402.7781982421875, -1350.823486328125, -1298.86865234375, -1246.9139404296875, -1194.959228515625, -1143.0045166015625, -1091.0496826171875, -1039.094970703125, -987.14019775390625, -935.18548583984375, -883.230712890625, -831.2760009765625, -779.32122802734375, -727.366455078125, -675.4117431640625, -623.45697021484375, -571.50225830078125, -519.5474853515625, -467.592742919921875, -415.63800048828125, -363.6832275390625, -311.728485107421875, -259.77374267578125, -207.819000244140625, -155.8642425537109375, -103.9095001220703125, -51.95475006103515625, 0., 51.95475006103515625, 103.9095001220703125, 155.8642425537109375, 207.819000244140625, 259.77374267578125, 311.728485107421875, 363.6832275390625, 415.63800048828125, 467.592742919921875, 519.5474853515625, 571.50225830078125, 623.45697021484375, 675.4117431640625, 727.366455078125, 779.32122802734375, 831.2760009765625, 883.230712890625, 935.18548583984375, 987.14019775390625, 1039.094970703125, 1091.0496826171875, 1143.0045166015625, 1194.959228515625, 1246.9139404296875, 1298.86865234375, 1350.823486328125, 1402.7781982421875, 1454.73291015625, 1506.687744140625, 1558.6424560546875, 1610.59716796875, 1662.552001953125, 1714.5067138671875, 1766.46142578125, 1818.4161376953125, 1870.3709716796875, 1922.32568359375, 1974.2803955078125, 2026.2352294921875, 2078.18994140625, 2130.144775390625, 2182.099365234375, 2234.05419921875, 2286.009033203125, 2337.963623046875, 2389.91845703125, 2441.873291015625, 2493.827880859375, 2545.78271484375, 2597.7373046875]
intHeaRad.port_b.Q_flow=[-501.945465087890625, -491.40972900390625, -480.894744873046875, -470.400390625, -459.926727294921875, -449.47369384765625, -439.041229248046875, -428.629364013671875, -418.238037109375, -407.86724853515625, -397.516937255859375, -387.18707275390625, -376.877685546875, -366.58868408203125, -356.320068359375, -346.071807861328125, -335.8438720703125, -325.636260986328125, -315.44891357421875, -305.281829833984375, -295.13494873046875, -285.008270263671875, -274.901763916015625, -264.815399169921875, -254.7491607666015625, -244.7029876708984375, -234.6768951416015625, -224.67083740234375, -214.684783935546875, -204.7187042236328125, -194.7725982666015625, -184.846405029296875, -174.94012451171875, -165.0537109375, -155.1871490478515625, -145.340423583984375, -135.5134735107421875, -125.706298828125, -115.9188690185546875, -106.151153564453125, -96.40312957763671875, -86.67476654052734375, -76.9660491943359375, -67.2769317626953125, -57.60739898681640625, -47.957427978515625, -38.326984405517578125, -28.7160472869873046875, -19.1245880126953125, -9.552581787109375, 0., 9.5331821441650390625, 19.0469913482666015625, 28.5414524078369140625, 38.01659393310546875, 47.472442626953125, 56.90901947021484375, 66.32635498046875, 75.72447967529296875, 85.1034088134765625, 94.4631805419921875, 103.80381011962890625, 113.12532806396484375, 122.427764892578125, 131.7111358642578125, 140.9754791259765625, 150.2208099365234375, 159.447174072265625, 168.654571533203125, 177.8430328369140625, 187.012603759765625, 196.163299560546875, 205.295135498046875, 214.40814208984375, 223.5023651123046875, 232.5778045654296875, 241.634490966796875, 250.6724700927734375, 259.691741943359375, 268.692352294921875, 277.67431640625, 286.637664794921875, 295.5823974609375, 304.508575439453125, 313.416229248046875, 322.30535888671875, 331.17596435546875, 340.02813720703125, 348.86187744140625, 357.67718505859375, 366.47412109375, 375.252685546875, 384.012939453125, 392.754852294921875, 401.478485107421875, 410.183868408203125, 418.871002197265625, 427.539947509765625, 436.190673828125, 444.823272705078125, 453.437744140625]
time=[0., 1000000.]
intHeaRadLin.port_b.Q_flow=[-472.315887451171875, -462.86956787109375, -453.423248291015625, -443.9769287109375, -434.530609130859375, -425.084320068359375, -415.63800048828125, -406.191680908203125, -396.745361328125, -387.299041748046875, -377.85272216796875, -368.406402587890625, -358.9600830078125, -349.513763427734375, -340.06744384765625, -330.621124267578125, -321.1748046875, -311.728485107421875, -302.28216552734375, -292.835845947265625, -283.3895263671875, -273.943206787109375, -264.49688720703125, -255.0505828857421875, -245.6042633056640625, -236.1579437255859375, -226.7116241455078125, -217.2653045654296875, -207.819000244140625, -198.3726806640625, -188.926361083984375, -179.48004150390625, -170.033721923828125, -160.58740234375, -151.141082763671875, -141.69476318359375, -132.248443603515625, -122.80213165283203125, -113.35581207275390625, -103.9095001220703125, -94.4631805419921875, -85.0168609619140625, -75.5705413818359375, -66.1242218017578125, -56.677906036376953125, -47.23159027099609375, -37.78527069091796875, -28.3389530181884765625, -18.892635345458984375, -9.4463176727294921875, 0., 9.4463176727294921875, 18.892635345458984375, 28.3389530181884765625, 37.78527069091796875, 47.23159027099609375, 56.677906036376953125, 66.1242218017578125, 75.5705413818359375, 85.0168609619140625, 94.4631805419921875, 103.9095001220703125, 113.35581207275390625, 122.80213165283203125, 132.248443603515625, 141.69476318359375, 151.141082763671875, 160.58740234375, 170.033721923828125, 179.48004150390625, 188.926361083984375, 198.3726806640625, 207.819000244140625, 217.2653045654296875, 226.7116241455078125, 236.1579437255859375, 245.6042633056640625, 255.0505828857421875, 264.49688720703125, 273.943206787109375, 283.3895263671875, 292.835845947265625, 302.28216552734375, 311.728485107421875, 321.1748046875, 330.621124267578125, 340.06744384765625, 349.513763427734375, 358.9600830078125, 368.406402587890625, 377.85272216796875, 387.299041748046875, 396.745361328125, 406.191680908203125, 415.63800048828125, 425.084320068359375, 434.530609130859375, 443.9769287109375, 453.423248291015625, 462.86956787109375, 472.315887451171875]
extHeaRad.port_a.Q_flow=[-460.259796142578125, -451.054595947265625, -441.849395751953125, -432.644195556640625, -423.438995361328125, -414.23382568359375, -405.02862548828125, -395.82342529296875, -386.61822509765625, -377.41302490234375, -368.20782470703125, -359.00262451171875, -349.797454833984375, -340.592254638671875, -331.387054443359375, -322.181854248046875, -312.976654052734375, -303.771453857421875, -294.566253662109375, -285.361083984375, -276.1558837890625, -266.95068359375, -257.7454833984375, -248.540283203125, -239.3350982666015625, -230.1298980712890625, -220.9246978759765625, -211.7194976806640625, -202.514312744140625, -193.309112548828125, -184.103912353515625, -174.8987274169921875, -165.6935272216796875, -156.4883270263671875, -147.2831268310546875, -138.07794189453125, -128.87274169921875, -119.66754913330078125, -110.46234893798828125, -101.2571563720703125, -92.0519561767578125, -82.84676361083984375, -73.64156341552734375, -64.436370849609375, -55.231174468994140625, -46.02597808837890625, -36.820781707763671875, -27.6155872344970703125, -18.4103908538818359375, -9.20519542694091796875, 0., 9.20519542694091796875, 18.4103908538818359375, 27.6155872344970703125, 36.820781707763671875, 46.02597808837890625, 55.231174468994140625, 64.436370849609375, 73.64156341552734375, 82.84676361083984375, 92.0519561767578125, 101.2571563720703125, 110.46234893798828125, 119.66754913330078125, 128.87274169921875, 138.07794189453125, 147.2831268310546875, 156.4883270263671875, 165.6935272216796875, 174.8987274169921875, 184.103912353515625, 193.309112548828125, 202.514312744140625, 211.7194976806640625, 220.9246978759765625, 230.1298980712890625, 239.3350982666015625, 248.540283203125, 257.7454833984375, 266.95068359375, 276.1558837890625, 285.361083984375, 294.566253662109375, 303.771453857421875, 312.976654052734375, 322.181854248046875, 331.387054443359375, 340.592254638671875, 349.797454833984375, 359.00262451171875, 368.20782470703125, 377.41302490234375, 386.61822509765625, 395.82342529296875, 405.02862548828125, 414.23382568359375, 423.438995361328125, 432.644195556640625, 441.849395751953125, 451.054595947265625, 460.259796142578125]
