last-generated=2018-06-13
statistics-simulation=
{
  "linear": " ",
  "nonlinear": " ",
  "number of continuous time states": "3",
  "numerical Jacobians": "0"
}
der(hLiqCod)=[0e+00, 3.389040083644252e+02, 1.355616030427679e+03, 3.050136127224734e+03, 5.422464115650643e+03, 8.472599361922088e+03, 1.220054449980936e+04, 1.660629673561789e+04, 2.168985645048017e+04, 2.745122245199274e+04, 3.389039743759046e+04, 4.100738326094488e+04, 4.880217798105507e+04, 5.72747815777108e+04, 6.642518693843343e+04, 7.625339241783888e+04, 8.675942577769003e+04, 9.794325576419753e+04, 1.098048897594818e+05, 1.223443468365923e+05, 1.355615897301638e+05, 1.494566656269697e+05, 1.64029533035705e+05, 1.792802122738148e+05, 1.952087118878429e+05, 2.11815e+05, 2.290991262462095e+05, 2.470609960631026e+05, 2.657007477456452e+05, 2.850182664591373e+05, 3.0501356959061e+05, 3.25686745006482e+05, 3.470377030622569e+05, 3.690664395080206e+05, 3.917730230325665e+05, 4.151574204305681e+05, 4.392195589410324e+05, 4.639595505738053e+05, 4.893773873140711e+05, 5.154730066618301e+05, 5.422463588803291e+05, 5.696976349627099e+05, 5.978266624191613e+05, 6.266334792017464e+05, 6.561181321266894e+05, 6.862806614410884e+05, 7.171208490385418e+05, 7.486389413057115e+05, 7.808348474786169e+05, 8.137084683908268e+05, 8.4726e+05, 8.814893455308449e+05, 9.163965048544927e+05, 9.519814154718374e+05, 9.882439841084043e+05, 1.025184580640739e+06, 1.062802990966204e+06, 1.101099152681716e+06, 1.140073065722396e+06, 1.179724980054835e+06, 1.220054278202205e+06, 1.261061690952168e+06, 1.30274697999404e+06, 1.345110020393682e+06, 1.388150812151095e+06, 1.431869480201907e+06, 1.476265757856802e+06, 1.521339924323648e+06, 1.567092092082253e+06, 1.613522011166776e+06, 1.66062968164059e+06, 1.708415228406795e+06, 1.756878235572195e+06, 1.806019280755923e+06, 1.855838202231262e+06, 1.906335e+06, 1.957509549190881e+06, 2.009361974673968e+06, 2.061892026451051e+06, 2.115099635248994e+06, 2.168985435441812e+06, 2.223549236926149e+06, 2.27879053980152e+06, 2.334709844000894e+06, 2.391306649495753e+06, 2.448581362801371e+06, 2.506533916711668e+06, 2.565164471913575e+06, 2.624472528473849e+06, 2.684458586390702e+06, 2.745122645599762e+06, 2.806463838417524e+06, 2.868483396042021e+06, 2.931180704962003e+06, 2.994555765206831e+06, 3.058608576841007e+06, 3.123339389767546e+06, 3.188747562091193e+06, 3.254833873435256e+06, 3.321597936071524e+06, 3.38904e+06]
der(hLiqSym)=[0e+00, 3.389040083644252e+02, 1.355616030427679e+03, 3.050136127224734e+03, 5.422464115650643e+03, 8.472599361922088e+03, 1.220054449980936e+04, 1.660629673561789e+04, 2.168985645048017e+04, 2.745122245199274e+04, 3.389039743759046e+04, 4.100738326094488e+04, 4.880217798105507e+04, 5.72747815777108e+04, 6.642518693843343e+04, 7.625339241783888e+04, 8.675942577769003e+04, 9.794325576419753e+04, 1.098048897594818e+05, 1.223443468365923e+05, 1.355615897301638e+05, 1.494566656269697e+05, 1.64029533035705e+05, 1.792802122738148e+05, 1.952087118878429e+05, 2.11815e+05, 2.290991262462095e+05, 2.470609960631026e+05, 2.657007477456452e+05, 2.850182664591373e+05, 3.0501356959061e+05, 3.25686745006482e+05, 3.470377030622569e+05, 3.690664395080206e+05, 3.917730230325665e+05, 4.151574204305681e+05, 4.392195589410324e+05, 4.639595505738053e+05, 4.893773873140711e+05, 5.154730066618301e+05, 5.422463588803291e+05, 5.696976349627099e+05, 5.978266624191613e+05, 6.266334792017464e+05, 6.561181321266894e+05, 6.862806614410884e+05, 7.171208490385418e+05, 7.486389413057115e+05, 7.808348474786169e+05, 8.137084683908268e+05, 8.4726e+05, 8.814893455308449e+05, 9.163965048544927e+05, 9.519814154718374e+05, 9.882439841084043e+05, 1.025184580640739e+06, 1.062802990966204e+06, 1.101099152681716e+06, 1.140073065722396e+06, 1.179724980054835e+06, 1.220054278202205e+06, 1.261061690952168e+06, 1.30274697999404e+06, 1.345110020393682e+06, 1.388150812151095e+06, 1.431869480201907e+06, 1.476265757856802e+06, 1.521339924323648e+06, 1.567092092082253e+06, 1.613522011166776e+06, 1.66062968164059e+06, 1.708415228406795e+06, 1.756878235572195e+06, 1.806019280755923e+06, 1.855838202231262e+06, 1.906335e+06, 1.957509549190881e+06, 2.009361974673968e+06, 2.061892026451051e+06, 2.115099635248994e+06, 2.168985435441812e+06, 2.223549236926149e+06, 2.27879053980152e+06, 2.334709844000894e+06, 2.391306649495753e+06, 2.448581362801371e+06, 2.506533916711668e+06, 2.565164471913575e+06, 2.624472528473849e+06, 2.684458586390702e+06, 2.745122645599762e+06, 2.806463838417524e+06, 2.868483396042021e+06, 2.931180704962003e+06, 2.994555765206831e+06, 3.058608576841007e+06, 3.123339389767546e+06, 3.188747562091193e+06, 3.254833873435256e+06, 3.321597936071524e+06, 3.38904e+06]
der(hAirCod)=[0e+00, 8.148600406801378e+01, 3.259440155435125e+02, 7.333740573146353e+02, 1.303776060716985e+03, 2.037149964916521e+03, 2.933496227072988e+03, 3.992813931330778e+03, 5.215104239953262e+03, 6.600365692216615e+03, 8.148599857237999e+03, 9.859805771886444e+03, 1.173398490391928e+04, 1.37711348070775e+04, 1.597125572435213e+04, 1.833434816200952e+04, 2.086041695398415e+04, 2.354945263250831e+04, 2.640146275720516e+04, 2.941644605464152e+04, 3.259439942409457e+04, 3.593532647334001e+04, 3.94392230856028e+04, 4.310609219287023e+04, 4.693593960693377e+04, 5.092875e+04, 5.508453921276627e+04, 5.940328826529648e+04, 6.388502289546672e+04, 6.852973051994236e+04, 7.333739262862004e+04, 7.830804567436931e+04, 8.344166780428575e+04, 8.87382507815783e+04, 9.419781052420783e+04, 9.982035497206502e+04, 1.05605851005519e+05, 1.115543330699636e+05, 1.176657842107989e+05, 1.239402122405248e+05, 1.303775976866693e+05, 1.369779711454313e+05, 1.437413058720514e+05, 1.506676043743108e+05, 1.577568923385369e+05, 1.65009165011865e+05, 1.724243687578883e+05, 1.800025790400412e+05, 1.877437584102169e+05, 1.956478830248271e+05, 2.03715e+05, 2.119451016918865e+05, 2.203381568197549e+05, 2.288941966333818e+05, 2.376131530265982e+05, 2.464951455843019e+05, 2.555400915779416e+05, 2.647480066559007e+05, 2.741189220521532e+05, 2.836528065093503e+05, 2.933495704758978e+05, 3.03209392052414e+05, 3.132321826897631e+05, 3.234179424035166e+05, 3.337666711936746e+05, 3.442783690446655e+05, 3.549530030837059e+05, 3.657906380542766e+05, 3.767912420852705e+05, 3.87954846434963e+05, 3.992814198686857e+05, 4.107709623629861e+05, 4.22423403975637e+05, 4.342388835895917e+05, 4.462173322645284e+05, 4.5835875e+05, 4.706631368274475e+05, 4.831305239657279e+05, 4.957608489148414e+05, 5.085540974092535e+05, 5.215103907273507e+05, 5.346296218565597e+05, 5.479118845699597e+05, 5.613570851016241e+05, 5.749652234446431e+05, 5.887363420116227e+05, 6.026704174745195e+05, 6.167675557469081e+05, 6.310275693462227e+05, 6.454506457715691e+05, 6.600366600081956e+05, 6.747855236492327e+05, 6.896974750045448e+05, 7.04772426670988e+05, 7.20010316156345e+05, 7.35411143475637e+05, 7.509750336054984e+05, 7.667017048198479e+05, 7.825915320687677e+05, 7.986442971288183e+05, 8.1486e+05]
der(hSteCod)=[0e+00, 1.506600110706366e+02, 6.026400429355416e+02, 1.355940004041958e+03, 2.410560169048116e+03, 3.766499889994543e+03, 5.423760012127236e+03, 7.382339781787696e+03, 9.642240670803225e+03, 1.22034590018716e+04, 1.506599955548937e+04, 1.822985957435676e+04, 2.169504004042514e+04, 2.546154094471308e+04, 2.952935912535542e+04, 3.389849732395478e+04, 3.856896267243868e+04, 4.354073737067681e+04, 4.8813835985931e+04, 5.438826309089271e+04, 6.026399821297605e+04, 6.644106666852387e+04, 7.291943829383446e+04, 7.96991377460037e+04, 8.678016014554446e+04, 9.41625e+04, 1.018461637501118e+05, 1.098311319287512e+05, 1.181174364978338e+05, 1.26705069816907e+05, 1.355939892599167e+05, 1.447842634051412e+05, 1.542758506681853e+05, 1.640687213755141e+05, 1.741629494719505e+05, 1.8455850630397e+05, 1.952553439005852e+05, 2.062535415731776e+05, 2.175530523491912e+05, 2.29153876228738e+05, 2.41055992833953e+05, 2.532594575539607e+05, 2.657642666344492e+05, 2.78570334504109e+05, 2.916777531681667e+05, 3.050865161999508e+05, 3.187965509588505e+05, 3.328079391918371e+05, 3.471206405499076e+05, 3.617346421980844e+05, 3.7665e+05, 3.918666709339517e+05, 4.073846549427806e+05, 4.232039832760394e+05, 4.393245276509835e+05, 4.557464802801372e+05, 4.724697459840854e+05, 4.894943560559901e+05, 5.068202792169944e+05, 5.244474842028759e+05, 5.423759569684101e+05, 5.606058487501118e+05, 5.791370536062435e+05, 5.979695715660111e+05, 6.171034026294145e+05, 6.365385467672478e+05, 6.562748854241545e+05, 6.763127163575474e+05, 6.966517978665625e+05, 7.172922549642366e+05, 7.382340251795559e+05, 7.594771084696021e+05, 7.810213755169869e+05, 8.028670831034123e+05, 8.250141662641186e+05, 8.474625e+05, 8.702122093676799e+05, 8.93263169310535e+05, 9.166155048276711e+05, 9.402690114872598e+05, 9.642239713004769e+05, 9.884802441880254e+05, 1.01303783019401e+06, 1.03789679178878e+06, 1.063057066457309e+06, 1.088518439009089e+06, 1.114281337973625e+06, 1.140345487514528e+06, 1.166711012658024e+06, 1.193377913405007e+06, 1.220346064726568e+06, 1.247615428168082e+06, 1.275186203786023e+06, 1.303058354978543e+06, 1.331231756760297e+06, 1.359706534159589e+06, 1.388482562133661e+06, 1.417559916464908e+06, 1.44693856873536e+06, 1.47661859658039e+06, 1.5066e+06]
der(hAirSym)=[0e+00, 8.148600406801378e+01, 3.259440155435125e+02, 7.333740573146353e+02, 1.303776060716985e+03, 2.037149964916521e+03, 2.933496227072988e+03, 3.992813931330778e+03, 5.215104239953262e+03, 6.600365692216615e+03, 8.148599857237999e+03, 9.859805771886444e+03, 1.173398490391928e+04, 1.37711348070775e+04, 1.597125572435213e+04, 1.833434816200952e+04, 2.086041695398415e+04, 2.354945263250831e+04, 2.640146275720516e+04, 2.941644605464152e+04, 3.259439942409457e+04, 3.593532647334001e+04, 3.94392230856028e+04, 4.310609219287023e+04, 4.693593960693377e+04, 5.092875e+04, 5.508453921276627e+04, 5.940328826529648e+04, 6.388502289546672e+04, 6.852973051994236e+04, 7.333739262862004e+04, 7.830804567436931e+04, 8.344166780428575e+04, 8.87382507815783e+04, 9.419781052420783e+04, 9.982035497206502e+04, 1.05605851005519e+05, 1.115543330699636e+05, 1.176657842107989e+05, 1.239402122405248e+05, 1.303775976866693e+05, 1.369779711454313e+05, 1.437413058720514e+05, 1.506676043743108e+05, 1.577568923385369e+05, 1.65009165011865e+05, 1.724243687578883e+05, 1.800025790400412e+05, 1.877437584102169e+05, 1.956478830248271e+05, 2.03715e+05, 2.119451016918865e+05, 2.203381568197549e+05, 2.288941966333818e+05, 2.376131530265982e+05, 2.464951455843019e+05, 2.555400915779416e+05, 2.647480066559007e+05, 2.741189220521532e+05, 2.836528065093503e+05, 2.933495704758978e+05, 3.03209392052414e+05, 3.132321826897631e+05, 3.234179424035166e+05, 3.337666711936746e+05, 3.442783690446655e+05, 3.549530030837059e+05, 3.657906380542766e+05, 3.767912420852705e+05, 3.87954846434963e+05, 3.992814198686857e+05, 4.107709623629861e+05, 4.22423403975637e+05, 4.342388835895917e+05, 4.462173322645284e+05, 4.5835875e+05, 4.706631368274475e+05, 4.831305239657279e+05, 4.957608489148414e+05, 5.085540974092535e+05, 5.215103907273507e+05, 5.346296218565597e+05, 5.479118845699597e+05, 5.613570851016241e+05, 5.749652234446431e+05, 5.887363420116227e+05, 6.026704174745195e+05, 6.167675557469081e+05, 6.310275693462227e+05, 6.454506457715691e+05, 6.600366600081956e+05, 6.747855236492327e+05, 6.896974750045448e+05, 7.04772426670988e+05, 7.20010316156345e+05, 7.35411143475637e+05, 7.509750336054984e+05, 7.667017048198479e+05, 7.825915320687677e+05, 7.986442971288183e+05, 8.1486e+05]
time=[0e+00, 1e+00]
der(hSteSym)=[0e+00, 1.506600110706366e+02, 6.026400429355416e+02, 1.355940004041958e+03, 2.410560169048116e+03, 3.766499889994543e+03, 5.423760012127236e+03, 7.382339781787696e+03, 9.642240670803225e+03, 1.22034590018716e+04, 1.506599955548937e+04, 1.822985957435676e+04, 2.169504004042514e+04, 2.546154094471308e+04, 2.952935912535542e+04, 3.389849732395478e+04, 3.856896267243868e+04, 4.354073737067681e+04, 4.8813835985931e+04, 5.438826309089271e+04, 6.026399821297605e+04, 6.644106666852387e+04, 7.291943829383446e+04, 7.96991377460037e+04, 8.678016014554446e+04, 9.41625e+04, 1.018461637501118e+05, 1.098311319287512e+05, 1.181174364978338e+05, 1.26705069816907e+05, 1.355939892599167e+05, 1.447842634051412e+05, 1.542758506681853e+05, 1.640687213755141e+05, 1.741629494719505e+05, 1.8455850630397e+05, 1.952553439005852e+05, 2.062535415731776e+05, 2.175530523491912e+05, 2.29153876228738e+05, 2.41055992833953e+05, 2.532594575539607e+05, 2.657642666344492e+05, 2.78570334504109e+05, 2.916777531681667e+05, 3.050865161999508e+05, 3.187965509588505e+05, 3.328079391918371e+05, 3.471206405499076e+05, 3.617346421980844e+05, 3.7665e+05, 3.918666709339517e+05, 4.073846549427806e+05, 4.232039832760394e+05, 4.393245276509835e+05, 4.557464802801372e+05, 4.724697459840854e+05, 4.894943560559901e+05, 5.068202792169944e+05, 5.244474842028759e+05, 5.423759569684101e+05, 5.606058487501118e+05, 5.791370536062435e+05, 5.979695715660111e+05, 6.171034026294145e+05, 6.365385467672478e+05, 6.562748854241545e+05, 6.763127163575474e+05, 6.966517978665625e+05, 7.172922549642366e+05, 7.382340251795559e+05, 7.594771084696021e+05, 7.810213755169869e+05, 8.028670831034123e+05, 8.250141662641186e+05, 8.474625e+05, 8.702122093676799e+05, 8.93263169310535e+05, 9.166155048276711e+05, 9.402690114872598e+05, 9.642239713004769e+05, 9.884802441880254e+05, 1.01303783019401e+06, 1.03789679178878e+06, 1.063057066457309e+06, 1.088518439009089e+06, 1.114281337973625e+06, 1.140345487514528e+06, 1.166711012658024e+06, 1.193377913405007e+06, 1.220346064726568e+06, 1.247615428168082e+06, 1.275186203786023e+06, 1.303058354978543e+06, 1.331231756760297e+06, 1.359706534159589e+06, 1.388482562133661e+06, 1.417559916464908e+06, 1.44693856873536e+06, 1.47661859658039e+06, 1.5066e+06]
