last-generated=2017-12-20
statistics-simulation=
{
  "numerical Jacobians": "0", 
  "nonlinear": " ", 
  "number of continuous time states": "1", 
  "linear": " "
}
con.uHigh=[2.8e+02, 2.8e+02, 2.79878662109375e+02, 2.797346801757812e+02, 2.795906677246094e+02, 2.794466552734375e+02, 2.793026733398438e+02, 2.791586608886719e+02, 2.790146789550781e+02, 2.788706665039062e+02, 2.787266540527344e+02, 2.785826721191406e+02, 2.784386596679688e+02, 2.78294677734375e+02, 2.781506652832031e+02, 2.780066528320312e+02, 2.778626708984375e+02, 2.777186584472656e+02, 2.775746765136719e+02, 2.774306640625e+02, 2.772866516113281e+02, 2.771426696777344e+02, 2.769986572265625e+02, 2.768546752929688e+02, 2.767106628417969e+02, 2.765666809082031e+02, 2.764226684570312e+02, 2.762786560058594e+02, 2.761346740722656e+02, 2.759906616210938e+02, 2.758466796875e+02, 2.757026672363281e+02, 2.755586547851562e+02, 2.754146728515625e+02, 2.752706604003906e+02, 2.751266784667969e+02, 2.74982666015625e+02, 2.748386535644531e+02, 2.746946716308594e+02, 2.745506591796875e+02, 2.744066772460938e+02, 2.742626647949219e+02, 2.7411865234375e+02, 2.739746704101562e+02, 2.738306579589844e+02, 2.736866760253906e+02, 2.735426635742188e+02, 2.73398681640625e+02, 2.732546691894531e+02, 2.731106567382812e+02, 2.729666748046875e+02, 2.728226623535156e+02, 2.726786804199219e+02, 2.7253466796875e+02, 2.723906555175781e+02, 2.722466735839844e+02, 2.721026611328125e+02, 2.719586791992188e+02, 2.718146667480469e+02, 2.71670654296875e+02, 2.715266723632812e+02, 2.713826599121094e+02, 2.712386779785156e+02, 2.710946655273438e+02, 2.709506530761719e+02, 2.708066711425781e+02, 2.706626586914062e+02, 2.705186767578125e+02, 2.703746643066406e+02, 2.702306518554688e+02, 2.70086669921875e+02, 2.7e+02, 2.7e+02, 2.7e+02, 2.7e+02, 2.7e+02, 2.7e+02, 2.7e+02, 2.7e+02, 2.7e+02, 2.7e+02, 2.7e+02, 2.7e+02, 2.7e+02, 2.7e+02, 2.7e+02, 2.7e+02, 2.7e+02, 2.7e+02, 2.7e+02, 2.7e+02, 2.7e+02, 2.7e+02, 2.7e+02, 2.7e+02, 2.7e+02, 2.7e+02, 2.7e+02, 2.7e+02, 2.7e+02, 2.7e+02]
con.uLow=[2.75e+02, 2.75e+02, 2.74878662109375e+02, 2.747346801757812e+02, 2.745906677246094e+02, 2.744466552734375e+02, 2.743026733398438e+02, 2.741586608886719e+02, 2.740146789550781e+02, 2.738706665039062e+02, 2.737266540527344e+02, 2.735826721191406e+02, 2.734386596679688e+02, 2.73294677734375e+02, 2.731506652832031e+02, 2.730066528320312e+02, 2.728626708984375e+02, 2.727186584472656e+02, 2.725746765136719e+02, 2.724306640625e+02, 2.722866516113281e+02, 2.721426696777344e+02, 2.719986572265625e+02, 2.718546752929688e+02, 2.717106628417969e+02, 2.715666809082031e+02, 2.714226684570312e+02, 2.712786560058594e+02, 2.711346740722656e+02, 2.709906616210938e+02, 2.708466796875e+02, 2.707026672363281e+02, 2.705586547851562e+02, 2.704146728515625e+02, 2.702706604003906e+02, 2.701266784667969e+02, 2.69982666015625e+02, 2.698386535644531e+02, 2.696946716308594e+02, 2.695506591796875e+02, 2.694066772460938e+02, 2.692626647949219e+02, 2.6911865234375e+02, 2.689746704101562e+02, 2.688306579589844e+02, 2.686866760253906e+02, 2.685426635742188e+02, 2.68398681640625e+02, 2.682546691894531e+02, 2.681106567382812e+02, 2.679666748046875e+02, 2.678226623535156e+02, 2.676786804199219e+02, 2.6753466796875e+02, 2.673906555175781e+02, 2.672466735839844e+02, 2.671026611328125e+02, 2.669586791992188e+02, 2.668146667480469e+02, 2.66670654296875e+02, 2.665266723632812e+02, 2.663826599121094e+02, 2.662386779785156e+02, 2.660946655273438e+02, 2.659506530761719e+02, 2.658066711425781e+02, 2.656626586914062e+02, 2.655186767578125e+02, 2.653746643066406e+02, 2.652306518554688e+02, 2.65086669921875e+02, 2.65e+02, 2.65e+02, 2.65e+02, 2.65e+02, 2.65e+02, 2.65e+02, 2.65e+02, 2.65e+02, 2.65e+02, 2.65e+02, 2.65e+02, 2.65e+02, 2.65e+02, 2.65e+02, 2.65e+02, 2.65e+02, 2.65e+02, 2.65e+02, 2.65e+02, 2.65e+02, 2.65e+02, 2.65e+02, 2.65e+02, 2.65e+02, 2.65e+02, 2.65e+02, 2.65e+02, 2.65e+02, 2.65e+02, 2.65e+02]
con.u=[3.131499938964844e+02, 3.078394470214844e+02, 3.026212158203125e+02, 2.974949951171875e+02, 2.924606018066406e+02, 2.875174255371094e+02, 2.826655578613281e+02, 2.779049987792969e+02, 2.739843444824219e+02, 2.736752624511719e+02, 2.733832702636719e+02, 2.731092529296875e+02, 2.728544921875e+02, 2.726186218261719e+02, 2.72402587890625e+02, 2.722071838378906e+02, 2.720317687988281e+02, 2.71878173828125e+02, 2.717468872070312e+02, 2.716372375488281e+02, 2.715491943359375e+02, 2.714827575683594e+02, 2.714379272460938e+02, 2.71413330078125e+02, 2.714098510742188e+02, 2.714275207519531e+02, 2.714663391113281e+02, 2.715263671875e+02, 2.716058654785156e+02, 2.717005310058594e+02, 2.718141784667969e+02, 2.719468994140625e+02, 2.720986328125e+02, 2.722694091796875e+02, 2.724515686035156e+02, 2.726436767578125e+02, 2.728505859375e+02, 2.730722351074219e+02, 2.733086547851562e+02, 2.73559814453125e+02, 2.738154907226562e+02, 2.740791625976562e+02, 2.719624328613281e+02, 2.691094970703125e+02, 2.694930114746094e+02, 2.6987744140625e+02, 2.702613830566406e+02, 2.706367797851562e+02, 2.710059204101562e+02, 2.713750610351562e+02, 2.717442016601562e+02, 2.720894775390625e+02, 2.72431640625e+02, 2.706608581542969e+02, 2.674889831542969e+02, 2.679148559570312e+02, 2.683264465332031e+02, 2.687226257324219e+02, 2.691017761230469e+02, 2.6946435546875e+02, 2.698088073730469e+02, 2.701343688964844e+02, 2.704417724609375e+02, 2.707283935546875e+02, 2.7052294921875e+02, 2.664949035644531e+02, 2.660419006347656e+02, 2.663379516601562e+02, 2.666100463867188e+02, 2.668578796386719e+02, 2.670815124511719e+02, 2.672809448242188e+02, 2.674562072753906e+02, 2.67607421875e+02, 2.677348022460938e+02, 2.678392028808594e+02, 2.679204406738281e+02, 2.679784851074219e+02, 2.68015625e+02, 2.680309753417969e+02, 2.680243225097656e+02, 2.6799853515625e+02, 2.679540100097656e+02, 2.678896789550781e+02, 2.678077392578125e+02, 2.677111206054688e+02, 2.675975646972656e+02, 2.674676208496094e+02, 2.673254089355469e+02, 2.67170166015625e+02, 2.670027160644531e+02, 2.668262023925781e+02, 2.66641357421875e+02, 2.664494018554688e+02, 2.662516784667969e+02, 2.66049560546875e+02, 2.658443603515625e+02, 2.656371459960938e+02, 2.654288024902344e+02, 2.652209777832031e+02, 2.650149536132812e+02]
time=[0e+00, 8.64e+04]
con.y=[1e+00, 1e+00, 1e+00, 1e+00, 1e+00, 1e+00, 1e+00, 1e+00, 0e+00, 0e+00, 0e+00, 0e+00, 0e+00, 0e+00, 0e+00, 0e+00, 0e+00, 0e+00, 0e+00, 0e+00, 0e+00, 0e+00, 0e+00, 0e+00, 0e+00, 0e+00, 0e+00, 0e+00, 0e+00, 0e+00, 0e+00, 0e+00, 0e+00, 0e+00, 0e+00, 0e+00, 0e+00, 0e+00, 0e+00, 0e+00, 0e+00, 0e+00, 1e+00, 0e+00, 0e+00, 0e+00, 0e+00, 0e+00, 0e+00, 0e+00, 0e+00, 0e+00, 0e+00, 1e+00, 0e+00, 0e+00, 0e+00, 0e+00, 0e+00, 0e+00, 0e+00, 0e+00, 0e+00, 0e+00, 1e+00, 1e+00, 0e+00, 0e+00, 0e+00, 0e+00, 0e+00, 0e+00, 0e+00, 0e+00, 0e+00, 0e+00, 0e+00, 0e+00, 0e+00, 0e+00, 0e+00, 0e+00, 0e+00, 0e+00, 0e+00, 0e+00, 0e+00, 0e+00, 0e+00, 0e+00, 0e+00, 0e+00, 0e+00, 0e+00, 0e+00, 0e+00, 0e+00, 0e+00, 0e+00, 0e+00, 0e+00]
