last-generated=2017-12-20
statistics-simulation=
{
  "numerical Jacobians": "0", 
  "nonlinear": " ", 
  "number of continuous time states": "6", 
  "linear": "0"
}
TSet.y=[2.891499938964844e+02, 2.891499938964844e+02, 2.891499938964844e+02, 2.891499938964844e+02, 2.891499938964844e+02, 2.891499938964844e+02, 2.891499938964844e+02, 2.891499938964844e+02, 2.891499938964844e+02, 2.891499938964844e+02, 2.891499938964844e+02, 2.891499938964844e+02, 2.891499938964844e+02, 2.891499938964844e+02, 2.891499938964844e+02, 2.931499938964844e+02, 2.931499938964844e+02, 2.931499938964844e+02, 2.931499938964844e+02, 2.931499938964844e+02, 2.931499938964844e+02, 2.931499938964844e+02, 2.931499938964844e+02, 2.931499938964844e+02, 2.931499938964844e+02, 2.931499938964844e+02, 2.931499938964844e+02, 2.931499938964844e+02, 2.931499938964844e+02, 2.931499938964844e+02, 2.931499938964844e+02, 2.931499938964844e+02, 2.931499938964844e+02, 2.931499938964844e+02, 2.931499938964844e+02, 2.931499938964844e+02, 2.931499938964844e+02, 2.931499938964844e+02, 2.931499938964844e+02, 2.931499938964844e+02, 2.891499938964844e+02, 2.891499938964844e+02, 2.891499938964844e+02, 2.891499938964844e+02, 2.891499938964844e+02, 2.891499938964844e+02, 2.891499938964844e+02, 2.891499938964844e+02, 2.891499938964844e+02, 2.891499938964844e+02, 2.891499938964844e+02, 2.891499938964844e+02, 2.891499938964844e+02, 2.891499938964844e+02, 2.891499938964844e+02, 2.891499938964844e+02, 2.891499938964844e+02, 2.891499938964844e+02, 2.891499938964844e+02, 2.891499938964844e+02, 2.891499938964844e+02, 2.891499938964844e+02, 2.891499938964844e+02, 2.891499938964844e+02, 2.891499938964844e+02, 2.931499938964844e+02, 2.931499938964844e+02, 2.931499938964844e+02, 2.931499938964844e+02, 2.931499938964844e+02, 2.931499938964844e+02, 2.931499938964844e+02, 2.931499938964844e+02, 2.931499938964844e+02, 2.931499938964844e+02, 2.931499938964844e+02, 2.931499938964844e+02, 2.931499938964844e+02, 2.931499938964844e+02, 2.931499938964844e+02, 2.931499938964844e+02, 2.931499938964844e+02, 2.931499938964844e+02, 2.931499938964844e+02, 2.931499938964844e+02, 2.931499938964844e+02, 2.931499938964844e+02, 2.931499938964844e+02, 2.931499938964844e+02, 2.931499938964844e+02, 2.891499938964844e+02, 2.891499938964844e+02, 2.891499938964844e+02, 2.891499938964844e+02, 2.891499938964844e+02, 2.891499938964844e+02, 2.891499938964844e+02, 2.891499938964844e+02, 2.891499938964844e+02, 2.891499938964844e+02, 2.891499938964844e+02]
TOut.y=[2.901499938964844e+02, 2.901894226074219e+02, 2.903070983886719e+02, 2.905011291503906e+02, 2.907684631347656e+02, 2.911049194335938e+02, 2.915051574707031e+02, 2.91962890625e+02, 2.924708557128906e+02, 2.930211181640625e+02, 2.936049194335938e+02, 2.942131042480469e+02, 2.948360595703125e+02, 2.954639587402344e+02, 2.960869140625e+02, 2.966950988769531e+02, 2.972789001464844e+02, 2.978291320800781e+02, 2.983371276855469e+02, 2.987948303222656e+02, 2.991950988769531e+02, 2.995315246582031e+02, 2.997988891601562e+02, 2.99992919921875e+02, 3.001105651855469e+02, 3.001499938964844e+02, 3.001105651855469e+02, 2.99992919921875e+02, 2.997988891601562e+02, 2.995315246582031e+02, 2.991950988769531e+02, 2.987948303222656e+02, 2.983371276855469e+02, 2.978291320800781e+02, 2.972789001464844e+02, 2.966950988769531e+02, 2.960869140625e+02, 2.954639587402344e+02, 2.948360595703125e+02, 2.942131042480469e+02, 2.936049194335938e+02, 2.930211181640625e+02, 2.924708557128906e+02, 2.91962890625e+02, 2.915051574707031e+02, 2.911049194335938e+02, 2.907684631347656e+02, 2.905011291503906e+02, 2.903070983886719e+02, 2.901894226074219e+02, 2.901499938964844e+02, 2.901894226074219e+02, 2.903070983886719e+02, 2.905011291503906e+02, 2.907684631347656e+02, 2.911049194335938e+02, 2.915051574707031e+02, 2.91962890625e+02, 2.924708557128906e+02, 2.930211181640625e+02, 2.936049194335938e+02, 2.942131042480469e+02, 2.948360595703125e+02, 2.954639587402344e+02, 2.960869140625e+02, 2.966950988769531e+02, 2.972789001464844e+02, 2.978291320800781e+02, 2.983371276855469e+02, 2.987948303222656e+02, 2.991950988769531e+02, 2.995315246582031e+02, 2.997988891601562e+02, 2.99992919921875e+02, 3.001105651855469e+02, 3.001499938964844e+02, 3.001105651855469e+02, 2.99992919921875e+02, 2.997988891601562e+02, 2.995315246582031e+02, 2.991950988769531e+02, 2.987948303222656e+02, 2.983371276855469e+02, 2.978291320800781e+02, 2.972789001464844e+02, 2.966950988769531e+02, 2.960869140625e+02, 2.954639587402344e+02, 2.948360595703125e+02, 2.942131042480469e+02, 2.936049194335938e+02, 2.930211181640625e+02, 2.924708557128906e+02, 2.91962890625e+02, 2.915051574707031e+02, 2.911049194335938e+02, 2.907684631347656e+02, 2.905011291503906e+02, 2.903070983886719e+02, 2.901894226074219e+02, 2.901499938964844e+02]
THeaOut.T=[2.931499938964844e+02, 2.908165283203125e+02, 2.889830932617188e+02, 2.891261901855469e+02, 2.891734313964844e+02, 2.891491394042969e+02, 2.891489562988281e+02, 2.891487426757812e+02, 2.891485290527344e+02, 2.891482849121094e+02, 2.891480407714844e+02, 2.891477661132812e+02, 2.891474914550781e+02, 2.89147216796875e+02, 2.891469421386719e+02, 2.894721374511719e+02, 2.90233154296875e+02, 2.909745788574219e+02, 2.91694580078125e+02, 2.923905639648438e+02, 2.930595703125e+02, 2.931471862792969e+02, 2.931470642089844e+02, 2.9314697265625e+02, 2.931469116210938e+02, 2.931469116210938e+02, 2.931469116210938e+02, 2.9314697265625e+02, 2.931470642089844e+02, 2.931471862792969e+02, 2.931473083496094e+02, 2.931474914550781e+02, 2.93147705078125e+02, 2.931479187011719e+02, 2.931481628417969e+02, 2.931484375e+02, 2.931487121582031e+02, 2.931489868164062e+02, 2.931492614746094e+02, 2.931495361328125e+02, 2.922979125976562e+02, 2.90375244140625e+02, 2.890551147460938e+02, 2.891494750976562e+02, 2.891489562988281e+02, 2.891491394042969e+02, 2.891492919921875e+02, 2.891494140625e+02, 2.891494750976562e+02, 2.891495361328125e+02, 2.891495666503906e+02, 2.891495361328125e+02, 2.891494750976562e+02, 2.891494140625e+02, 2.891492919921875e+02, 2.891491394042969e+02, 2.891489562988281e+02, 2.891487426757812e+02, 2.891485290527344e+02, 2.891482849121094e+02, 2.891480407714844e+02, 2.891477661132812e+02, 2.891474914550781e+02, 2.891471862792969e+02, 2.891469116210938e+02, 2.894721374511719e+02, 2.90233154296875e+02, 2.909745788574219e+02, 2.916945495605469e+02, 2.923905639648438e+02, 2.930595703125e+02, 2.931471862792969e+02, 2.931470642089844e+02, 2.9314697265625e+02, 2.931469116210938e+02, 2.931469116210938e+02, 2.931469116210938e+02, 2.9314697265625e+02, 2.931470642089844e+02, 2.931471862792969e+02, 2.931473083496094e+02, 2.931474914550781e+02, 2.93147705078125e+02, 2.931479187011719e+02, 2.931481628417969e+02, 2.931484375e+02, 2.931487121582031e+02, 2.931489868164062e+02, 2.931492614746094e+02, 2.931495361328125e+02, 2.922979125976562e+02, 2.90375244140625e+02, 2.890551147460938e+02, 2.891494750976562e+02, 2.891489562988281e+02, 2.891491394042969e+02, 2.891492919921875e+02, 2.891494140625e+02, 2.891494750976562e+02, 2.891495361328125e+02, 2.891495666503906e+02]
TVol.T=[2.931499938964844e+02, 2.908240966796875e+02, 2.889831848144531e+02, 2.891262817382812e+02, 2.891754150390625e+02, 2.891499938964844e+02, 2.891499938964844e+02, 2.891499938964844e+02, 2.891499938964844e+02, 2.891499938964844e+02, 2.891499938964844e+02, 2.891499938964844e+02, 2.891499938964844e+02, 2.891499938964844e+02, 2.891499938964844e+02, 2.894725952148438e+02, 2.902335815429688e+02, 2.909750061035156e+02, 2.916949768066406e+02, 2.923909606933594e+02, 2.930599365234375e+02, 2.931500244140625e+02, 2.931499938964844e+02, 2.931499938964844e+02, 2.931499938964844e+02, 2.931499938964844e+02, 2.931499938964844e+02, 2.931499938964844e+02, 2.931499938964844e+02, 2.931499938964844e+02, 2.931499938964844e+02, 2.931499938964844e+02, 2.931499938964844e+02, 2.931499938964844e+02, 2.931499938964844e+02, 2.931499938964844e+02, 2.931499938964844e+02, 2.931499938964844e+02, 2.931499938964844e+02, 2.931499938964844e+02, 2.923056335449219e+02, 2.903830261230469e+02, 2.890553283691406e+02, 2.891507568359375e+02, 2.891499938964844e+02, 2.891499938964844e+02, 2.891499938964844e+02, 2.891499938964844e+02, 2.891499938964844e+02, 2.891499938964844e+02, 2.891499938964844e+02, 2.891499938964844e+02, 2.891499938964844e+02, 2.891499938964844e+02, 2.891499938964844e+02, 2.891499938964844e+02, 2.891499938964844e+02, 2.891499938964844e+02, 2.891499938964844e+02, 2.891499938964844e+02, 2.891499938964844e+02, 2.891499938964844e+02, 2.891499938964844e+02, 2.891499938964844e+02, 2.891499938964844e+02, 2.894725952148438e+02, 2.902335815429688e+02, 2.909750061035156e+02, 2.916949768066406e+02, 2.923909606933594e+02, 2.930599365234375e+02, 2.931500244140625e+02, 2.931499938964844e+02, 2.931499938964844e+02, 2.931499938964844e+02, 2.931499938964844e+02, 2.931499938964844e+02, 2.931499938964844e+02, 2.931499938964844e+02, 2.931499938964844e+02, 2.931499938964844e+02, 2.931499938964844e+02, 2.931499938964844e+02, 2.931499938964844e+02, 2.931499938964844e+02, 2.931499938964844e+02, 2.931499938964844e+02, 2.931499938964844e+02, 2.931499938964844e+02, 2.931499938964844e+02, 2.923056335449219e+02, 2.903830261230469e+02, 2.890553283691406e+02, 2.891507568359375e+02, 2.891499938964844e+02, 2.891499938964844e+02, 2.891499938964844e+02, 2.891499938964844e+02, 2.891499938964844e+02, 2.891499938964844e+02, 2.891499938964844e+02]
coo.TSet=[2.831499938964844e+02, 2.831499938964844e+02, 2.9490234375e+02, 3.031499938964844e+02, 2.891713256835938e+02, 2.891491394042969e+02, 2.891489562988281e+02, 2.891487426757812e+02, 2.891485290527344e+02, 2.891482849121094e+02, 2.891480407714844e+02, 2.891477661132812e+02, 2.891474914550781e+02, 2.89147216796875e+02, 2.891469421386719e+02, 3.031499938964844e+02, 3.031499938964844e+02, 3.031499938964844e+02, 3.031499938964844e+02, 3.031499938964844e+02, 3.031499938964844e+02, 2.931471862792969e+02, 2.931470642089844e+02, 2.9314697265625e+02, 2.931469116210938e+02, 2.931469116210938e+02, 2.931469116210938e+02, 2.9314697265625e+02, 2.931470642089844e+02, 2.931471862792969e+02, 2.931473388671875e+02, 2.931474914550781e+02, 2.93147705078125e+02, 2.931479187011719e+02, 2.931481628417969e+02, 2.931484375e+02, 2.931487121582031e+02, 2.931489868164062e+02, 2.931492614746094e+02, 2.931495361328125e+02, 2.831499938964844e+02, 2.831499938964844e+02, 2.962588806152344e+02, 2.891494140625e+02, 2.891489562988281e+02, 2.891491394042969e+02, 2.891492919921875e+02, 2.891494140625e+02, 2.891494750976562e+02, 2.891495361328125e+02, 2.891495666503906e+02, 2.891495361328125e+02, 2.891494750976562e+02, 2.891494140625e+02, 2.891492919921875e+02, 2.891491394042969e+02, 2.891489562988281e+02, 2.891487426757812e+02, 2.891485290527344e+02, 2.891482849121094e+02, 2.891480407714844e+02, 2.891477661132812e+02, 2.891474914550781e+02, 2.891471862792969e+02, 2.891469116210938e+02, 3.031499938964844e+02, 3.031499938964844e+02, 3.031499938964844e+02, 3.031499938964844e+02, 3.031499938964844e+02, 3.031499938964844e+02, 2.931471862792969e+02, 2.931470642089844e+02, 2.9314697265625e+02, 2.931469116210938e+02, 2.931469116210938e+02, 2.931469116210938e+02, 2.9314697265625e+02, 2.931470642089844e+02, 2.931471862792969e+02, 2.931473388671875e+02, 2.931474914550781e+02, 2.93147705078125e+02, 2.931479187011719e+02, 2.931481628417969e+02, 2.931484375e+02, 2.931487121582031e+02, 2.931489868164062e+02, 2.931492614746094e+02, 2.931495361328125e+02, 2.831499938964844e+02, 2.831499938964844e+02, 2.962586975097656e+02, 2.891494140625e+02, 2.891489562988281e+02, 2.891491394042969e+02, 2.891492919921875e+02, 2.891494140625e+02, 2.891494750976562e+02, 2.891495361328125e+02, 2.891495666503906e+02]
time=[0e+00, 1.728e+05]
coo.Q_flow=[-0e+00, -9.998870239257812e+02, -1.129679977893829e-01, -1.129679977893829e-01, -2.439601898193359e+02, -9.774540710449219e+01, -1.177577667236328e+02, -1.406441345214844e+02, -1.660428161621094e+02, -1.935569458007812e+02, -2.227466888427734e+02, -2.531519317626953e+02, -2.843023071289062e+02, -3.156974182128906e+02, -3.468455810546876e+02, -1.129679977893829e-01, -1.129679977893829e-01, -1.129679977893829e-01, -1.129679977893829e-01, -1.129679977893829e-01, -1.129679977893829e-01, -3.192191772460938e+02, -3.324442443847656e+02, -3.421459350585938e+02, -3.480277099609375e+02, -3.500004272460938e+02, -3.480327453613281e+02, -3.421367492675781e+02, -3.324211730957031e+02, -3.190735168457031e+02, -3.0228125e+02, -2.82248779296875e+02, -2.593654174804688e+02, -2.339215240478516e+02, -2.063763275146483e+02, -1.771889801025392e+02, -1.468186798095703e+02, -1.15724609375e+02, -8.436593627929688e+01, -5.320185852050781e+01, -9.998870239257812e+02, -9.998870239257812e+02, -1.129679977893829e-01, -1.455826416015625e+02, -1.177577438354492e+02, -9.77457275390625e+01, -8.0923828125e+01, -6.75556640625e+01, -5.785046768188477e+01, -5.198088073730469e+01, -5.001895141601562e+01, -5.196759033203125e+01, -5.782970809936523e+01, -6.751290893554688e+01, -8.091651916503906e+01, -9.785134124755875e+01, -1.179481048583986e+02, -1.408375549316404e+02, -1.661504211425781e+02, -1.935174255371094e+02, -2.225693054199219e+02, -2.529367980957031e+02, -2.842506408691406e+02, -3.163755493164062e+02, -3.475374450683594e+02, -1.129679977893829e-01, -1.129679977893829e-01, -1.129679977893829e-01, -1.129679977893829e-01, -1.129679977893829e-01, -1.129679977893829e-01, -3.192184448242188e+02, -3.324442443847656e+02, -3.421459045410156e+02, -3.480278015136719e+02, -3.500001831054688e+02, -3.480317077636719e+02, -3.421383972167969e+02, -3.324199829101562e+02, -3.19069580078125e+02, -3.022803039550781e+02, -2.822453002929688e+02, -2.593680725097656e+02, -2.339290161132812e+02, -2.063837432861328e+02, -1.771932067871094e+02, -1.468183898925781e+02, -1.157202682495117e+02, -8.435980224609375e+01, -5.319796752929688e+01, -9.998870239257812e+02, -9.998870239257812e+02, -1.129679977893829e-01, -1.455796356201172e+02, -1.177578201293945e+02, -9.774569702148438e+01, -8.092401123046875e+01, -6.755502319335938e+01, -5.785445022583008e+01, -5.197176361083984e+01, -4.999994277954102e+01]
