last-generated=2015-11-16
statistics-simulation=
{
  "numerical Jacobians": "0", 
  "nonlinear": "3", 
  "number of continuous time states": "20", 
  "linear": "0"
}
TSen_emb_ret.T=[307.2967529296875, 307.31927490234375, 307.329254150390625, 307.33453369140625, 307.33740234375, 307.338897705078125, 307.3392333984375, 307.338531494140625, 307.33734130859375, 307.33551025390625, 307.3330078125, 307.330047607421875, 307.326629638671875, 307.3226318359375, 307.318206787109375, 307.31353759765625, 307.30841064453125, 307.302886962890625, 307.297119140625, 307.290985107421875, 307.28448486328125, 307.277679443359375, 307.2705078125, 307.26300048828125, 307.255157470703125, 307.246978759765625, 307.23846435546875, 307.229644775390625, 307.220550537109375, 307.21112060546875, 307.201324462890625, 307.191131591796875, 307.1805419921875, 307.169525146484375, 307.158050537109375, 307.146087646484375, 307.133636474609375, 307.12066650390625, 307.107147216796875, 307.095550537109375, 307.094696044921875, 307.105010986328125, 307.12115478515625, 307.1383056640625, 307.1541748046875, 307.16796875, 307.1795654296875, 307.189056396484375, 307.196380615234375, 307.2022705078125, 307.204864501953125, 307.20166015625, 307.189788818359375, 307.168975830078125, 307.1444091796875, 307.118438720703125, 307.091064453125, 307.062469482421875, 307.03228759765625, 307.00030517578125, 306.96636962890625, 306.930328369140625, 306.891937255859375, 306.8509521484375, 306.80694580078125, 306.759613037109375, 306.708587646484375, 306.65350341796875, 306.59381103515625, 306.52886962890625, 306.458038330078125, 306.380340576171875, 306.29449462890625, 306.19940185546875, 306.09356689453125, 305.975006103515625, 305.84136962890625, 305.6895751953125, 305.515625, 305.313995361328125, 305.077484130859375, 304.796600341796875, 304.45770263671875, 304.040924072265625, 303.51611328125, 302.835418701171875, 301.614837646484375, 299.416717529296875, 298.14764404296875, 297.94989013671875, 300.649993896484375, 300.649993896484375, 300.649993896484375, 300.649993896484375, 300.649993896484375, 300.649993896484375, 300.649993896484375, 300.649993896484375, 300.649993896484375, 300.649993896484375, 300.649993896484375]
nakedTabs.port_b.T=[293.149993896484375, 293.149993896484375, 293.15008544921875, 293.150665283203125, 293.152557373046875, 293.156890869140625, 293.164276123046875, 293.17510986328125, 293.190155029296875, 293.209228515625, 293.232269287109375, 293.258758544921875, 293.288787841796875, 293.322479248046875, 293.35906982421875, 293.39801025390625, 293.439788818359375, 293.484130859375, 293.529449462890625, 293.57672119140625, 293.625885009765625, 293.676055908203125, 293.72723388671875, 293.779327392578125, 293.83209228515625, 293.8853759765625, 293.938934326171875, 293.992156982421875, 294.044647216796875, 294.09716796875, 294.14971923828125, 294.202301025390625, 294.25494384765625, 294.307586669921875, 294.359588623046875, 294.4112548828125, 294.462738037109375, 294.514007568359375, 294.565093994140625, 294.615966796875, 294.666412353515625, 294.715850830078125, 294.76483154296875, 294.8133544921875, 294.861419677734375, 294.909027099609375, 294.9561767578125, 295.00286865234375, 295.049102783203125, 295.093841552734375, 295.1376953125, 295.18084716796875, 295.223236083984375, 295.26495361328125, 295.305908203125, 295.346160888671875, 295.3856201171875, 295.424163818359375, 295.461883544921875, 295.49884033203125, 295.5350341796875, 295.5704345703125, 295.60504150390625, 295.638885498046875, 295.6722412109375, 295.705047607421875, 295.7371826171875, 295.7686767578125, 295.799468994140625, 295.82958984375, 295.859039306640625, 295.887908935546875, 295.91668701171875, 295.944976806640625, 295.972747802734375, 296.000030517578125, 296.026763916015625, 296.052978515625, 296.078704833984375, 296.10400390625, 296.128997802734375, 296.153564453125, 296.177703857421875, 296.20147705078125, 296.224853515625, 296.247833251953125, 296.270477294921875, 296.292449951171875, 296.31396484375, 296.33502197265625, 296.355621337890625, 296.375396728515625, 296.39422607421875, 296.411773681640625, 296.427886962890625, 296.44244384765625, 296.4552001953125, 296.466217041015625, 296.475494384765625, 296.48309326171875, 296.489013671875]
embeddedPipe.heatPortEmb[1].T=[293.8712158203125, 294.392608642578125, 294.701324462890625, 294.930084228515625, 295.1180419921875, 295.28387451171875, 295.430633544921875, 295.56085205078125, 295.684326171875, 295.79833984375, 295.902862548828125, 296.00177001953125, 296.0946044921875, 296.18048095703125, 296.261810302734375, 296.34075927734375, 296.4154052734375, 296.486297607421875, 296.555816650390625, 296.62249755859375, 296.686370849609375, 296.74835205078125, 296.808349609375, 296.866485595703125, 296.923004150390625, 296.97802734375, 297.03179931640625, 297.085052490234375, 297.138275146484375, 297.190582275390625, 297.241943359375, 297.2923583984375, 297.341888427734375, 297.39044189453125, 297.437896728515625, 297.484344482421875, 297.529815673828125, 297.574249267578125, 297.617706298828125, 297.65899658203125, 297.69146728515625, 297.709228515625, 297.7208251953125, 297.728485107421875, 297.733306884765625, 297.73553466796875, 297.735198974609375, 297.732177734375, 297.726409912109375, 297.73028564453125, 297.737060546875, 297.7454833984375, 297.756439208984375, 297.769775390625, 297.783477783203125, 297.796661376953125, 297.81048583984375, 297.8277587890625, 297.845611572265625, 297.86407470703125, 297.883148193359375, 297.902801513671875, 297.92303466796875, 297.943878173828125, 297.9639892578125, 297.98370361328125, 298.003509521484375, 298.0234375, 298.04345703125, 298.063568115234375, 298.083740234375, 298.103790283203125, 298.12188720703125, 298.1395263671875, 298.156646728515625, 298.1732177734375, 298.189239501953125, 298.204620361328125, 298.219329833984375, 298.232025146484375, 298.242034912109375, 298.249969482421875, 298.255523681640625, 298.258209228515625, 298.257476806640625, 298.252349853515625, 298.2528076171875, 298.220550537109375, 298.111175537109375, 297.94989013671875, 297.765106201171875, 297.669769287109375, 297.597625732421875, 297.5379638671875, 297.487548828125, 297.44451904296875, 297.4039306640625, 297.3673095703125, 297.33465576171875, 297.305023193359375, 297.278594970703125]
time=[0., 10000.]
