last-generated=2017-04-26
statistics-initialization=
{
  "linear": "7"
}
statistics-simulation=
{
  "numerical Jacobians": "0", 
  "nonlinear": " ", 
  "number of continuous time states": "6", 
  "linear": "0, 5, 0, 0"
}
thermalZoneFourElements.TAir=[2.951499938964844e+02, 2.941191833496094e+02, 2.895076599121094e+02, 2.904968017578125e+02, 2.932215942382812e+02, 2.9057861328125e+02, 2.918366088867188e+02, 2.932585998535156e+02, 2.909936950683594e+02, 2.926218933105469e+02, 2.95919921875e+02, 2.925619995117187e+02, 2.93609375e+02, 2.988561889648437e+02, 2.947960632324219e+02, 2.967002563476562e+02, 2.995381042480469e+02, 2.974811767578125e+02, 3.023116271972656e+02, 3.004636596679687e+02, 3.016532287597656e+02, 3.03838525390625e+02, 3.003599304199219e+02, 2.978582702636719e+02, 3.042898559570312e+02, 3.037254943847656e+02, 3.034685791015625e+02, 3.046014709472656e+02, 3.023246765136719e+02, 3.036190979003906e+02, 3.098158569335938e+02, 3.034994384765625e+02, 3.062841430664063e+02, 3.137004638671875e+02, 3.0833046875e+02, 3.09126220703125e+02, 3.141839965820312e+02, 3.056194702148438e+02, 3.08511669921875e+02, 3.126410278320312e+02, 3.077830505371094e+02, 3.106084533691406e+02, 3.140125854492188e+02, 3.11738427734375e+02, 3.157127197265625e+02, 3.106311645507812e+02, 3.060116760253906e+02, 3.08952490234375e+02, 3.064853820800781e+02, 3.073167297363281e+02, 3.150771179199219e+02, 3.08277392578125e+02, 3.093106262207031e+02, 3.147473693847656e+02, 3.0819140625e+02, 3.075140075683594e+02, 3.144641906738281e+02, 3.08679736328125e+02, 3.109037292480469e+02, 3.160268981933594e+02, 3.106213073730469e+02, 3.151741333007812e+02, 3.07761083984375e+02, 3.063123901367188e+02, 3.103124755859375e+02, 3.043394470214844e+02, 3.056428283691406e+02, 3.103837890625e+02, 3.055759826660156e+02, 3.068698486328125e+02, 3.089854125976562e+02, 3.06138134765625e+02, 3.053577331542969e+02, 3.092383666992188e+02, 3.015186401367188e+02, 3.020359191894531e+02, 3.082788696289062e+02, 3.017508911132812e+02, 3.046322021484375e+02, 3.064870300292969e+02, 3.017550354003906e+02, 3.03072314453125e+02, 2.997564331054688e+02, 2.98707861328125e+02, 3.014553283691406e+02, 2.951011352539062e+02, 2.945754089355469e+02, 2.988586853027344e+02, 2.946766418457031e+02, 2.969318054199219e+02, 2.982651672363281e+02, 2.94458544921875e+02, 2.940744079589844e+02, 2.953589599609375e+02, 2.91514013671875e+02, 2.920543823242188e+02, 2.930555603027344e+02, 2.909257263183594e+02, 2.938202087402344e+02, 2.920199584960938e+02, 2.911546936035156e+02]
time=[0e+00, 3.1536e+07]
