last-generated=2018-06-13
statistics-simulation=
{
  "linear": " ",
  "nonlinear": "0",
  "numerical Jacobians": "0"
}
p_w=[6.44747802734375e+02, 6.573305056556201e+02, 6.701588140567063e+02, 6.832374276450327e+02, 6.965713513036733e+02, 7.101654652879135e+02, 7.240248431889555e+02, 7.381547236967319e+02, 7.525603663755012e+02, 7.672471260546261e+02, 7.822205788061938e+02, 7.974862069751853e+02, 8.130496868402994e+02, 8.289169998416464e+02, 8.450939321337848e+02, 8.615865379450025e+02, 8.784010680950255e+02, 8.955436980828007e+02, 9.13020922461099e+02, 9.308391766609624e+02, 9.490051825325064e+02, 9.675257691203666e+02, 9.864077171209018e+02, 1.00565819503095e+03, 1.025284434479014e+03, 1.045293579101562e+03, 1.065693256985822e+03, 1.086491066380813e+03, 1.107694699601203e+03, 1.129312274108167e+03, 1.151351536023571e+03, 1.173821039523271e+03, 1.196729142552179e+03, 1.220084075582873e+03, 1.243895010949858e+03, 1.268170546864304e+03, 1.292919764126665e+03, 1.318152087484453e+03, 1.343876843463953e+03, 1.370103553580102e+03, 1.396842147025021e+03, 1.424102548925186e+03, 1.451895056399544e+03, 1.480229837974575e+03, 1.509117560678671e+03, 1.538569249384703e+03, 1.568595433734525e+03, 1.599207767363688e+03, 1.630417514343357e+03, 1.662236297545085e+03, 1.694676147460938e+03, 1.727749055344653e+03, 1.761467350217344e+03, 1.795843727424686e+03, 1.830890793356407e+03, 1.866622027387987e+03, 1.903050528356722e+03, 1.940190090349711e+03, 1.978054385216436e+03, 2.016657573121263e+03, 2.056014065596595e+03, 2.096138614032116e+03, 2.137046367061774e+03, 2.178752461524805e+03, 2.221272522470105e+03, 2.264622419006866e+03, 2.308817998429293e+03, 2.353876144924145e+03, 2.399813931732301e+03, 2.44664820465559e+03, 2.494396297816784e+03, 2.543076277548055e+03, 2.59270615573749e+03, 2.643304834384255e+03, 2.694890819564835e+03, 2.747483642578125e+03, 2.801103079073187e+03, 2.855768660167309e+03, 2.911501137869496e+03, 2.968320922058351e+03, 3.026249930409554e+03, 3.085309556122454e+03, 3.145521772083322e+03, 3.206909039189099e+03, 3.26949430667031e+03, 3.333300627948168e+03, 3.398352445286307e+03, 3.464674040396306e+03, 3.532289827538568e+03, 3.601224953276047e+03, 3.671505784743856e+03, 3.74315752547648e+03, 3.816208129093676e+03, 3.89068427249106e+03, 3.966614031985987e+03, 4.044025483979776e+03, 4.122947925224212e+03, 4.203409924263802e+03, 4.285442225142257e+03, 4.369076091498566e+03, 4.454341796875e+03]
p_w_ashrae=[6.112008056640625e+02, 6.246505129994293e+02, 6.383620001317803e+02, 6.523396615926307e+02, 6.66587891913581e+02, 6.811112659994735e+02, 6.959142476134826e+02, 7.110015864609969e+02, 7.263778714331545e+02, 7.420478459160773e+02, 7.580163550244519e+02, 7.742883310589949e+02, 7.908686568411558e+02, 8.077623372478537e+02, 8.249744862711035e+02, 8.425102433761417e+02, 8.603747623196483e+02, 8.785733609795456e+02, 8.971113758028348e+02, 9.159942672472879e+02, 9.352275332884027e+02, 9.548166633757637e+02, 9.747672753536632e+02, 9.950850744687477e+02, 1.015776012197322e+03, 1.036845703125e+03, 1.058300191581906e+03, 1.080145362136046e+03, 1.102387570571625e+03, 1.125032611874316e+03, 1.148087008452943e+03, 1.171556879129971e+03, 1.195448625670362e+03, 1.219768766710731e+03, 1.244523916865237e+03, 1.269720596232668e+03, 1.295365441571588e+03, 1.321465441568314e+03, 1.348027234478944e+03, 1.37505802247287e+03, 1.402564558685834e+03, 1.430554331403642e+03, 1.459034217423377e+03, 1.488011575809664e+03, 1.517493903586568e+03, 1.547488683588177e+03, 1.578003270259979e+03, 1.609045658035545e+03, 1.640623203172876e+03, 1.672743987712839e+03, 1.705415893554688e+03, 1.738646760529879e+03, 1.772445011408363e+03, 1.8068185807849e+03, 1.841775559252504e+03, 1.877325030579605e+03, 1.91347484483908e+03, 1.950234035344839e+03, 1.987610902847238e+03, 2.025614480545001e+03, 2.064253325236785e+03, 2.103536808667964e+03, 2.143473857784503e+03, 2.184073750019208e+03, 2.225345518604891e+03, 2.267298684990419e+03, 2.309942514386653e+03, 2.353287280704895e+03, 2.397342009301136e+03, 2.442116709998074e+03, 2.487621392663107e+03, 2.533866066987734e+03, 2.580860704527199e+03, 2.628615630987721e+03, 2.677141310848386e+03, 2.7264482421875e+03, 2.776546679094083e+03, 2.827447607776354e+03, 2.879161526316111e+03, 2.931699349446105e+03, 2.985072689880362e+03, 3.03929222331971e+03, 3.09436942453097e+03, 3.150315523934003e+03, 3.207141751994743e+03, 3.264859968956925e+03, 3.323482093356232e+03, 3.383019990966324e+03, 3.443485624802388e+03, 3.504890713652841e+03, 3.567247708638919e+03, 3.63056892471112e+03, 3.694867079534766e+03, 3.760154494034107e+03, 3.826444107746561e+03, 3.893748860260905e+03, 3.962081202646541e+03, 4.031454390169241e+03, 4.101882189081475e+03, 4.173377861094425e+03, 4.24595458984375e+03]
time=[0e+00, 1e+00]
r_p=[9.479687809944153e-01, 9.502837658439791e-01, 9.52553331952199e-01, 9.547773601097455e-01, 9.569556715027243e-01, 9.590881465290355e-01, 9.611745479483709e-01, 9.632148146026792e-01, 9.652087095915178e-01, 9.671561711089126e-01, 9.690570828493966e-01, 9.709113241330376e-01, 9.727187161449419e-01, 9.744791992818859e-01, 9.761926530781653e-01, 9.77859078855831e-01, 9.794783001866978e-01, 9.810502526367314e-01, 9.825748790462421e-01, 9.840521219847169e-01, 9.854819770423058e-01, 9.868642696674517e-01, 9.881991149552146e-01, 9.894863957835025e-01, 9.907260543644711e-01, 9.9191814661026e-01, 9.930626760633438e-01, 9.941595185158812e-01, 9.952087997162027e-01, 9.962104567064413e-01, 9.971645463285506e-01, 9.980710742741796e-01, 9.989300376157205e-01, 9.997415532211228e-01, 1.000505566330532e+00, 1.001222253256102e+00, 1.001891612075498e+00, 1.002513646791841e+00, 1.003088355325019e+00, 1.003616095303754e+00, 1.004096746169368e+00, 1.004530310775962e+00, 1.004917145245911e+00, 1.0052571294394e+00, 1.005550503794012e+00, 1.005797267220913e+00, 1.005997657624178e+00, 1.006151676193042e+00, 1.006259560671353e+00, 1.006321430164803e+00, 1.006337285041809e+00, 1.006307482664853e+00, 1.00623214225175e+00, 1.006111263804208e+00, 1.005945086874384e+00, 1.005733847891657e+00, 1.005477666920229e+00, 1.005176782373557e+00, 1.004831313466194e+00, 1.004441498617429e+00, 1.004007459762572e+00, 1.003529430144271e+00, 1.003007650632578e+00, 1.002442240433088e+00, 1.001833676383812e+00, 1.00118183928086e+00, 1.000487091023527e+00, 9.997497213559328e-01, 9.98969972703411e-01, 9.981479642755292e-01, 9.972839940917633e-01, 9.963783005777085e-01, 9.954311875261044e-01, 9.944428820698152e-01, 9.934136281446913e-01, 9.923436641693115e-01, 9.912333477644394e-01, 9.900828577528198e-01, 9.888924921585291e-01, 9.876625564602479e-01, 9.863932744086437e-01, 9.850850108441916e-01, 9.837380637858241e-01, 9.823526120521933e-01, 9.809290132739295e-01, 9.794676339063216e-01, 9.779686353405939e-01, 9.764324434046204e-01, 9.748592965149911e-01, 9.732495523000009e-01, 9.716035087878472e-01, 9.699214741371904e-01, 9.68203785925504e-01, 9.664506924871786e-01, 9.646626110532226e-01, 9.628398396449799e-01, 9.609826762920306e-01, 9.590914899958635e-01, 9.571666158447498e-01, 9.552083034245379e-01, 9.532170295715332e-01]
