last-generated=2018-06-08
statistics-initialization=
{
  "nonlinear": "8",
  "numerical Jacobians": "0"
}
statistics-simulation=
{
  "linear": "0, 0, 0, 0, 0, 0, 0, 5, 5, 0, 0, 0, 0, 0, 0, 0",
  "nonlinear": "1",
  "number of continuous time states": "34",
  "numerical Jacobians": "0"
}
structure.TSensor[1]=[2.931499938964844e+02, 2.924302673339844e+02, 2.922359619140625e+02, 2.922578125e+02, 2.923642883300781e+02, 2.925064086914062e+02, 2.926646728515625e+02, 2.928278503417969e+02, 2.929900207519531e+02, 2.931553955078125e+02, 2.93310546875e+02, 2.934532775878906e+02, 2.935875244140625e+02, 2.937143859863281e+02, 2.938342895507812e+02, 2.939474487304688e+02, 2.940539855957031e+02, 2.941542053222656e+02, 2.942490539550781e+02, 2.943393859863281e+02, 2.944260864257812e+02, 2.945095825195312e+02, 2.945897521972656e+02, 2.946661682128906e+02, 2.947388305664062e+02, 2.948083190917969e+02, 2.948754272460938e+02, 2.949410400390625e+02, 2.950057983398438e+02, 2.950713806152344e+02, 2.951421508789062e+02, 2.952057800292969e+02, 2.95206787109375e+02, 2.951535034179688e+02, 2.950511474609375e+02, 2.949276733398438e+02, 2.947891845703125e+02, 2.946459045410156e+02, 2.945063781738281e+02, 2.943738403320312e+02, 2.942477416992188e+02, 2.941247253417969e+02, 2.940068359375e+02, 2.938999328613281e+02, 2.937995910644531e+02, 2.937005920410156e+02, 2.936005249023438e+02, 2.934994201660156e+02, 2.933978271484375e+02, 2.932957458496094e+02, 2.931939697265625e+02, 2.930994567871094e+02, 2.930865783691406e+02, 2.931587219238281e+02, 2.932755737304688e+02, 2.934120788574219e+02, 2.935621337890625e+02, 2.937184448242188e+02, 2.93859619140625e+02, 2.939912109375e+02, 2.94115234375e+02, 2.942324523925781e+02, 2.943437194824219e+02, 2.944497375488281e+02, 2.945507202148438e+02, 2.946464538574219e+02, 2.94736572265625e+02, 2.948213500976562e+02, 2.949012756347656e+02, 2.949766235351562e+02, 2.950475463867188e+02, 2.951142578125e+02, 2.951733093261719e+02, 2.951499633789062e+02, 2.950360717773438e+02, 2.948734436035156e+02, 2.946844787597656e+02, 2.944825134277344e+02, 2.942760314941406e+02, 2.94067626953125e+02, 2.938541870117188e+02, 2.936510925292969e+02, 2.934625854492188e+02, 2.932849731445312e+02, 2.931159057617188e+02, 2.930077209472656e+02, 2.930054016113281e+02, 2.930660095214844e+02, 2.93156982421875e+02, 2.932604675292969e+02, 2.933681945800781e+02, 2.934790954589844e+02, 2.935823974609375e+02, 2.936775512695312e+02, 2.937676086425781e+02, 2.938539428710938e+02, 2.93936767578125e+02, 2.940156555175781e+02, 2.940894165039062e+02, 2.941570739746094e+02, 2.942190551757812e+02]
time=[0e+00, 1e+05]
heating.QHeaSys=[0e+00, 2e+03, 2e+03, 2e+03, 2e+03, 2e+03, 2e+03, 2e+03, 2e+03, 2e+03, 2e+03, 2e+03, 2e+03, 2e+03, 2e+03, 2e+03, 2e+03, 2e+03, 2e+03, 2e+03, 2e+03, 2e+03, 2e+03, 2e+03, 2e+03, 2e+03, 2e+03, 2e+03, 2e+03, 2e+03, 2e+03, 0e+00, 0e+00, 0e+00, 0e+00, 0e+00, 0e+00, 0e+00, 0e+00, 0e+00, 0e+00, 0e+00, 0e+00, 0e+00, 0e+00, 0e+00, 0e+00, 0e+00, 0e+00, 0e+00, 0e+00, 2e+03, 2e+03, 2e+03, 2e+03, 2e+03, 2e+03, 2e+03, 2e+03, 2e+03, 2e+03, 2e+03, 2e+03, 2e+03, 2e+03, 2e+03, 2e+03, 2e+03, 2e+03, 2e+03, 2e+03, 2e+03, 0e+00, 0e+00, 0e+00, 0e+00, 0e+00, 0e+00, 0e+00, 0e+00, 0e+00, 0e+00, 0e+00, 0e+00, 2e+03, 2e+03, 2e+03, 2e+03, 2e+03, 2e+03, 2e+03, 2e+03, 2e+03, 2e+03, 2e+03, 2e+03, 2e+03, 2e+03, 2e+03, 2e+03, 2e+03]
