last-generated=2017-04-26
statistics-initialization=
{
  "numerical Jacobians": "0", 
  "nonlinear": "1"
}
statistics-simulation=
{
  "numerical Jacobians": "0", 
  "nonlinear": "1, 1, 1, 1", 
  "number of continuous time states": "88", 
  "linear": "0, 0, 0"
}
building.TSensor[1]=[2.92e+02, 2.913213297526042e+02, 2.909417487250434e+02, 2.906982218424479e+02, 2.90526858859592e+02, 2.905133327907986e+02, 2.907327677408854e+02, 2.910792914496528e+02, 2.914657393989213e+02, 2.918458557128906e+02, 2.92085679796007e+02, 2.921419033474392e+02, 2.921002197265625e+02, 2.921261393229167e+02, 2.921947394476996e+02, 2.921719055175781e+02, 2.921276143391927e+02, 2.920841979980469e+02, 2.920444030761719e+02, 2.920084465874566e+02, 2.919761928982205e+02, 2.919475708007812e+02, 2.91922112358941e+02, 2.918899807400173e+02, 2.918438110351562e+02, 2.91784918891059e+02, 2.917162916395399e+02, 2.916383972167969e+02, 2.915457797580295e+02, 2.914415113661024e+02, 2.913304951985677e+02, 2.914411349826389e+02, 2.917752041286892e+02, 2.920307718912761e+02, 2.921796535915798e+02, 2.922346971299913e+02, 2.922850341796875e+02, 2.92518063015408e+02, 2.928914862738715e+02, 2.933153177897136e+02, 2.934038323296441e+02, 2.931807556152344e+02, 2.930057779947917e+02, 2.928178337944879e+02, 2.926153327094184e+02, 2.924015808105469e+02, 2.921842244466146e+02, 2.919728088378906e+02, 2.917756144205729e+02, 2.915882873535156e+02, 2.914059651692708e+02, 2.912251586914062e+02, 2.910395338270399e+02, 2.908559841579861e+02, 2.906840209960938e+02, 2.905400831434462e+02, 2.905896742078993e+02, 2.908109334309896e+02, 2.908592461480035e+02, 2.908098856608073e+02, 2.907350972493489e+02, 2.906494547526042e+02, 2.905579698350695e+02, 2.904595031738281e+02, 2.90358900282118e+02, 2.902580023871528e+02, 2.901524963378906e+02, 2.900440402560764e+02, 2.899351433648004e+02, 2.898259073893229e+02, 2.897114088270399e+02, 2.895886535644531e+02, 2.894599914550781e+02, 2.893278164333767e+02, 2.893065728081597e+02, 2.896163228352864e+02, 2.897882249620226e+02, 2.899461602105035e+02, 2.902721354166667e+02, 2.907718031141493e+02, 2.913673129611545e+02, 2.919833984375e+02, 2.92573472764757e+02, 2.929512396918403e+02, 2.927517293294271e+02, 2.925899861653646e+02, 2.924390224880642e+02, 2.922948201497396e+02, 2.921287231445312e+02, 2.919527553982205e+02, 2.917737121582031e+02, 2.915895826551649e+02, 2.914016791449653e+02, 2.912247823079427e+02, 2.910585394965278e+02, 2.908991088867188e+02, 2.907431131998698e+02, 2.905888943142361e+02, 2.905615471733941e+02, 2.906640014648438e+02, 2.909544372558594e+02]
building.TSensor[2]=[2.92e+02, 2.913213297526042e+02, 2.909417487250434e+02, 2.906982218424479e+02, 2.90526858859592e+02, 2.905133327907986e+02, 2.907327677408854e+02, 2.910792914496528e+02, 2.914657393989213e+02, 2.918458557128906e+02, 2.92085679796007e+02, 2.921419033474392e+02, 2.921002197265625e+02, 2.921261393229167e+02, 2.921947394476996e+02, 2.921719055175781e+02, 2.921276143391927e+02, 2.920841979980469e+02, 2.920444030761719e+02, 2.920084465874566e+02, 2.919761928982205e+02, 2.919475708007812e+02, 2.91922112358941e+02, 2.918899807400173e+02, 2.918438110351562e+02, 2.91784918891059e+02, 2.917162916395399e+02, 2.916383972167969e+02, 2.915457797580295e+02, 2.914415113661024e+02, 2.913304951985677e+02, 2.914411349826389e+02, 2.917752041286892e+02, 2.920307718912761e+02, 2.921796535915798e+02, 2.922346971299913e+02, 2.922850341796875e+02, 2.92518063015408e+02, 2.928914862738715e+02, 2.933153177897136e+02, 2.934038323296441e+02, 2.931807556152344e+02, 2.930057779947917e+02, 2.928178337944879e+02, 2.926153327094184e+02, 2.924015808105469e+02, 2.921842244466146e+02, 2.919728088378906e+02, 2.917756144205729e+02, 2.915882873535156e+02, 2.914059651692708e+02, 2.912251586914062e+02, 2.910395338270399e+02, 2.908559841579861e+02, 2.906840209960938e+02, 2.905400831434462e+02, 2.905896742078993e+02, 2.908109334309896e+02, 2.908592461480035e+02, 2.908098856608073e+02, 2.907350972493489e+02, 2.906494547526042e+02, 2.905579698350695e+02, 2.904595031738281e+02, 2.90358900282118e+02, 2.902580023871528e+02, 2.901524963378906e+02, 2.900440402560764e+02, 2.899351433648004e+02, 2.898259073893229e+02, 2.897114088270399e+02, 2.895886535644531e+02, 2.894599914550781e+02, 2.893278164333767e+02, 2.893065728081597e+02, 2.896163228352864e+02, 2.897882249620226e+02, 2.899461602105035e+02, 2.902721354166667e+02, 2.907718031141493e+02, 2.913673129611545e+02, 2.919833984375e+02, 2.92573472764757e+02, 2.929512396918403e+02, 2.927517293294271e+02, 2.925899861653646e+02, 2.924390224880642e+02, 2.922948201497396e+02, 2.921287231445312e+02, 2.919527553982205e+02, 2.917737121582031e+02, 2.915895826551649e+02, 2.914016791449653e+02, 2.912247823079427e+02, 2.910585394965278e+02, 2.908991088867188e+02, 2.907431131998698e+02, 2.905888943142361e+02, 2.905615471733941e+02, 2.906640014648438e+02, 2.909544372558594e+02]
time=[0e+00, 2e+05]
