last-generated=2016-12-21
statistics-simulation=
{
  "numerical Jacobians": "0", 
  "nonlinear": " ", 
  "number of continuous time states": "2", 
  "linear": " "
}
chi.sta_a2.T=[288.149993896484375, 288.149993896484375, 288.149993896484375, 288.149993896484375, 288.149993896484375, 288.149993896484375, 288.149993896484375, 288.149993896484375, 288.149993896484375, 288.149993896484375, 288.149993896484375, 288.149993896484375, 288.149993896484375, 288.149993896484375, 288.149993896484375, 288.149993896484375, 288.149993896484375, 288.149993896484375, 288.149993896484375, 288.149993896484375, 288.149993896484375, 288.149993896484375, 288.149993896484375, 288.149993896484375, 288.149993896484375, 288.149993896484375, 294.149993896484375, 298.149993896484375, 298.149993896484375, 298.149993896484375, 298.149993896484375, 298.149993896484375, 298.149993896484375, 298.149993896484375, 298.149993896484375, 298.149993896484375, 298.149993896484375, 298.149993896484375, 298.149993896484375, 298.149993896484375, 298.149993896484375, 298.149993896484375, 298.149993896484375, 298.149993896484375, 298.149993896484375, 298.149993896484375, 298.149993896484375, 298.149993896484375, 298.149993896484375, 298.149993896484375, 298.149993896484375, 298.149993896484375, 298.149993896484375, 298.149993896484375, 298.149993896484375, 298.149993896484375, 298.149993896484375, 298.149993896484375, 298.149993896484375, 298.149993896484375, 298.149993896484375, 298.149993896484375, 298.149993896484375, 298.149993896484375, 298.149993896484375, 298.149993896484375, 298.149993896484375, 298.149993896484375, 298.149993896484375, 298.149993896484375, 298.149993896484375, 298.149993896484375, 298.149993896484375, 298.149993896484375, 298.149993896484375, 298.149993896484375, 298.149993896484375, 298.149993896484375, 298.149993896484375, 298.149993896484375, 298.149993896484375, 298.149993896484375, 298.149993896484375, 298.149993896484375, 298.149993896484375, 298.149993896484375, 298.149993896484375, 298.149993896484375, 298.149993896484375, 298.149993896484375, 298.149993896484375, 298.149993896484375, 298.149993896484375, 298.149993896484375, 298.149993896484375, 298.149993896484375, 298.149993896484375, 298.149993896484375, 298.149993896484375, 298.149993896484375, 298.149993896484375]
chi.sta_b2.T=[278.149993896484375, 275.40234375, 274.568634033203125, 275.31787109375, 276.378082275390625, 276.906341552734375, 277.149993896484375, 277.261749267578125, 277.312774658203125, 277.336273193359375, 277.347015380859375, 277.3519287109375, 277.35418701171875, 277.35516357421875, 277.355621337890625, 277.35589599609375, 277.356048583984375, 277.3560791015625, 277.356109619140625, 277.3560791015625, 277.3560791015625, 277.3560791015625, 277.3560791015625, 277.3560791015625, 277.3560791015625, 277.356109619140625, 278.614898681640625, 281.204986572265625, 282.6541748046875, 283.23114013671875, 283.454620361328125, 283.539886474609375, 283.57281494140625, 283.585479736328125, 283.59033203125, 283.59222412109375, 283.5928955078125, 283.593017578125, 283.59320068359375, 283.593353271484375, 283.593414306640625, 283.593414306640625, 283.593414306640625, 283.593414306640625, 283.593414306640625, 283.593414306640625, 283.5933837890625, 283.5933837890625, 283.5933837890625, 283.5933837890625, 283.5933837890625, 285.4320068359375, 289.9093017578125, 293.336334228515625, 295.3363037109375, 296.506561279296875, 297.190277099609375, 297.5894775390625, 297.822662353515625, 297.958709716796875, 298.0377197265625, 298.083953857421875, 298.11126708984375, 298.12725830078125, 298.136260986328125, 298.140838623046875, 298.14361572265625, 298.145782470703125, 298.1474609375, 298.14874267578125, 298.14947509765625, 298.1497802734375, 298.149932861328125, 298.149993896484375, 298.15008544921875, 298.150115966796875, 298.15008544921875, 298.15008544921875, 298.150054931640625, 298.150054931640625, 298.150054931640625, 298.1500244140625, 298.1500244140625, 298.1500244140625, 298.1500244140625, 298.1500244140625, 298.1500244140625, 298.1500244140625, 298.1500244140625, 298.1500244140625, 298.149993896484375, 298.149993896484375, 298.149993896484375, 298.149993896484375, 298.149993896484375, 298.149993896484375, 298.149993896484375, 298.149993896484375, 298.149993896484375, 298.149993896484375, 298.149993896484375]
chi.sta_b1.T=[303.149993896484375, 305.25390625, 306.04925537109375, 307.623931884765625, 309.946533203125, 311.46734619140625, 312.3934326171875, 312.950408935546875, 313.2821044921875, 313.478240966796875, 313.59356689453125, 313.661041259765625, 313.700408935546875, 313.723175048828125, 313.736541748046875, 313.7445068359375, 313.749114990234375, 313.75164794921875, 313.75299072265625, 313.753662109375, 313.75396728515625, 313.7542724609375, 313.754547119140625, 313.754638671875, 313.754730224609375, 313.75482177734375, 313.830810546875, 314.235015869140625, 314.878692626953125, 315.455902099609375, 315.875244140625, 316.15142822265625, 316.32354736328125, 316.427764892578125, 316.48980712890625, 316.526275634765625, 316.547515869140625, 316.559967041015625, 316.5672607421875, 316.571502685546875, 316.57391357421875, 316.575225830078125, 316.5758056640625, 316.576171875, 316.5765380859375, 316.57666015625, 316.576751708984375, 316.576812744140625, 316.576873779296875, 316.576904296875, 316.57696533203125, 314.820098876953125, 310.611328125, 307.447906494140625, 305.62750244140625, 304.576934814453125, 303.9716796875, 303.623199462890625, 303.4224853515625, 303.307037353515625, 303.240997314453125, 303.202850341796875, 303.180572509765625, 303.167724609375, 303.160614013671875, 303.157135009765625, 303.155059814453125, 303.15338134765625, 303.152008056640625, 303.15093994140625, 303.150360107421875, 303.150115966796875, 303.1500244140625, 303.149993896484375, 303.14990234375, 303.149871826171875, 303.14990234375, 303.149932861328125, 303.149932861328125, 303.149932861328125, 303.14996337890625, 303.14996337890625, 303.149993896484375, 303.149993896484375, 303.149993896484375, 303.149993896484375, 303.149993896484375, 303.149993896484375, 303.149993896484375, 303.149993896484375, 303.149993896484375, 303.149993896484375, 303.149993896484375, 303.149993896484375, 303.149993896484375, 303.149993896484375, 303.149993896484375, 303.149993896484375, 303.149993896484375, 303.149993896484375, 303.149993896484375]
chi.sta_a1.T=[293.149993896484375, 293.149993896484375, 295.149993896484375, 301.149993896484375, 303.149993896484375, 303.149993896484375, 303.149993896484375, 303.149993896484375, 303.149993896484375, 303.149993896484375, 303.149993896484375, 303.149993896484375, 303.149993896484375, 303.149993896484375, 303.149993896484375, 303.149993896484375, 303.149993896484375, 303.149993896484375, 303.149993896484375, 303.149993896484375, 303.149993896484375, 303.149993896484375, 303.149993896484375, 303.149993896484375, 303.149993896484375, 303.149993896484375, 303.149993896484375, 303.149993896484375, 303.149993896484375, 303.149993896484375, 303.149993896484375, 303.149993896484375, 303.149993896484375, 303.149993896484375, 303.149993896484375, 303.149993896484375, 303.149993896484375, 303.149993896484375, 303.149993896484375, 303.149993896484375, 303.149993896484375, 303.149993896484375, 303.149993896484375, 303.149993896484375, 303.149993896484375, 303.149993896484375, 303.149993896484375, 303.149993896484375, 303.149993896484375, 303.149993896484375, 303.149993896484375, 303.149993896484375, 303.149993896484375, 303.149993896484375, 303.149993896484375, 303.149993896484375, 303.149993896484375, 303.149993896484375, 303.149993896484375, 303.149993896484375, 303.149993896484375, 303.149993896484375, 303.149993896484375, 303.149993896484375, 303.149993896484375, 303.149993896484375, 303.149993896484375, 303.149993896484375, 303.149993896484375, 303.149993896484375, 303.149993896484375, 303.149993896484375, 303.149993896484375, 303.149993896484375, 303.149993896484375, 303.149993896484375, 303.149993896484375, 303.149993896484375, 303.149993896484375, 303.149993896484375, 303.149993896484375, 303.149993896484375, 303.149993896484375, 303.149993896484375, 303.149993896484375, 303.149993896484375, 303.149993896484375, 303.149993896484375, 303.149993896484375, 303.149993896484375, 303.149993896484375, 303.149993896484375, 303.149993896484375, 303.149993896484375, 303.149993896484375, 303.149993896484375, 303.149993896484375, 303.149993896484375, 303.149993896484375, 303.149993896484375, 303.149993896484375]
time=[0., 3600.]
chi.QCon_flow=[65630., 56553.00390625, 50021.93359375, 41973.875, 40970.28515625, 41654.0703125, 41978.84765625, 42129.82421875, 42199.2265625, 42231.25390625, 42245.91015625, 42252.64453125, 42255.71875, 42257.0546875, 42257.66796875, 42258.0546875, 42258.26171875, 42258.328125, 42258.33203125, 42258.3203125, 42258.3046875, 42258.3046875, 42258.3125, 42258.3203125, 42258.32421875, 42258.33203125, 44067.30078125, 48442.21093750001455191523, 51372.46484375000727595761, 52657.71484375, 53175.8359375, 53376.5625, 53454.55859375, 53484.65234375, 53496.1640625, 53500.68359375, 53502.27734375, 53502.55859375, 53503., 53503.3828125, 53503.52734375, 53503.5078125, 53503.48046875, 53503.50390625, 53503.4921875, 53503.48046875, 53503.4765625, 53503.47265625, 53503.46875, 53503.46484375, 53503.46484375, 23331.68359375, 0., 0., 0., 0., 0., 0., 0., 0., 0., 0., 0., 0., 0., 0., 0., 0., 0., 0., 0., 0., 0., 0., 0., 0., 0., 0., 0., 0., 0., 0., 0., 0., 0., 0., 0., 0., 0., 0., 0., 0., 0., 0., 0., 0., 0., 0., 0., 0., 0.]
chi.QEva_flow=[-55630., -46553.00390625, -40021.93359375, -31973.875, -30970.28515625, -31654.0703125, -31978.849609375, -32129.82421875, -32199.2265625, -32231.251953125, -32245.912109375, -32252.642578125, -32255.71875, -32257.052734375, -32257.66796875, -32258.0546875, -32258.259765625, -32258.326171875, -32258.333984375, -32258.318359375, -32258.302734375, -32258.302734375, -32258.314453125, -32258.3203125, -32258.326171875, -32258.330078125, -34067.30078125, -38442.21093750001455191523, -41372.46484375000727595761, -42657.71484375, -43175.8359375, -43376.5625, -43454.55859375, -43484.65234375, -43496.1640625, -43500.68359375, -43502.27734375, -43502.55859375, -43503., -43503.3828125, -43503.52734375, -43503.5078125, -43503.48046875, -43503.50390625, -43503.4921875, -43503.48046875, -43503.4765625, -43503.47265625, -43503.46875, -43503.46484375, -43503.46484375, -19331.68359375, 0., 0., 0., 0., 0., 0., 0., 0., 0., 0., 0., 0., 0., 0., 0., 0., 0., 0., 0., 0., 0., 0., 0., 0., 0., 0., 0., 0., 0., 0., 0., 0., 0., 0., 0., 0., 0., 0., 0., 0., 0., 0., 0., 0., 0., 0., 0., 0., -0.]
chi.P=[10000., 10000., 10000., 10000., 10000., 10000., 10000., 10000., 10000., 10000., 10000., 10000., 10000., 10000., 10000., 10000., 10000., 10000., 10000., 10000., 10000., 10000., 10000., 10000., 10000., 10000., 10000., 10000., 10000., 10000., 10000., 10000., 10000., 10000., 10000., 10000., 10000., 10000., 10000., 10000., 10000., 10000., 10000., 10000., 10000., 10000., 10000., 10000., 10000., 10000., 10000., 4000., 0., 0., 0., 0., 0., 0., 0., 0., 0., 0., 0., 0., 0., 0., 0., 0., 0., 0., 0., 0., 0., 0., 0., 0., 0., 0., 0., 0., 0., 0., 0., 0., 0., 0., 0., 0., 0., 0., 0., 0., 0., 0., 0., 0., 0., 0., 0., 0., 0.]
chi.dp2=[4810.14208984375, 4810.14208984375]
chi.dp1=[5063.10546875, 5063.10546875]
chi.COP_nominal=[3.33780002593994140625, 3.33780002593994140625]
chi.COP=[5.56300020217895507812, 4.65530061721801757812, 4.002193450927734375, 3.19738745689392089844, 3.09702849388122558594, 3.16540694236755371094, 3.19788479804992675781, 3.21298241615295410156, 3.21992278099060058594, 3.22312521934509277344, 3.22459125518798828125, 3.22526431083679199219, 3.22557187080383300781, 3.22570538520812988281, 3.22576665878295898438, 3.22580552101135253906, 3.22582602500915527344, 3.22583270072937011719, 3.22583341598510742188, 3.2258319854736328125, 3.22583031654357910156, 3.22583031654357910156, 3.22583127021789550781, 3.2258319854736328125, 3.22583246231079101562, 3.22583317756652832031, 3.40673017501831054688, 3.84422087669372691821, 4.13724613189697354443, 4.26577138900756835938, 4.31758356094360351562, 4.3376560211181640625, 4.34545612335205078125, 4.3484649658203125, 4.34961652755737304688, 4.35006809234619140625, 4.35022783279418945312, 4.3502559661865234375, 4.350299835205078125, 4.35033845901489257812, 4.35035276412963867188, 4.35035085678100585938, 4.35034799575805664062, 4.35035037994384765625, 4.35034894943237304688, 4.35034799575805664062, 4.3503475189208984375, 4.35034704208374023438, 4.35034704208374023438, 4.35034656524658203125, 4.35034656524658203125, 4.83292055130004882812, 6.56859302520751953125, 8.9671916961669921875, 11.33917236328126421085, 13.38943481445313565814, 14.95993232727051669428, 16.055484771728515625, 16.7713794708251953125, 17.2187519073486328125, 17.4894866943359375, 17.6518840789794921875, 17.7492313385009765625, 17.806644439697265625, 17.839183807373046875, 17.8557415008544921875, 17.8658504486083984375, 17.873622894287109375, 17.8797588348388671875, 17.8844585418701171875, 17.8870563507080078125, 17.88825225830078125, 17.888706207275390625, 17.8889369964599609375, 17.889312744140625, 17.889400482177734375, 17.8893527984619140625, 17.8892765045166015625, 17.8892345428466796875, 17.8891925811767578125, 17.88915252685546875, 17.889110565185546875, 17.88907623291015625, 17.8890705108642578125, 17.889064788818359375, 17.889057159423828125, 17.8890514373779296875, 17.88904571533203125, 17.8890399932861328125, 17.889034271240234375, 17.889026641845703125, 17.8890209197998046875, 17.88901519775390625, 17.889011383056640625, 17.8890094757080078125, 17.889007568359375, 17.8890056610107421875, 17.889003753662109375, 17.8890018463134765625, 17.88899993896484375, 17.8889980316162109375]
