last-generated=2017-08-03
statistics-initialization=
{
  "numerical Jacobians": "0", 
  "nonlinear": "1, 1, 32, 1, 1, 1, 1, 1, 1"
}
statistics-simulation=
{
  "numerical Jacobians": "0", 
  "nonlinear": "0, 0, 31, 0, 1, 0, 1, 1, 1", 
  "number of continuous time states": "74", 
  "linear": "24"
}
pmpSouth.m_flow=[0., 3.54542064666748046875, 5.22933912277221679688, 5.27714443206787109375, 5.18298673629760742188, 5.11425685882568359375, 5.07623910903930664062, 5.06335735321044921875, 5.07040262222290039062, 5.09177923202514648438, 5.12207126617431640625, 5.1553325653076171875, 5.186187744140625, 5.22130537033081054688, 5.2566165924072265625, 5.28943538665771484375, 5.3189868927001953125, 5.34524869918823242188, 5.36841678619384765625, 5.3887233734130859375, 5.40638303756713867188, 5.42158269882202148438, 5.43447923660278320312, 5.4452037811279296875, 5.45386266708374023438, 5.46054124832153320312, 5.46530389785766601562, 5.77844762802124023438, 6.1066074371337890625, 6.24412822723388671875, 6.26326084136962890625, 6.23372411727905273438, 6.19443559646606445312, 6.1589183807373046875, 6.12851285934448242188, 6.10110950469970703125, 6.07444524765014648438, 6.04345226287841796875, 6.01255893707275390625, 5.98076343536376953125, 5.94542980194091796875, 5.90555858612060546875, 5.86068439483642578125, 5.81042909622192382812, 5.75437784194946289062, 5.69205331802368164062, 5.62291193008422851562, 5.54634571075439453125, 5.46168661117553710938, 5.36821126937866210938, 5.2651462554931640625, 4.08164501190185546875, 1.58941245079040527344, 0.46026670932769775391, 0.08180997520685195923, 0.01686382852494716644, 0.01116543728858232498, 0.01070661842823028564, 0.01044497173279523849, 0.01006232667714357376, 0.00957500655204057693, 0.00899646896868944168, 0.00833013560622930527, 0.00757827749475836754, 0.00674763089045882225, 0.0058530694805085659, 0.00491978833451867104, 0.00398335373029112816, 0.00308664445765316486, 0.00227345875464379787, 0.00158013380132615566, 0.00102810352109372616, 0.00062040338525548577, 0.00034333710209466517, 0.00017204871983267367, 0.00007740080764051527, 0.00003191517680534162, 0.00001324163895333186, 0.00000648531386104878, 0.00000505933576278039, 0.00000510724248670158, 0.00000471812427349505, 0.00000367139114132442, 0.00000247694606514415, 0.00000149178049468901, 0.00000081737022128436, 0.00000041287700014436, 0.00000019451746879895, 0.00000008653046990048, 0.00000003690924188504, 0.00000001538919036648, 0.00000000646609121802, 0.00000000283225221054, 0.00000000135703370763, 0.00000000074228689861, 0.0000000004750249083, 0.00000000035222721961, 0.00000000029288094172, 0.00000000026404983755, 0.00000000025208363175, 0.00000000024870647208]
pmpNorth.m_flow=[0., 3.94025158882141113281, 5.78092813491821289062, 5.80857610702514648438, 5.689266204833984375, 5.6043300628662109375, 5.55721759796142578125, 5.54055643081665039062, 5.5478382110595703125, 5.5722522735595703125, 5.6072750091552734375, 5.64648914337158203125, 5.68177127838134765625, 5.72196292877197265625, 5.76266813278198242188, 5.80047893524169921875, 5.83441162109375, 5.86444091796875, 5.89082002639770507812, 5.9138469696044921875, 5.93379878997802734375, 5.95091342926025390625, 5.96539258956909179688, 5.97740268707275390625, 5.98707914352416992188, 5.99452972412109375, 5.99983644485473632812, 6.39131402969360351562, 6.80834674835205078125, 6.98150634765625, 7.00043773651123046875, 6.957550048828125, 6.90416479110717773438, 6.85747623443603515625, 6.81871557235717773438, 6.78478574752807617188, 6.75252056121826171875, 6.71627187728881835938, 6.6787204742431640625, 6.64099264144897460938, 6.59932279586791992188, 6.552196502685546875, 6.49893808364868164062, 6.43903446197509765625, 6.37193632125854492188, 6.29701852798461914062, 6.21357631683349609375, 6.12082910537719726562, 6.01793575286865234375, 5.9040069580078125, 5.77812528610229492188, 4.46803998947143554688, 1.73968601226806640625, 0.4988225400447845459, 0.09165734052658081055, 0.01895518042147159576, 0.0125393131747841835, 0.01200523879379034042, 0.01168686244636774063, 0.01122762355953454971, 0.01064651086926460266, 0.00995954778045415878, 0.00917220395058393478, 0.00828972086310386658, 0.00732358032837510109, 0.00629536248743534088, 0.00523828575387597084, 0.00419570412486791611, 0.00321597536094486713, 0.00234441761858761311, 0.00161470402963459492, 0.0010428265668451786, 0.00062578637152910233, 0.00034498993773013353, 0.00017246438073925674, 0.0000774850050220266, 0.00003192949588992633, 0.00001324420463788556, 0.00000648613695375388, 0.00000506022252011462, 0.00000510925065100309, 0.00000472264946438372, 0.00000367933535017073, 0.00000248779679168365, 0.00000150372898133355, 0.0000008283147963084, 0.00000042142170286752, 0.00000020032251768498, 0.00000009003172607436, 0.00000003882671606448, 0.00000001636801627569, 0.00000000694957824621, 0.00000000307290726198, 0.0000000014844875329, 0.00000000081766138305, 0.00000000052627657787, 0.00000000039206468627, 0.00000000032724672971, 0.00000000029593796858, 0.00000000028322580392, 0.00000000027999036423]
time=[0., 1000.]
