last-generated=2018-06-13
statistics-simulation=
{
  "linear": " ",
  "nonlinear": " ",
  "numerical Jacobians": "0"
}
tabLinExt.y=[-1.25e+00, -1.212499975319959e+00, -1.174999950639919e+00, -1.13750004516913e+00, -1.100000020489074e+00, -1.062500002793987e+00, -1.024999971129046e+00, -9.875000130385169e-01, -9.499999813735684e-01, -9.12500037252863e-01, -8.750000055879188e-01, -8.374999739229746e-01, -8.000000018626752e-01, -7.624999701977309e-01, -7.250000260770254e-01, -6.875000223516752e-01, -6.49999962747137e-01, -6.125000186264314e-01, -5.750000149010813e-01, -5.375000149011168e-01, -5.000000111758376e-01, -4.624999813736218e-01, -4.250000074505761e-01, -3.875000037253058e-01, -3.499999739230279e-01, -3.125e-01, -2.749999701977842e-01, -2.375000372528629e-01, -2.000000074505672e-01, -1.624999627471903e-01, -1.250000447033504e-01, -8.750000745056284e-02, -4.999997392302118e-02, -1.250004935999259e-02, 2.499998696151069e-02, 6.25000223516973e-02, 9.999994784604235e-02, 1.374999850988566e-01, 1.750000149011434e-01, 2.12500059604485e-01, 2.499999776483249e-01, 2.875000074505406e-01, 3.250000372529518e-01, 3.624999850988121e-01, 4.000000149011346e-01, 4.375000447033504e-01, 4.749999627471904e-01, 5e-01, 5e-01, 5e-01, 5e-01, 5e-01, 5e-01, 5e-01, 5e-01, 5e-01, 5e-01, 5e-01, 5e-01, 5e-01, 5e-01, 5e-01, 5e-01, 5e-01, 5e-01, 5e-01, 5e-01, 5.249998509906265e-01, 5.99999970198424e-01, 6.750000298025352e-01, 7.500000894053681e-01, 8.25000149008734e-01, 8.999997615852575e-01, 9.749998807926998e-01, 1.049999880791989e+00, 1.125e+00, 1.200000119208011e+00, 1.275000119206732e+00, 1.350000238414742e+00, 1.424999791386621e+00, 1.499999910594632e+00, 1.575000029801968e+00, 1.650000029801363e+00, 1.725000149009373e+00, 1.800000149009658e+00, 1.874999821189263e+00, 1.949999940396421e+00, 2.025000059605e+00, 2.099999940395e+00, 2.175000059603579e+00, 2.250000178812158e+00, 2.324999850990342e+00, 2.399999970198921e+00, 2.474999850989774e+00, 2.549999970198033e+00, 2.625000089406079e+00, 2.7000002086121e+00, 2.774999880792842e+00, 2.849999761585115e+00, 2.924999880792558e+00, 3e+00]
tabConExt.y=[0e+00, 0e+00, 0e+00, 0e+00, 0e+00, 0e+00, 0e+00, 0e+00, 0e+00, 0e+00, 0e+00, 0e+00, 0e+00, 0e+00, 0e+00, 0e+00, 0e+00, 0e+00, 0e+00, 0e+00, 0e+00, 0e+00, 0e+00, 0e+00, 0e+00, 0e+00, 0e+00, 0e+00, 0e+00, 0e+00, 0e+00, 0e+00, 0e+00, 0e+00, 2.499998696151069e-02, 6.25000223516973e-02, 9.999994784604235e-02, 1.374999850988566e-01, 1.750000149011434e-01, 2.12500059604485e-01, 2.499999776483249e-01, 2.875000074505406e-01, 3.250000372529518e-01, 3.624999850988121e-01, 4.000000149011346e-01, 4.375000447033504e-01, 4.749999627471904e-01, 5e-01, 5e-01, 5e-01, 5e-01, 5e-01, 5e-01, 5e-01, 5e-01, 5e-01, 5e-01, 5e-01, 5e-01, 5e-01, 5e-01, 5e-01, 5e-01, 5e-01, 5e-01, 5e-01, 5e-01, 5.249998509906265e-01, 5.99999970198424e-01, 6.750000298025352e-01, 7.500000894053681e-01, 8.25000149008734e-01, 8.999997615852575e-01, 9.749998807926998e-01, 1e+00, 1e+00, 1e+00, 1e+00, 1e+00, 1e+00, 1e+00, 1e+00, 1e+00, 1e+00, 1e+00, 1e+00, 1e+00, 1e+00, 1e+00, 1e+00, 1e+00, 1e+00, 1e+00, 1e+00, 1e+00, 1e+00, 1e+00, 1e+00, 1e+00, 1e+00, 1e+00]
time=[0e+00, 1e+00]
