last-generated=2017-04-26
statistics-simulation=
{
  "numerical Jacobians": "0", 
  "nonlinear": "1, 1, 1, 1, 1", 
  "linear": "0, 0, 0, 0, 0"
}
embeddedPipe.G_t=[1.233215236663818e+01, 1.233052349086835e+01, 1.232881641380074e+01, 1.232702445971513e+01, 1.232514381391383e+01, 1.232316970840188e+01, 1.232109546632728e+01, 1.231891441351851e+01, 1.231662177997259e+01, 1.231420803158232e+01, 1.231166744270831e+01, 1.230899047835106e+01, 1.230616855543193e+01, 1.230319309087963e+01, 1.230005264301354e+01, 1.229673576557058e+01, 1.22932319628153e+01, 1.228952694006909e+01, 1.228560638714566e+01, 1.228145599262803e+01, 1.22770586027209e+01, 1.227239703815378e+01, 1.226745128570485e+01, 1.226219940409964e+01, 1.225662040399914e+01, 1.225068664550781e+01, 1.224437331528044e+01, 1.223764801765661e+01, 1.223048019496832e+01, 1.222283362678583e+01, 1.221466828391883e+01, 1.220594310974115e+01, 1.219660949011951e+01, 1.218661786471952e+01, 1.217590904629593e+01, 1.216442202807492e+01, 1.215208818343441e+01, 1.213883019144395e+01, 1.212456607107607e+01, 1.210920140828698e+01, 1.20926342112276e+01, 1.207474993989582e+01, 1.205542084898758e+01, 1.203450776690462e+01, 1.20118532124102e+01, 1.198728176855281e+01, 1.196059801495808e+01, 1.193158530825168e+01, 1.189999767550849e+01, 1.186556247295714e+01, 1.182797336578369e+01, 1.076786103368221e+01, 8.688822549066497e+00, 7.331124303552576e+00, 6.680514872496821e+00, 6.654750360776799e+00, 6.642531398000795e+00, 6.628883351380131e+00, 6.613604995130693e+00, 6.596461247879708e+00, 6.577178049594844e+00, 6.555434259625274e+00, 6.530853283795314e+00, 6.502992615674899e+00, 6.471329640091345e+00, 6.4352478050166e+00, 6.394017333592162e+00, 6.346773230831059e+00, 6.292488616020806e+00, 6.229946120235373e+00, 6.157699967868779e+00, 6.074038309500588e+00, 5.976940449755161e+00, 5.864030589804993e+00, 5.732543124817786e+00, 5.579295635223389e+00, 5.400694183806054e+00, 5.19279388944148e+00, 4.951452455860831e+00, 4.672629035081721e+00, 4.352894230744393e+00, 3.990246624927833e+00, 3.585257223510403e+00, 3.142549459995697e+00, 2.672388964402768e+00, 2.191855143091041e+00, 1.724569972278287e+00, 1.297653391096138e+00, 9.349748766962629e-01, 6.486501824677813e-01, 4.352405961882139e-01, 2.816719923616962e-01, 1.741400853390485e-01, 1.014010821768464e-01, 5.449825815362642e-02, 2.621344725953735e-02, 1.072165190321253e-02, 3.390118100835714e-03, 6.694844871461213e-04, 4.184037562114315e-05, 1.673602673690766e-05]
embeddedPipe.G_max=[4.184e+03, 4.019133785443794e+03, 3.859188469542385e+03, 3.704065175336189e+03, 3.55366600242787e+03, 3.407894053693419e+03, 3.266653545870351e+03, 3.129849613399885e+03, 2.997388160366321e+03, 2.869176314783394e+03, 2.745122332694096e+03, 2.625135246897625e+03, 2.509125457794431e+03, 2.397003609739466e+03, 2.288682135273355e+03, 2.184074280228079e+03, 2.083093714651578e+03, 1.985656145103059e+03, 1.891677556477469e+03, 1.801074807974553e+03, 1.71376638305484e+03, 1.629671332822931e+03, 1.548709951506132e+03, 1.470803254659375e+03, 1.395873373830552e+03, 1.32384375e+03, 1.254638241249267e+03, 1.188182443185582e+03, 1.12440210708708e+03, 1.063224681671897e+03, 1.0045784989007e+03, 9.483923471495388e+02, 8.945967642844512e+02, 8.431229911059892e+02, 7.939029713872382e+02, 7.468701509536958e+02, 7.019588032888602e+02, 6.591039018858168e+02, 6.182418633967264e+02, 5.793099434836407e+02, 5.422464205806242e+02, 5.069903747328129e+02, 4.734821351363489e+02, 4.416631082229491e+02, 4.114753043093801e+02, 3.828621190870194e+02, 3.557678748964306e+02, 3.301377228766274e+02, 3.059179741657936e+02, 2.830560210526897e+02, 2.615e+02, 2.411992611224954e+02, 2.221040908946715e+02, 2.041657983831167e+02, 1.873367966575434e+02, 1.715701629548633e+02, 1.568203464398506e+02, 1.430426236056046e+02, 1.301933388290531e+02, 1.182298131100242e+02, 1.071104230677639e+02, 9.679438686952349e+01, 8.724209273146504e+01, 7.841489009445525e+01, 7.02751201486191e+01, 6.278613492447009e+01, 5.591231751364563e+01, 4.961894476044149e+01, 4.387242522400746e+01, 3.864011646798951e+01, 3.389039459985659e+01, 2.959262744027396e+01, 2.57172175790022e+01, 2.223549715209971e+01, 1.911987779196278e+01, 1.634375e+01, 1.388150569459099e+01, 1.17085437587169e+01, 9.801266409296296e+00, 8.137088334463401e+00, 6.694401453822787e+00, 5.452630797908163e+00, 4.392195015040587e+00, 3.494517408655471e+00, 2.742024564687054e+00, 2.118151369637695e+00, 1.607326105827619e+00, 1.19499236405196e+00, 8.675941076071211e-01, 6.125791548480396e-01, 4.183996024058587e-01, 2.745125621412106e-01, 1.713767940229635e-01, 1.004578825193798e-01, 5.422463193355965e-02, 2.614997586893486e-02, 1.071101903178677e-02, 3.389054287336597e-03, 6.694429846314818e-04, 4.184021554750829e-05, 0e+00]
time=[0e+00, 1e+00]
