last-generated=2017-01-02
statistics-simulation=
{
  "numerical Jacobians": "0", 
  "nonlinear": " ", 
  "number of continuous time states": "18", 
  "linear": " "
}
CO2SenWes.C=[0., 0., 0., 0., 0., 0.00000014331791930999, 0.00000019863871614234, 0.00000016012633352602, 0.00000015324569346831, 0.00000014204344722657, 0.00000013254846464861, 0.00000012423384987414, 0.00000011655376397357, 0.00000010919624315875, 0.00000010246192516661, 0.00000009623120433844, 0.00000009046992488493, 0.00000008514393101677, 0.00000008021905983924, 0.00000007566115556301, 0.00000007143606950422, 0.00000006751411518735, 0.00000006392310325509, 0.0000000605642753726, 0.00000005742686326471, 0.00000005450007378727, 0.0000000517731351124, 0.00000004923526120137, 0.00000004687567312089, 0.00000004468359193766, 0.00000004264823161293, 0.00000004075882031884, 0.00000003900456846395, 0.00000003737470066767, 0.00000003585843444398, 0.00000003444499085958, 0.00000003312358742846, 0.0000000318834416646, 0.0000000307341885275, 0.00000002969051315915, 0.00000002869456317001, 0.00000002774488194746, 0.00000002684001287889, 0.00000002597850112807, 0.00000002515889185872, 0.0000000243797266819, 0.0000000236395525377, 0.00000002293691103716, 0.00000002227034734403, 0.00000002163840662206, 0.00000002103963403499, 0.00000002047256941751, 0.00000001993576148607, 0.00000001942775007535, 0.00000001894708390182, 0.00000001849230457651, 0.00000001806195726317, 0.00000001765458357283, 0.00000001726873222196, 0.00000001690294304524, 0.00000001655576298276, 0.00000001622573542193, 0.00000001591140375012, 0.0000000156113131311, 0.00000001532400872861, 0.00000001504803215369, 0.00000001478192857007, 0.00000001452424225334, 0.00000001427351836725, 0.00000001402830029917, 0.00000001378713143652, 0.0000000135485578312, 0.00000001331543852956, 0.00000001308884645113, 0.00000001286780992871, 0.00000001265218951829, 0.00000001244184311133, 0.00000001223662859928, 0.00000001203640564995, 0.00000001184103215479, 0.00000001165036689343, 0.00000001146426864551, 0.00000001128259619065, 0.00000001110520830849, 0.00000001093196289048, 0.00000001076271960443, 0.00000001059733722997, 0.00000001043567277037, 0.00000001027758589345, 0.00000001012293626701, 0.00000000997158089433, 0.00000000982337944322, 0.00000000967818980513, 0.00000000953587164787, 0.00000000939628197472, 0.00000000925928134166, 0.00000000912472764014, 0.00000000899247964981, 0.0000000088623952621, 0.00000000873433325665, 0.00000000860815330128]
CO2SenEas.C=[0., 0., 0., 0., 0., 0.00000022798410270752, 0.00000014735900322194, 0.00000016288387882923, 0.00000014840446738162, 0.00000013989412650517, 0.00000013116189734319, 0.00000012262653115158, 0.00000011473134975404, 0.00000010770236258395, 0.00000010112149340102, 0.00000009501127351541, 0.00000008934475204114, 0.00000008409498519768, 0.0000000792350078882, 0.00000007473786922674, 0.00000007057661832732, 0.00000006672753016801, 0.0000000631935392903, 0.00000005988761841991, 0.00000005679919468093, 0.00000005391769875018, 0.00000005123255775175, 0.00000004873319880971, 0.00000004640904904818, 0.00000004424953914395, 0.0000000422440926684, 0.00000004038214385105, 0.00000003865311981599, 0.0000000370464441346, 0.00000003555154748369, 0.00000003415785698735, 0.00000003285480687509, 0.00000003163181716559, 0.0000000304982812338, 0.00000002946838151274, 0.00000002848545044287, 0.00000002754805272787, 0.00000002665475840047, 0.00000002580413394071, 0.00000002499474938134, 0.00000002422517297873, 0.00000002349397298929, 0.00000002279971766939, 0.00000002214097527542, 0.00000002151631406377, 0.00000002092430229084, 0.00000002036350998935, 0.00000001983250363935, 0.00000001932985327358, 0.00000001885412537206, 0.00000001840388996754, 0.00000001797771531642, 0.00000001757416789872, 0.00000001719181774718, 0.00000001682923489454, 0.0000000164849840445, 0.00000001615763700613, 0.00000001584576025948, 0.00000001554792206093, 0.00000001526269066687, 0.00000001498863611005, 0.00000001472432664684, 0.00000001446832875729, 0.00000001421921336231, 0.00000001397554605376, 0.00000001373589775255, 0.00000001349883493873, 0.00000001326716958516, 0.00000001304195418328, 0.00000001282223482946, 0.00000001260787207968, 0.00000001239872560177, 0.00000001219465861624, 0.00000001199552901454, 0.00000001180119912902, 0.0000000116115286275, 0.00000001142637895413, 0.0000000112456106649, 0.00000001106908431581, 0.00000001089666046283, 0.00000001072820055015, 0.00000001056356335738, 0.00000001040261121688, 0.00000001024520468462, 0.00000001009120342843, 0.00000000994046889247, 0.00000000979286163272, 0.00000000964824220517, 0.000000009506472054, 0.00000000936740995883, 0.000000009230918252, 0.00000000909685748951, 0.00000000896508822734, 0.00000000883547013331, 0.00000000870786465157, 0.0000000085821332263]
CO2SenTop.C=[0., 0., 0., 0., 0., 0.00000000459237625705, 0.00000000878565487028, 0.00000001281704342659, 0.00000001639183366819, 0.00000001963350726442, 0.00000002255625375369, 0.0000000251856775435, 0.00000002754621952761, 0.00000002965781931152, 0.00000003154519490067, 0.00000003323004804656, 0.00000003472583998132, 0.00000003604603193708, 0.00000003720407804053, 0.00000003821343241839, 0.0000000390875634082, 0.00000003983820562325, 0.00000004045837442845, 0.0000000409891853792, 0.00000004143524634515, 0.00000004180115098507, 0.00000004209150716861, 0.00000004231091210727, 0.00000004246397367069, 0.00000004255528551766, 0.00000004258945196511, 0.00000004257107732997, 0.00000004250475882372, 0.00000004239510431603, 0.00000004224670746567, 0.00000004206417258956, 0.00000004185210400465, 0.00000004161510247513, 0.00000004134902908959, 0.0000000410475458068, 0.00000004073531911786, 0.0000000404128819298, 0.00000004008076359696, 0.00000003973948636826, 0.00000003938958670346, 0.00000003903159395691, 0.00000003866603393021, 0.00000003829343953043, 0.00000003791434011191, 0.00000003752926147627, 0.00000003713873653055, 0.0000000367432946291, 0.00000003634346512627, 0.00000003593977382366, 0.00000003553275718104, 0.00000003512294100005, 0.00000003471085108231, 0.00000003429702388758, 0.00000003388198521748, 0.00000003346626442635, 0.00000003305039086854, 0.00000003263489745109, 0.00000003222030642291, 0.00000003180715779649, 0.00000003139597026802, 0.00000003098728029727, 0.00000003058161723857, 0.00000003017950689355, 0.00000002978148216926, 0.00000002938807242003, 0.0000000289998034475, 0.00000002861720815872, 0.00000002823920119965, 0.00000002786499031515, 0.00000002749482064246, 0.00000002712867974708, 0.00000002676655341816, 0.00000002640843277391, 0.00000002605430537983, 0.00000002570415702507, 0.00000002535797527514, 0.00000002501574947189, 0.00000002467746718082, 0.00000002434311419108, 0.00000002401268162089, 0.00000002368615525938, 0.00000002336352267207, 0.00000002304477142445, 0.00000002272989085839, 0.00000002241886853938, 0.00000002211169025657, 0.00000002180834535181, 0.00000002150882139063, 0.0000000212131059385, 0.0000000209211883373, 0.00000002063305259981, 0.00000002034868984424, 0.0000000200680876361, 0.00000001979123176454, 0.00000001951811157141, 0.00000001924871462222]
time=[0., 86400.]
