last-generated=2016-04-19
statistics-simulation=
{
  "numerical Jacobians": "0", 
  "nonlinear": "1", 
  "number of continuous time states": "5", 
  "linear": "0"
}
bou0.T=[273.149993896484375, 273.149993896484375]
roo.T=[293.149993896484375, 293.1500244140625, 293.149993896484375, 293.149993896484375, 293.149993896484375, 293.149993896484375, 293.149993896484375, 293.149993896484375, 293.149993896484375, 293.149993896484375, 293.149993896484375, 293.149993896484375, 293.149993896484375, 293.149993896484375, 293.149993896484375, 293.149993896484375, 293.149993896484375, 293.141387939453125, 293.141082763671875, 293.141082763671875, 293.141082763671875, 293.141082763671875, 293.141082763671875, 293.141082763671875, 293.141082763671875, 293.141082763671875, 293.141082763671875, 293.141082763671875, 293.141082763671875, 293.141082763671875, 293.141082763671875, 293.141082763671875, 293.141082763671875, 293.141082763671875, 293.141082763671875, 293.141082763671875, 293.141082763671875, 293.141082763671875, 293.141082763671875, 293.141082763671875, 293.141082763671875, 293.141082763671875, 293.141082763671875, 293.141082763671875, 293.141082763671875, 293.141082763671875, 293.141082763671875, 293.141082763671875, 293.141082763671875, 293.141082763671875, 293.141082763671875, 293.083221435546875, 293.08319091796875, 293.08319091796875, 293.08319091796875, 293.08319091796875, 293.08319091796875, 293.08319091796875, 293.08319091796875, 293.08319091796875, 293.08319091796875, 293.08319091796875, 293.08319091796875, 293.08319091796875, 293.08319091796875, 293.08319091796875, 293.08319091796875, 293.136138916015625, 293.141143798828125, 293.141143798828125, 293.141143798828125, 293.141143798828125, 293.141143798828125, 293.141143798828125, 293.141143798828125, 293.141143798828125, 293.141143798828125, 293.141143798828125, 293.141143798828125, 293.141143798828125, 293.141143798828125, 293.141143798828125, 293.141143798828125, 293.141143798828125, 293.141143798828125, 293.141143798828125, 293.141143798828125, 293.141143798828125, 293.141143798828125, 293.141143798828125, 293.141143798828125, 293.141143798828125, 293.141143798828125, 293.141143798828125, 293.141143798828125, 293.141143798828125, 293.141143798828125, 293.141143798828125, 293.141143798828125, 293.141143798828125, 293.141143798828125]
time=[0., 3600.]
oriBot.m_flow=[0.06112576648592948914, -0.02835682965815067291, -0.02835798263549804688, -0.02835790999233722687, -0.02835792861878871918, -0.02835792116820812225, -0.02835792303085327148, -0.02835792489349842072, -0.02835792303085327148, -0.02835792489349842072, -0.02835792489349842072, -0.02835792489349842072, -0.02835792489349842072, -0.02835792489349842072, -0.02835792303085327148, -0.02835792303085327148, -0.02835792489349842072, 0.00665676500648260117, 0.00664660893380641937, 0.00664660846814513206, 0.00664660939946770668, 0.00664660939946770668, 0.00664660939946770668, 0.00664660939946770668, 0.00664660939946770668, 0.00664660939946770668, 0.00664660939946770668, 0.00664660939946770668, 0.00664660939946770668, 0.00664660939946770668, 0.00664660939946770668, 0.00664660939946770668, 0.00664660939946770668, 0.00664660939946770668, 0.00664660939946770668, 0.00664660939946770668, 0.00664660939946770668, 0.00664660939946770668, 0.00664660939946770668, 0.00664660939946770668, 0.00664660939946770668, 0.00664660939946770668, 0.00664660939946770668, 0.00664660939946770668, 0.00664660939946770668, 0.00664660939946770668, 0.00664660939946770668, 0.00664660939946770668, 0.00664660939946770668, 0.00664660939946770668, 0.00680784927681088448, 0.028371419757604599, 0.02837037853896617889, 0.02836968004703521729, 0.02837001346051692963, 0.02836999855935573578, 0.02836997248232364655, 0.02836999110877513885, 0.02836999669671058655, 0.02836999669671058655, 0.02836999483406543732, 0.02836999110877513885, 0.02836999110877513885, 0.02836999297142028809, 0.02836999297142028809, 0.02836999297142028809, 0.02836999297142028809, -0.00678668078035116196, -0.0066136680543422699, -0.00661372533068060875, -0.00661375559866428375, -0.00661374721676111221, -0.00661374954506754875, -0.00661374954506754875, -0.00661374954506754875, -0.00661374954506754875, -0.00661374954506754875, -0.00661374954506754875, -0.00661374954506754875, -0.00661374954506754875, -0.00661374954506754875, -0.00661374954506754875, -0.00661374954506754875, -0.00661374954506754875, -0.00661374954506754875, -0.00661374954506754875, -0.00661374954506754875, -0.00661374954506754875, -0.00661374954506754875, -0.00661374954506754875, -0.00661374954506754875, -0.00661374954506754875, -0.00661374954506754875, -0.00661374954506754875, -0.00661374954506754875, -0.00661374954506754875, -0.00661374954506754875, -0.00661374954506754875, -0.00661374954506754875, -0.00661374954506754875, -0.00661374954506754875]
oriChiTop.m_flow=[-0.0439749397337436676, 0.02164136059582233429, 0.0216421131044626236, 0.02164206653833389282, 0.02164207771420478821, 0.02164207398891448975, 0.02164207398891448975, 0.02164207585155963898, 0.02164207398891448975, 0.02164207585155963898, 0.02164207585155963898, 0.02164207585155963898, 0.02164207585155963898, 0.02164207585155963898, 0.02164207585155963898, 0.02164207585155963898, 0.02164207585155963898, 0.00664159096777439117, 0.00664660939946770668, 0.00664660986512899399, 0.00664660939946770668, 0.00664660939946770668, 0.00664660939946770668, 0.00664660939946770668, 0.00664660939946770668, 0.00664660939946770668, 0.00664660939946770668, 0.00664660939946770668, 0.00664660939946770668, 0.00664660939946770668, 0.00664660939946770668, 0.00664660939946770668, 0.00664660939946770668, 0.00664660939946770668, 0.00664660939946770668, 0.00664660939946770668, 0.00664660939946770668, 0.00664660939946770668, 0.00664660939946770668, 0.00664660939946770668, 0.00664660939946770668, 0.00664660939946770668, 0.00664660939946770668, 0.00664660939946770668, 0.00664660939946770668, 0.00664660939946770668, 0.00664660939946770668, 0.00664660939946770668, 0.00664660939946770668, 0.00664660939946770668, 0.00656449981033802032, -0.02163094468414783478, -0.02163025923073291779, -0.02162980102002620697, -0.02163001894950866699, -0.02163000963628292084, -0.02162999287247657776, -0.02163000404834747314, -0.02163000777363777161, -0.02163000777363777161, -0.02163000777363777161, -0.02163000591099262238, -0.02163000404834747314, -0.02163000591099262238, -0.02163000591099262238, -0.02163000591099262238, -0.02163000591099262238, -0.00652439240366220474, -0.00661379052326083183, -0.00661376165226101875, -0.0066137462854385376, -0.00661375047639012337, -0.00661374954506754875, -0.00661374954506754875, -0.00661374954506754875, -0.00661374954506754875, -0.00661374954506754875, -0.00661374954506754875, -0.00661374954506754875, -0.00661374954506754875, -0.00661374954506754875, -0.00661374954506754875, -0.00661374954506754875, -0.00661374954506754875, -0.00661374954506754875, -0.00661374954506754875, -0.00661374954506754875, -0.00661374954506754875, -0.00661374954506754875, -0.00661374954506754875, -0.00661374954506754875, -0.00661374954506754875, -0.00661374954506754875, -0.00661374954506754875, -0.00661374954506754875, -0.00661374954506754875, -0.00661374954506754875, -0.00661374954506754875, -0.00661374954506754875, -0.00661374954506754875, -0.00661374954506754875]
oriChiBot.m_flow=[-0.0439749397337436676, 0.02164136059582233429, 0.0216421131044626236, 0.02164206653833389282, 0.02164207771420478821, 0.02164207398891448975, 0.02164207398891448975, 0.02164207585155963898, 0.02164207398891448975, 0.02164207585155963898, 0.02164207585155963898, 0.02164207585155963898, 0.02164207585155963898, 0.02164207585155963898, 0.02164207585155963898, 0.02164207585155963898, 0.02164207585155963898, 0.00664159096777439117, 0.00664660939946770668, 0.00664660986512899399, 0.00664660939946770668, 0.00664660939946770668, 0.00664660939946770668, 0.00664660939946770668, 0.00664660939946770668, 0.00664660939946770668, 0.00664660939946770668, 0.00664660939946770668, 0.00664660939946770668, 0.00664660939946770668, 0.00664660939946770668, 0.00664660939946770668, 0.00664660939946770668, 0.00664660939946770668, 0.00664660939946770668, 0.00664660939946770668, 0.00664660939946770668, 0.00664660939946770668, 0.00664660939946770668, 0.00664660939946770668, 0.00664660939946770668, 0.00664660939946770668, 0.00664660939946770668, 0.00664660939946770668, 0.00664660939946770668, 0.00664660939946770668, 0.00664660939946770668, 0.00664660939946770668, 0.00664660939946770668, 0.00664660939946770668, 0.00656449981033802032, -0.02163094468414783478, -0.02163025923073291779, -0.02162980102002620697, -0.02163001894950866699, -0.02163000963628292084, -0.02162999287247657776, -0.02163000404834747314, -0.02163000777363777161, -0.02163000777363777161, -0.02163000777363777161, -0.02163000591099262238, -0.02163000404834747314, -0.02163000591099262238, -0.02163000591099262238, -0.02163000591099262238, -0.02163000591099262238, -0.00652439240366220474, -0.00661379052326083183, -0.00661376165226101875, -0.0066137462854385376, -0.00661375047639012337, -0.00661374954506754875, -0.00661374954506754875, -0.00661374954506754875, -0.00661374954506754875, -0.00661374954506754875, -0.00661374954506754875, -0.00661374954506754875, -0.00661374954506754875, -0.00661374954506754875, -0.00661374954506754875, -0.00661374954506754875, -0.00661374954506754875, -0.00661374954506754875, -0.00661374954506754875, -0.00661374954506754875, -0.00661374954506754875, -0.00661374954506754875, -0.00661374954506754875, -0.00661374954506754875, -0.00661374954506754875, -0.00661374954506754875, -0.00661374954506754875, -0.00661374954506754875, -0.00661374954506754875, -0.00661374954506754875, -0.00661374954506754875, -0.00661374954506754875, -0.00661374954506754875, -0.00661374954506754875]
con.u_m=[293.149993896484375, 293.1500244140625, 293.149993896484375, 293.149993896484375, 293.149993896484375, 293.149993896484375, 293.149993896484375, 293.149993896484375, 293.149993896484375, 293.149993896484375, 293.149993896484375, 293.149993896484375, 293.149993896484375, 293.149993896484375, 293.149993896484375, 293.149993896484375, 293.149993896484375, 293.141387939453125, 293.141082763671875, 293.141082763671875, 293.141082763671875, 293.141082763671875, 293.141082763671875, 293.141082763671875, 293.141082763671875, 293.141082763671875, 293.141082763671875, 293.141082763671875, 293.141082763671875, 293.141082763671875, 293.141082763671875, 293.141082763671875, 293.141082763671875, 293.141082763671875, 293.141082763671875, 293.141082763671875, 293.141082763671875, 293.141082763671875, 293.141082763671875, 293.141082763671875, 293.141082763671875, 293.141082763671875, 293.141082763671875, 293.141082763671875, 293.141082763671875, 293.141082763671875, 293.141082763671875, 293.141082763671875, 293.141082763671875, 293.141082763671875, 293.141082763671875, 293.083221435546875, 293.08319091796875, 293.08319091796875, 293.08319091796875, 293.08319091796875, 293.08319091796875, 293.08319091796875, 293.08319091796875, 293.08319091796875, 293.08319091796875, 293.08319091796875, 293.08319091796875, 293.08319091796875, 293.08319091796875, 293.08319091796875, 293.08319091796875, 293.136138916015625, 293.141143798828125, 293.141143798828125, 293.141143798828125, 293.141143798828125, 293.141143798828125, 293.141143798828125, 293.141143798828125, 293.141143798828125, 293.141143798828125, 293.141143798828125, 293.141143798828125, 293.141143798828125, 293.141143798828125, 293.141143798828125, 293.141143798828125, 293.141143798828125, 293.141143798828125, 293.141143798828125, 293.141143798828125, 293.141143798828125, 293.141143798828125, 293.141143798828125, 293.141143798828125, 293.141143798828125, 293.141143798828125, 293.141143798828125, 293.141143798828125, 293.141143798828125, 293.141143798828125, 293.141143798828125, 293.141143798828125, 293.141143798828125, 293.141143798828125]
con.u_s=[293.149993896484375, 293.149993896484375]
con.y=[0., -0.00018795822688844055, -0.00000625397296971641, 0.00000107268647298042, -0.00000035878855442206, 0.00000008634515324957, 0.00000007772342769385, -0.0000000525375298821, -0.00000001824560058594, -0.00000000206199501918, 0.00000000549448486709, 0.00000000678880951455, 0.00000000418594936491, 0.00000000005030642569, -0.0000000032531488614, -0.00000000335887762049, -0.00000000011368683772, 0.04312473535537719727, 0.04453228786587715149, 0.04453257098793983459, 0.04453235119581222534, 0.04453240334987640381, 0.04453237727284431458, 0.04453238099813461304, 0.0445323847234249115, 0.0445323847234249115, 0.0445323847234249115, 0.04453238099813461304, 0.04453238099813461304, 0.04453238099813461304, 0.04453238099813461304, 0.04453238099813461304, 0.04453238099813461304, 0.04453238099813461304, 0.04453238099813461304, 0.04453238099813461304, 0.04453238099813461304, 0.04453238099813461304, 0.04453238099813461304, 0.04453238099813461304, 0.04453238099813461304, 0.04453238099813461304, 0.04453238099813461304, 0.04453238099813461304, 0.04453238099813461304, 0.04453238099813461304, 0.04453238099813461304, 0.04453238099813461304, 0.04453238099813461304, 0.04453238099813461304, 0.04463462159037590027, 0.3338546454906463623, 0.3340308070182800293, 0.33402851223945617676, 0.33403065800666809082, 0.33403062820434570312, 0.33403035998344421387, 0.33403047919273376465, 0.33403050899505615234, 0.33403050899505615234, 0.33403050899505615234, 0.33403047919273376465, 0.33403047919273376465, 0.33403050899505615234, 0.33403050899505615234, 0.33403050899505615234, 0.33403050899505615234, 0.06922927498817443848, 0.04430061206221580505, 0.04430890083312988281, 0.04431318119168281555, 0.04431200027465820312, 0.04431232064962387085, 0.04431240260601043701, 0.04431232437491416931, 0.04431229457259178162, 0.04431229829788208008, 0.04431231319904327393, 0.04431233182549476624, 0.04431232810020446777, 0.04431232064962387085, 0.04431232064962387085, 0.04431231692433357239, 0.04431231692433357239, 0.04431231692433357239, 0.04431231692433357239, 0.04431231692433357239, 0.04431231692433357239, 0.04431231692433357239, 0.04431232064962387085, 0.04431232064962387085, 0.04431232064962387085, 0.04431231692433357239, 0.04431231692433357239, 0.04431231692433357239, 0.04431231692433357239, 0.04431231692433357239, 0.04431231692433357239, 0.04431231692433357239, 0.04431231692433357239, 0.04431231692433357239]
