last-generated=2017-12-20
statistics-initialization=
{
  "linear": "4"
}
statistics-simulation=
{
  "numerical Jacobians": "0", 
  "nonlinear": " ", 
  "number of continuous time states": "4", 
  "linear": "0, 3, 0"
}
thermalZoneTwoElements.TAir=[2.951499938964844e+02, 2.968462219238281e+02, 2.919289489746094e+02, 2.936765380859375e+02, 2.970919860839844e+02, 2.933731689453125e+02, 2.948287353515625e+02, 2.969167846679687e+02, 2.944359497070312e+02, 2.964012756347656e+02, 3.004172058105469e+02, 2.961094543457031e+02, 2.973547241210937e+02, 3.038343994140625e+02, 2.989688842773438e+02, 3.01465087890625e+02, 3.051545288085937e+02, 3.023719665527344e+02, 3.084437072753906e+02, 3.059064880371094e+02, 3.074029541015625e+02, 3.103913940429687e+02, 3.062307189941406e+02, 3.03399755859375e+02, 3.10957666015625e+02, 3.103145751953125e+02, 3.101881469726562e+02, 3.116915161132812e+02, 3.086448608398438e+02, 3.102405151367187e+02, 3.185087280273438e+02, 3.105104736328125e+02, 3.138786376953125e+02, 3.2304677734375e+02, 3.164820068359375e+02, 3.177832641601562e+02, 3.237028381347656e+02, 3.129262084960938e+02, 3.162915771484375e+02, 3.210605346679687e+02, 3.1548486328125e+02, 3.192505126953125e+02, 3.231218688964844e+02, 3.207536010742188e+02, 3.2587294921875e+02, 3.193074340820312e+02, 3.137528076171875e+02, 3.17536376953125e+02, 3.14106591796875e+02, 3.149186096191406e+02, 3.24450927734375e+02, 3.166523315429687e+02, 3.173873962402344e+02, 3.240450073242188e+02, 3.159046691894531e+02, 3.151928405761719e+02, 3.2355927734375e+02, 3.169681884765625e+02, 3.194934204101563e+02, 3.250060363769531e+02, 3.190063781738281e+02, 3.247349548339844e+02, 3.15375146484375e+02, 3.134681274414062e+02, 3.189516845703125e+02, 3.112627258300781e+02, 3.127286682128906e+02, 3.186476745605469e+02, 3.125408386230469e+02, 3.142331237792969e+02, 3.167283325195312e+02, 3.130135192871094e+02, 3.121194030761719e+02, 3.167507629394531e+02, 3.070722473144531e+02, 3.077789306640625e+02, 3.155769165039063e+02, 3.074595397949219e+02, 3.114386779785156e+02, 3.133213073730469e+02, 3.077166748046875e+02, 3.094505004882812e+02, 3.050445739746094e+02, 3.037427185058594e+02, 3.074695861816406e+02, 2.995928344726562e+02, 2.985425354003906e+02, 3.037080139160156e+02, 2.985808898925781e+02, 3.013436950683594e+02, 3.032174072265625e+02, 2.984326538085937e+02, 2.982913024902344e+02, 2.99367919921875e+02, 2.948014709472656e+02, 2.957156677246094e+02, 2.967565490722656e+02, 2.940317016601563e+02, 2.979422485351562e+02, 2.958582702636719e+02, 2.946676025390625e+02]
time=[0e+00, 3.1536e+07]
