last-generated=2018-06-13
statistics-simulation=
{
  "linear": " ",
  "nonlinear": " ",
  "numerical Jacobians": "0"
}
cheCeiHei.ceiHeiIn=[2.74e+03, 2e+03, 1.8e+02, 3.4e+02, 2e+03, 2e+03, 2e+03, 2e+03, 2e+03, 3.66e+03, 1.2e+02, 2e+03, 2e+03, 3.05e+03, 2e+03, 2e+03, 1.16e+03, 3.66e+03, 6.4e+02, 5.2e+02, 1.8e+02, 2.7e+02, 2e+03, 2e+03, 1.68e+03, 4.9e+02, 2e+03, 3.05e+03, 4.6e+02, 2e+03, 1.01e+03, 1.4e+03, 2e+03, 3.1e+02, 6.7e+02, 2e+03, 2e+03, 2e+03, 3.35e+03, 2e+03, 2e+03, 2e+03, 1.01e+03, 7.6e+02, 2.74e+03, 1.4e+03, 2e+03, 2e+03, 4.9e+02, 2e+03, 1.83e+03, 4.6e+02, 2e+03, 7.62e+03, 5.2e+02, 1.37e+03, 2e+03, 2.13e+03, 1.01e+03, 2e+03, 2e+03, 2.44e+03, 2.4e+02, 1.01e+03, 1.01e+03, 7.01e+03, 2e+03, 2e+03, 2e+03, 7.6e+02, 6.1e+02, 2.74e+03, 2e+03, 2e+03, 2e+03, 2e+03, 2e+03, 2e+03, 2e+03, 2e+03, 2e+03, 7.6e+02, 1.8e+02, 3.7e+02, 2e+03, 2.44e+03, 7e+02, 1.8e+02, 4.6e+02, 2.4e+02, 1.01e+03, 1.52e+02, 9.144e+03, 1.079e+04, 2e+03, 2e+03, 7.62e+03, 1.067e+03, 2.621e+03, 2e+03, 2e+03]
cheCeiHei.ceiHeiOut=[2.74e+03, 2e+03, 1.8e+02, 3.4e+02, 2e+03, 2e+03, 2e+03, 2e+03, 2e+03, 3.66e+03, 1.2e+02, 2e+03, 2e+03, 3.05e+03, 2e+03, 2e+03, 1.16e+03, 3.66e+03, 6.4e+02, 5.2e+02, 1.8e+02, 2.7e+02, 2e+03, 2e+03, 1.68e+03, 4.9e+02, 2e+03, 3.05e+03, 4.6e+02, 2e+03, 1.01e+03, 1.4e+03, 2e+03, 3.1e+02, 6.7e+02, 2e+03, 2e+03, 2e+03, 3.35e+03, 2e+03, 2e+03, 2e+03, 1.01e+03, 7.6e+02, 2.74e+03, 1.4e+03, 2e+03, 2e+03, 4.9e+02, 2e+03, 1.83e+03, 4.6e+02, 2e+03, 7.62e+03, 5.2e+02, 1.37e+03, 2e+03, 2.13e+03, 1.01e+03, 2e+03, 2e+03, 2.44e+03, 2.4e+02, 1.01e+03, 1.01e+03, 7.01e+03, 2e+03, 2e+03, 2e+03, 7.6e+02, 6.1e+02, 2.74e+03, 2e+03, 2e+03, 2e+03, 2e+03, 2e+03, 2e+03, 2e+03, 2e+03, 2e+03, 7.6e+02, 1.8e+02, 3.7e+02, 2e+03, 2.44e+03, 7e+02, 1.8e+02, 4.6e+02, 2.4e+02, 1.01e+03, 1.52e+02, 9.144e+03, 1.079e+04, 2e+03, 2e+03, 7.62e+03, 1.067e+03, 2.621e+03, 2e+03, 2e+03]
time=[0e+00, 8.64e+06]
