last-generated=2018-06-13
statistics-simulation=
{
  "linear": " ",
  "nonlinear": " ",
  "numerical Jacobians": "0"
}
occSchWee.tNexNonOcc=[1.548e+05, 1.4184e+05, 1.2888e+05, 1.1592e+05, 1.0296e+05, 9e+04, 7.704e+04, 6.407999999999999e+04, 5.112e+04, 3.816e+04, 2.52e+04, 1.224e+04, 8.568e+04, 7.272e+04, 5.975999999999997e+04, 4.68e+04, 3.384e+04, 2.087999999999997e+04, 7.92e+03, 8.136e+04, 6.84e+04, 5.544e+04, 4.248e+04, 2.952e+04, 1.656e+04, 3.6e+03, 7.704e+04, 6.408e+04, 5.111999999999994e+04, 3.816e+04, 2.52e+04, 1.224e+04, 8.568e+04, 7.272e+04, 5.975999999999994e+04, 4.68e+04, 3.384e+04, 2.088e+04, 7.92e+03, 8.136e+04, 6.84e+04, 5.544e+04, 4.248e+04, 2.952e+04, 1.656e+04, 3.6e+03, 1.6344e+05, 1.5048e+05, 1.3752e+05, 1.2456e+05, 1.116e+05, 9.864e+04, 8.568e+04, 7.272e+04, 5.976e+04, 4.68e+04, 3.383999999999988e+04, 2.088000000000012e+04, 7.92e+03, 8.136e+04, 6.84e+04, 5.544e+04, 4.248e+04, 2.952e+04, 1.656e+04, 3.6e+03, 7.704e+04, 6.408e+04, 5.111999999999988e+04, 3.816000000000012e+04, 2.52e+04, 1.224e+04, 8.568e+04, 7.272e+04, 5.976e+04, 4.68e+04, 3.384e+04, 2.088e+04, 7.92e+03, 8.136e+04, 6.84e+04, 5.544e+04, 4.248e+04, 2.952e+04, 1.656e+04, 3.6e+03, 7.704e+04, 6.408e+04, 5.112e+04, 3.816e+04, 2.52e+04, 1.224e+04, 1.7208e+05, 1.5912e+05, 1.4616e+05, 1.332e+05, 1.2024e+05, 1.0728e+05, 9.432e+04, 8.136e+04, 6.84e+04]
occSchDay.tNexNonOcc=[6.84e+04, 5.544e+04, 4.248e+04, 2.952e+04, 1.656e+04, 3.6e+03, 7.704e+04, 6.407999999999999e+04, 5.112e+04, 3.816e+04, 2.52e+04, 1.224e+04, 8.568e+04, 7.272e+04, 5.975999999999997e+04, 4.68e+04, 3.384e+04, 2.087999999999997e+04, 7.92e+03, 8.136e+04, 6.84e+04, 5.544e+04, 4.248e+04, 2.952e+04, 1.656e+04, 3.6e+03, 7.704e+04, 6.408e+04, 5.111999999999994e+04, 3.816e+04, 2.52e+04, 1.224e+04, 8.568e+04, 7.272e+04, 5.975999999999994e+04, 4.68e+04, 3.384e+04, 2.088e+04, 7.92e+03, 8.136e+04, 6.84e+04, 5.544e+04, 4.248e+04, 2.952e+04, 1.656e+04, 3.6e+03, 7.704e+04, 6.408e+04, 5.112e+04, 3.816e+04, 2.52e+04, 1.224e+04, 8.568e+04, 7.272e+04, 5.976e+04, 4.68e+04, 3.383999999999988e+04, 2.088000000000012e+04, 7.92e+03, 8.136e+04, 6.84e+04, 5.544e+04, 4.248e+04, 2.952e+04, 1.656e+04, 3.6e+03, 7.704e+04, 6.408e+04, 5.111999999999988e+04, 3.816000000000012e+04, 2.52e+04, 1.224e+04, 8.568e+04, 7.272e+04, 5.976e+04, 4.68e+04, 3.384e+04, 2.088e+04, 7.92e+03, 8.136e+04, 6.84e+04, 5.544e+04, 4.248e+04, 2.952e+04, 1.656e+04, 3.6e+03, 7.704e+04, 6.408e+04, 5.112e+04, 3.816e+04, 2.52e+04, 1.224e+04, 8.568e+04, 7.272e+04, 5.976e+04, 4.68e+04, 3.384e+04, 2.088e+04, 7.92e+03, 8.136e+04, 6.84e+04]
time=[-8.64e+04, 1.2096e+06]
occSchWee.occupied=[0e+00, 0e+00, 0e+00, 0e+00, 0e+00, 0e+00, 0e+00, 0e+00, 0e+00, 1e+00, 1e+00, 1e+00, 0e+00, 0e+00, 0e+00, 0e+00, 1e+00, 1e+00, 1e+00, 0e+00, 0e+00, 0e+00, 1e+00, 1e+00, 1e+00, 1e+00, 0e+00, 0e+00, 0e+00, 1e+00, 1e+00, 1e+00, 0e+00, 0e+00, 0e+00, 0e+00, 1e+00, 1e+00, 1e+00, 0e+00, 0e+00, 0e+00, 1e+00, 1e+00, 1e+00, 1e+00, 0e+00, 0e+00, 0e+00, 0e+00, 0e+00, 0e+00, 0e+00, 0e+00, 0e+00, 0e+00, 1e+00, 1e+00, 1e+00, 0e+00, 0e+00, 0e+00, 1e+00, 1e+00, 1e+00, 1e+00, 0e+00, 0e+00, 0e+00, 1e+00, 1e+00, 1e+00, 0e+00, 0e+00, 0e+00, 0e+00, 1e+00, 1e+00, 1e+00, 0e+00, 0e+00, 0e+00, 1e+00, 1e+00, 1e+00, 1e+00, 0e+00, 0e+00, 0e+00, 1e+00, 1e+00, 1e+00, 0e+00, 0e+00, 0e+00, 0e+00, 0e+00, 0e+00, 0e+00, 0e+00, 0e+00]
occSchDay.occupied=[0e+00, 0e+00, 1e+00, 1e+00, 1e+00, 1e+00, 0e+00, 0e+00, 0e+00, 1e+00, 1e+00, 1e+00, 0e+00, 0e+00, 0e+00, 0e+00, 1e+00, 1e+00, 1e+00, 0e+00, 0e+00, 0e+00, 1e+00, 1e+00, 1e+00, 1e+00, 0e+00, 0e+00, 0e+00, 1e+00, 1e+00, 1e+00, 0e+00, 0e+00, 0e+00, 0e+00, 1e+00, 1e+00, 1e+00, 0e+00, 0e+00, 0e+00, 1e+00, 1e+00, 1e+00, 1e+00, 0e+00, 0e+00, 0e+00, 1e+00, 1e+00, 1e+00, 0e+00, 0e+00, 0e+00, 0e+00, 1e+00, 1e+00, 1e+00, 0e+00, 0e+00, 0e+00, 1e+00, 1e+00, 1e+00, 1e+00, 0e+00, 0e+00, 0e+00, 1e+00, 1e+00, 1e+00, 0e+00, 0e+00, 0e+00, 0e+00, 1e+00, 1e+00, 1e+00, 0e+00, 0e+00, 0e+00, 1e+00, 1e+00, 1e+00, 1e+00, 0e+00, 0e+00, 0e+00, 1e+00, 1e+00, 1e+00, 0e+00, 0e+00, 0e+00, 0e+00, 1e+00, 1e+00, 1e+00, 0e+00, 0e+00]
