last-generated=2018-06-13
statistics-simulation=
{
  "linear": " ",
  "nonlinear": " ",
  "numerical Jacobians": "0"
}
humRat.p=[1.01325e+05, 1.01325e+05]
time=[0e+00, 1e+00]
humRat.p_w=[2.4653884765625e+04, 2.447934179296301e+04, 2.430400194526522e+04, 2.412786131628099e+04, 2.395091209351051e+04, 2.377315040389343e+04, 2.359456833535954e+04, 2.341516406785657e+04, 2.323492770205759e+04, 2.30538574867508e+04, 2.287194533965673e+04, 2.268918553595119e+04, 2.250557221623736e+04, 2.232109756803996e+04, 2.213575977669258e+04, 2.194954893932469e+04, 2.1762460870403e+04, 2.157448831492597e+04, 2.138562708846452e+04, 2.119586714213071e+04, 2.100520513505489e+04, 2.081363463966213e+04, 2.062114646136323e+04, 2.042773640897586e+04, 2.023339637982145e+04, 2.003812109375e+04, 1.984190215607957e+04, 1.964473458695695e+04, 1.94466113517887e+04, 1.92475232708844e+04, 1.904746508270361e+04, 1.884642973552355e+04, 1.864440805820219e+04, 1.844139479799188e+04, 1.823738288560402e+04, 1.80323631586882e+04, 1.782633037344679e+04, 1.761927548955454e+04, 1.741119130672907e+04, 1.720207001244244e+04, 1.699190246926875e+04, 1.678068351798473e+04, 1.656840401767321e+04, 1.635505484040656e+04, 1.614062885497265e+04, 1.592511790637771e+04, 1.570851482955434e+04, 1.549080954428092e+04, 1.527199390514639e+04, 1.505206075704614e+04, 1.4831e+04, 1.460880252182285e+04, 1.438546148676031e+04, 1.416096615261092e+04, 1.393531103207421e+04, 1.370848171627039e+04, 1.348047271072492e+04, 1.325127424961584e+04, 1.302087559084083e+04, 1.278926892192739e+04, 1.255644489219542e+04, 1.232239291363992e+04, 1.208710265149219e+04, 1.185056531654071e+04, 1.161277016656306e+04, 1.137370841258754e+04, 1.113336977228035e+04, 1.089174259161381e+04, 1.06488165803741e+04, 1.040458294939338e+04, 1.015902997976736e+04, 9.912145952908471e+03, 9.663923563271821e+03, 9.414348133302601e+03, 9.163409419517629e+03, 8.9110966796875e+03, 8.657398194764193e+03, 8.402304199346223e+03, 8.145801021530649e+03, 7.887879460907814e+03, 7.628524723917006e+03, 7.367726136536673e+03, 7.105471491482036e+03, 6.841748581834512e+03, 6.57654568886553e+03, 6.309851223207468e+03, 6.041649310305027e+03, 5.771929328119762e+03, 5.500677604593903e+03, 5.227881932654293e+03, 4.953528152255275e+03, 4.677605217476437e+03, 4.400096167324983e+03, 4.120988969619606e+03, 3.840269464088556e+03, 3.557923978659106e+03, 3.273938109222208e+03, 2.988299403098983e+03, 2.700990051221584e+03, 2.411996614137179e+03, 2.1213046875e+03]
humRat.X_w=[1.666666716337204e-01, 1.653681248135637e-01, 1.640655099762245e-01, 1.627588420228492e-01, 1.614480762499655e-01, 1.601331980017213e-01, 1.588141916410191e-01, 1.574910432495114e-01, 1.561637220388916e-01, 1.548321996926799e-01, 1.534964891280795e-01, 1.521565317307402e-01, 1.508123275005556e-01, 1.494638615364976e-01, 1.481111050459452e-01, 1.467540421240089e-01, 1.453926409373373e-01, 1.440268906415957e-01, 1.426567743100209e-01, 1.412822600895971e-01, 1.39903322273713e-01, 1.385199567528775e-01, 1.371321378480793e-01, 1.35739833698216e-01, 1.343430422189457e-01, 1.329417079687119e-01, 1.315358416713677e-01, 1.301254049195007e-01, 1.287103893061726e-01, 1.272907543233976e-01, 1.258664893223199e-01, 1.244375634624408e-01, 1.230039586283456e-01, 1.215656493117973e-01, 1.201226194900007e-01, 1.186748361881822e-01, 1.172222888414318e-01, 1.157649389907206e-01, 1.143027686047176e-01, 1.128357553316277e-01, 1.113638812147579e-01, 1.0988710767756e-01, 1.084054167472117e-01, 1.069187905111001e-01, 1.054271903051028e-01, 1.039306056504544e-01, 1.024290112287033e-01, 1.009223608363067e-01, 9.941065148918213e-02, 9.789385791429046e-02, 9.637193381786346e-02, 9.484486881004611e-02, 9.331263308941812e-02, 9.177520430413111e-02, 9.023255441252226e-02, 8.868465757364666e-02, 8.71314782632092e-02, 8.557299412847579e-02, 8.400918281814626e-02, 8.244000707955532e-02, 8.086546141315086e-02, 7.928548979583361e-02, 7.770007924441343e-02, 7.610919995587516e-02, 7.451282212784315e-02, 7.291091595840354e-02, 7.130346869372553e-02, 6.969042391939394e-02, 6.807176884714385e-02, 6.64474662237854e-02, 6.481749369701639e-02, 6.318182146511922e-02, 6.154042952637295e-02, 5.989326478731631e-02, 5.82403034856486e-02, 5.65815232694149e-02, 5.491688688457536e-02, 5.324636825505711e-02, 5.156993012795717e-02, 4.988755647248597e-02, 4.819919370500043e-02, 4.65048220328804e-02, 4.480440420220088e-02, 4.309791041115521e-02, 4.138530713230518e-02, 3.96665748266825e-02, 3.79416594777621e-02, 3.621053405813712e-02, 3.447316876478352e-02, 3.272953006998204e-02, 3.097957885869523e-02, 2.922329581604284e-02, 2.746062461588203e-02, 2.569154031631346e-02, 2.39160093892966e-02, 2.213399458124251e-02, 2.034546236529993e-02, 1.855038434498189e-02, 1.674870559498346e-02, 1.494040047228137e-02, 1.312543172389269e-02]
