last-generated=2017-08-03
statistics-initialization=
{
  "numerical Jacobians": "0", 
  "nonlinear": "1, 1, 11, 1, 1, 1, 1, 1, 1"
}
statistics-simulation=
{
  "numerical Jacobians": "0", 
  "nonlinear": "0, 0, 11, 0, 1, 0, 1, 1, 1", 
  "number of continuous time states": "74", 
  "linear": "24"
}
pmpSouth.m_flow=[0., 3.54558897018432617188, 5.22933912277221679688, 5.27714443206787109375, 5.18298673629760742188, 5.11425685882568359375, 5.07623910903930664062, 5.06335735321044921875, 5.07040262222290039062, 5.09177923202514648438, 5.12207126617431640625, 5.1553325653076171875, 5.186187744140625, 5.22130537033081054688, 5.2566165924072265625, 5.28943538665771484375, 5.3189868927001953125, 5.34524869918823242188, 5.36841678619384765625, 5.3887233734130859375, 5.40638303756713867188, 5.42158269882202148438, 5.43447923660278320312, 5.4452037811279296875, 5.45386266708374023438, 5.46054124832153320312, 5.46530389785766601562, 5.77844762802124023438, 6.1066074371337890625, 6.24412822723388671875, 6.26326084136962890625, 6.23372411727905273438, 6.19443559646606445312, 6.1589183807373046875, 6.12851285934448242188, 6.10110950469970703125, 6.0744457244873046875, 6.04345226287841796875, 6.01255893707275390625, 5.98076343536376953125, 5.94542980194091796875, 5.90555906295776367188, 5.86068487167358398438, 5.81042957305908203125, 5.75437831878662109375, 5.69205427169799804688, 5.62291240692138671875, 5.54634618759155273438, 5.46168661117553710938, 5.36821126937866210938, 5.2651462554931640625, 4.08164501190185546875, 1.59925496578216552734, 0.4928855597972869873, 0.0956203266978263855, 0.01895408704876899719, 0.01220620609819889069, 0.01135315652936697006, 0.01070230267941951752, 0.00992186646908521652, 0.00904817227274179459, 0.00811410602182149887, 0.00714320642873644829, 0.00615793652832508087, 0.00518289580941200256, 0.00424477271735668182, 0.00337048899382352829, 0.00258440664038062096, 0.0019052113639190793, 0.0013435449218377471, 0.00090088689466938376, 0.00057005940470844507, 0.00033713033189997077, 0.00018406822346150875, 0.00009147933451458812, 0.00004096810152987018, 0.00001685576899035368, 0.00000698742951499298, 0.00000342144562637259, 0.00000266959455075266, 0.00000269685051534907, 0.00000249609752245306, 0.00000195017332771386, 0.00000132555385334854, 0.00000080825054737943, 0.00000045119179503672, 0.00000023392864534344, 0.00000011401917276999, 0.00000005285763648999, 0.00000002364379092512, 0.0000000104100061904, 0.00000000462321336769, 0.00000000215789297542, 0.00000000110045861312, 0.00000000063247262982, 0.00000000042066930495, 0.00000000032756844459, 0.00000000028598612367, 0.00000000026959889876, 0.00000000026722013491, 0.00000000027209615117]
pmpNorth.m_flow=[0., 3.94025015830993652344, 5.78092813491821289062, 5.80857610702514648438, 5.689266204833984375, 5.6043300628662109375, 5.55721759796142578125, 5.54055643081665039062, 5.5478382110595703125, 5.5722522735595703125, 5.6072750091552734375, 5.64648866653442382812, 5.68177127838134765625, 5.72196292877197265625, 5.76266813278198242188, 5.80047893524169921875, 5.83441162109375, 5.86444091796875, 5.89082002639770507812, 5.9138469696044921875, 5.93379878997802734375, 5.95091342926025390625, 5.96539258956909179688, 5.97740268707275390625, 5.98707914352416992188, 5.99452972412109375, 5.99983644485473632812, 6.39131402969360351562, 6.80834674835205078125, 6.98150634765625, 7.00043773651123046875, 6.957550048828125, 6.90416479110717773438, 6.85747623443603515625, 6.8187160491943359375, 6.78478574752807617188, 6.75252056121826171875, 6.71627187728881835938, 6.67871999740600585938, 6.64099264144897460938, 6.599323272705078125, 6.552196502685546875, 6.49893856048583984375, 6.43903446197509765625, 6.371936798095703125, 6.29701995849609375, 6.21357679367065429688, 6.12082958221435546875, 6.01793622970581054688, 5.90400743484497070312, 5.77812528610229492188, 4.46803951263427734375, 1.749542236328125, 0.53542882204055786133, 0.10803926736116409302, 0.02143702656030654907, 0.01377908326685428619, 0.01277627609670162201, 0.01199362333863973618, 0.01106033008545637131, 0.01002143509685993195, 0.00891849957406520844, 0.00778290722519159317, 0.00664460891857743263, 0.00553481094539165497, 0.0044849705882370472, 0.00352410762570798397, 0.00267575215548276901, 0.00195528496988117695, 0.00136860681232064962, 0.00091220694594085217, 0.00057460647076368332, 0.00033872402855195105, 0.00018454394012223929, 0.00009159692854154855, 0.00004099169382243417, 0.00001685976349108387, 0.00000698814392308122, 0.00000342167459166376, 0.00000266984147856419, 0.00000269741053671169, 0.00000249736444857263, 0.0000019524163690221, 0.00000132866591684433, 0.00000081176744970435, 0.0000004545422029878, 0.00000023669227289247, 0.00000011603657412707, 0.00000005418605297791, 0.00000002444893176801, 0.00000001087037659886, 0.00000000487875784216, 0.00000000230191599115, 0.00000000118645060443, 0.00000000068878025505, 0.0000000004623354477, 0.0000000003629351264, 0.00000000031906779996, 0.0000000003025342199, 0.0000000003012907146, 0.00000000030795810346]
time=[0., 1000.]
