last-generated=2017-03-08
statistics-initialization=
{
  "numerical Jacobians": "0", 
  "nonlinear": "1, 1, 1, 1, 1, 1, 1, 1, 8, 8, 8, 1, 1, 1, 1, 1, 1, 1, 1"
}
statistics-simulation=
{
  "numerical Jacobians": "0", 
  "nonlinear": "1", 
  "number of continuous time states": "92", 
  "linear": "0, 0, 0, 0, 0, 0, 0, 5, 5, 0, 0, 0, 0, 0, 0, 0, 0, 0, 0, 0, 0, 5, 5, 0, 0, 0, 0,   0, 0, 0, 0, 0, 0, 5, 0, 0, 0, 0, 0, 0, 0, 5"
}
none.gF.TSensor=[2.931499938964844e+02, 2.920141296386719e+02, 2.914938354492188e+02, 2.910461120605469e+02, 2.912296752929688e+02, 2.910471496582031e+02, 2.904967651367188e+02, 2.900329284667969e+02, 2.895611267089844e+02, 2.890463256835938e+02, 2.885234069824219e+02, 2.8801513671875e+02, 2.87767333984375e+02, 2.875834045410156e+02, 2.87155029296875e+02, 2.866408386230469e+02, 2.861844787597656e+02, 2.857053527832031e+02, 2.852972717285156e+02, 2.849063415527344e+02, 2.84552001953125e+02, 2.846502075195312e+02, 2.845598449707031e+02, 2.842559814453125e+02, 2.839596252441406e+02, 2.836582641601562e+02, 2.833452453613281e+02, 2.829937438964844e+02, 2.826482543945312e+02, 2.824547119140625e+02, 2.830418090820312e+02, 2.829456787109375e+02, 2.824502868652344e+02, 2.8206005859375e+02, 2.816503601074219e+02, 2.812283630371094e+02, 2.807928466796875e+02, 2.803746032714844e+02, 2.823622131347656e+02, 2.869613952636719e+02, 2.870019226074219e+02, 2.85566162109375e+02, 2.849698181152344e+02, 2.844042053222656e+02, 2.838472290039062e+02, 2.833210144042969e+02, 2.828413391113281e+02, 2.826131591796875e+02, 2.836547546386719e+02, 2.830921936035156e+02, 2.825181884765625e+02, 2.820856628417969e+02, 2.816744079589844e+02, 2.812870178222656e+02, 2.809291381835938e+02, 2.807669982910156e+02, 2.81055419921875e+02, 2.809767150878906e+02, 2.805687866210938e+02, 2.802624816894531e+02, 2.799600830078125e+02, 2.796090087890625e+02, 2.792463989257812e+02, 2.788788146972656e+02, 2.790959167480469e+02, 2.791141357421875e+02, 2.788543701171875e+02, 2.784609069824219e+02, 2.781261291503906e+02, 2.777964172363281e+02, 2.774608459472656e+02, 2.771513366699219e+02, 2.768648681640625e+02, 2.770924072265625e+02, 2.771531982421875e+02, 2.768203125e+02, 2.765766906738281e+02, 2.763435974121094e+02, 2.761290893554688e+02, 2.759167785644531e+02, 2.757188720703125e+02, 2.757401428222656e+02, 2.7610009765625e+02, 2.761358337402344e+02, 2.759028625488281e+02, 2.757736206054688e+02, 2.756422729492188e+02, 2.755042419433594e+02, 2.753775329589844e+02, 2.752628784179688e+02, 2.768385314941406e+02, 2.782930297851562e+02, 2.778752136230469e+02, 2.775398254394531e+02, 2.772995910644531e+02, 2.769993591308594e+02, 2.764952087402344e+02, 2.7597412109375e+02, 2.755226135253906e+02, 2.771921081542969e+02, 2.763916015625e+02]
wellMixedAir.gF.TSensor=[2.931499938964844e+02, 2.916654052734375e+02, 2.910440063476562e+02, 2.90502685546875e+02, 2.905623168945312e+02, 2.903705444335938e+02, 2.898133544921875e+02, 2.892907104492188e+02, 2.887591552734375e+02, 2.881747436523438e+02, 2.875840148925781e+02, 2.870184326171875e+02, 2.866820983886719e+02, 2.864661254882812e+02, 2.860445251464844e+02, 2.855174865722656e+02, 2.85035400390625e+02, 2.845230102539062e+02, 2.841133728027344e+02, 2.837192687988281e+02, 2.833688354492188e+02, 2.834399108886719e+02, 2.834049072265625e+02, 2.831579895019531e+02, 2.828759765625e+02, 2.82577392578125e+02, 2.822644653320312e+02, 2.818984375e+02, 2.815466613769531e+02, 2.813171691894531e+02, 2.818626098632812e+02, 2.818494262695312e+02, 2.814135437011719e+02, 2.810075073242188e+02, 2.805762329101562e+02, 2.801252746582031e+02, 2.796697387695312e+02, 2.792356567382812e+02, 2.808578796386719e+02, 2.852857971191406e+02, 2.857955017089844e+02, 2.843851318359375e+02, 2.836883850097656e+02, 2.83066650390625e+02, 2.824661254882812e+02, 2.819150695800781e+02, 2.814164428710938e+02, 2.811771850585938e+02, 2.82041748046875e+02, 2.816917114257812e+02, 2.811341857910156e+02, 2.806985778808594e+02, 2.802878112792969e+02, 2.799132690429688e+02, 2.795736389160156e+02, 2.793909301757812e+02, 2.79707763671875e+02, 2.797168884277344e+02, 2.793741455078125e+02, 2.790762939453125e+02, 2.787834167480469e+02, 2.784271850585938e+02, 2.780641174316406e+02, 2.776996765136719e+02, 2.778443603515625e+02, 2.779138793945312e+02, 2.777272338867188e+02, 2.77356689453125e+02, 2.770195617675781e+02, 2.766828002929688e+02, 2.763459167480469e+02, 2.760430297851562e+02, 2.757629089355469e+02, 2.759725036621094e+02, 2.760863952636719e+02, 2.758236999511719e+02, 2.756025390625e+02, 2.75384521484375e+02, 2.751904907226562e+02, 2.75000244140625e+02, 2.7482470703125e+02, 2.748238525390625e+02, 2.752391052246094e+02, 2.753813171386719e+02, 2.751833801269531e+02, 2.750776672363281e+02, 2.749686889648438e+02, 2.748463745117188e+02, 2.747384643554688e+02, 2.74646728515625e+02, 2.760912475585938e+02, 2.776638488769531e+02, 2.774210510253906e+02, 2.770838317871094e+02, 2.767921142578125e+02, 2.764354248046875e+02, 2.758269653320312e+02, 2.752228698730469e+02, 2.746791381835938e+02, 2.76003173828125e+02, 2.753466796875e+02]
thermal.gF.TSensor=[2.931499938964844e+02, 2.916590576171875e+02, 2.910373840332031e+02, 2.904962768554688e+02, 2.905585327148438e+02, 2.90364990234375e+02, 2.898060607910156e+02, 2.892830200195312e+02, 2.887509155273438e+02, 2.8816552734375e+02, 2.875745544433594e+02, 2.870086975097656e+02, 2.866748046875e+02, 2.864579772949219e+02, 2.860351867675781e+02, 2.855075378417969e+02, 2.850253295898438e+02, 2.845123901367188e+02, 2.841032104492188e+02, 2.837092895507812e+02, 2.833589172363281e+02, 2.834334106445312e+02, 2.833978881835938e+02, 2.831491088867188e+02, 2.828674926757812e+02, 2.825686950683594e+02, 2.822558288574219e+02, 2.818893432617188e+02, 2.815376281738281e+02, 2.81310791015625e+02, 2.818585510253906e+02, 2.81843505859375e+02, 2.814054565429688e+02, 2.809990844726562e+02, 2.805673522949219e+02, 2.801161499023438e+02, 2.796605224609375e+02, 2.792263793945312e+02, 2.808760681152344e+02, 2.8531103515625e+02, 2.85792236328125e+02, 2.843816223144531e+02, 2.836843566894531e+02, 2.83062255859375e+02, 2.824609680175781e+02, 2.819095764160156e+02, 2.814107055664062e+02, 2.811719665527344e+02, 2.820478210449219e+02, 2.816843872070312e+02, 2.811288757324219e+02, 2.8069287109375e+02, 2.802818603515625e+02, 2.799072265625e+02, 2.795674743652344e+02, 2.793878173828125e+02, 2.797057800292969e+02, 2.797132873535156e+02, 2.793685913085938e+02, 2.790706787109375e+02, 2.787775268554688e+02, 2.784206237792969e+02, 2.780574035644531e+02, 2.77692626953125e+02, 2.778425598144531e+02, 2.779105224609375e+02, 2.777215270996094e+02, 2.773502807617188e+02, 2.7701318359375e+02, 2.766760864257812e+02, 2.763393859863281e+02, 2.760362548828125e+02, 2.757564392089844e+02, 2.759694213867188e+02, 2.760829772949219e+02, 2.758174743652344e+02, 2.755970764160156e+02, 2.753789367675781e+02, 2.751851501464844e+02, 2.749949340820312e+02, 2.748194274902344e+02, 2.748218688964844e+02, 2.752400817871094e+02, 2.7537939453125e+02, 2.751792907714844e+02, 2.750741882324219e+02, 2.749652404785156e+02, 2.748428649902344e+02, 2.747350463867188e+02, 2.746435546875e+02, 2.761157531738281e+02, 2.776747436523438e+02, 2.774184265136719e+02, 2.770819091796875e+02, 2.767893371582031e+02, 2.76431640625e+02, 2.7582177734375e+02, 2.752168884277344e+02, 2.746742553710938e+02, 2.760094604492188e+02, 2.753424682617188e+02]
time=[0e+00, 1e+06]
