last-generated=2018-06-13
statistics-simulation=
{
  "linear": " ",
  "nonlinear": " ",
  "numerical Jacobians": "0"
}
p=[3e+05, 3e+05]
time=[0e+00, 1e+00]
X[1]=[1e+00, 1e+00]
d=[1.000262145996094e+03, 1.000219299315444e+03, 1.000176391599653e+03, 1.00013354491901e+03, 1.000090698238368e+03, 1.000047851565683e+03, 9.999993896410297e+02, 9.999398193378383e+02, 9.998691406111939e+02, 9.99787597686918e+02, 9.996951294089467e+02, 9.995919189387823e+02, 9.994780273114994e+02, 9.993535765977286e+02, 9.992185669028258e+02, 9.99073181241474e+02, 9.989174804107971e+02, 9.987515259093014e+02, 9.985754395819092e+02, 9.983892821807968e+02, 9.98193176329194e+02, 9.979872435132822e+02, 9.977714843485883e+02, 9.975460206035639e+02, 9.973109739919275e+02, 9.970664672851562e+02, 9.968124997523269e+02, 9.965491946224278e+02, 9.962766113610486e+02, 9.95994933842398e+02, 9.957041629487205e+02, 9.954044800527917e+02, 9.950958860058604e+02, 9.947785038385546e+02, 9.944523926959953e+02, 9.941176755787969e+02, 9.937744755935845e+02, 9.934228517317384e+02, 9.930628660368969e+02, 9.926945795446529e+02, 9.923181764958131e+02, 9.9193371568116e+02, 9.915413202797509e+02, 9.911409304645634e+02, 9.907328490226503e+02, 9.903169550654576e+02, 9.898934940083557e+02, 9.894625243621487e+02, 9.89024108411636e+02, 9.885783085332941e+02, 9.881253051757812e+02, 9.876650996547035e+02, 9.871978140421131e+02, 9.867235093731665e+02, 9.862423716433665e+02, 9.857543340810709e+02, 9.852596436732871e+02, 9.847583004200048e+02, 9.842504874271398e+02, 9.837361436605509e+02, 9.832154553493681e+02, 9.826885383550706e+02, 9.821553957631943e+02, 9.816162106786259e+02, 9.810709831018017e+02, 9.805198961381908e+02, 9.799629531263824e+02, 9.794002694974174e+02, 9.78831970623018e+02, 9.782581175381911e+02, 9.776788323133341e+02, 9.770941759849006e+02, 9.765042131195955e+02, 9.759090587562921e+02, 9.753088384651248e+02, 9.7470361328125e+02, 9.740934442395327e+02, 9.734784534111585e+02, 9.728587018330301e+02, 9.722343763437011e+02, 9.716054084668012e+02, 9.709720460498521e+02, 9.703342890926219e+02, 9.696921986313719e+02, 9.690459577711296e+02, 9.68395570402502e+02, 9.677412118756461e+02, 9.670828860567946e+02, 9.664207150152414e+02, 9.657548818564553e+02, 9.650853255470263e+02, 9.644121721797119e+02, 9.637355968348082e+02, 9.630556035147519e+02, 9.623723142897777e+02, 9.616858512304309e+02, 9.609962753716351e+02, 9.603036518869004e+02, 9.596080945905771e+02, 9.589096686357985e+02, 9.5820849609375e+02]
eta=[1.754078781232238e-03, 1.707691116153037e-03, 1.661307409194934e-03, 1.614927660357972e-03, 1.568551869642128e-03, 1.522180045684424e-03, 1.476805069143292e-03, 1.433352358980704e-03, 1.391725607412236e-03, 1.35183370677766e-03, 1.313590683058387e-03, 1.276915541580705e-03, 1.241731564621822e-03, 1.207966458176089e-03, 1.1755520264068e-03, 1.144423400612956e-03, 1.114519535367433e-03, 1.085782545088284e-03, 1.058157902102579e-03, 1.031593529839793e-03, 1.006040496799239e-03, 9.814521605925788e-04, 9.577845894162746e-04, 9.349960112535074e-04, 9.130465799362619e-04, 8.918989333324134e-04, 8.715171526039563e-04, 8.518675666375897e-04, 8.329177530395453e-04, 8.146372125194559e-04, 7.969969508800908e-04, 7.799692142736238e-04, 7.635276882300102e-04, 7.476475062325044e-04, 7.323046501830383e-04, 7.174766419469453e-04, 7.03141753769635e-04, 6.89279469198626e-04, 6.758701575634145e-04, 6.628951341461444e-04, 6.503366240612682e-04, 6.381775559113709e-04, 6.264016695634826e-04, 6.149935733072684e-04, 6.039383562491309e-04, 5.932219666761444e-04, 5.828309307774233e-04, 5.727522063378409e-04, 5.629734848032198e-04, 5.534830941845522e-04, 5.442695692181587e-04, 5.353221702357501e-04, 5.26630477984567e-04, 5.181847135492658e-04, 5.099753208471329e-04, 5.019931216757384e-04, 4.942294926993898e-04, 4.866759938123991e-04, 4.793246214164871e-04, 4.721676920686484e-04, 4.651978252508813e-04, 4.584078947743081e-04, 4.517910742229568e-04, 4.453408443343645e-04, 4.390509186613769e-04, 4.329152144710938e-04, 4.269280335365629e-04, 4.210836292458763e-04, 4.153767117221286e-04, 4.098021004746125e-04, 4.043548187452105e-04, 3.990300352654762e-04, 3.938232114108485e-04, 3.88729832218996e-04, 3.837455926090951e-04, 3.788664471358061e-04, 3.740883503739119e-04, 3.694074896908145e-04, 3.648201688896376e-04, 3.603228347196552e-04, 3.559120284415495e-04, 3.515844010743972e-04, 3.473368094057706e-04, 3.431661393088328e-04, 3.390693930768389e-04, 3.35043713203342e-04, 3.310863159480973e-04, 3.271944897523492e-04, 3.233656734772828e-04, 3.195973641853604e-04, 3.158871171424034e-04, 3.122326838590328e-04, 3.086316924685266e-04, 3.050820403367032e-04, 3.015816319838595e-04, 2.981284301404108e-04, 2.947204848369446e-04, 2.913559242467045e-04, 2.880328747187398e-04, 2.847496393100807e-04, 2.815045008901507e-04]
h=[0e+00, 4.18400009351965e+03, 8.368000187039301e+03, 1.255200028055869e+04, 1.673600037407904e+04, 2.091999968826747e+04, 2.510400056111856e+04, 2.928799987530676e+04, 3.347200074815669e+04, 3.765599850368663e+04, 4.18399993765361e+04, 4.602400024938556e+04, 5.020800112223502e+04, 5.439200199508449e+04, 5.857599975061444e+04, 6.275999750614438e+04, 6.694400149630639e+04, 7.112799925184682e+04, 7.531199700738724e+04, 7.949600099753759e+04, 8.367999875307802e+04, 8.786400274322837e+04, 9.20480004987688e+04, 9.623199825430922e+04, 1.004160022444596e+05, 1.046e+05, 1.087840039901504e+05, 1.129679955110809e+05, 1.171519995012312e+05, 1.213360034913815e+05, 1.255199950123121e+05, 1.297039990024624e+05, 1.338880029926128e+05, 1.380719945135433e+05, 1.422559985036936e+05, 1.46440002493844e+05, 1.506239940147745e+05, 1.548079980049248e+05, 1.589920019950752e+05, 1.631760059852255e+05, 1.67359997506156e+05, 1.715440014963064e+05, 1.757280054864567e+05, 1.799119970073872e+05, 1.840960009975376e+05, 1.882800049876879e+05, 1.924639965086184e+05, 1.966480004987688e+05, 2.008320044889191e+05, 2.050159960098497e+05, 2.092e+05, 2.133840039900909e+05, 2.175680079801818e+05, 2.217520119702727e+05, 2.259359910222955e+05, 2.301199950123864e+05, 2.343039990024476e+05, 2.384880029925682e+05, 2.42672006982659e+05, 2.468560109727499e+05, 2.510399900247728e+05, 2.552239940148637e+05, 2.594079980049545e+05, 2.635920019950827e+05, 2.677760059852481e+05, 2.719600099754135e+05, 2.761439890270451e+05, 2.803279930172106e+05, 2.84511997007376e+05, 2.88696000997571e+05, 2.928800049877067e+05, 2.970640089778721e+05, 3.012479880295038e+05, 3.054319920196692e+05, 3.096159960098346e+05, 3.138e+05, 3.179840039901654e+05, 3.221680079803308e+05, 3.263520119704962e+05, 3.305359910221279e+05, 3.347199950122933e+05, 3.38903999002429e+05, 3.43088002992624e+05, 3.472720069827894e+05, 3.514560109729549e+05, 3.556399900245865e+05, 3.598239940147519e+05, 3.640079980049173e+05, 3.681920019950827e+05, 3.723760059852481e+05, 3.765600099754135e+05, 3.807439890270451e+05, 3.849279930172106e+05, 3.89111997007376e+05, 3.93296000997571e+05, 3.974800049877067e+05, 4.016640089778721e+05, 4.058479880295038e+05, 4.100319920196692e+05, 4.142159960098346e+05, 4.184e+05]
u=[-2.9992138671875e+02, 3.88406576734753e+03, 8.068052921413864e+03, 1.225204031962054e+04, 1.643602771782729e+04, 2.062001336014392e+04, 2.480400056111594e+04, 2.898798229718234e+04, 3.317196168565319e+04, 3.735593600369362e+04, 4.153990953278901e+04, 4.572387915563324e+04, 4.990784487222454e+04, 5.409180668256587e+04, 5.827576537561677e+04, 6.245972016241767e+04, 6.664367337130639e+04, 7.082762425185381e+04, 7.501156731991518e+04, 7.919551662252827e+04, 8.33794518781013e+04, 8.756340118067715e+04, 9.174732862376414e+04, 9.593126387932552e+04, 1.001151897444386e+05, 1.042991171875e+05, 1.084830430526131e+05, 1.126669564486647e+05, 1.168508745012405e+05, 1.210348003663164e+05, 1.252186981374052e+05, 1.29402616189981e+05, 1.335865186175569e+05, 1.377704163886457e+05, 1.419543266287216e+05, 1.461382212437974e+05, 1.503221190148862e+05, 1.545060136299621e+05, 1.586899082450379e+05, 1.62873802860002e+05, 1.670576693812492e+05, 1.712415639962784e+05, 1.754254429863543e+05, 1.79609309507499e+05, 1.83793188497519e+05, 1.879770674875948e+05, 1.921609340086836e+05, 1.963448129987502e+05, 2.005286763637515e+05, 2.047125272599987e+05, 2.08896390625e+05, 2.130802539900164e+05, 2.172641173548838e+05, 2.214479807198257e+05, 2.256318035226308e+05, 2.298156668874795e+05, 2.339995146274848e+05, 2.381833623674564e+05, 2.423672101073983e+05, 2.465510578473402e+05, 2.507348650251453e+05, 2.549187127650872e+05, 2.59102544880029e+05, 2.632863769950082e+05, 2.674702247348011e+05, 2.71654041225041e+05, 2.758378640274549e+05, 2.800216805177321e+05, 2.842054970075995e+05, 2.883893447474965e+05, 2.925731612373342e+05, 2.967569777272016e+05, 3.009407692803979e+05, 3.051245857702653e+05, 3.093084022601326e+05, 3.1349221875e+05, 3.176760352398674e+05, 3.218598204800328e+05, 3.260436369700492e+05, 3.302274285227984e+05, 3.344112137626658e+05, 3.385950302525035e+05, 3.427788467424005e+05, 3.469626319822679e+05, 3.511464172225451e+05, 3.55330208774959e+05, 3.595139940151989e+05, 3.636977792550663e+05, 3.678815644950082e+05, 3.720653809848011e+05, 3.762491662246684e+05, 3.804329265278647e+05, 3.846167117677321e+05, 3.888004970075995e+05, 3.929842822474965e+05, 3.971680674873342e+05, 4.013518214775369e+05, 4.055355817803979e+05, 4.097193670202653e+05, 4.139031522599836e+05, 4.1808690625e+05]
s=[0e+00, 1.528962074047662e+01, 3.052357169392974e+01, 4.570225626462081e+01, 6.082607785681547e+01, 7.589542276802338e+01, 9.091069231699193e+01, 1.058722682315048e+02, 1.207805354970238e+02, 1.356358589526952e+02, 1.50438642206513e+02, 1.651892251205109e+02, 1.798880044224881e+02, 1.945353158075891e+02, 2.091315146341412e+02, 2.23676978036646e+02, 2.38172063278555e+02, 2.526170933678711e+02, 2.67012410372189e+02, 2.813584018508267e+02, 2.95655360735263e+02, 3.099036348111014e+02, 3.241035478318884e+02, 3.382554262323002e+02, 3.523596266913621e+02, 3.664164123535156e+02, 3.804261302772523e+02, 3.943890841604092e+02, 4.083056013705752e+02, 4.221760064244611e+02, 4.360005633756197e+02, 4.497795987699495e+02, 4.63513407020657e+02, 4.772022525810898e+02, 4.908465222263829e+02, 5.044464192231152e+02, 5.180021778991023e+02, 5.315142757918642e+02, 5.449827944958977e+02, 5.584081612577331e+02, 5.717905193775021e+02, 5.8513025378496e+02, 5.984275686732228e+02, 6.116827297891188e+02, 6.248961213083612e+02, 6.380678867657672e+02, 6.511982312443364e+02, 6.642875992136655e+02, 6.773360735438335e+02, 6.903439817508585e+02, 7.033116455078125e+02, 7.162392090831081e+02, 7.291269776602779e+02, 7.419751343465369e+02, 7.54783908095952e+02, 7.675536346983963e+02, 7.80284542866798e+02, 7.929768157020947e+02, 8.056306973492971e+02, 8.182464319510848e+02, 8.308241277638712e+02, 8.433642398956122e+02, 8.558668763698214e+02, 8.683322813239225e+02, 8.807606378642574e+02, 8.93152190135671e+02, 9.055070477155044e+02, 9.178256630594535e+02, 9.301080844870625e+02, 9.423545561373696e+02, 9.545652611126002e+02, 9.667405045946895e+02, 9.78880275366833e+02, 9.90985023325816e+02, 1.003054859108195e+03, 1.015089965820312e+03, 1.027090587596681e+03, 1.039056785479734e+03, 1.050988925682153e+03, 1.062887181529741e+03, 1.074751572787302e+03, 1.086582516713672e+03, 1.098380135376795e+03, 1.110144428780931e+03, 1.121875885207705e+03, 1.13357443503e+03, 1.145240461845524e+03, 1.156874017896225e+03, 1.168475225249212e+03, 1.180044450116297e+03, 1.191581814569829e+03, 1.203087372201278e+03, 1.214561382238582e+03, 1.226004020145039e+03, 1.237415407989733e+03, 1.248795911981466e+03, 1.260145410055844e+03, 1.271464201050077e+03, 1.282752419898883e+03, 1.294010365251982e+03, 1.305238037109375e+03]
g=[0e+00, -7.649466890441249e+00, -3.056068563657254e+01, -6.867818767542218e+01, -1.219469126166748e+02, -1.903121740228846e+02, -2.737197389555388e+02, -3.721156585103711e+02, -4.854465245487912e+02, -6.136590706756496e+02, -7.567006613969402e+02, -9.145189918673658e+02, -1.087061938291535e+03, -1.274277925489863e+03, -1.476115466137318e+03, -1.692523793325257e+03, -1.923452722412841e+03, -2.168851273445999e+03, -2.428669976062002e+03, -2.702859930703338e+03, -2.991370761922622e+03, -3.294154500995611e+03, -3.611161904039452e+03, -3.942345318442699e+03, -4.287656928056321e+03, -4.647048828125e+03, -5.020474485228498e+03, -5.407884832271182e+03, -5.809236767898122e+03, -6.224481798757432e+03, -6.65357272408216e+03, -7.096467178248784e+03, -7.553118008290675e+03, -8.023478379944091e+03, -8.507506660885301e+03, -9.005157528045556e+03, -9.516385003114685e+03, -1.004114720813516e+04, -1.057939967457152e+04, -1.113109943353409e+04, -1.169620083185855e+04, -1.227466524879825e+04, -1.286644805208457e+04, -1.347150542281493e+04, -1.408979897742618e+04, -1.472128591844867e+04, -1.536592035613005e+04, -1.602366707153253e+04, -1.669448314997802e+04, -1.737832551475375e+04, -1.8075158203125e+04, -1.878493623115268e+04, -1.950762443999823e+04, -2.024317790770284e+04, -2.099155697695016e+04, -2.175273150841436e+04, -2.252665411114128e+04, -2.331328767745585e+04, -2.411259509662773e+04, -2.492453925856802e+04, -2.574907224095701e+04, -2.658617067037327e+04, -2.743579060811774e+04, -2.829789299276608e+04, -2.917244462106756e+04, -3.005940447611664e+04, -3.095873200350404e+04, -3.18704027671733e+04, -3.279437433561969e+04, -3.373060959996851e+04, -3.467907145186075e+04, -3.563972863950044e+04, -3.661253626545038e+04, -3.759747467466659e+04, -3.859449904457235e+04, -3.960357421875e+04, -4.062466894937882e+04, -4.165774807780603e+04, -4.270277254153163e+04, -4.37597086593792e+04, -4.482852997024475e+04, -4.590920286621473e+04, -4.700168828644669e+04, -4.810595497966491e+04, -4.922196778900778e+04, -5.034968870643812e+04, -5.148909992593317e+04, -5.264016351141782e+04, -5.380284040146309e+04, -5.49771032522072e+04, -5.616292081240222e+04, -5.736025075410707e+04, -5.856908000617457e+04, -5.978936631142435e+04, -6.102108232654825e+04, -6.226418899002104e+04, -6.35186628626369e+04, -6.478446511561242e+04, -6.606157568058038e+04, -6.734995970452428e+04, -6.864959375e+04]
f=[-2.9992138671875e+02, -3.075837100929354e+02, -3.305077834154624e+02, -3.686381257256032e+02, -4.219197138263135e+02, -4.902978155014162e+02, -5.737199220632381e+02, -6.721337249160481e+02, -7.854858006759307e+02, -9.137227913696069e+02, -1.05679221412695e+03, -1.214641489427924e+03, -1.387218554512295e+03, -1.574472017305364e+03, -1.776350085275433e+03, -1.992802113610835e+03, -2.223777917742585e+03, -2.469226273436831e+03, -2.72909795453921e+03, -3.003343817436058e+03, -3.291913730654796e+03, -3.59475948150678e+03, -3.911832070062935e+03, -4.243083355523553e+03, -4.588466010126861e+03, -4.947931640625e+03, -5.321433469680332e+03, -5.708923894682124e+03, -6.110357861638226e+03, -6.525687853518272e+03, -6.954867157568226e+03, -7.397852432132915e+03, -7.854596523983778e+03, -8.325053086847285e+03, -8.80918048897363e+03, -9.306932918731674e+03, -9.818263909218002e+03, -1.034313353620893e+04, -1.088149537774775e+04, -1.143330744150724e+04, -1.199852309741661e+04, -1.257710470196515e+04, -1.316900762255714e+04, -1.377418706335262e+04, -1.439260561808145e+04, -1.502421853579333e+04, -1.566898383258253e+04, -1.632686238404825e+04, -1.699781322823923e+04, -1.768179231148905e+04, -1.837876171875e+04, -1.908868427815806e+04, -1.981151506527762e+04, -2.054721501749693e+04, -2.129574252348989e+04, -2.205706549261474e+04, -2.283114239235403e+04, -2.361793220881062e+04, -2.44173958781385e+04, -2.522949824337841e+04, -2.60541933343112e+04, -2.689145582638578e+04, -2.774124177991357e+04, -2.860351213347023e+04, -2.947823173069401e+04, -3.036536541401245e+04, -3.126486676866805e+04, -3.217671331373864e+04, -3.310086261674397e+04, -3.403727756876042e+04, -3.498592301457029e+04, -3.594676379608572e+04, -3.691975501489159e+04, -3.790488092433132e+04, -3.890209279440471e+04, -3.9911359375e+04, -4.093264551208371e+04, -4.19659199532158e+04, -4.301114363578454e+04, -4.406827506521011e+04, -4.513729950123865e+04, -4.621817161616816e+04, -4.731086016160035e+04, -4.841532998002347e+04, -4.953154982082122e+04, -5.06594816746759e+04, -5.179909992562584e+04, -5.295037444881538e+04, -5.411326618281553e+04, -5.528774387748659e+04, -5.647377628166443e+04, -5.767132106604362e+04, -5.888036906831602e+04, -6.010087412377068e+04, -6.133280888910413e+04, -6.257614211527715e+04, -6.38308386443479e+04, -6.509686745869189e+04, -6.637420849255886e+04, -6.766281907930077e+04, -6.8962671875e+04]
hIse=[0e+00, 4.18400009351965e+03, 8.368000187039301e+03, 1.255200028055869e+04, 1.673600037407904e+04, 2.091999968826747e+04, 2.510400056111856e+04, 2.928799987530676e+04, 3.347200074815669e+04, 3.765599850368663e+04, 4.18399993765361e+04, 4.602400024938556e+04, 5.020800112223502e+04, 5.439200199508449e+04, 5.857599975061444e+04, 6.275999750614438e+04, 6.694400149630639e+04, 7.112799925184682e+04, 7.531199700738724e+04, 7.949600099753759e+04, 8.367999875307802e+04, 8.786400274322837e+04, 9.20480004987688e+04, 9.623199825430922e+04, 1.004160022444596e+05, 1.046e+05, 1.087840039901504e+05, 1.129679955110809e+05, 1.171519995012312e+05, 1.213360034913815e+05, 1.255199950123121e+05, 1.297039990024624e+05, 1.338880029926128e+05, 1.380719945135433e+05, 1.422559985036936e+05, 1.46440002493844e+05, 1.506239940147745e+05, 1.548079980049248e+05, 1.589920019950752e+05, 1.631760059852255e+05, 1.67359997506156e+05, 1.715440014963064e+05, 1.757280054864567e+05, 1.799119970073872e+05, 1.840960009975376e+05, 1.882800049876879e+05, 1.924639965086184e+05, 1.966480004987688e+05, 2.008320044889191e+05, 2.050159960098497e+05, 2.092e+05, 2.133840039900909e+05, 2.175680079801818e+05, 2.217520119702727e+05, 2.259359910222955e+05, 2.301199950123864e+05, 2.343039990024476e+05, 2.384880029925682e+05, 2.42672006982659e+05, 2.468560109727499e+05, 2.510399900247728e+05, 2.552239940148637e+05, 2.594079980049545e+05, 2.635920019950827e+05, 2.677760059852481e+05, 2.719600099754135e+05, 2.761439890270451e+05, 2.803279930172106e+05, 2.84511997007376e+05, 2.88696000997571e+05, 2.928800049877067e+05, 2.970640089778721e+05, 3.012479880295038e+05, 3.054319920196692e+05, 3.096159960098346e+05, 3.138e+05, 3.179840039901654e+05, 3.221680079803308e+05, 3.263520119704962e+05, 3.305359910221279e+05, 3.347199950122933e+05, 3.38903999002429e+05, 3.43088002992624e+05, 3.472720069827894e+05, 3.514560109729549e+05, 3.556399900245865e+05, 3.598239940147519e+05, 3.640079980049173e+05, 3.681920019950827e+05, 3.723760059852481e+05, 3.765600099754135e+05, 3.807439890270451e+05, 3.849279930172106e+05, 3.89111997007376e+05, 3.93296000997571e+05, 3.974800049877067e+05, 4.016640089778721e+05, 4.058479880295038e+05, 4.100319920196692e+05, 4.142159960098346e+05, 4.184e+05]
beta=[4.284959140932187e-05, 4.285142858866052e-05, 4.285326576799917e-05, 4.285510294733781e-05, 4.285693648869765e-05, 4.285877366769409e-05, 5.403708350103662e-05, 6.512713993084121e-05, 7.612929234962608e-05, 8.704387775830034e-05, 9.787123256660772e-05, 1.086116760238608e-04, 1.19265506442985e-04, 1.298330366929191e-04, 1.40314528212311e-04, 1.507102944828795e-04, 1.610206273053647e-04, 1.712457287761555e-04, 1.813859053546315e-04, 1.914413902547444e-04, 2.0141241543002e-04, 2.112992143256482e-04, 2.211020048692024e-04, 2.308210055678044e-04, 2.404564199001979e-04, 2.500084519851953e-04, 2.594772757914905e-04, 2.688630383701584e-04, 2.781659993934075e-04, 2.873862762627998e-04, 2.96523987405013e-04, 3.055793619158214e-04, 3.145525179370094e-04, 3.234435164161934e-04, 3.322525849844023e-04, 3.409797843116623e-04, 3.496252051749498e-04, 3.581890446432228e-04, 3.666713350153535e-04, 3.750721636030415e-04, 3.83391622171186e-04, 3.916298184960819e-04, 3.997868149693092e-04, 4.078626167705857e-04, 4.158573302293109e-04, 4.237710184577891e-04, 4.316036873598099e-04, 4.393553836140854e-04, 4.470261710517704e-04, 4.546160271960288e-04, 4.621249972842634e-04, 4.695531167616593e-04, 4.76900327436067e-04, 4.841666584117334e-04, 4.913520962180996e-04, 4.984566391889918e-04, 5.054802733569154e-04, 5.124229987101545e-04, 5.192847570483929e-04, 5.260654901685294e-04, 5.327651001808735e-04, 5.393836669472725e-04, 5.459210920794847e-04, 5.523773173619389e-04, 5.587522263793132e-04, 5.650458191388242e-04, 5.712579424478998e-04, 5.773885539480163e-04, 5.834376163590012e-04, 5.894050132623827e-04, 5.95290570026795e-04, 6.010942866633969e-04, 6.068159546925835e-04, 6.124555841249969e-04, 6.180129659762783e-04, 6.234880420379341e-04, 6.288805794635003e-04, 6.341905782676872e-04, 6.394178056206835e-04, 6.445621147049881e-04, 6.496234504173486e-04, 6.546016072240938e-04, 6.594964686973095e-04, 6.643077438066345e-04, 6.690354325546022e-04, 6.73679274691022e-04, 6.782390927410051e-04, 6.827148005605436e-04, 6.871061071030065e-04, 6.914128377449948e-04, 6.956348760779866e-04, 6.997719648722412e-04, 7.038239788261538e-04, 7.077906019798329e-04, 7.116717761199549e-04, 7.154671519917993e-04, 7.191765549847465e-04, 7.227997891384247e-04, 7.263366648255796e-04, 7.2978692734843e-04, 7.33150343876332e-04]
kappa=[0e+00, 0e+00]
ddpT=[0e+00, 0e+00]
ddTp=[-4.286082461476326e-02, -4.286082461476326e-02, -4.286082461476326e-02, -4.286082461476326e-02, -4.286082461476326e-02, -4.286082461476326e-02, -5.403705090432895e-02, -6.512321498840568e-02, -7.611933546222141e-02, -8.702539263843066e-02, -9.784139532149398e-02, -1.085673502488094e-01, -1.192032574187616e-01, -1.297491093834578e-01, -1.402048909413955e-01, -1.505706248702481e-01, -1.608463115292743e-01, -1.710319351882445e-01, -1.811275112203145e-01, -1.911330395821148e-01, -2.010484904410317e-01, -2.10873923151777e-01, -2.206092786408979e-01, -2.302545716008516e-01, -2.398098311132587e-01, -2.492750287055969e-01, -2.586501627646489e-01, -2.679352363060896e-01, -2.771303046752061e-01, -2.862352804370676e-01, -2.952501964819735e-01, -3.041750767496055e-01, -3.130098942142411e-01, -3.217546527627722e-01, -3.304093747310644e-01, -3.389740338984918e-01, -3.474486051485388e-01, -3.558331688172781e-01, -3.641276696874974e-01, -3.72332137561306e-01, -3.80446488810569e-01, -3.884708313835801e-01, -3.964051111559219e-01, -4.04249334710937e-01, -4.120035189867045e-01, -4.196676404595466e-01, -4.272416767160599e-01, -4.347257026946547e-01, -4.421196658681215e-01, -4.4942354462826e-01, -4.566374123096466e-01, -4.637611873814929e-01, -4.707949592677799e-01, -4.777386385619667e-01, -4.845922443011961e-01, -4.913558283716889e-01, -4.980293496518949e-01, -5.046128081292727e-01, -5.111062634169939e-01, -5.175095963101507e-01, -5.238228886672094e-01, -5.300461561386746e-01, -5.3617936082022e-01, -5.422225027031772e-01, -5.481755817875459e-01, -5.540386576859292e-01, -5.59811577056563e-01, -5.654945279293205e-01, -5.710874160121582e-01, -5.765902413007804e-01, -5.820030037864028e-01, -5.87325703482144e-01, -5.925583690742217e-01, -5.97700943744195e-01, -6.027535152277564e-01, -6.077160239219666e-01, -6.125884698089198e-01, -6.173708529059533e-01, -6.22063232816859e-01, -6.266654631862376e-01, -6.311777180716598e-01, -6.355998505625572e-01, -6.39931979855097e-01, -6.441740463534227e-01, -6.483260500618285e-01, -6.523880266525087e-01, -6.563599053350047e-01, -6.60241780831373e-01, -6.640335935295791e-01, -6.677353434287707e-01, -6.713470305381847e-01, -6.748686341424401e-01, -6.783001962262993e-01, -6.816417551238888e-01, -6.848931916230994e-01, -6.880546249239868e-01, -6.911259954343377e-01, -6.941072856560316e-01, -6.969985311412541e-01, -6.997997734400647e-01, -7.025108933448792e-01]
dddX[1]=[0e+00, 0e+00]
cp=[4.184e+03, 4.184e+03]
cv=[4.184e+03, 4.184e+03]
lambda=[5.563939213752747e-01, 5.586618781593713e-01, 5.60907483200678e-01, 5.631307364991746e-01, 5.653315784502766e-01, 5.675101278595918e-01, 5.696662667287153e-01, 5.718000530563322e-01, 5.739114884313486e-01, 5.760005705069788e-01, 5.780673023972145e-01, 5.801116229314223e-01, 5.821336513184121e-01, 5.841332683498005e-01, 5.861105321664726e-01, 5.880654442633452e-01, 5.899980075070616e-01, 5.919082161364464e-01, 5.93796013441991e-01, 5.956615213994771e-01, 5.975046152371075e-01, 5.993253600527393e-01, 6.011237504225799e-01, 6.028997890729407e-01, 6.046534786022536e-01, 6.063847541809082e-01, 6.080937401728159e-01, 6.09780309784636e-01, 6.114445326739291e-01, 6.130864037750684e-01, 6.147059182995388e-01, 6.163030262975305e-01, 6.178778421125464e-01, 6.194302419450223e-01, 6.209603542608957e-01, 6.224680551852497e-01, 6.23953399930376e-01, 6.254163377504099e-01, 6.268569833885338e-01, 6.282752772396764e-01, 6.296711555796878e-01, 6.310446863270432e-01, 6.32395865287311e-01, 6.337246885395463e-01, 6.350311640007782e-01, 6.363152280697446e-01, 6.375769962346304e-01, 6.388163568050939e-01, 6.400334251917288e-01, 6.412280786649399e-01, 6.42400324344635e-01, 6.435502778402723e-01, 6.446778795509185e-01, 6.457830698736342e-01, 6.468659616311746e-01, 6.479264485219643e-01, 6.489645836283242e-01, 6.499803669468655e-01, 6.509737388756925e-01, 6.51944818623747e-01, 6.528934813984602e-01, 6.538198577156544e-01, 6.547238226437814e-01, 6.556054357853541e-01, 6.564646971403727e-01, 6.573016067109686e-01, 6.58116100106007e-01, 6.589083062447479e-01, 6.596781009954163e-01, 6.604255439601041e-01, 6.611506351371615e-01, 6.618533745298014e-01, 6.6253375814981e-01, 6.631917345064476e-01, 6.638273590789469e-01, 6.644406914710999e-01, 6.650316124702065e-01, 6.656001816848905e-01, 6.661463991142993e-01, 6.666702021045454e-01, 6.671717161028099e-01, 6.67650818712714e-01, 6.681075695348628e-01, 6.685420281757383e-01, 6.689540754277595e-01, 6.69343709038331e-01, 6.697110528585684e-01, 6.700560448950936e-01, 6.703786255402779e-01, 6.706788543991921e-01, 6.709567314735416e-01, 6.712122553083727e-01, 6.714454289510804e-01, 6.716562508091524e-01, 6.718446612775187e-01, 6.720107199584047e-01, 6.721544864588035e-01, 6.722758409138178e-01, 6.723748443788538e-01, 6.724514364551066e-01, 6.725057363510132e-01]
pMed=[3e+05, 3e+05]
TMed=[2.731499938964844e+02, 2.741499939188375e+02, 2.751499939411906e+02, 2.761499939635436e+02, 2.771499939858968e+02, 2.781499938219854e+02, 2.79149994030603e+02, 2.801499938666847e+02, 2.811499940753089e+02, 2.8214999353889e+02, 2.831499937474867e+02, 2.841499939560925e+02, 2.851499941647211e+02, 2.861499943733497e+02, 2.871499938368853e+02, 2.881499933004937e+02, 2.891499942541333e+02, 2.901499937176872e+02, 2.911499931812955e+02, 2.921499941349171e+02, 2.931499935984891e+02, 2.941499945521742e+02, 2.951499940157007e+02, 2.961499934792909e+02, 2.971499944329578e+02, 2.981499938964844e+02, 2.99149994850215e+02, 3.001499928237012e+02, 3.011499937772862e+02, 3.021499947309986e+02, 3.03149992704503e+02, 3.041499936580881e+02, 3.051499946117823e+02, 3.061499925853049e+02, 3.0714999353889e+02, 3.08149994492566e+02, 3.091499924661068e+02, 3.101499934196918e+02, 3.111499943733497e+02, 3.121499953270803e+02, 3.131499933004937e+02, 3.141499942541333e+02, 3.151499952078639e+02, 3.161499931812955e+02, 3.171499941349171e+02, 3.181499950886476e+02, 3.191499930620975e+02, 3.201499940157007e+02, 3.211499949694313e+02, 3.221499929428993e+02, 3.231499938964844e+02, 3.241499948502008e+02, 3.251499958039171e+02, 3.261499967576335e+02, 3.271499917509499e+02, 3.281499927045208e+02, 3.291499936580846e+02, 3.301499946117717e+02, 3.31149995565488e+02, 3.321499965192044e+02, 3.331499915125572e+02, 3.341499924661281e+02, 3.351499934196989e+02, 3.361499943733426e+02, 3.371499953270589e+02, 3.381499962807753e+02, 3.391499912741645e+02, 3.401499922277354e+02, 3.411499931813062e+02, 3.421499941349206e+02, 3.431499950886299e+02, 3.441499960423462e+02, 3.451499910357718e+02, 3.461499919893427e+02, 3.471499929429135e+02, 3.481499938964844e+02, 3.491499948502008e+02, 3.501499958039171e+02, 3.511499967576335e+02, 3.521499917509499e+02, 3.531499927045208e+02, 3.541499936580846e+02, 3.551499946117717e+02, 3.56149995565488e+02, 3.571499965192044e+02, 3.581499915125572e+02, 3.591499924661281e+02, 3.601499934196989e+02, 3.611499943733426e+02, 3.621499953270589e+02, 3.631499962807753e+02, 3.641499912741645e+02, 3.651499922277354e+02, 3.661499931813062e+02, 3.671499941349206e+02, 3.681499950886299e+02, 3.691499960423462e+02, 3.701499910357718e+02, 3.711499919893427e+02, 3.721499929429135e+02, 3.731499938964844e+02]
MM=[1.801526732742786e-02, 1.801526732742786e-02]
