last-generated=2017-12-20
statistics-initialization=
{
  "linear": "5"
}
statistics-simulation=
{
  "numerical Jacobians": "0", 
  "nonlinear": " ", 
  "number of continuous time states": "5", 
  "linear": "0, 4, 0"
}
thermalZoneThreeElements.TAir=[2.951499938964844e+02, 2.951674560546875e+02, 2.907670959472656e+02, 2.919056701660156e+02, 2.947552978515625e+02, 2.917212829589844e+02, 2.928886352539063e+02, 2.946583801269531e+02, 2.924508666992188e+02, 2.940509094238281e+02, 2.974706420898438e+02, 2.939208618164063e+02, 2.949214294433594e+02, 3.003895141601562e+02, 2.963291625976562e+02, 2.983303833007812e+02, 3.014858093261719e+02, 2.991161254882812e+02, 3.041856262207031e+02, 3.023197021484375e+02, 3.032995910644531e+02, 3.059031066894531e+02, 3.025002746582031e+02, 3.000625549316406e+02, 3.063339721679687e+02, 3.057646789550781e+02, 3.057220031738281e+02, 3.070889587402344e+02, 3.044564514160156e+02, 3.05805517578125e+02, 3.125841064453125e+02, 3.060261047363281e+02, 3.087700256347656e+02, 3.1634697265625e+02, 3.109581176757812e+02, 3.120429382324219e+02, 3.170858581542969e+02, 3.081932556152344e+02, 3.110021118164062e+02, 3.149971008300781e+02, 3.101937866210938e+02, 3.133613708496094e+02, 3.166266540527344e+02, 3.145516418457031e+02, 3.188416931152344e+02, 3.135496215820312e+02, 3.088768127441406e+02, 3.120112548828125e+02, 3.090555725097656e+02, 3.097239379882812e+02, 3.176032104492188e+02, 3.111528381347656e+02, 3.118244873046875e+02, 3.174330810546875e+02, 3.106460998535156e+02, 3.101032409667969e+02, 3.170763854980469e+02, 3.114701416015625e+02, 3.136262145996094e+02, 3.183046569824219e+02, 3.131561889648438e+02, 3.179222595214844e+02, 3.103467041015625e+02, 3.086936157226563e+02, 3.132103515625e+02, 3.068092041015625e+02, 3.079492126464844e+02, 3.129149291992188e+02, 3.078717041015625e+02, 3.092086669921875e+02, 3.114188842773438e+02, 3.082340393066406e+02, 3.075266662597656e+02, 3.114370361328125e+02, 3.034120056152344e+02, 3.039162902832031e+02, 3.103884582519531e+02, 3.036304626464844e+02, 3.068663208007812e+02, 3.085784545898438e+02, 3.037336120605469e+02, 3.052571105957031e+02, 3.015758605957031e+02, 3.004505676269531e+02, 3.035937683105469e+02, 2.9702294921875e+02, 2.961134704589844e+02, 3.003981506347656e+02, 2.961167907714844e+02, 2.983411193847656e+02, 2.999260559082031e+02, 2.95965283203125e+02, 2.957533203125e+02, 2.968104370117188e+02, 2.929375549316406e+02, 2.935978393554688e+02, 2.945511962890625e+02, 2.922092712402344e+02, 2.9539716796875e+02, 2.937634948730469e+02, 2.927076110839844e+02]
time=[0e+00, 3.1536e+07]
