last-generated=2018-06-13
statistics-simulation=
{
  "linear": " ",
  "nonlinear": " ",
  "numerical Jacobians": "0"
}
smoLim[2].y=[0e+00, 1e-02, 2e-02, 3e-02, 4e-02, 5e-02, 6e-02, 7.000000000000001e-02, 8e-02, 9e-02, 1e-01, 1.1e-01, 1.2e-01, 1.3e-01, 1.4e-01, 1.5e-01, 1.6e-01, 1.7e-01, 1.8e-01, 1.9e-01, 2e-01, 2.1e-01, 2.2e-01, 2.3e-01, 2.4e-01, 2.5e-01, 2.6e-01, 2.7e-01, 2.8e-01, 2.9e-01, 3e-01, 3.1e-01, 3.2e-01, 3.3e-01, 3.4e-01, 3.5e-01, 3.6e-01, 3.7e-01, 3.8e-01, 3.9e-01, 4e-01, 4.1e-01, 4.2e-01, 4.3e-01, 4.4e-01, 4.5e-01, 4.6e-01, 4.7e-01, 4.800000007000785e-01, 4.915624746586157e-01, 5e-01, 5.015624746586381e-01, 5e-01, 5e-01, 5e-01, 5e-01, 5e-01, 5e-01, 5e-01, 5e-01, 5e-01, 5e-01, 5e-01, 5e-01, 5e-01, 5e-01, 5e-01, 5e-01, 5e-01, 5e-01, 5e-01, 5e-01, 5e-01, 5e-01, 5e-01, 5e-01, 5e-01, 5e-01, 5e-01, 5e-01, 5e-01, 5e-01, 5e-01, 5e-01, 5e-01, 5e-01, 5e-01, 5e-01, 5e-01, 5e-01, 5e-01, 5e-01, 5e-01, 5e-01, 5e-01, 5e-01, 5e-01, 5e-01, 5e-01, 5e-01, 5e-01]
smoLim[1].y=[0e+00, 1e-02, 2e-02, 3e-02, 4e-02, 5e-02, 6e-02, 7.000000000000001e-02, 8e-02, 9e-02, 1e-01, 1.1e-01, 1.2e-01, 1.3e-01, 1.4e-01, 1.5e-01, 1.6e-01, 1.7e-01, 1.8e-01, 1.9e-01, 2e-01, 2.1e-01, 2.2e-01, 2.3e-01, 2.4e-01, 2.5e-01, 2.6e-01, 2.7e-01, 2.8e-01, 2.9e-01, 3e-01, 3.1e-01, 3.2e-01, 3.3e-01, 3.4e-01, 3.5e-01, 3.6e-01, 3.7e-01, 3.8e-01, 3.9e-01, 4e-01, 4.106524925111035e-01, 4.22240004671455e-01, 4.342524919007677e-01, 4.462400106896368e-01, 4.578125013983453e-01, 4.686399908993159e-01, 4.784525047666768e-01, 4.870400214230601e-01, 4.942524965891679e-01, 5e-01, 5.042524965891201e-01, 5.070400275092707e-01, 5.084524769254385e-01, 5.08639991834007e-01, 5.078125013983245e-01, 5.062400106896432e-01, 5.042524919008964e-01, 5.022399990929877e-01, 5.006524891263592e-01, 5.000000003481601e-01, 5e-01, 5e-01, 5e-01, 5e-01, 5e-01, 5e-01, 5e-01, 5e-01, 5e-01, 5e-01, 5e-01, 5e-01, 5e-01, 5e-01, 5e-01, 5e-01, 5e-01, 5e-01, 5e-01, 5e-01, 5e-01, 5e-01, 5e-01, 5e-01, 5e-01, 5e-01, 5e-01, 5e-01, 5e-01, 5e-01, 5e-01, 5e-01, 5e-01, 5e-01, 5e-01, 5e-01, 5e-01, 5e-01, 5e-01, 5e-01]
time=[0e+00, 1e+00]
