last-generated=2019-02-26
statistics-initialization=
{
  "nonlinear": "18, 10, 8, 11, 10, 8, 12",
  "numerical Jacobians": "0"
}
statistics-simulation=
{
  "linear": "0, 0, 0, 0, 0, 0, 0, 0, 0, 0, 0, 0, 0, 0, 0, 0, 0, 0, 0, 0, 0, 0, 0, 0, 0, 0, 0,   0, 0, 0, 0, 0, 0, 0, 0, 0, 0, 0, 0, 0, 0, 0, 0, 0, 0, 0, 0, 0, 0, 0, 0, 0, 0,   0, 0, 0, 0, 0, 0, 0, 0, 0, 0, 0, 0, 0, 0, 0, 0, 0, 0, 0, 0, 0, 0, 0, 0, 0, 0,   0, 0, 0, 0, 0, 0, 0, 0, 0, 0, 0, 0, 0, 0, 0, 0, 0, 0, 0, 0, 0, 0, 0, 0, 0, 0,   0, 0, 0, 0, 0, 0, 0, 0, 0, 0, 0, 0, 0, 0, 0, 0, 0, 0, 0, 0, 0, 0, 0, 0, 0, 0,   0, 0, 0, 0, 0, 0, 0, 0, 0",
  "nonlinear": "1, 3, 1, 1, 1, 1, 1, 1, 1",
  "number of continuous time states": "359",
  "numerical Jacobians": "0"
}
heaSys.heaSche.TdegC[1].y=[2.990380859375e+02, 2.990380859375e+02, 2.990380859375e+02, 2.990380859375e+02, 2.990380859375e+02, 2.990380859375e+02, 2.990380859375e+02, 2.990380859375e+02, 2.990380859375e+02, 2.990380859375e+02, 2.990380859375e+02, 3.021195848253038e+02, 3.031872762044271e+02, 3.031346605088976e+02, 3.031639980740017e+02, 3.031531575520833e+02, 3.04109137641059e+02, 3.031228705512153e+02, 3.03719482421875e+02, 3.031609598795573e+02, 3.034354078504774e+02, 3.031559651692708e+02, 3.030040351019965e+02, 3.031412523057726e+02, 3.031261393229167e+02, 3.031443854437934e+02, 3.029156222873264e+02, 3.030721740722656e+02, 3.032326422797309e+02, 2.991427239312066e+02, 2.981273600260417e+02, 2.956830376519097e+02, 2.953414476182726e+02, 2.946087239583333e+02, 2.949816012912327e+02, 2.946831766764323e+02, 2.966837768554688e+02, 2.94917487250434e+02, 2.958516167534722e+02, 2.952198588053386e+02, 3.045009596082899e+02, 3.0314013671875e+02, 3.035987243652344e+02, 3.031372172037761e+02, 3.035993143717448e+02, 3.031558227539062e+02, 3.032898898654514e+02, 3.03152336968316e+02, 3.031201273600261e+02, 3.031529947916667e+02, 3.031325378417969e+02, 3.031494140625e+02, 3.062656080457899e+02, 3.064721069335938e+02, 3.083427429199219e+02, 3.074852769639757e+02, 3.076666327582465e+02, 3.034290568033854e+02, 3.073068237304688e+02, 3.056910671657986e+02, 3.000613606770833e+02, 2.977960442437066e+02, 3.032782762315538e+02, 3.051010437011719e+02, 3.080572408040364e+02, 3.085728793674045e+02, 3.109004109700521e+02, 3.106543579101562e+02, 3.106228502061632e+02, 3.077914123535156e+02, 3.097730984157986e+02, 3.054059007432726e+02, 3.031150512695312e+02, 3.015087788899739e+02, 3.010467664930555e+02, 3.001897888183594e+02, 2.987091912163629e+02, 2.979744567871094e+02, 2.975061442057292e+02, 2.971534423828125e+02, 2.980043843587239e+02, 2.967503662109375e+02, 3.032006598578559e+02, 3.031304083930121e+02, 3.030696512858073e+02, 3.031482510036892e+02, 3.03218736436632e+02, 3.031403096516927e+02, 3.031676432291667e+02, 3.031570468478733e+02, 3.032133483886719e+02, 3.031370781792535e+02, 3.032227105034722e+02, 3.031352437337239e+02, 3.031604309082031e+02, 3.031604309082031e+02, 3.031604309082031e+02, 3.031604309082031e+02, 3.031604309082031e+02, 3.031604309082031e+02, 3.031604309082031e+02]
struct.TSensor[1]=[2.931499938964844e+02, 3.031349894205729e+02, 3.031374070909288e+02, 3.031381327311198e+02, 3.031383361816406e+02, 3.031383666992188e+02, 3.031383361816406e+02, 3.031382751464844e+02, 3.031382141113281e+02, 3.031381530761719e+02, 3.031380920410156e+02, 3.031380750868055e+02, 3.031447347005208e+02, 3.031391262478298e+02, 3.031405910915798e+02, 3.031385803222656e+02, 3.03185794406467e+02, 3.031393229166667e+02, 3.031484680175781e+02, 3.03141120062934e+02, 3.031444736056858e+02, 3.031401570638021e+02, 3.031433953179254e+02, 3.031385938856337e+02, 3.031389465332031e+02, 3.031371493869358e+02, 3.031411607530382e+02, 3.031374206542969e+02, 3.022439066569011e+02, 2.994967142740886e+02, 2.982802022298177e+02, 2.95795403374566e+02, 2.950500081380208e+02, 2.9444970703125e+02, 2.944243910047743e+02, 2.943655734592014e+02, 2.957698059082031e+02, 2.943917338053386e+02, 2.947470092773438e+02, 2.945656941731771e+02, 3.038600328233507e+02, 3.031365288628472e+02, 3.031480407714844e+02, 3.031407538519965e+02, 3.03149169921875e+02, 3.031419372558594e+02, 3.031439480251736e+02, 3.031418762207031e+02, 3.031408284505208e+02, 3.031391872829861e+02, 3.031410251193577e+02, 3.031392923990886e+02, 3.064193725585938e+02, 3.069700554741754e+02, 3.066408386230469e+02, 3.074243910047743e+02, 3.083195190429688e+02, 3.037426961263021e+02, 3.084838155110677e+02, 3.070980767144097e+02, 2.999427185058594e+02, 2.980217827690972e+02, 3.042633565266927e+02, 3.062016296386719e+02, 3.08458726671007e+02, 3.098258599175347e+02, 3.117143046061198e+02, 3.120504964192708e+02, 3.118653733995226e+02, 3.07931640625e+02, 3.109088406032986e+02, 3.061477796766493e+02, 3.038346862792969e+02, 3.026014370388455e+02, 3.013835618760851e+02, 3.011492716471354e+02, 2.994390903049045e+02, 2.988718702528212e+02, 2.979180806477864e+02, 2.979348449707031e+02, 2.981836513943142e+02, 2.972681274414062e+02, 3.031358032226562e+02, 3.031378139919705e+02, 3.031395568847656e+02, 3.031386990017361e+02, 3.031392008463542e+02, 3.031387736002604e+02, 3.031390821668837e+02, 3.031392381456163e+02, 3.031414184570312e+02, 3.031418084038629e+02, 3.031442565917969e+02, 3.031434427897136e+02, 3.043590393066406e+02, 3.046205037434896e+02, 3.048497619628906e+02, 3.050603875054254e+02, 3.052544691297743e+02, 3.054331970214844e+02, 3.055976257324219e+02]
time=[8e+06, 1.23e+07]
heaSys.heaSche.TdegC[2].y=[2.997415161132812e+02, 2.997415161132812e+02, 2.997415161132812e+02, 2.997415161132812e+02, 2.997415161132812e+02, 2.997415161132812e+02, 2.997415161132812e+02, 2.997415161132812e+02, 2.997415161132812e+02, 2.997415161132812e+02, 2.997415161132812e+02, 3.026630520290798e+02, 3.029274291992188e+02, 3.032151184082031e+02, 3.03078362358941e+02, 3.032037556966146e+02, 3.032131890190972e+02, 3.032126668294271e+02, 3.0302685546875e+02, 3.031861843532986e+02, 3.03045905219184e+02, 3.032153828938802e+02, 3.029517178005642e+02, 3.032437540690104e+02, 3.031488037109375e+02, 3.032519870334202e+02, 3.028664008246528e+02, 3.032142944335938e+02, 3.026327006022136e+02, 2.99836666531033e+02, 2.985971577962239e+02, 2.966207377115886e+02, 2.958135952419705e+02, 2.952578430175781e+02, 2.951641099717882e+02, 2.950580444335938e+02, 2.960299987792969e+02, 2.952173156738281e+02, 2.955768703884548e+02, 2.955915730794271e+02, 3.034792853461371e+02, 3.031609090169271e+02, 3.030744832356771e+02, 3.03168958875868e+02, 3.030994330512153e+02, 3.031918334960938e+02, 3.029573465983073e+02, 3.031334194607205e+02, 3.030595601399739e+02, 3.032026706271702e+02, 3.030104743109809e+02, 3.031759643554688e+02, 3.057472161187066e+02, 3.067300652398004e+02, 3.080120849609375e+02, 3.078919304741754e+02, 3.071237691243489e+02, 3.040349019368489e+02, 3.071390957302517e+02, 3.05968994140625e+02, 3.008857421875e+02, 2.989105021158854e+02, 3.031704983181423e+02, 3.05344482421875e+02, 3.077722744411892e+02, 3.086579386393229e+02, 3.104686686197917e+02, 3.107575785319011e+02, 3.107275221082899e+02, 3.085185750325521e+02, 3.096358744303386e+02, 3.060349934895833e+02, 3.039185180664062e+02, 3.023673570421007e+02, 3.01292961968316e+02, 3.006912027994792e+02, 2.993406236436632e+02, 2.985871412489149e+02, 2.980579935709636e+02, 2.977375284830729e+02, 2.985225965711805e+02, 2.975119934082031e+02, 3.027685546875e+02, 3.031639980740017e+02, 3.029517313639323e+02, 3.032058275010851e+02, 3.031592814127604e+02, 3.032112935384114e+02, 3.03152103000217e+02, 3.031882731119792e+02, 3.029213256835938e+02, 3.031535068088108e+02, 3.031410319010417e+02, 3.031365661621094e+02, 3.031742858886719e+02, 3.031742858886719e+02, 3.031742858886719e+02, 3.031742858886719e+02, 3.031742858886719e+02, 3.031742858886719e+02, 3.031742858886719e+02]
struct.TSensor[2]=[2.931499938964844e+02, 3.00378187391493e+02, 3.010873752170139e+02, 3.014363199869792e+02, 3.016014438205295e+02, 3.016717495388455e+02, 3.016946411132812e+02, 3.016936747233073e+02, 3.016812913682726e+02, 3.016638793945312e+02, 3.01644771999783e+02, 3.016263631184896e+02, 3.016881103515625e+02, 3.016860046386719e+02, 3.016893344455295e+02, 3.016462198893229e+02, 3.017948337131077e+02, 3.017561306423611e+02, 3.018688049316406e+02, 3.018413628472222e+02, 3.018173556857639e+02, 3.017613627115886e+02, 3.01801988389757e+02, 3.017152709960938e+02, 3.016625467936198e+02, 3.015963812934028e+02, 3.016515469021267e+02, 3.015858459472656e+02, 3.013466423882379e+02, 3.003684861924913e+02, 2.992938130696614e+02, 2.978112521701389e+02, 2.967681172688802e+02, 2.961036580403646e+02, 2.955839233398438e+02, 2.953660244411892e+02, 2.955743713378906e+02, 2.951531541612413e+02, 2.950342102050781e+02, 2.951600545247396e+02, 2.985160149468316e+02, 3.000291917588976e+02, 3.009277750651042e+02, 3.013455471462673e+02, 3.016322530110677e+02, 3.017410583496094e+02, 3.01761959499783e+02, 3.017791341145833e+02, 3.017180684407552e+02, 3.016740383572048e+02, 3.016693149142795e+02, 3.016496683756511e+02, 3.027107815212673e+02, 3.036917995876736e+02, 3.046258850097656e+02, 3.056075778537327e+02, 3.050875854492188e+02, 3.041509094238281e+02, 3.05177730984158e+02, 3.046872931586371e+02, 3.019976603190104e+02, 3.003898552788629e+02, 3.015926954481337e+02, 3.03047119140625e+02, 3.044178263346354e+02, 3.060119188096788e+02, 3.072077026367188e+02, 3.083192884657118e+02, 3.086373901367188e+02, 3.080344441731771e+02, 3.081128404405382e+02, 3.068692999945746e+02, 3.05402587890625e+02, 3.041202765570746e+02, 3.027590738932292e+02, 3.022061564127604e+02, 3.010046657986111e+02, 3.002405666775173e+02, 2.993660481770833e+02, 2.991302761501736e+02, 2.993395317925347e+02, 2.987108154296875e+02, 3.005360649956597e+02, 3.011250101725261e+02, 3.013911946614583e+02, 3.015372111002604e+02, 3.015823940700955e+02, 3.016318562825521e+02, 3.01620113796658e+02, 3.016415608723958e+02, 3.0164697265625e+02, 3.017452426486545e+02, 3.018136223687066e+02, 3.019432881673177e+02, 3.023513454861111e+02, 3.025766974555121e+02, 3.027951151529948e+02, 3.030081481933594e+02, 3.032133687337239e+02, 3.034088439941406e+02, 3.035933532714844e+02]
heaSys.heaSche.TdegC[3].y=[2.997743225097656e+02, 2.997743225097656e+02, 2.997743225097656e+02, 2.997743225097656e+02, 2.997743225097656e+02, 2.997743225097656e+02, 2.997743225097656e+02, 2.997743225097656e+02, 2.997743225097656e+02, 2.997743225097656e+02, 2.997743225097656e+02, 3.02930168999566e+02, 3.031438090006511e+02, 3.031362609863281e+02, 3.031385837131077e+02, 3.031478474934896e+02, 3.031436869303386e+02, 3.031433749728733e+02, 3.031524047851562e+02, 3.031480882432726e+02, 3.031511027018229e+02, 3.031505737304688e+02, 3.030699462890625e+02, 3.031499532063802e+02, 3.031288452148438e+02, 3.031443549262153e+02, 3.029015367296007e+02, 3.038079833984375e+02, 3.024598083496094e+02, 2.994956292046441e+02, 2.984579366048177e+02, 2.963550618489583e+02, 2.956574537489149e+02, 2.950015462239583e+02, 2.950739237467448e+02, 2.947861056857639e+02, 2.961797180175781e+02, 2.950216403537327e+02, 2.956040412055121e+02, 2.953513793945312e+02, 3.036381666395399e+02, 3.031558193630642e+02, 3.031571858723958e+02, 3.031485561794705e+02, 3.031413743760851e+02, 3.031607971191406e+02, 3.031738586425781e+02, 3.031502007378472e+02, 3.031642862955729e+02, 3.031515943739149e+02, 3.031690911187066e+02, 3.031526285807292e+02, 3.061023593478733e+02, 3.068106011284722e+02, 3.081710205078125e+02, 3.077520446777344e+02, 3.075915425618489e+02, 3.037330118815104e+02, 3.073641459147136e+02, 3.059669325086805e+02, 3.006717020670573e+02, 2.986086324055989e+02, 3.034354553222656e+02, 3.053403015136719e+02, 3.085636393229167e+02, 3.087740444607205e+02, 3.114782613118489e+02, 3.108324381510417e+02, 3.108883361816406e+02, 3.082302754720052e+02, 3.105557420518663e+02, 3.057198079427083e+02, 3.037047119140625e+02, 3.020441792805989e+02, 3.014859517415364e+02, 3.004310607910156e+02, 2.991788838704427e+02, 2.983324211968316e+02, 2.982880045572917e+02, 2.975054253472222e+02, 2.984278361002604e+02, 2.972750854492188e+02, 3.033182101779514e+02, 3.031497938368055e+02, 3.030288696289062e+02, 3.03162360297309e+02, 3.03216315375434e+02, 3.031557718912761e+02, 3.031449110243055e+02, 3.031498480902778e+02, 3.031077270507812e+02, 3.031326463487413e+02, 3.041793891059028e+02, 3.031500854492188e+02, 3.031549072265625e+02, 3.031549072265625e+02, 3.031549072265625e+02, 3.031549072265625e+02, 3.031549072265625e+02, 3.031549072265625e+02, 3.031549072265625e+02]
struct.TSensor[3]=[2.931499938964844e+02, 3.031465691460504e+02, 3.031473388671875e+02, 3.031475524902344e+02, 3.031476135253906e+02, 3.031476135253906e+02, 3.031475830078125e+02, 3.031475830078125e+02, 3.031475524902344e+02, 3.031475219726562e+02, 3.031474914550781e+02, 3.031474609375e+02, 3.031480916341146e+02, 3.031475490993923e+02, 3.031477661132812e+02, 3.031475016276042e+02, 3.031489562988281e+02, 3.031476745605469e+02, 3.031488037109375e+02, 3.031478576660156e+02, 3.031482577853733e+02, 3.031476745605469e+02, 3.031484035915798e+02, 3.031476169162327e+02, 3.031477355957031e+02, 3.031473693847656e+02, 3.031483018663195e+02, 3.031473693847656e+02, 3.023791605631511e+02, 3.000294528537327e+02, 2.992685852050781e+02, 2.976241421169705e+02, 2.968129442003038e+02, 2.960665893554688e+02, 2.957377658420139e+02, 2.952375183105469e+02, 2.9597705078125e+02, 2.951099243164062e+02, 2.951919352213542e+02, 2.950399068196614e+02, 3.032024163140191e+02, 3.031462097167969e+02, 3.031487630208333e+02, 3.031475219726562e+02, 3.031496005588108e+02, 3.031479187011719e+02, 3.031482713487413e+02, 3.031478271484375e+02, 3.031478271484375e+02, 3.031476440429688e+02, 3.031479797363281e+02, 3.031476440429688e+02, 3.063907606336805e+02, 3.074252454969618e+02, 3.075892639160156e+02, 3.076655171712239e+02, 3.085868259006077e+02, 3.041836751302083e+02, 3.087383321126302e+02, 3.076415540907118e+02, 3.020012105305989e+02, 3.004467366536458e+02, 3.055560641818577e+02, 3.06956787109375e+02, 3.099061720106337e+02, 3.100408393012153e+02, 3.126573282877604e+02, 3.124027574327257e+02, 3.125564066569011e+02, 3.0945654296875e+02, 3.124347737630208e+02, 3.073348388671875e+02, 3.056072082519531e+02, 3.040820888943142e+02, 3.036687655978733e+02, 3.023543497721354e+02, 3.011907382541233e+02, 3.00337154812283e+02, 3.007348734537761e+02, 2.995047336154514e+02, 3.001230265299479e+02, 2.989699096679688e+02, 3.031471523708767e+02, 3.031472473144531e+02, 3.031478271484375e+02, 3.031475185818142e+02, 3.031476372612847e+02, 3.031475524902344e+02, 3.031476135253906e+02, 3.031475830078125e+02, 3.03148193359375e+02, 3.031478881835938e+02, 3.037713928222656e+02, 3.031485493977864e+02, 3.038493381076389e+02, 3.040674235026042e+02, 3.042895812988281e+02, 3.045114474826389e+02, 3.047269965277778e+02, 3.049328918457031e+02, 3.051276245117188e+02]
heaSys.heaSche.TdegC[4].y=[2.99871826171875e+02, 2.99871826171875e+02, 2.99871826171875e+02, 2.99871826171875e+02, 2.99871826171875e+02, 2.99871826171875e+02, 2.99871826171875e+02, 2.99871826171875e+02, 2.99871826171875e+02, 2.99871826171875e+02, 2.99871826171875e+02, 3.028327433268229e+02, 3.032151184082031e+02, 3.031512620713976e+02, 3.031538560655382e+02, 3.031556599934896e+02, 3.032718370225695e+02, 3.031378682454427e+02, 3.032116394042969e+02, 3.031583692762587e+02, 3.033137308756511e+02, 3.031635437011719e+02, 3.031355828179254e+02, 3.031445685492621e+02, 3.031247456868489e+02, 3.031439175075955e+02, 3.0300537109375e+02, 3.030937805175781e+02, 3.02628899468316e+02, 2.998594224717882e+02, 2.986151835123698e+02, 2.967021009657118e+02, 2.958927273220486e+02, 2.952815144856771e+02, 2.951417541503906e+02, 2.949697740342882e+02, 2.958978881835938e+02, 2.951258443196614e+02, 2.954678955078125e+02, 2.954807535807292e+02, 3.030375162760417e+02, 3.031507873535156e+02, 3.031756998697917e+02, 3.031411946614583e+02, 3.031812845865886e+02, 3.031546630859375e+02, 3.032029317220052e+02, 3.031513231065538e+02, 3.03158935546875e+02, 3.031547648111979e+02, 3.031243726942274e+02, 3.031501261393229e+02, 3.057310621473524e+02, 3.06626207139757e+02, 3.079546813964844e+02, 3.078349372016059e+02, 3.071077134874132e+02, 3.040570271809896e+02, 3.071795281304254e+02, 3.059310370551215e+02, 3.010067036946614e+02, 2.990037841796875e+02, 3.031640930175781e+02, 3.052535095214844e+02, 3.076239217122396e+02, 3.085827806260851e+02, 3.102722880045573e+02, 3.106931932237413e+02, 3.107215440538195e+02, 3.085177510579427e+02, 3.095633917914496e+02, 3.060313585069445e+02, 3.039961853027344e+02, 3.024514363606771e+02, 3.013216925726996e+02, 3.007687784830729e+02, 2.994232618543837e+02, 2.986694641113281e+02, 2.980366821289062e+02, 2.977483893500434e+02, 2.98484368218316e+02, 2.975355224609375e+02, 3.031500379774305e+02, 3.031457316080729e+02, 3.030693766276042e+02, 3.031535034179688e+02, 3.031649983723958e+02, 3.031503499348958e+02, 3.031416117350261e+02, 3.031473422580295e+02, 3.031635131835938e+02, 3.031445617675781e+02, 3.031718241373698e+02, 3.031441752115886e+02, 3.031453552246094e+02, 3.031453552246094e+02, 3.031453552246094e+02, 3.031453552246094e+02, 3.031453552246094e+02, 3.031453552246094e+02, 3.031453552246094e+02]
struct.TSensor[4]=[2.931499938964844e+02, 3.031448533799913e+02, 3.031464402940538e+02, 3.031469116210938e+02, 3.031470642089844e+02, 3.031470947265625e+02, 3.031470947265625e+02, 3.031470947265625e+02, 3.031470642089844e+02, 3.031470642089844e+02, 3.031470336914062e+02, 3.031470336914062e+02, 3.031483154296875e+02, 3.031473354763455e+02, 3.031475185818142e+02, 3.031471862792969e+02, 3.031492852105035e+02, 3.031475457085504e+02, 3.031490478515625e+02, 3.031478271484375e+02, 3.03148423936632e+02, 3.031476135253906e+02, 3.03148186577691e+02, 3.031473727756077e+02, 3.031473693847656e+02, 3.031470336914062e+02, 3.031477152506511e+02, 3.0314697265625e+02, 3.023395148383246e+02, 3.008437127007379e+02, 2.99873291015625e+02, 2.984140319824219e+02, 2.97432379828559e+02, 2.966400146484375e+02, 2.96067623562283e+02, 2.956214938693577e+02, 2.959028930664062e+02, 2.952345208062066e+02, 2.951618211534288e+02, 2.952235921223958e+02, 3.004219055175781e+02, 3.031439107259114e+02, 3.031477559407552e+02, 3.031470642089844e+02, 3.031488545735677e+02, 3.03147705078125e+02, 3.031481424967448e+02, 3.031477966308594e+02, 3.031476440429688e+02, 3.031473965115017e+02, 3.031476745605469e+02, 3.031473388671875e+02, 3.051063639322917e+02, 3.060248074001736e+02, 3.0576806640625e+02, 3.068054673936632e+02, 3.073161960177952e+02, 3.048492329915364e+02, 3.076188659667969e+02, 3.069862976074219e+02, 3.028981221516927e+02, 3.013826158311632e+02, 3.043645494249132e+02, 3.056668395996094e+02, 3.071113382975261e+02, 3.083547566731771e+02, 3.096668802897136e+02, 3.106016879611545e+02, 3.11091810438368e+02, 3.092461751302083e+02, 3.107937995062934e+02, 3.078799675835504e+02, 3.064493103027344e+02, 3.051493564181858e+02, 3.039373270670573e+02, 3.031697591145833e+02, 3.019916483561198e+02, 3.011529405381945e+02, 3.003249308268229e+02, 2.999660101996528e+02, 3.002657809787327e+02, 2.994756774902344e+02, 3.031457180447048e+02, 3.03146728515625e+02, 3.031472473144531e+02, 3.031471862792969e+02, 3.031472744411892e+02, 3.031472574869792e+02, 3.031472778320312e+02, 3.031472778320312e+02, 3.031476135253906e+02, 3.031477423773871e+02, 3.03148196750217e+02, 3.031482238769531e+02, 3.036182250976562e+02, 3.038398742675781e+02, 3.040642293294271e+02, 3.04286868625217e+02, 3.045029669867621e+02, 3.047095947265625e+02, 3.049051513671875e+02]
struct.TSensor[5]=[2.931499938964844e+02, 2.969356011284722e+02, 2.966794908311632e+02, 2.964470926920573e+02, 2.962166646321614e+02, 2.959962259928386e+02, 2.957728169759114e+02, 2.955494656032986e+02, 2.953350897894965e+02, 2.951499633789062e+02, 2.951497802734375e+02, 2.951496887207031e+02, 2.951498311360677e+02, 2.951495361328125e+02, 2.951497802734375e+02, 2.951495666503906e+02, 2.951817287868923e+02, 2.951492852105035e+02, 2.952256164550781e+02, 2.951498650444879e+02, 2.951952446831597e+02, 2.951496988932292e+02, 2.9514990234375e+02, 2.951493259006077e+02, 2.951493326822917e+02, 2.951490478515625e+02, 2.95149400499132e+02, 2.951490173339844e+02, 2.951395060221354e+02, 2.950135328504774e+02, 2.952034912109375e+02, 2.950702412923177e+02, 2.951165330674913e+02, 2.949803975423177e+02, 2.950655551486545e+02, 2.948154805501302e+02, 2.949081115722656e+02, 2.947282986111111e+02, 2.947825317382812e+02, 2.945651652018229e+02, 2.945825432671441e+02, 2.951488647460938e+02, 2.951911010742188e+02, 2.951497361924913e+02, 2.954015265570746e+02, 2.952674865722656e+02, 2.954750705295139e+02, 2.954276563856337e+02, 2.952826232910156e+02, 2.951498718261719e+02, 2.9514990234375e+02, 2.951498413085938e+02, 2.95185533311632e+02, 2.951047702365452e+02, 2.955500793457031e+02, 2.957401970757379e+02, 2.961017388237847e+02, 2.961833292643229e+02, 2.962673984103733e+02, 2.962768249511719e+02, 2.957085876464844e+02, 2.952925448947483e+02, 2.952169731987847e+02, 2.948648376464844e+02, 2.951846042209202e+02, 2.954740804036458e+02, 2.963225606282552e+02, 2.967719217936198e+02, 2.971048109266493e+02, 2.971636250813802e+02, 2.974525010850695e+02, 2.975193176269531e+02, 2.975828552246094e+02, 2.975563727484809e+02, 2.973366054958767e+02, 2.971922709147136e+02, 2.968209771050347e+02, 2.964261576334636e+02, 2.961361287434896e+02, 2.959923909505208e+02, 2.958529018825955e+02, 2.958411560058594e+02, 2.951498345269097e+02, 2.951495802137587e+02, 2.951496887207031e+02, 2.951496276855469e+02, 2.951496887207031e+02, 2.951495666503906e+02, 2.951496107313368e+02, 2.951497124565972e+02, 2.951499633789062e+02, 2.951983947753906e+02, 2.954397074381511e+02, 2.956680297851562e+02, 2.959208984375e+02, 2.961685350206163e+02, 2.964247334798177e+02, 2.966780700683594e+02, 2.969230177137587e+02, 2.971567687988281e+02, 2.973779602050781e+02]
heaSys.heaSche.TdegC[5].y=[2.95154541015625e+02, 2.95154541015625e+02, 2.95154541015625e+02, 2.95154541015625e+02, 2.95154541015625e+02, 2.95154541015625e+02, 2.95154541015625e+02, 2.95154541015625e+02, 2.95154541015625e+02, 2.95154541015625e+02, 2.95154541015625e+02, 2.951514010959202e+02, 2.951507771809896e+02, 2.951469048394097e+02, 2.951542222764757e+02, 2.951512044270833e+02, 2.952439676920573e+02, 2.95141604953342e+02, 2.952870788574219e+02, 2.951521199544271e+02, 2.952401597764757e+02, 2.951516011555989e+02, 2.95148674858941e+02, 2.951487392849392e+02, 2.951475423177083e+02, 2.951466606987847e+02, 2.951491156684028e+02, 2.951117553710938e+02, 2.951506924099392e+02, 2.951417338053386e+02, 2.951452128092448e+02, 2.95154544406467e+02, 2.951424763997396e+02, 2.951372680664062e+02, 2.951528116861979e+02, 2.95151607937283e+02, 2.951491394042969e+02, 2.951535949707031e+02, 2.951548258463542e+02, 2.951520284016927e+02, 2.951545511881511e+02, 2.951609361436632e+02, 2.953994649251302e+02, 2.954758673773871e+02, 2.955855916341146e+02, 2.957141418457031e+02, 2.958246290418837e+02, 2.959639451768663e+02, 2.957486572265625e+02, 2.955277947319879e+02, 2.954687228732639e+02, 2.954164733886719e+02, 2.955001085069445e+02, 2.956902194552952e+02, 2.961376953125e+02, 2.964449191623264e+02, 2.964661085340712e+02, 2.965964864095052e+02, 2.965398966471354e+02, 2.964988132052952e+02, 2.956641337076823e+02, 2.951496141221788e+02, 2.951512349446614e+02, 2.951499938964844e+02, 2.953776346842448e+02, 2.960283372667101e+02, 2.966080017089844e+02, 2.972698703342014e+02, 2.974525112575955e+02, 2.974011637369792e+02, 2.973997701009114e+02, 2.975360039605035e+02, 2.972183227539062e+02, 2.970083821614583e+02, 2.965835130479601e+02, 2.965709126790364e+02, 2.959723612467448e+02, 2.955472378200955e+02, 2.951423238118489e+02, 2.951471659342448e+02, 2.951483154296875e+02, 2.951487426757812e+02, 2.951575080023871e+02, 2.951480034722222e+02, 2.95154052734375e+02, 2.951626349555121e+02, 2.951501905653212e+02, 2.951500244140625e+02, 2.951516452365452e+02, 2.951518012152778e+02, 2.951689147949219e+02, 2.955332370334202e+02, 2.955308702256945e+02, 2.959816385904948e+02, 2.95889404296875e+02, 2.95889404296875e+02, 2.95889404296875e+02, 2.95889404296875e+02, 2.95889404296875e+02, 2.95889404296875e+02, 2.95889404296875e+02]
struct.TSensor[6]=[2.931499938964844e+02, 2.969418029785156e+02, 2.967150302463108e+02, 2.965537211100261e+02, 2.964131130642361e+02, 2.962624104817708e+02, 2.961078389485677e+02, 2.959536539713542e+02, 2.958032701280382e+02, 2.956593933105469e+02, 2.955316026475695e+02, 2.954271240234375e+02, 2.955913696289062e+02, 2.95372314453125e+02, 2.954565158420139e+02, 2.953496602376302e+02, 2.957903001573351e+02, 2.953316684299045e+02, 2.958882141113281e+02, 2.95626708984375e+02, 2.958603278266059e+02, 2.955720316569011e+02, 2.956953328450521e+02, 2.953197699652778e+02, 2.951636149088542e+02, 2.951498107910156e+02, 2.952522956000434e+02, 2.951496887207031e+02, 2.953462592230903e+02, 2.952670457628038e+02, 2.954641418457031e+02, 2.952808702256945e+02, 2.953885904947917e+02, 2.952581176757812e+02, 2.953179694281684e+02, 2.951188524034288e+02, 2.951570129394531e+02, 2.949297858344184e+02, 2.949256896972656e+02, 2.947056274414062e+02, 2.947852003309462e+02, 2.951495971679688e+02, 2.955251668294271e+02, 2.954288736979167e+02, 2.958517286512587e+02, 2.95763671875e+02, 2.960456203884548e+02, 2.96005608452691e+02, 2.958473917643229e+02, 2.956449924045139e+02, 2.957616950141059e+02, 2.956238098144531e+02, 2.957963629828559e+02, 2.958083089192708e+02, 2.964301147460938e+02, 2.965710754394531e+02, 2.97071780734592e+02, 2.970456746419271e+02, 2.972135959201389e+02, 2.971297098795573e+02, 2.965544738769531e+02, 2.95996331108941e+02, 2.957723388671875e+02, 2.956766662597656e+02, 2.961138916015625e+02, 2.964787801106771e+02, 2.974158020019531e+02, 2.978412373860677e+02, 2.981651848687066e+02, 2.981945190429688e+02, 2.985505879720052e+02, 2.986119859483507e+02, 2.985751037597656e+02, 2.98430904812283e+02, 2.982117343478733e+02, 2.979869893391927e+02, 2.974863722059462e+02, 2.970035807291667e+02, 2.965658060709636e+02, 2.961407029893663e+02, 2.95843275282118e+02, 2.958270568847656e+02, 2.95459486219618e+02, 2.954092203776042e+02, 2.954643656412761e+02, 2.953864169650608e+02, 2.953978814019097e+02, 2.953788553873698e+02, 2.953185221354167e+02, 2.954302198621962e+02, 2.955427856445312e+02, 2.958371378580729e+02, 2.961019083658854e+02, 2.964956563313802e+02, 2.967151590983073e+02, 2.969604865180121e+02, 2.972035624186198e+02, 2.974388800726996e+02, 2.976639268663195e+02, 2.978777160644531e+02, 2.980797424316406e+02]
heaSys.heaSche.TdegC[6].y=[2.954591979980469e+02, 2.954591979980469e+02, 2.954591979980469e+02, 2.954591979980469e+02, 2.954591979980469e+02, 2.954591979980469e+02, 2.954591979980469e+02, 2.954591979980469e+02, 2.954591979980469e+02, 2.954591979980469e+02, 2.954591979980469e+02, 2.955227695041233e+02, 2.957923583984375e+02, 2.957061462402344e+02, 2.956512518988715e+02, 2.954332173665364e+02, 2.957140129937066e+02, 2.954229024251302e+02, 2.956398315429688e+02, 2.955661892361111e+02, 2.957978515625e+02, 2.956359151204427e+02, 2.956908535427517e+02, 2.953812086317274e+02, 2.952647094726562e+02, 2.951482103135851e+02, 2.951785854763455e+02, 2.951382141113281e+02, 2.951515875922309e+02, 2.951482916937934e+02, 2.951490885416667e+02, 2.951494479709202e+02, 2.951527947319879e+02, 2.951462809244792e+02, 2.95151363796658e+02, 2.951479865180121e+02, 2.951411743164062e+02, 2.951542188856337e+02, 2.951564534505208e+02, 2.951481119791667e+02, 2.951529303656684e+02, 2.952069295247396e+02, 2.955927225748698e+02, 2.956660427517361e+02, 2.957851121690538e+02, 2.959401550292969e+02, 2.961097852918837e+02, 2.961854790581597e+02, 2.961495666503906e+02, 2.959325561523438e+02, 2.959359673394097e+02, 2.958600260416667e+02, 2.960679355197483e+02, 2.963277418348524e+02, 2.966926879882812e+02, 2.970447319878472e+02, 2.971388244628906e+02, 2.971946411132812e+02, 2.971961703830295e+02, 2.971456671820746e+02, 2.963222249348958e+02, 2.955274217393663e+02, 2.953038330078125e+02, 2.956175537109375e+02, 2.958252733018663e+02, 2.965680033365886e+02, 2.971255086263021e+02, 2.978757222493489e+02, 2.981737094455295e+02, 2.982734781901042e+02, 2.982682189941406e+02, 2.983179219563802e+02, 2.979937438964844e+02, 2.976878763834636e+02, 2.972891947428386e+02, 2.971529744466146e+02, 2.966026645236545e+02, 2.961447211371528e+02, 2.956649780273438e+02, 2.9530908203125e+02, 2.951644354926215e+02, 2.951498718261719e+02, 2.951538933648004e+02, 2.951500210232205e+02, 2.952548319498698e+02, 2.95333987765842e+02, 2.953195461697048e+02, 2.954143981933594e+02, 2.954111328125e+02, 2.955629442003038e+02, 2.956679382324219e+02, 2.959912957085504e+02, 2.960502827962239e+02, 2.963864949544271e+02, 2.963084411621094e+02, 2.963084411621094e+02, 2.963084411621094e+02, 2.963084411621094e+02, 2.963084411621094e+02, 2.963084411621094e+02, 2.963084411621094e+02]
struct.TSensor[7]=[2.931499938964844e+02, 2.976544528537327e+02, 2.976862996419271e+02, 2.976186014811198e+02, 2.974948527018229e+02, 2.97346184624566e+02, 2.971891479492188e+02, 2.970333353678386e+02, 2.968842163085938e+02, 2.9674462890625e+02, 2.966159261067708e+02, 2.964998813205295e+02, 2.964442138671875e+02, 2.963365478515625e+02, 2.963142259385851e+02, 2.962402547200521e+02, 2.963344353569879e+02, 2.961942884657118e+02, 2.963521118164062e+02, 2.963252427842882e+02, 2.963927035861545e+02, 2.963287048339844e+02, 2.963873392740886e+02, 2.962611355251736e+02, 2.96152587890625e+02, 2.960023396809896e+02, 2.959607679578993e+02, 2.95780517578125e+02, 2.958954569498698e+02, 2.957198113335504e+02, 2.955594380696614e+02, 2.95353285047743e+02, 2.953666483561198e+02, 2.952606302897136e+02, 2.952483757866754e+02, 2.950940619574653e+02, 2.950824279785156e+02, 2.949155510796441e+02, 2.948935309516059e+02, 2.947007242838542e+02, 2.946574300130208e+02, 2.95149654812283e+02, 2.954542541503906e+02, 2.95661624484592e+02, 2.959922960069445e+02, 2.961337280273438e+02, 2.963425971137153e+02, 2.964373847113715e+02, 2.964549458821614e+02, 2.964357333713108e+02, 2.964327562120226e+02, 2.964138285319011e+02, 2.965698649088542e+02, 2.968175455729167e+02, 2.972981872558594e+02, 2.977083468967014e+02, 2.9788623046875e+02, 2.980604248046875e+02, 2.981141323513455e+02, 2.981961398654514e+02, 2.978776753743489e+02, 2.974222615559896e+02, 2.970459289550781e+02, 2.970518188476562e+02, 2.973487074110243e+02, 2.977759433322483e+02, 2.984014383951823e+02, 2.989984605577257e+02, 2.994499952528212e+02, 2.997423400878906e+02, 2.999156392415364e+02, 3.000211927625868e+02, 2.999080810546875e+02, 2.996598510742188e+02, 2.992923651801215e+02, 2.990234375e+02, 2.986157667371962e+02, 2.981951429578993e+02, 2.977538655598958e+02, 2.973866034613715e+02, 2.971160719129774e+02, 2.967874145507812e+02, 2.964795023600261e+02, 2.964386562771267e+02, 2.963942565917969e+02, 2.963594733344184e+02, 2.963193122016059e+02, 2.962880655924479e+02, 2.962375115288629e+02, 2.962573920355903e+02, 2.962674865722656e+02, 2.963855997721354e+02, 2.96505133734809e+02, 2.967992757161458e+02, 2.971186353895399e+02, 2.974088812934028e+02, 2.976888834635417e+02, 2.979560885959202e+02, 2.982087877061632e+02, 2.98446533203125e+02, 2.986687622070312e+02]
heaSys.heaSche.TdegC[7].y=[2.96263427734375e+02, 2.96263427734375e+02, 2.96263427734375e+02, 2.96263427734375e+02, 2.96263427734375e+02, 2.96263427734375e+02, 2.96263427734375e+02, 2.96263427734375e+02, 2.96263427734375e+02, 2.96263427734375e+02, 2.96263427734375e+02, 2.962425842285156e+02, 2.963945210774739e+02, 2.964496697319879e+02, 2.964606255425347e+02, 2.964639892578125e+02, 2.965338134765625e+02, 2.964749586317274e+02, 2.965295104980469e+02, 2.965325859917535e+02, 2.96605953640408e+02, 2.966092631022136e+02, 2.966123284233941e+02, 2.965487433539496e+02, 2.964447224934896e+02, 2.963434143066406e+02, 2.962869364420573e+02, 2.961744689941406e+02, 2.960701395670573e+02, 2.957579311794705e+02, 2.953584798177083e+02, 2.951451992458767e+02, 2.951424628363715e+02, 2.951470642089844e+02, 2.951522894965278e+02, 2.951522555881077e+02, 2.951587219238281e+02, 2.951524454752604e+02, 2.951497565375434e+02, 2.951533406575521e+02, 2.952301364474827e+02, 2.957107103135851e+02, 2.960041605631511e+02, 2.961971944173177e+02, 2.963538038465712e+02, 2.965180053710938e+02, 2.966541951497396e+02, 2.967628682454427e+02, 2.968300984700521e+02, 2.968152160644531e+02, 2.967881910536024e+02, 2.967921854654948e+02, 2.969112141927083e+02, 2.972941284179688e+02, 2.976505432128906e+02, 2.980945739746094e+02, 2.979377950032552e+02, 2.980881652832031e+02, 2.980507134331597e+02, 2.980714382595486e+02, 2.975535380045573e+02, 2.969226718478733e+02, 2.965559455023871e+02, 2.968380737304688e+02, 2.970881618923611e+02, 2.976688435872396e+02, 2.980881144205729e+02, 2.987601487901476e+02, 2.99132581922743e+02, 2.994072672526042e+02, 2.992886216905382e+02, 2.993033820258246e+02, 2.989508361816406e+02, 2.985686408148871e+02, 2.980962253146702e+02, 2.978739725748698e+02, 2.974313320583767e+02, 2.970308973524305e+02, 2.965588073730469e+02, 2.962494947645399e+02, 2.961024441189236e+02, 2.958006286621094e+02, 2.958540717230903e+02, 2.961243184407552e+02, 2.962321879069011e+02, 2.963092888726129e+02, 2.963377143012153e+02, 2.963837890625e+02, 2.964018792046441e+02, 2.964659830729167e+02, 2.965070190429688e+02, 2.966405707465278e+02, 2.966910027398004e+02, 2.969098510742188e+02, 2.969032592773438e+02, 2.969032592773438e+02, 2.969032592773438e+02, 2.969032592773438e+02, 2.969032592773438e+02, 2.969032592773438e+02, 2.969032592773438e+02]
heaSys.Qhea[1]=[1.975e+03, 1.500113403320312e+03, 1.259657416449653e+03, 1.186643229166667e+03, 1.165143500434028e+03, 1.161869927300347e+03, 1.165346110026042e+03, 1.171238104926215e+03, 1.177775417751736e+03, 1.18421240234375e+03, 1.18972370062934e+03, 1.192094333224826e+03, 5.264229532877604e+02, 1.086339721679688e+03, 9.41856675889757e+02, 1.141936930338542e+03, 1.091143820020888e+01, 1.068123630099826e+03, 1.521405487060547e+02, 8.884023234049479e+02, 5.529516940646702e+02, 9.846155802408854e+02, 6.597220052083334e+02, 1.140007107204861e+03, 1.104215372721354e+03, 1.284503824869792e+03, 8.851316121419271e+02, 1.258885375976562e+03, 3.721138874689738e+00, 3.67002002398173e+00, 3.888568798700968e+00, 4.03113055229187e+00, 3.857529587215847e+00, 3.535365502039591e+00, 4.141806337568495e+00, 4.000012318293254e+00, 3.938359975814819e+00, 3.794501066207886e+00, 4.033551745944553e+00, 3.847039620081584e+00, 1.799867513020833e+03, 1.348154866536458e+03, 1.948311971028646e+02, 9.240564507378472e+02, 8.430398474799262e+01, 8.054925537109375e+02, 6.040786946614584e+02, 8.127684190538195e+02, 9.171444702148438e+02, 1.082288099500868e+03, 8.987918565538195e+02, 1.069836832682292e+03, 1.79985498046875e+03, 1.79975543891059e+03, 3.901853084564209e+00, 4.029849152565002e+02, 1.800012220594618e+03, 4.138351440429688e+00, 1.800154256184896e+03, 1.799837320963542e+03, 3.811973810195923e+00, 3.791929589377509e+00, 1.799779690212674e+03, 1.799428100585938e+03, 1.799679144965278e+03, 1.800058024088542e+03, 1.799945638020833e+03, 1.799740614149306e+03, 1.799954237196181e+03, 3.765749851862589e+00, 1.799984239366319e+03, 3.477728896670871e+00, 4.231503486633301e+00, 4.10546875e+00, 3.430997769037882e+00, 4.045747041702271e+00, 3.918411334355672e+00, 3.808463308546278e+00, 3.81222661336263e+00, 3.906562911139594e+00, 4.121158281962077e+00, 3.920814990997314e+00, 1.420459486219618e+03, 1.219424357096354e+03, 1.043623494466146e+03, 1.129241048177083e+03, 1.079061374240451e+03, 1.123525268554688e+03, 1.091561564127604e+03, 1.076974772135417e+03, 8.566361083984375e+02, 8.185079956054688e+02, 5.745558471679688e+02, 6.549707438151041e+02, 1.076171997070312e+03, 1.076171997070312e+03, 1.076171997070312e+03, 1.076171997070312e+03, 1.076171997070312e+03, 1.076171997070312e+03, 1.076171997070312e+03]
heaSys.heaSche.Pel_IDEAL[1]=[1.832202880859375e+03, 1.832202880859375e+03, 1.832202880859375e+03, 1.832202880859375e+03, 1.832202880859375e+03, 1.832202880859375e+03, 1.832202880859375e+03, 1.832202880859375e+03, 1.832202880859375e+03, 1.832202880859375e+03, 1.832202880859375e+03, 1.947222520616319e+03, 2.726523946126302e+02, 1.47767626953125e+03, 1.008759887695312e+03, 1.352717244466146e+03, 3.851435210969713e+00, 1.354211154513889e+03, 3.73984169960022e+00, 1.163608723958333e+03, 1.100137630038791e+02, 1.283353068033854e+03, 6.912016330295139e+02, 1.465353108723958e+03, 1.226174112955729e+03, 1.510863661024306e+03, 6.689734632703993e+02, 9.00289794921875e+02, 3.721138874689738e+00, 3.67002002398173e+00, 3.888568798700968e+00, 4.03113055229187e+00, 3.857529587215847e+00, 3.535365502039591e+00, 4.141806337568495e+00, 4.000012318293254e+00, 3.938359975814819e+00, 3.794501066207886e+00, 4.033551745944553e+00, 3.847039620081584e+00, 1.799867513020833e+03, 1.460135660807292e+03, 3.700684388478597e+00, 1.121155164930556e+03, 3.690000904930963e+00, 1.036303466796875e+03, 1.664480887518989e+02, 9.851815456814236e+02, 9.363943074544271e+02, 1.284705078125e+03, 8.172040473090278e+02, 1.225471435546875e+03, 1.79985498046875e+03, 1.79975543891059e+03, 3.901853084564209e+00, 4.029849152565002e+02, 1.800012220594618e+03, 4.138351440429688e+00, 1.800154256184896e+03, 1.799837320963542e+03, 3.811973810195923e+00, 3.791929589377509e+00, 1.799779690212674e+03, 1.799428100585938e+03, 1.799679144965278e+03, 1.800058024088542e+03, 1.799945638020833e+03, 1.799740614149306e+03, 1.799954237196181e+03, 3.765749851862589e+00, 1.799984239366319e+03, 3.477728896670871e+00, 4.231503486633301e+00, 4.10546875e+00, 3.430997769037882e+00, 4.045747041702271e+00, 3.918411334355672e+00, 3.808463308546278e+00, 3.81222661336263e+00, 3.906562911139594e+00, 4.121158281962077e+00, 3.920814990997314e+00, 1.829982191297743e+03, 1.521341267903646e+03, 9.095154012044271e+02, 1.370043999565972e+03, 1.091281412760417e+03, 1.352484944661458e+03, 1.107396999782986e+03, 1.257471842447917e+03, 5.92395751953125e+02, 1.049224717881944e+03, 2.554434390597873e+02, 1.015377319335938e+03, 1.076171997070312e+03, 1.076171997070312e+03, 1.076171997070312e+03, 1.076171997070312e+03, 1.076171997070312e+03, 1.076171997070312e+03, 1.076171997070312e+03]
heaSys.Qhea[3]=[7.5e+02, 3.418211229112413e+02, 2.672115342881945e+02, 2.457419586181641e+02, 2.394244147406684e+02, 2.386937221950955e+02, 2.402265930175781e+02, 2.426558430989583e+02, 2.453520711263021e+02, 2.480229187011719e+02, 2.50539060804579e+02, 2.527530331081814e+02, 1.896337280273438e+02, 2.45617424858941e+02, 2.2260913933648e+02, 2.494323221842448e+02, 1.044115897284614e+02, 2.328527136908637e+02, 1.184161758422852e+02, 2.145699412027995e+02, 1.745966101752387e+02, 2.33869639078776e+02, 1.593678538004557e+02, 2.372318081325955e+02, 2.273533477783203e+02, 2.630622151692708e+02, 1.705867021348741e+02, 2.623459167480469e+02, 1.001074822743734e+01, 9.83742978837755e+00, 9.601400375366211e+00, 9.519094149271647e+00, 9.585663795471191e+00, 9.66518529256185e+00, 9.309705628289116e+00, 9.360679944356283e+00, 9.378019332885742e+00, 9.847430123223198e+00, 1.022967963748508e+01, 9.887352307637533e+00, 4.999909057617188e+02, 3.780955607096354e+02, 1.243816579182943e+02, 2.486166263156467e+02, 4.082131873236762e+01, 2.090459899902344e+02, 1.743302663167318e+02, 2.174701080322266e+02, 2.162775014241537e+02, 2.36413326687283e+02, 2.032401750352648e+02, 2.357195994059245e+02, 5.000098843044705e+02, 4.999979722764757e+02, 9.566512107849121e+00, 1.18480712890625e+02, 5.000377977159288e+02, 9.038625717163086e+00, 5.000889451768663e+02, 4.999916449652778e+02, 8.963774045308432e+00, 9.491825633578831e+00, 5.000062696668837e+02, 4.999195556640625e+02, 5.00016604953342e+02, 5.000530598958333e+02, 5.000093078613281e+02, 4.998594936794705e+02, 4.999817199707031e+02, 9.444955507914225e+00, 5.000227932400173e+02, 9.997639656066895e+00, 9.51969051361084e+00, 9.167121145460341e+00, 9.21886126200358e+00, 9.048268636067709e+00, 9.086102061801487e+00, 9.009578280978733e+00, 9.457995732625326e+00, 9.527658250596788e+00, 9.98153633541531e+00, 9.653515815734863e+00, 2.837305806477864e+02, 2.746900431315104e+02, 2.185574951171875e+02, 2.491837022569445e+02, 2.368555314805773e+02, 2.452744649251302e+02, 2.399406534830729e+02, 2.406524115668403e+02, 1.799927062988281e+02, 2.114528927273221e+02, 0e+00, 1.453622283935547e+02, 2.273497772216797e+02, 2.273497772216797e+02, 2.273497772216797e+02, 2.273497772216797e+02, 2.273497772216797e+02, 2.273497772216797e+02, 2.273497772216797e+02]
heaSys.heaSche.Pel_IDEAL[3]=[6.529138793945312e+02, 6.529138793945312e+02, 6.529138793945312e+02, 6.529138793945312e+02, 6.529138793945312e+02, 6.529138793945312e+02, 6.529138793945312e+02, 6.529138793945312e+02, 6.529138793945312e+02, 6.529138793945312e+02, 6.529138793945312e+02, 7.29192369249132e+02, 2.893183390299479e+02, 2.864266425238715e+02, 1.967096201578776e+02, 2.672375081380208e+02, 4.011805089314779e+01, 2.637550218370226e+02, 8.027382659912109e+01, 2.625664672851562e+02, 1.259518373277452e+02, 2.762430928548177e+02, 2.140645226372613e+02, 2.643975423177083e+02, 2.074988657633463e+02, 2.910273098415798e+02, 2.04717525906033e+02, 1.717235565185547e+02, 1.001074822743734e+01, 9.83742978837755e+00, 9.601400375366211e+00, 9.519094149271647e+00, 9.585663795471191e+00, 9.66518529256185e+00, 9.309705628289116e+00, 9.360679944356283e+00, 9.378019332885742e+00, 9.847430123223198e+00, 1.022967963748508e+01, 9.887352307637533e+00, 4.999909057617188e+02, 3.297927754720052e+02, 3.959134292602539e+01, 2.89707027859158e+02, 1.528154373168945e+01, 2.726466369628906e+02, 7.566426510281033e+01, 2.487258046468099e+02, 2.291477610270182e+02, 2.686624111599392e+02, 1.799872029622396e+02, 2.523026224772135e+02, 5.000098843044705e+02, 4.999979722764757e+02, 9.566512107849121e+00, 1.18480712890625e+02, 5.000377977159288e+02, 9.038625717163086e+00, 5.000889451768663e+02, 4.999916449652778e+02, 8.963774045308432e+00, 9.491825633578831e+00, 5.000062696668837e+02, 4.999195556640625e+02, 5.00016604953342e+02, 5.000530598958333e+02, 5.000093078613281e+02, 4.998594936794705e+02, 4.999817199707031e+02, 9.444955507914225e+00, 5.000227932400173e+02, 9.997639656066895e+00, 9.51969051361084e+00, 9.167121145460341e+00, 9.21886126200358e+00, 9.048268636067709e+00, 9.086102061801487e+00, 9.009578280978733e+00, 9.457995732625326e+00, 9.527658250596788e+00, 9.98153633541531e+00, 9.653515815734863e+00, 8.622950236002605e+01, 3.498629726833767e+02, 1.822058308919271e+02, 2.956475050184462e+02, 2.33125239054362e+02, 2.948767293294271e+02, 2.637545979817708e+02, 2.72444098578559e+02, 2.376811981201172e+01, 2.66777825249566e+02, 4.355816602706909e+00, 2.231080881754557e+02, 2.273497772216797e+02, 2.273497772216797e+02, 2.273497772216797e+02, 2.273497772216797e+02, 2.273497772216797e+02, 2.273497772216797e+02, 2.273497772216797e+02]
heaSys.Qhea[4]=[7.5e+02, 5.143551161024305e+02, 3.558852979871962e+02, 3.100524393717448e+02, 2.950848151312934e+02, 2.906939663357205e+02, 2.902164916992188e+02, 2.911889004177517e+02, 2.92617438422309e+02, 2.941061401367188e+02, 2.955060458713108e+02, 2.966783616807726e+02, 1.688622639973958e+02, 2.676927218967014e+02, 2.492283528645833e+02, 2.822021789550781e+02, 7.164208899603949e+01, 2.459629533555773e+02, 9.526346588134766e+01, 2.185412970648871e+02, 1.580771874321832e+02, 2.397103576660156e+02, 1.823944820827908e+02, 2.621513129340278e+02, 2.623214823404948e+02, 2.970618964301215e+02, 2.280109507242838e+02, 3.038987426757812e+02, 9.599583877457513e-01, 9.694700108634101e-01, 9.927230676015218e-01, 9.771479699346755e-01, 9.841848413149515e-01, 8.842723170916239e-01, 1.011302067173852e+00, 1.045485748185052e+00, 1.005138278007507e+00, 9.731321930885315e-01, 1.05796406004164e+00, 9.846790035565695e-01, 5.000967983669705e+02, 6.087403428819445e+02, 2.232201334635417e+02, 2.934478929307726e+02, 1.139908786349826e+02, 2.295676879882812e+02, 1.855502302381727e+02, 2.19173826429579e+02, 2.349212799072266e+02, 2.613998650444879e+02, 2.328642171223958e+02, 2.655276184082031e+02, 5.000074971516927e+02, 4.999283515082465e+02, 1.397427678108215e+00, 1.1204209751553e+02, 5.000408698187934e+02, 1.073804219563802e+00, 5.001113077799479e+02, 4.999710049099392e+02, 9.949536323547363e-01, 9.817858669492934e-01, 4.999091152615017e+02, 4.999146728515625e+02, 4.999361945258246e+02, 5.000139872233073e+02, 4.999700317382812e+02, 5.000246887207031e+02, 4.998998582628038e+02, 1.126166423161824e+00, 5.000322842068142e+02, 8.948204451137118e-01, 1.094631671905518e+00, 1.050877465142144e+00, 8.664110435379876e-01, 1.034764051437378e+00, 1.012566553221808e+00, 9.790288739734225e-01, 1.011754810810089e+00, 1.016105850537618e+00, 1.04619824886322e+00, 1.049198031425476e+00, 4.279561903211805e+02, 3.261295233832465e+02, 2.749423522949219e+02, 2.822448086208767e+02, 2.73181389702691e+02, 2.734912821451823e+02, 2.722194383409288e+02, 2.712212829589844e+02, 2.388533020019531e+02, 2.265755733913846e+02, 1.795270148383246e+02, 1.770350240071615e+02, 2.450659942626953e+02, 2.450659942626953e+02, 2.450659942626953e+02, 2.450659942626953e+02, 2.450659942626953e+02, 2.450659942626953e+02, 2.450659942626953e+02]
heaSys.heaSche.Pel_IDEAL[4]=[6.7473095703125e+02, 6.7473095703125e+02, 6.7473095703125e+02, 6.7473095703125e+02, 6.7473095703125e+02, 6.7473095703125e+02, 6.7473095703125e+02, 6.7473095703125e+02, 6.7473095703125e+02, 6.7473095703125e+02, 6.7473095703125e+02, 7.563562961154514e+02, 2.142824554443359e+02, 3.102371487087673e+02, 2.978282911512587e+02, 2.873998107910156e+02, 1.120461066563924e+00, 2.797241685655382e+02, 7.11297607421875e+01, 2.708055521647136e+02, 1.86304429796007e+02, 2.745662434895833e+02, 2.912228054470486e+02, 2.795084974500868e+02, 2.998457234700521e+02, 3.062941792805989e+02, 2.940026346842448e+02, 1.791123046875e+02, 9.599583877457513e-01, 9.694700108634101e-01, 9.927230676015218e-01, 9.771479699346755e-01, 9.841848413149515e-01, 8.842723170916239e-01, 1.011302067173852e+00, 1.045485748185052e+00, 1.005138278007507e+00, 9.731321930885315e-01, 1.05796406004164e+00, 9.846790035565695e-01, 5.000967983669705e+02, 4.354048970540364e+02, 5.556234995524088e+01, 3.113610602484809e+02, 2.572029834323459e+01, 2.719609375e+02, 2.189127790662977e+02, 2.582200385199653e+02, 2.788397216796875e+02, 2.755746731228298e+02, 2.870612250434028e+02, 2.726972961425781e+02, 5.000074971516927e+02, 4.999283515082465e+02, 1.397427678108215e+00, 1.1204209751553e+02, 5.000408698187934e+02, 1.073804219563802e+00, 5.001113077799479e+02, 4.999710049099392e+02, 9.949536323547363e-01, 9.817858669492934e-01, 4.999091152615017e+02, 4.999146728515625e+02, 4.999361945258246e+02, 5.000139872233073e+02, 4.999700317382812e+02, 5.000246887207031e+02, 4.998998582628038e+02, 1.126166423161824e+00, 5.000322842068142e+02, 8.948204451137118e-01, 1.094631671905518e+00, 1.050877465142144e+00, 8.664110435379876e-01, 1.034764051437378e+00, 1.012566553221808e+00, 9.790288739734225e-01, 1.011754810810089e+00, 1.016105850537618e+00, 1.04619824886322e+00, 1.049198031425476e+00, 5.887699381510416e+02, 3.849117702907986e+02, 3.130439961751302e+02, 3.030356987847222e+02, 2.922485249837239e+02, 2.820123494466146e+02, 2.795901319715712e+02, 2.753977966308594e+02, 2.920945129394531e+02, 2.48879136827257e+02, 1.635620608859592e+02, 2.297624969482422e+02, 2.450659942626953e+02, 2.450659942626953e+02, 2.450659942626953e+02, 2.450659942626953e+02, 2.450659942626953e+02, 2.450659942626953e+02, 2.450659942626953e+02]
heaSys.heaSche.Pel_IDEAL[5]=[-8.98396372795105e-01, -8.98396372795105e-01, -8.98396372795105e-01, -8.98396372795105e-01, -8.98396372795105e-01, -8.98396372795105e-01, -8.98396372795105e-01, -8.98396372795105e-01, -8.98396372795105e-01, -8.98396372795105e-01, -8.98396372795105e-01, -8.345592220624288e-01, -1.094837856292725e+01, -1.579194980197483e+01, -8.406349658966064e+00, -1.501177215576172e+01, -5.386964109208849e+00, -3.070842912462022e+01, -5.749712944030762e+00, -2.363928010728624e+01, -9.498944812350803e+00, -3.119009971618652e+01, -1.925462701585558e+01, -1.878280046251085e+01, -4.37747065226237e+00, -5.741100311279297e+00, -1.093129303720262e+00, -1.568125152587891e+01, 1.040262603759766e+01, 2.632699796888564e+01, 4.313343811035156e+01, 6.835009511311848e+01, 9.285723707411024e+01, 8.888693237304688e+01, 9.518837229410808e+01, 8.466955820719402e+01, 7.506573486328125e+01, 7.622516208224826e+01, 6.915196990966797e+01, 6.587427266438802e+01, 2.516512235005696e+01, -2.080164464314779e+01, 1.062746747334798e+01, -2.800645277235243e+01, 7.576911873287624e+00, -2.564285469055176e+01, -1.396310276455349e+00, -2.045783869425456e+01, -2.557629712422689e+01, -3.517827563815646e+01, -2.614377551608615e+01, -2.694548034667969e+01, -1.33455990685357e+01, -4.677644856770834e+01, -1.211525344848633e+01, -3.792041524251302e+01, -6.82242907418145e+00, -3.206850814819336e+01, -2.224804751078288e+01, -3.20345884958903e+01, -5.551817576090495e+01, -3.48643438551161e+01, -7.972897317674425e+00, -4.983417892456055e+01, -1.999738311767578e+01, -4.770196363661024e+01, 1.025315125783285e+01, -2.388886155022515e+01, -2.590687306722005e+01, -4.620501454671224e+01, -1.607958666483561e+01, -4.083320575290256e+01, -1.987872314453125e+01, -1.849700440300835e+01, -6.965548409356011e+00, -2.092738405863444e+01, -2.169252353244358e+01, -2.773180982801649e+01, -4.368976434071858e+00, 1.148255125681559e+01, 1.668723731570774e+01, 3.396221542358398e+01, 1.867845005459256e+01, -8.257864846123589e+00, -1.457650979359945e+01, -1.638609462314182e+01, -1.303499126434326e+01, -1.706249809265137e+01, -1.29287559721205e+01, -1.618680466545953e+01, -6.086662769317627e+00, -1.909201516045464e+01, 6.857298851013184e+00, -1.294235293070475e+01, -1.12687931060791e+01, -1.12687931060791e+01, -1.12687931060791e+01, -1.12687931060791e+01, -1.12687931060791e+01, -1.12687931060791e+01, -1.12687931060791e+01]
heaSys.Qhea[5]=[7.5e+02, -4.460639572143555e+01, -4.460639572143555e+01, -4.460639572143555e+01, -4.460639572143555e+01, -4.460639572143555e+01, -4.460639572143555e+01, -4.460639572143555e+01, -4.460639572143555e+01, -4.167272186279297e+01, -2.237535328335232e+01, -1.264245499504937e+01, -1.698366483052571e+01, -4.900753127204047e+00, -1.002083026038276e+01, -1.408838947614034e+00, -1.402664184570312e+01, 3.917870018217299e+00, -1.494820880889893e+01, -2.016552204555935e+01, -1.856462987263997e+01, -1.52725575764974e+01, -2.175858582390679e+01, 2.973069316811032e-01, 6.741309801737468e+00, 2.031484667460124e+01, 1.214488908979628e+01, 3.444845581054688e+01, 1.040262603759766e+01, 2.632699796888564e+01, 4.313343811035156e+01, 6.835009511311848e+01, 9.285723707411024e+01, 8.888693237304688e+01, 9.518837229410808e+01, 8.466955820719402e+01, 7.506573486328125e+01, 7.622516208224826e+01, 6.915196990966797e+01, 6.587427266438802e+01, 2.516512235005696e+01, 6.74979510837131e+01, 1.509114762147268e+00, -1.174457634819878e+01, -1.416056240598361e+00, -3.576244735717773e+01, -1.099680540296766e+01, -3.129597918192546e+01, -3.661311213175455e+01, -3.256420220269097e+01, -2.656231880187988e+01, -2.034613927205404e+01, -1.33455990685357e+01, -4.677644856770834e+01, -1.211525344848633e+01, -3.792041524251302e+01, -6.82242907418145e+00, -3.206850814819336e+01, -2.224804751078288e+01, -3.20345884958903e+01, -5.551817576090495e+01, -3.48643438551161e+01, -7.972897317674425e+00, -4.983417892456055e+01, -1.999738311767578e+01, -4.770196363661024e+01, 1.025315125783285e+01, -2.388886155022515e+01, -2.590687306722005e+01, -4.620501454671224e+01, -1.607958666483561e+01, -4.083320575290256e+01, -1.987872314453125e+01, -1.849700440300835e+01, -6.965548409356011e+00, -2.092738405863444e+01, -2.169252353244358e+01, -2.773180982801649e+01, -4.368976434071858e+00, 1.148255125681559e+01, 1.668723731570774e+01, 3.396221542358398e+01, -2.389785575866699e+01, -9.615876727634006e+00, -1.131790860493978e+01, -8.027653323279488e+00, -7.619120756785075e+00, -3.514828046162923e+00, -1.850749254226685e+00, -5.439845403035481e+00, -1.136573314666748e+01, -2.922794935438368e+01, 2.45965666241116e+00, -2.38291384379069e+01, -1.12687931060791e+01, -1.12687931060791e+01, -1.12687931060791e+01, -1.12687931060791e+01, -1.12687931060791e+01, -1.12687931060791e+01, -1.12687931060791e+01]
heaSys.Qhea[6]=[7.5e+02, 0e+00, 0e+00, 0e+00, 0e+00, 0e+00, 0e+00, 0e+00, 0e+00, 0e+00, 0e+00, 0e+00, 0e+00, 0e+00, 0e+00, 0e+00, 0e+00, 0e+00, 0e+00, 0e+00, 0e+00, 0e+00, 0e+00, 0e+00, 0e+00, 1.946013662550185e+01, 0e+00, 3.020620346069336e+01, 8.375078201293945e+00, 3.517358567979601e+01, 3.065868377685547e+01, 7.03780025906033e+01, 7.574361843532986e+01, 7.842931365966797e+01, 6.35745357937283e+01, 7.201771291097005e+01, 2.961342620849609e+01, 5.925784259372287e+01, 2.96458502875434e+01, 5.684692001342773e+01, 4.393418365054661e+00, 4.118187120225694e+01, 0e+00, 0e+00, 0e+00, 0e+00, 0e+00, 0e+00, 0e+00, 0e+00, 0e+00, 0e+00, 8.416564994388156e-01, 7.716224590937296e-01, 9.52853798866272e-01, 9.077511297331916e-01, 6.593133939637078e-01, 1.017178972562154e+00, 7.516319884194268e-01, 6.692745950486925e-01, 9.402742385864258e-01, 9.271143939759996e-01, 7.298420800103081e-01, 7.416840791702271e-01, 7.806434300210741e-01, 7.828782664404975e-01, 8.392439484596252e-01, 6.90659138891432e-01, 8.475990229182773e-01, 9.562441309293112e-01, 7.720607320467631e-01, 8.505154119597541e-01, 1.042111396789551e+00, 9.955918921364678e-01, 8.168973326683044e-01, 9.885510206222534e-01, 9.511100914743211e-01, 9.219625062412686e-01, 9.43829079469045e-01, 9.696067571640015e-01, 4.102711412641737e+00, 2.725464820861816e+01, 0e+00, 0e+00, 0e+00, 0e+00, 0e+00, 0e+00, 0e+00, 0e+00, 0e+00, 0e+00, 0e+00, 0e+00, 8.514999747276306e-01, 8.514999747276306e-01, 8.514999747276306e-01, 8.514999747276306e-01, 8.514999747276306e-01, 8.514999747276306e-01, 8.514999747276306e-01]
heaSys.heaSche.Pel_IDEAL[6]=[6.414999961853027e-01, 6.414999961853027e-01, 6.414999961853027e-01, 6.414999961853027e-01, 6.414999961853027e-01, 6.414999961853027e-01, 6.414999961853027e-01, 6.414999961853027e-01, 6.414999961853027e-01, 6.414999961853027e-01, 6.414999961853027e-01, 5.637077556716071e-01, 8.288944363594055e-01, 8.090947932667203e-01, 7.646678355005052e-01, 8.574405113855997e-01, 9.236059387524923e-01, 8.407445086373223e-01, 9.760252237319946e-01, 7.905506160524156e-01, 9.015504916508993e-01, 8.152259389559428e-01, 7.962058981259664e-01, 8.977580732769437e-01, 8.525000015894572e-01, 7.172546916537815e+00, 9.025453329086304e-01, 4.24285364151001e+00, 8.375078201293945e+00, 3.517358567979601e+01, 3.065868377685547e+01, 7.03780025906033e+01, 7.574361843532986e+01, 7.842931365966797e+01, 6.35745357937283e+01, 7.201771291097005e+01, 2.961342620849609e+01, 5.925784259372287e+01, 2.96458502875434e+01, 5.684692001342773e+01, 4.393418365054661e+00, 8.198534515168932e-01, 9.503834446271261e-01, 8.376047677463956e-01, 9.123669995201958e-01, 9.468863010406494e-01, 8.202339741918776e-01, 9.073164131906297e-01, 8.080288767814636e-01, 8.689974678887261e-01, 8.709011475245158e-01, 7.693395415941874e-01, 8.416564994388156e-01, 7.716224590937296e-01, 9.52853798866272e-01, 9.077511297331916e-01, 6.593133939637078e-01, 1.017178972562154e+00, 7.516319884194268e-01, 6.692745950486925e-01, 9.402742385864258e-01, 9.271143939759996e-01, 7.298420800103081e-01, 7.416840791702271e-01, 7.806434300210741e-01, 7.828782664404975e-01, 8.392439484596252e-01, 6.90659138891432e-01, 8.475990229182773e-01, 9.562441309293112e-01, 7.720607320467631e-01, 8.505154119597541e-01, 1.042111396789551e+00, 9.955918921364678e-01, 8.168973326683044e-01, 9.885510206222534e-01, 9.511100914743211e-01, 9.219625062412686e-01, 9.43829079469045e-01, 9.696067571640015e-01, 4.102711412641737e+00, 2.725464820861816e+01, 7.936586168077257e+00, 2.937664376364814e+00, 8.910453319549561e-01, 8.657487299707201e-01, 8.907120360268487e-01, 8.843346834182739e-01, 8.896610140800476e-01, 8.333342141575284e-01, 8.083950877189636e-01, 7.970688078138564e-01, 8.681218359205458e-01, 8.014073371887207e-01, 8.514999747276306e-01, 8.514999747276306e-01, 8.514999747276306e-01, 8.514999747276306e-01, 8.514999747276306e-01, 8.514999747276306e-01, 8.514999747276306e-01]
