last-generated=2018-08-30
statistics-initialization=
{
  "nonlinear": "7, 7",
  "numerical Jacobians": "0"
}
statistics-simulation=
{
  "linear": "0, 0, 0, 0, 0, 5, 0, 0, 0, 0, 0, 0, 0, 0, 0, 0, 0, 0, 5, 0, 0, 0, 0, 0, 0, 0",
  "nonlinear": "1",
  "number of continuous time states": "62",
  "numerical Jacobians": "0"
}
zoneIntWal.TSensor=[2.931499938964844e+02, 2.919552001953125e+02, 2.915362854003906e+02, 2.911618041992188e+02, 2.90802001953125e+02, 2.90485595703125e+02, 2.905725402832031e+02, 2.905456237792969e+02, 2.904256896972656e+02, 2.901373291015625e+02, 2.897826843261719e+02, 2.894709777832031e+02, 2.891571350097656e+02, 2.888390197753906e+02, 2.885100402832031e+02, 2.881430053710938e+02, 2.877800903320312e+02, 2.874350280761719e+02, 2.870930480957031e+02, 2.867608642578125e+02, 2.866683044433594e+02, 2.865549621582031e+02, 2.863621826171875e+02, 2.861093444824219e+02, 2.857752075195312e+02, 2.854714050292969e+02, 2.85177978515625e+02, 2.84889892578125e+02, 2.845703735351562e+02, 2.8431787109375e+02, 2.840633544921875e+02, 2.838163757324219e+02, 2.835942077636719e+02, 2.833819580078125e+02, 2.833572387695312e+02, 2.83433349609375e+02, 2.834065856933594e+02, 2.833542785644531e+02, 2.83165283203125e+02, 2.829898071289062e+02, 2.828220520019531e+02, 2.826414489746094e+02, 2.824683837890625e+02, 2.82275390625e+02, 2.820514526367188e+02, 2.818350219726562e+02, 2.816220703125e+02, 2.814156188964844e+02, 2.8132861328125e+02, 2.81796142578125e+02, 2.819082336425781e+02, 2.819104614257812e+02, 2.81693603515625e+02, 2.814179992675781e+02, 2.811807556152344e+02, 2.809287414550781e+02, 2.806719970703125e+02, 2.803959655761719e+02, 2.801262512207031e+02, 2.7984619140625e+02, 2.795767211914062e+02, 2.793144226074219e+02, 2.791720581054688e+02, 2.812826538085938e+02, 2.839933776855469e+02, 2.861978759765625e+02, 2.859632873535156e+02, 2.847960205078125e+02, 2.842778625488281e+02, 2.838492736816406e+02, 2.834580993652344e+02, 2.830890808105469e+02, 2.827247619628906e+02, 2.823669128417969e+02, 2.8203271484375e+02, 2.817149658203125e+02, 2.814121704101562e+02, 2.813163452148438e+02, 2.810859069824219e+02, 2.816432189941406e+02, 2.821493530273438e+02, 2.816569213867188e+02, 2.812833862304688e+02, 2.810059814453125e+02, 2.807426452636719e+02, 2.804884033203125e+02, 2.802459411621094e+02, 2.800126647949219e+02, 2.797982788085938e+02, 2.795934753417969e+02, 2.793944396972656e+02, 2.793590087890625e+02, 2.795843200683594e+02, 2.796806030273438e+02, 2.797032775878906e+02, 2.795263671875e+02, 2.793203430175781e+02, 2.791403198242188e+02, 2.789734802246094e+02, 2.78801513671875e+02, 2.786046447753906e+02]
zone.TSensor=[2.931499938964844e+02, 2.919552001953125e+02, 2.915362854003906e+02, 2.911618041992188e+02, 2.90802001953125e+02, 2.90485595703125e+02, 2.905725402832031e+02, 2.905456237792969e+02, 2.904256896972656e+02, 2.901373291015625e+02, 2.897826843261719e+02, 2.894709777832031e+02, 2.891571350097656e+02, 2.888390197753906e+02, 2.885100402832031e+02, 2.881430053710938e+02, 2.877800903320312e+02, 2.874350280761719e+02, 2.870930480957031e+02, 2.867608642578125e+02, 2.866683044433594e+02, 2.865549621582031e+02, 2.863621826171875e+02, 2.861093444824219e+02, 2.857752075195312e+02, 2.854714050292969e+02, 2.85177978515625e+02, 2.84889892578125e+02, 2.845703735351562e+02, 2.8431787109375e+02, 2.840633544921875e+02, 2.838163757324219e+02, 2.835942077636719e+02, 2.833819580078125e+02, 2.833572387695312e+02, 2.83433349609375e+02, 2.834065856933594e+02, 2.833542785644531e+02, 2.83165283203125e+02, 2.829898071289062e+02, 2.828220520019531e+02, 2.826414489746094e+02, 2.824683837890625e+02, 2.82275390625e+02, 2.820514526367188e+02, 2.818350219726562e+02, 2.816220703125e+02, 2.814156188964844e+02, 2.8132861328125e+02, 2.81796142578125e+02, 2.819082336425781e+02, 2.819104614257812e+02, 2.81693603515625e+02, 2.814179992675781e+02, 2.811807556152344e+02, 2.809287414550781e+02, 2.806719970703125e+02, 2.803959655761719e+02, 2.801262512207031e+02, 2.7984619140625e+02, 2.795767211914062e+02, 2.793144226074219e+02, 2.791720581054688e+02, 2.812826538085938e+02, 2.839933776855469e+02, 2.861978759765625e+02, 2.859632873535156e+02, 2.847960205078125e+02, 2.842778625488281e+02, 2.838492736816406e+02, 2.834580993652344e+02, 2.830890808105469e+02, 2.827247619628906e+02, 2.823669128417969e+02, 2.8203271484375e+02, 2.817149658203125e+02, 2.814121704101562e+02, 2.813163452148438e+02, 2.810859069824219e+02, 2.816432189941406e+02, 2.821493530273438e+02, 2.816569213867188e+02, 2.812833862304688e+02, 2.810059814453125e+02, 2.807426452636719e+02, 2.804884033203125e+02, 2.802459411621094e+02, 2.800126647949219e+02, 2.797982788085938e+02, 2.795934753417969e+02, 2.793944396972656e+02, 2.793590087890625e+02, 2.795843200683594e+02, 2.796806030273438e+02, 2.797032775878906e+02, 2.795263671875e+02, 2.793203430175781e+02, 2.791403198242188e+02, 2.789734802246094e+02, 2.78801513671875e+02, 2.786046447753906e+02]
time=[0e+00, 6.048e+05]
