last-generated=2018-06-13
statistics-simulation=
{
  "linear": " ",
  "nonlinear": " ",
  "numerical Jacobians": "0"
}
eqnTim.nDay=[0e+00, 8.64e+02, 1.728e+03, 2.592e+03, 3.456e+03, 4.32e+03, 5.184e+03, 6.048000000000001e+03, 6.912e+03, 7.776e+03, 8.64e+03, 9.504e+03, 1.0368e+04, 1.1232e+04, 1.2096e+04, 1.296e+04, 1.3824e+04, 1.4688e+04, 1.5552e+04, 1.6416e+04, 1.728e+04, 1.8144e+04, 1.9008e+04, 1.9872e+04, 2.0736e+04, 2.16e+04, 2.2464e+04, 2.3328e+04, 2.4192e+04, 2.5056e+04, 2.592e+04, 2.6784e+04, 2.7648e+04, 2.8512e+04, 2.9376e+04, 3.024e+04, 3.1104e+04, 3.1968e+04, 3.2832e+04, 3.3696e+04, 3.456e+04, 3.5424e+04, 3.6288e+04, 3.7152e+04, 3.8016e+04, 3.888e+04, 3.9744e+04, 4.0608e+04, 4.1472e+04, 4.2336e+04, 4.32e+04, 4.4064e+04, 4.4928e+04, 4.5792e+04, 4.6656e+04, 4.752000000000001e+04, 4.838400000000001e+04, 4.924799999999999e+04, 5.0112e+04, 5.0976e+04, 5.184e+04, 5.2704e+04, 5.3568e+04, 5.4432e+04, 5.5296e+04, 5.616e+04, 5.7024e+04, 5.7888e+04, 5.875200000000001e+04, 5.961599999999999e+04, 6.047999999999999e+04, 6.1344e+04, 6.2208e+04, 6.3072e+04, 6.3936e+04, 6.48e+04, 6.5664e+04, 6.6528e+04, 6.7392e+04, 6.8256e+04, 6.912e+04, 6.9984e+04, 7.0848e+04, 7.1712e+04, 7.2576e+04, 7.344e+04, 7.4304e+04, 7.5168e+04, 7.6032e+04, 7.6896e+04, 7.776e+04, 7.8624e+04, 7.9488e+04, 8.0352e+04, 8.1216e+04, 8.208e+04, 8.2944e+04, 8.3808e+04, 8.4672e+04, 8.5536e+04, 8.64e+04]
time=[0e+00, 8.64e+04]
eqnTim.eqnTim=[-2.164123992919922e+02, -2.166817779541016e+02, -2.169511413574219e+02, -2.172204742431641e+02, -2.174897766113281e+02, -2.177590637207031e+02, -2.180283203125e+02, -2.182975463867188e+02, -2.185667419433594e+02, -2.188359222412109e+02, -2.191050720214844e+02, -2.193741912841797e+02, -2.196432800292969e+02, -2.19912353515625e+02, -2.20181396484375e+02, -2.204504241943359e+02, -2.207194061279297e+02, -2.209883728027344e+02, -2.212573089599609e+02, -2.215262145996094e+02, -2.217951049804688e+02, -2.2206396484375e+02, -2.223327941894531e+02, -2.226015930175781e+02, -2.228703765869141e+02, -2.231391296386719e+02, -2.234078521728516e+02, -2.236765441894531e+02, -2.239452209472656e+02, -2.242138671875e+02, -2.244824829101562e+02, -2.247510681152344e+02, -2.250196380615234e+02, -2.252881774902344e+02, -2.255566864013672e+02, -2.258251647949219e+02, -2.260936279296875e+02, -2.26362060546875e+02, -2.266304626464844e+02, -2.268988342285156e+02, -2.271671752929688e+02, -2.274355010986328e+02, -2.277037963867188e+02, -2.279720611572266e+02, -2.282403106689453e+02, -2.285085144042969e+02, -2.287767028808594e+02, -2.290448608398438e+02, -2.2931298828125e+02, -2.295811004638672e+02, -2.298491668701172e+02, -2.301172180175781e+02, -2.303852386474609e+02, -2.306532440185547e+02, -2.309212036132812e+02, -2.311891479492188e+02, -2.314570617675781e+02, -2.317249450683594e+02, -2.319927978515625e+02, -2.322606353759766e+02, -2.325284271240234e+02, -2.327962036132812e+02, -2.330639495849609e+02, -2.333316802978516e+02, -2.33599365234375e+02, -2.338670349121094e+02, -2.341346740722656e+02, -2.344022827148438e+02, -2.346698608398438e+02, -2.349374084472656e+02, -2.352049407958984e+02, -2.354724273681641e+02, -2.357398986816406e+02, -2.360073394775391e+02, -2.362747650146484e+02, -2.365421447753906e+02, -2.368095092773438e+02, -2.370768280029297e+02, -2.373441314697266e+02, -2.376114044189453e+02, -2.37878662109375e+02, -2.381458740234375e+02, -2.384130706787109e+02, -2.386802215576172e+02, -2.389473571777344e+02, -2.392144622802734e+02, -2.394815521240234e+02, -2.397485961914062e+02, -2.400156097412109e+02, -2.402826080322266e+02, -2.405495758056641e+02, -2.408165130615234e+02, -2.410834197998047e+02, -2.413502960205078e+02, -2.416171417236328e+02, -2.418839721679688e+02, -2.421507720947266e+02, -2.424175262451172e+02, -2.426842651367188e+02, -2.429509735107422e+02, -2.432176513671875e+02]
