last-generated=2017-01-23
statistics-initialization=
{
  "numerical Jacobians": "0", 
  "nonlinear": "2, 2"
}
statistics-simulation=
{
  "numerical Jacobians": "0", 
  "nonlinear": "1", 
  "number of continuous time states": "124", 
  "linear": "0, 0, 0, 0, 0, 0, 0, 0, 0, 0, 0, 0, 0, 0, 0, 0, 0, 0, 0, 0, 0, 0, 0, 0, 0, 0, 0,   0, 0, 0, 0, 0, 0, 0, 0, 0, 0, 0, 5, 5, 5, 5, 5, 5, 0, 0, 0, 0, 0, 0, 0, 0, 5,   5, 5"
}
structure.TSensor[1]=[293.149993896484375, 293.11383056640625, 293.08538818359375, 293.06146240234375, 293.0408935546875, 293.0228271484375, 293.006622314453125, 292.991668701171875, 292.9775390625, 292.963897705078125, 292.950286865234375, 292.936492919921875, 292.922576904296875, 292.9085693359375, 292.89459228515625, 292.886993408203125, 292.889007568359375, 292.89959716796875, 292.906646728515625, 292.910400390625, 292.9134521484375, 292.914276123046875, 292.912872314453125, 292.907806396484375, 292.8984375, 292.8848876953125, 292.86676025390625, 292.843475341796875, 292.817169189453125, 292.791900634765625, 292.768280029296875, 292.7457275390625, 292.7236328125, 292.701934814453125, 292.6807861328125, 292.659698486328125, 292.6387939453125, 292.61798095703125, 292.5972900390625, 292.576690673828125, 292.55615234375, 292.535736083984375, 292.51519775390625, 292.494476318359375, 292.47369384765625, 292.452880859375, 292.43206787109375, 292.411285400390625, 292.390472412109375, 292.369873046875, 292.349273681640625, 292.32867431640625, 292.3082275390625, 292.28778076171875, 292.267364501953125, 292.24786376953125, 292.22943115234375, 292.21099853515625, 292.194366455078125, 292.189666748046875, 292.188995361328125, 292.184814453125, 292.1802978515625, 292.17529296875, 292.168121337890625, 292.157867431640625, 292.146209716796875, 292.132080078125, 292.115142822265625, 292.09521484375, 292.07208251953125, 292.04608154296875, 292.01922607421875, 291.993133544921875, 291.968292236328125, 291.944580078125, 291.921600341796875, 291.899200439453125, 291.877166748046875, 291.8555908203125, 291.834259033203125, 291.812896728515625, 291.7916259765625, 291.770263671875, 291.748748779296875, 291.727203369140625, 291.70672607421875, 291.686767578125, 291.667388916015625, 291.648162841796875, 291.628814697265625, 291.609283447265625, 291.59002685546875, 291.571014404296875, 291.552154541015625, 291.533447265625, 291.514923095703125, 291.49652099609375, 291.4781494140625, 291.459747314453125, 291.44134521484375]
structure.TSensor[2]=[293.149993896484375, 293.113677978515625, 293.08453369140625, 293.059722900390625, 293.038330078125, 293.01959228515625, 293.0029296875, 292.9879150390625, 292.974151611328125, 292.9613037109375, 292.949005126953125, 292.93701171875, 292.9254150390625, 292.91412353515625, 292.9033203125, 292.899566650390625, 292.906158447265625, 292.9222412109375, 292.935302734375, 292.945220947265625, 292.954559326171875, 292.96160888671875, 292.966217041015625, 292.96685791015625, 292.9627685546875, 292.954071044921875, 292.94036865234375, 292.92108154296875, 292.898529052734375, 292.87701416015625, 292.857330322265625, 292.8388671875, 292.821075439453125, 292.80377197265625, 292.787200927734375, 292.770751953125, 292.754547119140625, 292.738494873046875, 292.72265625, 292.706878662109375, 292.69122314453125, 292.67572021484375, 292.6600341796875, 292.644134521484375, 292.628143310546875, 292.612060546875, 292.595916748046875, 292.579681396484375, 292.5633544921875, 292.546844482421875, 292.53033447265625, 292.51385498046875, 292.4971923828125, 292.480499267578125, 292.46380615234375, 292.447906494140625, 292.432891845703125, 292.41790771484375, 292.404754638671875, 292.4039306640625, 292.4073486328125, 292.40704345703125, 292.4061279296875, 292.40447998046875, 292.400360107421875, 292.392730712890625, 292.38348388671875, 292.3714599609375, 292.35626220703125, 292.337738037109375, 292.315673828125, 292.290435791015625, 292.26422119140625, 292.238677978515625, 292.214447021484375, 292.19146728515625, 292.16937255859375, 292.14794921875, 292.126983642578125, 292.10650634765625, 292.08636474609375, 292.066162109375, 292.046112060546875, 292.025970458984375, 292.005615234375, 291.9852294921875, 291.9658203125, 291.946929931640625, 291.92852783203125, 291.910186767578125, 291.89166259765625, 291.872894287109375, 291.85430908203125, 291.835906982421875, 291.81756591796875, 291.79931640625, 291.78106689453125, 291.762847900390625, 291.74462890625, 291.726409912109375, 291.7081298828125]
structure.TSensor[3]=[293.149993896484375, 293.11370849609375, 293.083648681640625, 293.057586669921875, 293.0345458984375, 293.013702392578125, 292.994354248046875, 292.975921630859375, 292.957916259765625, 292.939910888671875, 292.92144775390625, 292.902252197265625, 292.882415771484375, 292.8619384765625, 292.841033935546875, 292.8267822265625, 292.822845458984375, 292.828369140625, 292.830413818359375, 292.829254150390625, 292.827362060546875, 292.82275390625, 292.815521240234375, 292.803924560546875, 292.787200927734375, 292.765380859375, 292.73797607421875, 292.704437255859375, 292.667449951171875, 292.6318359375, 292.59844970703125, 292.566802978515625, 292.535980224609375, 292.505828857421875, 292.476654052734375, 292.447601318359375, 292.41888427734375, 292.390380859375, 292.36212158203125, 292.333953857421875, 292.305938720703125, 292.278076171875, 292.25, 292.2216796875, 292.193267822265625, 292.164703369140625, 292.135986328125, 292.107147216796875, 292.078125, 292.0487060546875, 292.019256591796875, 291.989837646484375, 291.9600830078125, 291.93023681640625, 291.900390625, 291.871337890625, 291.84320068359375, 291.8150634765625, 291.788909912109375, 291.77593994140625, 291.76751708984375, 291.75518798828125, 291.74224853515625, 291.728607177734375, 291.71240234375, 291.692596435546875, 291.67120361328125, 291.647003173828125, 291.619598388671875, 291.5888671875, 291.55462646484375, 291.517242431640625, 291.4791259765625, 291.442047119140625, 291.406585693359375, 291.3726806640625, 291.33990478515625, 291.307952880859375, 291.276519775390625, 291.245574951171875, 291.21502685546875, 291.18438720703125, 291.15386962890625, 291.12322998046875, 291.092315673828125, 291.06134033203125, 291.03125, 291.001617431640625, 290.972320556640625, 290.943023681640625, 290.9134521484375, 290.88360595703125, 290.853912353515625, 290.824371337890625, 290.794921875, 290.76556396484375, 290.73638916015625, 290.707366943359375, 290.6783447265625, 290.649322509765625, 290.620269775390625]
time=[0., 200000.]
