last-generated=2015-08-27
statistics-simulation=
{
  "numerical Jacobians": "0", 
  "nonlinear": " ", 
  "number of continuous time states": "4", 
  "linear": " "
}
sou2.T_in=[303.149993896484375, 303.149993896484375]
sou1.T_in=[283.149993896484375, 283.74999999105966708157, 284.35000608563495916314, 284.95001213549045360196, 285.54998775720741832629, 286.149993896484375, 286.74999985695495752225, 287.35000617503811781717, 287.9500121354905672888, 288.54998793605017226582, 289.149993896484375, 289.74999985695455961832, 290.35000581742639269578, 290.95001249312048230422, 291.54998793605057016975, 292.149993896484375, 292.74999985695455961832, 293.35000581742639269578, 293.95001249312048230422, 294.54998793605057016975, 295.149993896484375, 295.75000057218187521357, 296.35000581742468739321, 296.95001249312218760679, 297.54998722078687478643, 298.149993896484375, 298.75000057218187521357, 299.35000581742468739321, 299.95001249312218760679, 300.54998722078687478643, 301.149993896484375, 301.75000057218187521357, 302.35000581742468739321, 302.95001249312218760679, 303.54998722078687478643, 304.149993896484375, 304.75000057218187521357, 305.35000581742468739321, 305.95001249312218760679, 306.54998722078687478643, 307.149993896484375, 307.75000057218187521357, 308.35000724787931858373, 308.95001106237651811171, 309.54998722078687478643, 310.149993896484375, 310.75000057218187521357, 311.35000724787931858373, 311.95001106237651811171, 312.54998722078687478643, 313.149993896484375, 313.149993896484375, 313.149993896484375, 313.149993896484375, 313.149993896484375, 313.149993896484375, 313.149993896484375, 313.149993896484375, 313.149993896484375, 313.149993896484375, 313.149993896484375, 313.149993896484375, 313.149993896484375, 313.149993896484375, 313.149993896484375, 313.149993896484375, 313.149993896484375, 313.149993896484375, 313.149993896484375, 313.149993896484375, 313.149993896484375, 313.149993896484375, 313.149993896484375, 313.149993896484375, 313.149993896484375, 313.149993896484375, 313.149993896484375, 313.149993896484375, 313.149993896484375, 313.149993896484375, 313.149993896484375, 313.149993896484375, 313.149993896484375, 313.149993896484375, 313.149993896484375, 313.149993896484375, 313.149993896484375, 313.149993896484375, 313.149993896484375, 313.149993896484375, 313.149993896484375, 313.149993896484375, 313.149993896484375, 313.149993896484375, 313.149993896484375, 313.149993896484375, 313.149993896484375, 313.149993896484375, 313.149993896484375, 313.149993896484375, 313.149993896484375]
T_out.T=[293.149993896484375, 293.149993896484375, 293.149993896484375, 293.149993896484375, 293.149993896484375, 293.149993896484375, 293.149993896484375, 293.149993896484375, 293.149993896484375, 293.149993896484375, 293.149993896484375, 293.149993896484375, 293.149993896484375, 293.149993896484375, 293.149993896484375, 293.149993896484375, 293.149993896484375, 293.32769747582057107138, 293.92623929947006899965, 294.5256349085249212294, 295.125030517578125, 295.72442684113104860444, 296.32382173568447569778, 296.92321805931015887836, 297.52264347122343224328, 298.122039794921875, 298.72143611847479860444, 299.32083101302822569778, 299.92022733658114930222, 300.51962223113457639556, 301.1190185546875, 301.71844539581854860444, 302.59442094179354398875, 303.03274550517392071924, 303.33297701101372467747, 303.40399169921875, 303.15167236357228830457, 303.15216064431297127157, 303.15277099638478830457, 303.15338134707417339087, 303.153961181640625, 303.15457153378520160913, 303.1551818856387399137, 303.15576171758584678173, 303.15637206973042339087, 303.156951904296875, 303.15756225644145160913, 303.15817260858602821827, 303.1587524405331350863, 303.15936279238667339087, 303.15997314453125, 303.160003662109375, 303.160003662109375, 303.160003662109375, 303.160003662109375, 303.160003662109375, 303.160003662109375, 303.160003662109375, 303.160003662109375, 303.160003662109375, 303.160003662109375, 303.160003662109375, 303.160003662109375, 303.160003662109375, 303.160003662109375, 303.160003662109375, 303.160003662109375, 303.160003662109375, 303.160003662109375, 303.160003662109375, 303.160003662109375, 303.160003662109375, 303.160003662109375, 303.160003662109375, 303.160003662109375, 303.160003662109375, 303.160003662109375, 303.160003662109375, 303.160003662109375, 303.160003662109375, 303.160003662109375, 303.160003662109375, 303.160003662109375, 303.160003662109375, 303.160003662109375, 303.160003662109375, 303.160003662109375, 303.160003662109375, 303.160003662109375, 303.160003662109375, 303.160003662109375, 303.160003662109375, 303.160003662109375, 303.160003662109375, 303.160003662109375, 303.160003662109375, 303.160003662109375, 303.160003662109375, 303.160003662109375, 303.160003662109375, 303.160003662109375]
time=[0., 20.]
thermostatic3WayValve.port_a1.m_flow=[1., 1.03092777681815306323, 1.06382977861950300813, 1.09890114832038188197, 1.13636362323301076671, 1.17647063732147216797, 1.21951221363732287273, 1.26582277398550746561, 1.31578945499273736175, 1.36986304682778925468, 1.42857146263122558594, 1.49253724426343037379, 1.56249996539986835131, 1.63934425421920093591, 1.72413792374424379439, 1.81818187236785888672, 1.92307684190726391193, 1.99800002574920654297, 1.99800002574920654297, 1.99800002574920654297, 1.99800002574920654297, 1.99800002574920654297, 1.99800002574920654297, 1.99800002574920654297, 1.99800002574920654297, 1.99800002574920654297, 1.99800002574920654297, 1.99800002574920654297, 1.99800002574920654297, 1.99800002574920654297, 1.99800002574920654297, 1.99800002574920654297, 1.28047634340777927164, 1.0000064372862880191, 0.99771304001746885515, 0.4635868370532989502, 0.00200000009499490261, 0.00200000009499490261, 0.00200000009499490261, 0.00200000009499490261, 0.00200000009499490261, 0.00200000009499490261, 0.00200000009499490261, 0.00200000009499490261, 0.00200000009499490261, 0.00200000009499490261, 0.00200000009499490261, 0.00200000009499490261, 0.00200000009499490261, 0.00200000009499490261, 0.00200000009499490261, 0.00200000009499490261, 0.00200000009499490261, 0.00200000009499490261, 0.00200000009499490261, 0.00200000009499490261, 0.00200000009499490261, 0.00200000009499490261, 0.00200000009499490261, 0.00200000009499490261, 0.00200000009499490261, 0.00200000009499490261, 0.00200000009499490261, 0.00200000009499490261, 0.00200000009499490261, 0.00200000009499490261, 0.00200000009499490261, 0.00200000009499490261, 0.00200000009499490261, 0.00200000009499490261, 0.00200000009499490261, 0.00200000009499490261, 0.00200000009499490261, 0.00200000009499490261, 0.00200000009499490261, 0.00200000009499490261, 0.00200000009499490261, 0.00200000009499490261, 0.00200000009499490261, 0.00200000009499490261, 0.00200000009499490261, 0.00200000009499490261, 0.00200000009499490261, 0.00200000009499490261, 0.00200000009499490261, 0.00200000009499490261, 0.00200000009499490261, 0.00200000009499490261, 0.00200000009499490261, 0.00200000009499490261, 0.00200000009499490261, 0.00200000009499490261, 0.00200000009499490261, 0.00200000009499490261, 0.00200000009499490261, 0.00200000009499490261, 0.00200000009499490261, 0.00200000009499490261, 0.00200000009499490261, 0.00200000009499490261, 0.00200000009499490261]
