last-generated=2018-01-26
statistics-initialization=
{
  "nonlinear": "7, 7, 7",
  "numerical Jacobians": "0"
}
statistics-simulation=
{
  "linear": "0, 0, 0, 0, 0, 5, 0, 0, 0, 0, 0, 0, 0, 0, 0, 0, 0, 0, 0, 5, 0, 0, 0, 0, 0, 0, 0,   0, 0, 0, 0, 0, 5, 0, 0, 0, 0, 0, 0",
  "nonlinear": "1",
  "number of continuous time states": "93",
  "numerical Jacobians": "0"
}
zoneBlock.intGai.nOcc=[2e+00, 2.250666379928589e+00, 2.497379779815674e+00, 2.736249208450317e+00, 2.963507413864136e+00, 3.175570487976074e+00, 3.369094133377075e+00, 3.541026592254639e+00, 3.688655853271484e+00, 3.809653997421265e+00, 3.90211296081543e+00, 3.964574575424194e+00, 3.996053457260132e+00, 3.996053457260132e+00, 3.964574575424194e+00, 3.90211296081543e+00, 3.809653997421265e+00, 3.688655853271484e+00, 3.541026592254639e+00, 3.369094133377075e+00, 3.175570487976074e+00, 2.963507413864136e+00, 2.736249208450317e+00, 2.497379779815674e+00, 2.250666379928589e+00, 2e+00, 1.749333500862122e+00, 1.502620220184326e+00, 1.263750910758972e+00, 1.036492705345154e+00, 8.244295120239258e-01, 6.3090580701828e-01, 4.589735269546509e-01, 3.113441467285156e-01, 1.90345898270607e-01, 9.788696467876434e-02, 3.542549908161163e-02, 3.946543205529451e-03, 3.946543205529451e-03, 3.542549908161163e-02, 9.788696467876434e-02, 1.90345898270607e-01, 3.113441467285156e-01, 4.589735269546509e-01, 6.3090580701828e-01, 8.244295120239258e-01, 1.036492705345154e+00, 1.263750910758972e+00, 1.502620220184326e+00, 1.749333500862122e+00, 2e+00, 2.250666379928589e+00, 2.497379779815674e+00, 2.736249208450317e+00, 2.963507413864136e+00, 3.175570487976074e+00, 3.369094133377075e+00, 3.541026592254639e+00, 3.688655853271484e+00, 3.809653997421265e+00, 3.90211296081543e+00, 3.964574575424194e+00, 3.996053457260132e+00, 3.996053457260132e+00, 3.964574575424194e+00, 3.90211296081543e+00, 3.809653997421265e+00, 3.688655853271484e+00, 3.541026592254639e+00, 3.369094133377075e+00, 3.175570487976074e+00, 2.963507413864136e+00, 2.736249208450317e+00, 2.497379779815674e+00, 2.250666379928589e+00, 2e+00, 1.749333500862122e+00, 1.502620220184326e+00, 1.263750910758972e+00, 1.036492705345154e+00, 8.244295120239258e-01, 6.3090580701828e-01, 4.589735269546509e-01, 3.113441467285156e-01, 1.90345898270607e-01, 9.788696467876434e-02, 3.542549908161163e-02, 3.946543205529451e-03, 3.946543205529451e-03, 3.542549908161163e-02, 9.788696467876434e-02, 1.90345898270607e-01, 3.113441467285156e-01, 4.589735269546509e-01, 6.3090580701828e-01, 8.244295120239258e-01, 1.036492705345154e+00, 1.263750910758972e+00, 1.502620220184326e+00, 1.749333500862122e+00, 2e+00]
zoneInput.intGai.nOcc=[0e+00, 7.999999821186066e-02, 1.599999964237213e-01, 2.39999994635582e-01, 3.199999928474426e-01, 4.000000059604645e-01, 4.799999892711639e-01, 5.600000023841858e-01, 6.399999856948853e-01, 7.200000286102295e-01, 8.00000011920929e-01, 8.799999952316284e-01, 9.599999785423279e-01, 1.039999961853027e+00, 1.120000004768372e+00, 1.200000047683716e+00, 1.279999971389771e+00, 1.360000014305115e+00, 1.440000057220459e+00, 1.519999980926514e+00, 1.600000023841858e+00, 1.679999947547913e+00, 1.759999990463257e+00, 1.840000033378601e+00, 1.919999957084656e+00, 2e+00, 2.079999923706055e+00, 2.160000085830688e+00, 2.240000009536743e+00, 2.319999933242798e+00, 2.400000095367432e+00, 2.480000019073486e+00, 2.559999942779541e+00, 2.640000104904175e+00, 2.720000028610229e+00, 2.799999952316284e+00, 2.880000114440918e+00, 2.960000038146973e+00, 3.039999961853027e+00, 3.119999885559082e+00, 3.200000047683716e+00, 3.279999971389771e+00, 3.359999895095825e+00, 3.440000057220459e+00, 3.519999980926514e+00, 3.599999904632568e+00, 3.680000066757202e+00, 3.759999990463257e+00, 3.839999914169312e+00, 3.920000076293945e+00, 4e+00, 4e+00, 4e+00, 4e+00, 4e+00, 4e+00, 4e+00, 4e+00, 4e+00, 4e+00, 4e+00, 4e+00, 4e+00, 4e+00, 4e+00, 4e+00, 4e+00, 4e+00, 4e+00, 4e+00, 4e+00, 4e+00, 4e+00, 4e+00, 4e+00, 4e+00, 4e+00, 4e+00, 4e+00, 4e+00, 4e+00, 4e+00, 4e+00, 4e+00, 4e+00, 4e+00, 4e+00, 4e+00, 4e+00, 4e+00, 4e+00, 4e+00, 4e+00, 4e+00, 4e+00, 4e+00, 4e+00, 4e+00, 4e+00, 4e+00, 4e+00]
zoneFixed.intGai.nOcc=[2e+00, 2e+00]
time=[0e+00, 2e+03]
zoneInput.TSensor=[2.931499938964844e+02, 2.931363220214844e+02, 2.931229248046875e+02, 2.931098327636719e+02, 2.930970764160156e+02, 2.930845947265625e+02, 2.930724487304688e+02, 2.930606079101562e+02, 2.93049072265625e+02, 2.93037841796875e+02, 2.930269165039062e+02, 2.930162963867188e+02, 2.930059814453125e+02, 2.929959411621094e+02, 2.929862060546875e+02, 2.929767150878906e+02, 2.92967529296875e+02, 2.929586181640625e+02, 2.929499816894531e+02, 2.929415893554688e+02, 2.929334716796875e+02, 2.929255981445312e+02, 2.9291796875e+02, 2.929105834960938e+02, 2.929034118652344e+02, 2.92896484375e+02, 2.928898010253906e+02, 2.9288330078125e+02, 2.928770446777344e+02, 2.928710021972656e+02, 2.928652038574219e+02, 2.928595886230469e+02, 2.928541564941406e+02, 2.928489074707031e+02, 2.928438720703125e+02, 2.928390502929688e+02, 2.928343811035156e+02, 2.928299255371094e+02, 2.928256225585938e+02, 2.928215026855469e+02, 2.928175354003906e+02, 2.928137512207031e+02, 2.928101196289062e+02, 2.928066711425781e+02, 2.928033447265625e+02, 2.928002319335938e+02, 2.927972106933594e+02, 2.927943420410156e+02, 2.927915954589844e+02, 2.927890319824219e+02, 2.927865905761719e+02, 2.927842102050781e+02, 2.927817993164062e+02, 2.927793579101562e+02, 2.927768859863281e+02, 2.927744140625e+02, 2.927718811035156e+02, 2.927693481445312e+02, 2.927667541503906e+02, 2.9276416015625e+02, 2.927615661621094e+02, 2.927589721679688e+02, 2.9275634765625e+02, 2.927537231445312e+02, 2.927510681152344e+02, 2.927484436035156e+02, 2.927457885742188e+02, 2.927431030273438e+02, 2.927404479980469e+02, 2.9273779296875e+02, 2.92735107421875e+02, 2.927324523925781e+02, 2.927297668457031e+02, 2.927271118164062e+02, 2.927244262695312e+02, 2.927217712402344e+02, 2.927191162109375e+02, 2.927164611816406e+02, 2.927138061523438e+02, 2.927111511230469e+02, 2.9270849609375e+02, 2.927058715820312e+02, 2.927032470703125e+02, 2.927006225585938e+02, 2.92697998046875e+02, 2.926954040527344e+02, 2.926928100585938e+02, 2.926902160644531e+02, 2.926876220703125e+02, 2.9268505859375e+02, 2.926824951171875e+02, 2.926799621582031e+02, 2.926773986816406e+02, 2.926748657226562e+02, 2.9267236328125e+02, 2.926698608398438e+02, 2.926673583984375e+02, 2.926648864746094e+02, 2.926624145507812e+02, 2.926599731445312e+02, 2.926575012207031e+02]
zoneBlock.TSensor=[2.931499938964844e+02, 2.931407470703125e+02, 2.931320495605469e+02, 2.931238708496094e+02, 2.931162414550781e+02, 2.931090698242188e+02, 2.931023254394531e+02, 2.930960083007812e+02, 2.930900268554688e+02, 2.930842895507812e+02, 2.930787963867188e+02, 2.930734558105469e+02, 2.930682067871094e+02, 2.930629577636719e+02, 2.930577087402344e+02, 2.930523071289062e+02, 2.930467834472656e+02, 2.93041015625e+02, 2.930349731445312e+02, 2.930285949707031e+02, 2.930219116210938e+02, 2.930148010253906e+02, 2.9300732421875e+02, 2.929993896484375e+02, 2.929910888671875e+02, 2.929823608398438e+02, 2.929732666015625e+02, 2.929637756347656e+02, 2.929538879394531e+02, 2.929436340332031e+02, 2.929330444335938e+02, 2.929223022460938e+02, 2.929114379882812e+02, 2.929004516601562e+02, 2.928893432617188e+02, 2.928781127929688e+02, 2.928668212890625e+02, 2.92855712890625e+02, 2.928448181152344e+02, 2.928341369628906e+02, 2.928236999511719e+02, 2.928135681152344e+02, 2.928039245605469e+02, 2.927947387695312e+02, 2.927860107421875e+02, 2.927774658203125e+02, 2.927699584960938e+02, 2.927629089355469e+02, 2.927564086914062e+02, 2.927504577636719e+02, 2.927450866699219e+02, 2.927402648925781e+02, 2.927358703613281e+02, 2.927319030761719e+02, 2.927283935546875e+02, 2.927253112792969e+02, 2.9272265625e+02, 2.927204284667969e+02, 2.927186279296875e+02, 2.927171020507812e+02, 2.927157287597656e+02, 2.927144470214844e+02, 2.927131958007812e+02, 2.927118835449219e+02, 2.927105102539062e+02, 2.92708984375e+02, 2.927072448730469e+02, 2.927052307128906e+02, 2.927029113769531e+02, 2.927002258300781e+02, 2.926971435546875e+02, 2.926936645507812e+02, 2.926897583007812e+02, 2.926853942871094e+02, 2.926806030273438e+02, 2.926753540039062e+02, 2.926696472167969e+02, 2.926635437011719e+02, 2.926571350097656e+02, 2.926504516601562e+02, 2.926434631347656e+02, 2.926361999511719e+02, 2.92628662109375e+02, 2.92620849609375e+02, 2.926128540039062e+02, 2.926049194335938e+02, 2.925970458984375e+02, 2.925892333984375e+02, 2.925814514160156e+02, 2.925738830566406e+02, 2.92566650390625e+02, 2.925597534179688e+02, 2.925531921386719e+02, 2.925464172363281e+02, 2.925409240722656e+02, 2.925358581542969e+02, 2.925311584472656e+02, 2.925269470214844e+02, 2.92523193359375e+02, 2.925199890136719e+02, 2.925173034667969e+02]
zoneFixed.TSensor=[2.931499938964844e+02, 2.931404724121094e+02, 2.931309814453125e+02, 2.931215515136719e+02, 2.931121520996094e+02, 2.931028137207031e+02, 2.930935363769531e+02, 2.930843505859375e+02, 2.930751953125e+02, 2.93066162109375e+02, 2.930571594238281e+02, 2.930482482910156e+02, 2.930394287109375e+02, 2.930306701660156e+02, 2.930220031738281e+02, 2.93013427734375e+02, 2.930049438476562e+02, 2.929965209960938e+02, 2.929881591796875e+02, 2.929799194335938e+02, 2.929717407226562e+02, 2.929636535644531e+02, 2.929556579589844e+02, 2.9294775390625e+02, 2.929399108886719e+02, 2.929321594238281e+02, 2.929244689941406e+02, 2.929169006347656e+02, 2.929093933105469e+02, 2.929019470214844e+02, 2.928946228027344e+02, 2.928873596191406e+02, 2.928801574707031e+02, 2.92873046875e+02, 2.928660278320312e+02, 2.928591003417969e+02, 2.928522338867188e+02, 2.928454284667969e+02, 2.928387145996094e+02, 2.928320922851562e+02, 2.928255310058594e+02, 2.928190612792969e+02, 2.928126525878906e+02, 2.928063049316406e+02, 2.92800048828125e+02, 2.927938842773438e+02, 2.927877502441406e+02, 2.927817077636719e+02, 2.927757263183594e+02, 2.927698364257812e+02, 2.927640075683594e+02, 2.927582397460938e+02, 2.927525329589844e+02, 2.927468872070312e+02, 2.927413024902344e+02, 2.927358093261719e+02, 2.927303466796875e+02, 2.927249755859375e+02, 2.927196655273438e+02, 2.927144165039062e+02, 2.927091979980469e+02, 2.927040710449219e+02, 2.926990051269531e+02, 2.926940002441406e+02, 2.926890258789062e+02, 2.926841125488281e+02, 2.926792907714844e+02, 2.926744995117188e+02, 2.926697387695312e+02, 2.926650695800781e+02, 2.926604309082031e+02, 2.926558532714844e+02, 2.926513366699219e+02, 2.926468505859375e+02, 2.926424255371094e+02, 2.926380310058594e+02, 2.926336975097656e+02, 2.926294250488281e+02, 2.926251831054688e+02, 2.926209716796875e+02, 2.926168212890625e+02, 2.926127319335938e+02, 2.926086730957031e+02, 2.926046447753906e+02, 2.926006774902344e+02, 2.925967407226562e+02, 2.925928649902344e+02, 2.925890197753906e+02, 2.92585205078125e+02, 2.925814208984375e+02, 2.925776977539062e+02, 2.925740051269531e+02, 2.925703430175781e+02, 2.925667419433594e+02, 2.925631408691406e+02, 2.925596008300781e+02, 2.925560913085938e+02, 2.925526123046875e+02, 2.925491638183594e+02, 2.925457458496094e+02, 2.925423889160156e+02]
