last-generated=2018-06-13
statistics-initialization=
{
  "nonlinear": "8, 5",
  "numerical Jacobians": "0"
}
statistics-simulation=
{
  "linear": "0, 0, 0, 0, 0, 0, 0, 0, 0, 0, 0, 0, 5, 5, 0, 0, 0, 0, 0",
  "nonlinear": "1",
  "number of continuous time states": "37",
  "numerical Jacobians": "0"
}
structure.TSensor[1]=[2.931499938964844e+02, 2.959286499023438e+02, 2.949944763183594e+02, 2.940928344726562e+02, 2.933675842285156e+02, 2.957587585449219e+02, 2.951809387207031e+02, 2.942540588378906e+02, 2.934956970214844e+02, 2.954661560058594e+02, 2.953163757324219e+02, 2.943578796386719e+02, 2.935631408691406e+02, 2.951987609863281e+02, 2.953670349121094e+02, 2.943968505859375e+02, 2.935828247070312e+02, 2.951058349609375e+02, 2.953550415039062e+02, 2.943753356933594e+02, 2.935527038574219e+02, 2.9524072265625e+02, 2.95283447265625e+02, 2.943013305664062e+02, 2.934842224121094e+02, 2.954559020996094e+02, 2.951625671386719e+02, 2.94185791015625e+02, 2.933865661621094e+02, 2.956160583496094e+02, 2.950258483886719e+02, 2.94104736328125e+02, 2.934148559570312e+02, 2.955368347167969e+02, 2.954124145507812e+02, 2.945309753417969e+02, 2.938046569824219e+02, 2.932271423339844e+02, 2.959178466796875e+02, 2.951979370117188e+02, 2.94375e+02, 2.937261352539062e+02, 2.932196655273438e+02, 2.960059509277344e+02, 2.953201599121094e+02, 2.945001831054688e+02, 2.938411254882812e+02, 2.933230895996094e+02, 2.958536071777344e+02, 2.955202941894531e+02, 2.94642333984375e+02, 2.939238891601562e+02, 2.93367919921875e+02, 2.956476745605469e+02, 2.954977722167969e+02, 2.945772399902344e+02, 2.938121643066406e+02, 2.932333984375e+02, 2.958406677246094e+02, 2.950796813964844e+02, 2.941928100585938e+02, 2.934812927246094e+02, 2.952226257324219e+02, 2.954394836425781e+02, 2.944897155761719e+02, 2.936932067871094e+02, 2.938530883789062e+02, 2.956303405761719e+02, 2.946864013671875e+02, 2.938271484375e+02, 2.931603393554688e+02, 2.956721496582031e+02, 2.947557373046875e+02, 2.938594055175781e+02, 2.931576843261719e+02, 2.956338195800781e+02, 2.947025756835938e+02, 2.937973937988281e+02, 2.937522583007812e+02, 2.955262145996094e+02, 2.945428466796875e+02, 2.936466674804688e+02, 2.948285522460938e+02, 2.952984924316406e+02, 2.942782592773438e+02, 2.934081726074219e+02, 2.955386352539062e+02, 2.949134521484375e+02, 2.938988342285156e+02, 2.937572326660156e+02, 2.953935546875e+02, 2.9434521484375e+02, 2.933894653320312e+02, 2.954898376464844e+02, 2.947221069335938e+02, 2.936817016601562e+02, 2.949491271972656e+02, 2.950370483398438e+02, 2.939484558105469e+02, 2.939034118652344e+02, 2.952681884765625e+02]
time=[0e+00, 1e+05]
heating.QHeaSys=[0e+00, 1.406998168945312e+03, 7.925588989257812e+02, 4.805938110351562e+02, 3.082875061035156e+02, 1.800066284179688e+03, 9.742105102539062e+02, 5.752081909179685e+02, 3.611007080078125e+02, 2.064044921875e+03, 1.08978515625e+03, 6.34750244140625e+02, 3.941928405761719e+02, 2.21415234375e+03, 1.153042846679686e+03, 6.668932495117188e+02, 4.119161071777344e+02, 2.2399541015625e+03, 1.17253076171875e+03, 6.76897216796875e+02, 4.174661254882812e+02, 2.191267333984375e+03, 1.145048828125e+03, 6.631846313476562e+02, 4.100276489257812e+02, 2.04849609375e+03, 1.085516357421875e+03, 6.330515747070312e+02, 3.934077453613275e+02, 1.86814086914063e+03, 1.006614624023438e+03, 5.912742309570312e+02, 3.675627746582031e+02, 2.026992797851562e+03, 1.071122436523438e+03, 6.23126953125e+02, 3.861792907714844e+02, 2.517223052978516e+02, 1.576126831054688e+03, 8.6928125e+02, 5.183887329101562e+02, 3.272565307617188e+02, 2.163146362304688e+02, 1.56726171875e+03, 8.643182373046875e+02, 5.158580932617188e+02, 3.262416381835938e+02, 2.161737060546875e+02, 1.848513061523438e+03, 9.919595947265625e+02, 5.830760498046875e+02, 3.644852600097656e+02, 2.391651000976562e+02, 1.981144165039062e+03, 1.050976440429688e+03, 6.142879028320291e+02, 3.825596313476551e+02, 2.500506134033211e+02, 1.612803955078133e+03, 8.883494873046875e+02, 5.3010791015625e+02, 3.354031372070312e+02, 2.2020048828125e+03, 1.146370483398438e+03, 6.630460815429688e+02, 4.094562377929688e+02, 2.281341796875e+03, 1.361751953125e+03, 7.700419921875e+02, 4.6773388671875e+02, 2.999067077636719e+02, 1.486322143554688e+03, 8.304821166992188e+02, 5.002831420898438e+02, 3.187479553222656e+02, 1.490954345703125e+03, 8.330787963867188e+02, 5.018578796386719e+02, 2.286731689453125e+03, 1.39821533203125e+03, 7.889320068359375e+02, 4.785634765625e+02, 2.250375e+03, 1.233104248046875e+03, 7.081807250976562e+02, 4.352997741699219e+02, 1.912629638671875e+03, 1.028810546875e+03, 6.0530126953125e+02, 2.28869140625e+03, 1.430768920898438e+03, 8.065122680664062e+02, 4.892271728515625e+02, 1.878049072265625e+03, 1.015586059570312e+03, 5.99189208984375e+02, 2.24928564453125e+03, 1.226433471679688e+03, 7.065418701171875e+02, 2.285931640625e+03, 1.444433349609375e+03]
