last-generated=2018-06-13
statistics-simulation=
{
  "linear": " ",
  "nonlinear": " ",
  "number of continuous time states": "1",
  "numerical Jacobians": "0"
}
y=[-2.5e-01, -2.656206346952071e-01, -2.82570134683957e-01, -3.009930230319615e-01, -3.210528669179984e-01, -3.4293550531793e-01, -3.668529332191972e-01, -3.930471737471944e-01, -4.217956568862297e-01, -4.534176768580191e-01, -4.882812720479187e-01, -5.268126152342941e-01, -5.695072200336003e-01, -6.169427278366948e-01, -6.69796011126813e-01, -7.28862964053942e-01, -7.950845018581617e-01, -8.695773935587647e-01, -9.536742532485789e-01, -1.048974538525933e+00, -1.157407542826065e+00, -1.281315217591108e+00, -1.423560518336449e+00, -1.527111042280887e+00, -1.433743876435316e+00, -1.204005122184753e+00, -9.683593467425541e-01, -8.015763248552478e-01, -6.953796262370113e-01, -6.048000430749576e-01, -5.224489338439654e-01, -4.479347041782314e-01, -3.808652607621624e-01, -3.208489615994583e-01, -2.674938919965783e-01, -2.204081305882923e-01, -1.791999913541115e-01, -1.43477560220798e-01, -1.128489899088376e-01, -8.692245329258935e-02, -6.530611675939467e-02, -4.760815765762701e-02, -3.343673652794957e-02, -2.239999892329162e-02, -1.410612375463491e-02, -8.163264602076278e-03, -4.179592073175976e-03, -1.763265473401853e-03, -5.224490109862179e-04, -6.530612685498089e-05, 0e+00, 6.530612685498088e-05, 5.224490109862179e-04, 1.763265473401853e-03, 4.179592073175994e-03, 8.163264602076304e-03, 1.410612375463495e-02, 2.239999892329157e-02, 3.343673652794949e-02, 4.760815765762692e-02, 6.530611675939467e-02, 8.692245329258935e-02, 1.128489899088376e-01, 1.43477560220798e-01, 1.791999913541115e-01, 2.204081305882923e-01, 2.674938919965786e-01, 3.208489615994586e-01, 3.808652607621628e-01, 4.479347041782311e-01, 5.22448933843965e-01, 6.04800043074957e-01, 6.953796262370112e-01, 8.015763248552478e-01, 9.683593467425541e-01, 1.204005122184753e+00, 1.433743876435316e+00, 1.527111042280887e+00, 1.423560518336449e+00, 1.281315217591108e+00, 1.157407542826064e+00, 1.048974538525932e+00, 9.536742532485795e-01, 8.695773935587647e-01, 7.950845018581617e-01, 7.28862964053942e-01, 6.69796011126813e-01, 6.169427278366948e-01, 5.695072200336003e-01, 5.268126152342941e-01, 4.882812720479187e-01, 4.534176768580191e-01, 4.217956568862295e-01, 3.930471737471943e-01, 3.668529332191973e-01, 3.429355053179302e-01, 3.210528669179985e-01, 3.009930230319615e-01, 2.82570134683957e-01, 2.656206346952071e-01, 2.5e-01]
y_comp=[-2.5e-01, -2.656206644975295e-01, -2.825701942886018e-01, -3.009930826366063e-01, -3.210529265226432e-01, -3.429355947248972e-01, -3.668530226261644e-01, -3.930472631541616e-01, -4.217957462931968e-01, -4.534177662649863e-01, -4.882813614548859e-01, -5.268126748393652e-01, -5.695072796383872e-01, -6.169428470458422e-01, -6.697961303361025e-01, -7.288630236585868e-01, -7.950846210674513e-01, -8.695775127676635e-01, -9.536743724578685e-01, -1.048974657735222e+00, -1.157407662035355e+00, -1.281315456009189e+00, -1.423560756754958e+00, -1.527111280699466e+00, -1.433744234062616e+00, -1.204005479812622e+00, -9.68359704370103e-01, -8.015766228784716e-01, -6.953799242602352e-01, -6.048004007028263e-01, -5.224492914717452e-01, -4.479350320037777e-01, -3.808655885877087e-01, -3.208492894250046e-01, -2.674942198221246e-01, -2.204084584138386e-01, -1.792003191796578e-01, -1.434778880463443e-01, -1.128493102838032e-01, -8.692277366755502e-02, -6.530643713436034e-02, -4.760847803259267e-02, -3.343705690291524e-02, -2.240031929825729e-02, -1.410644319827801e-02, -8.163584977041772e-03, -4.179911982480356e-03, -1.763585382706233e-03, -5.227690367059202e-04, -6.562621078234242e-05, -3.201495530902321e-07, 6.498590468442143e-05, 5.221286942282241e-04, 1.762945098436185e-03, 4.179271698210326e-03, 8.162944227110462e-03, 1.410580244834734e-02, 2.23996785483259e-02, 3.343641615298382e-02, 4.760783728266126e-02, 6.5305796384429e-02, 8.692213291762368e-02, 1.128486695338719e-01, 1.434772472964129e-01, 1.791996784297265e-01, 2.204078176639073e-01, 2.674935641710323e-01, 3.208486337739123e-01, 3.808649329366166e-01, 4.479343763526848e-01, 5.224486358207411e-01, 6.047997450517332e-01, 6.953793282138229e-01, 8.015760864366687e-01, 9.683592275329448e-01, 1.204005002975464e+00, 1.433743876435316e+00, 1.527111161489537e+00, 1.423560637545739e+00, 1.281315456009189e+00, 1.157407781243933e+00, 1.048974776944511e+00, 9.536744320625138e-01, 8.69577631976953e-01, 7.95084680672096e-01, 7.288631428678763e-01, 6.697962495453921e-01, 6.169429662551318e-01, 5.695073988476768e-01, 5.268127940486548e-01, 4.882815104664978e-01, 4.534178854743291e-01, 4.217958953048086e-01, 3.930474121657734e-01, 3.668531716377764e-01, 3.429357437365093e-01, 3.210531053365776e-01, 3.009932614505406e-01, 2.825703731025361e-01, 2.656208731137862e-01, 2.500002384185791e-01]
time=[-1e+00, 1e+00]
