last-generated=2016-04-19
statistics-simulation=
{
  "numerical Jacobians": "0", 
  "nonlinear": " ", 
  "number of continuous time states": "18", 
  "linear": " "
}
oriWesTop.port_a.m_flow=[0.05965141952037811279, 0.00280287675559520721, 0.0023590712808072567, 0.00196646945551037788, 0.00163163372781127691, 0.00135409226641058922, 0.00112948170863091946, 0.00093973201001062978, 0.00077965011587366462, 0.0006433374946936965, 0.00052591151325032115, 0.00042250126716680825, 0.00033039526897482574, 0.00024801181280054152, 0.00017365330131724466, 0.00010555615881457925, 0.00004255430030752905, -0.00001586411053722259, -0.00006998434400884435, -0.00012008071644231677, -0.00016643131675664335, -0.00020929932361468673, -0.00024893440422601998, -0.00028559137717820704, -0.00031940112239681184, -0.00035042487434111536, -0.00037875716225244105, -0.00040449519292451447, -0.00042777022463269537, -0.00044873871956951916, -0.00046756034134887159, -0.00048441934632137418, -0.00049946707440540195, -0.0005128520424477756, -0.00052471098024398088, -0.00053515686886385083, -0.00054441939573734999, -0.00055258785141631961, -0.0005597512936219573, -0.00056599819799885154, -0.00057141674915328622, -0.00057609495706856251, -0.00058012036606669426, -0.0005835804040543735, -0.00058651476865634322, -0.0005890171742066741, -0.00059115886688232422, -0.00059296604013070464, -0.0005944647709839046, -0.00059568113647401333, -0.00059664121363312006, -0.00059737102128565311, -0.0005978965200483799, -0.00059824372874572873, -0.00059843872440978885, -0.00059850740944966674, -0.00059845636133104563, -0.0005982976290397346, -0.00059806858189404011, -0.00059777317801490426, -0.00059741566656157374, -0.0005970001220703125, -0.00059653067728504539, -0.00059601140674203634, -0.00059544644318521023, -0.00059483986115083098, -0.00059419585159048438, -0.00059351854724809527, -0.00059281196445226669, -0.00059208029415458441, -0.00059132766909897327, -0.00059055822202935815, -0.00058977602748200297, -0.00058898527640849352, -0.0005881877732463181, -0.00058737682411447167, -0.00058656156761571765, -0.00058574223658069968, -0.00058491912204772234, -0.00058409245684742928, -0.00058326259022578597, -0.00058242969680577517, -0.00058159412583336234, -0.00058075616834685206, -0.00057991599896922708, -0.00057907402515411377, -0.00057823042152449489, -0.00057738553732633591, -0.00057653960539028049, -0.00057569285854697227, -0.00057484570425003767, -0.0005739982589147985, -0.00057315092999488115, -0.00057230389211326838, -0.00057145755272358656, -0.00057061202824115753, -0.00056976766791194677, -0.00056892482098191977, -0.00056808360386639833, -0.00056724442401900887, -0.00056640751427039504]
dooOpeClo.mBA_flow=[0.2152271270751953125, 0.28904363512992858887, 0.24597920477390289307, 0.21137540042400360107, 0.18441139161586761475, 0.16328407824039459229, 0.14635111391544342041, 0.13248053193092346191, 0.1208031773567199707, 0.11069927364587783813, 0.10222371667623519897, 0.09526842087507247925, 0.08923418819904327393, 0.08432587236166000366, 0.08040700852870941162, 0.07805100083351135254, 0.07788387686014175415, 0.0781264379620552063, 0.07813416421413421631, 0.07814158499240875244, 0.07814872264862060547, 0.0781205594539642334, 0.07787474244832992554, 0.07788571715354919434, 0.07845758646726608276, 0.07954987138509750366, 0.0808803066611289978, 0.08218298852443695068, 0.08348028361797332764, 0.08471088111400604248, 0.08581936359405517578, 0.08682064712047576904, 0.08774536848068237305, 0.08859126269817352295, 0.0893576890230178833, 0.0900446772575378418, 0.09066204726696014404, 0.09121202677488327026, 0.09169796854257583618, 0.09212408214807510376, 0.09249521791934967041, 0.09281667321920394897, 0.09309403598308563232, 0.0933330729603767395, 0.0935363471508026123, 0.09371017664670944214, 0.09385944157838821411, 0.09398594498634338379, 0.09409147500991821289, 0.09417783468961715698, 0.09424681961536407471, 0.09430021047592163086, 0.09433978050947189331, 0.09436730295419692993, 0.09438453614711761475, 0.09439325332641601562, 0.09439387917518615723, 0.09438721835613250732, 0.0943757966160774231, 0.09435988962650299072, 0.09433976560831069946, 0.09431570768356323242, 0.09428797662258148193, 0.09425686299800872803, 0.09422262758016586304, 0.09418556094169616699, 0.09414592385292053223, 0.09410399943590164185, 0.09406007081270217896, 0.09401440620422363281, 0.09396728873252868652, 0.09391900897026062012, 0.09386982768774032593, 0.09382004290819168091, 0.09376977384090423584, 0.09371855854988098145, 0.09366702288389205933, 0.09361518919467926025, 0.09356307238340377808, 0.09351068735122680664, 0.09345807135105133057, 0.09340522438287734985, 0.09335218369960784912, 0.09329895675182342529, 0.09324557334184646606, 0.09319204092025756836, 0.09313838928937911987, 0.09308464080095291138, 0.09303081035614013672, 0.09297692030668258667, 0.092922993004322052, 0.09286903589963912964, 0.0928150862455368042, 0.09276115894317626953, 0.09270726889371871948, 0.09265343844890594482, 0.09259968996047973633, 0.09254604578018188477, 0.09249252080917358398, 0.09243913739919662476, 0.09238591045141220093]
oriOutBot.port_a.m_flow=[-0.00780478585511445999, -0.00764073198661208153, -0.00753089413046836853, -0.00745329679921269417, -0.00739553896710276604, -0.0073505723848938942, -0.00731412973254919052, -0.00728373182937502861, -0.00725760078057646751, -0.00723473681136965752, -0.0072143925353884697, -0.00719590438529849052, -0.0071788509376347065, -0.00716302264481782913, -0.00714820623397827148, -0.00713418843224644661, -0.00712080718949437141, -0.00710799731314182281, -0.0070956978015601635, -0.00708386581391096115, -0.00707246875390410423, -0.00706147635355591774, -0.00705086113885045052, -0.00704059377312660217, -0.00703066121786832809, -0.00702105788514018059, -0.00701177492737770081, -0.00700280303135514259, -0.00699412776157259941, -0.00698573281988501549, -0.00697760051116347313, -0.0069697103463113308, -0.00696204463019967079, -0.00695458753034472466, -0.00694732228294014931, -0.00694023678079247475, -0.00693330354988574982, -0.00692651234567165375, -0.00691985292360186577, -0.00691331410780549049, -0.00690688658505678177, -0.0069005587138235569, -0.00689432071521878242, -0.00688816141337156296, -0.00688207661733031273, -0.00687605468556284904, -0.00687008677050471306, -0.00686416961252689362, -0.00685830041766166687, -0.00685247592628002167, -0.00684669241309165955, -0.00684094754979014397, -0.00683523761108517647, -0.0068295593373477459, -0.00682390946894884109, -0.00681828474625945091, -0.00681268470361828804, -0.00680710747838020325, -0.00680154887959361076, -0.00679600751027464867, -0.00679048383608460426, -0.00678497646003961563, -0.00677948538213968277, -0.00677401013672351837, -0.00676854979246854782, -0.00676310388371348381, -0.00675767241045832634, -0.00675225397571921349, -0.00674684857949614525, -0.00674145575612783432, -0.00673607503995299339, -0.00673070503398776054, -0.00672534620389342308, -0.00671999761834740639, -0.00671465927734971046, -0.00670933118090033531, -0.00670401332899928093, -0.0066987047903239727, -0.00669340556487441063, -0.00668811611831188202, -0.00668283551931381226, -0.00667756469920277596, -0.00667230319231748581, -0.00666705099865794182, -0.00666180811822414398, -0.00665657408535480499, -0.00665134890004992485, -0.00664613302797079086, -0.00664092600345611572, -0.00663572829216718674, -0.00663053896278142929, -0.00662535848096013069, -0.00662018684670329094, -0.00661502406001091003, -0.00660986965522170067, -0.00660472363233566284, -0.00659958645701408386, -0.00659445766359567642, -0.00658933725208044052, -0.00658422522246837616, -0.00657912157475948334]
dooOpeClo.mAB_flow=[0.50730460882186889648, 0.29184642434120178223, 0.24833905696868896484, 0.21334114670753479004, 0.18604329228401184082, 0.16464103758335113525, 0.14747993648052215576, 0.13342042267322540283, 0.12158190459012985229, 0.11134323477745056152, 0.10274977236986160278, 0.09569036960601806641, 0.08956325054168701172, 0.08457370102405548096, 0.08058208972215652466, 0.07815654575824737549, 0.07792641967535018921, 0.07811056077480316162, 0.07806416600942611694, 0.0780215039849281311, 0.07798225432634353638, 0.07791122794151306152, 0.07762587070465087891, 0.07760011404752731323, 0.07813818007707595825, 0.07919944077730178833, 0.080501556396484375, 0.08177848905324935913, 0.08305250853300094604, 0.08426214009523391724, 0.08535180240869522095, 0.08633621037006378174, 0.08724588900804519653, 0.08807843178510665894, 0.08883298188447952271, 0.08950953185558319092, 0.09011758863925933838, 0.09065934270620346069, 0.09113810211420059204, 0.09155800193548202515, 0.09192379564046859741, 0.09224065393209457397, 0.09251402318477630615, 0.09274953603744506836, 0.09294982254505157471, 0.09312115609645843506, 0.09326828271150588989, 0.09339296072721481323, 0.09349699318408966064, 0.09358213841915130615, 0.0936501622200012207, 0.09370283782482147217, 0.09374189376831054688, 0.09376908093690872192, 0.09378613531589508057, 0.09379477053880691528, 0.09379542618989944458, 0.093788929283618927, 0.09377773106098175049, 0.09376211464405059814, 0.0937423408031463623, 0.09371869266033172607, 0.09369143843650817871, 0.09366083890199661255, 0.09362716972827911377, 0.09359070658683776855, 0.09355171769857406616, 0.09351047873497009277, 0.09346725791692733765, 0.09342233091592788696, 0.0933759734034538269, 0.09332846105098724365, 0.09328006207942962646, 0.09323105961084365845, 0.0931815803050994873, 0.09313117712736129761, 0.09308046102523803711, 0.09302944689989089966, 0.0929781496524810791, 0.09292659908533096313, 0.09287481009960174561, 0.09282279759645462036, 0.0927705913782119751, 0.09271820634603500366, 0.0926656574010848999, 0.09261296689510345459, 0.09256016463041305542, 0.09250725805759429932, 0.09245426952838897705, 0.09240122884511947632, 0.09234814345836639404, 0.09229504317045211792, 0.09224193543195724487, 0.0921888500452041626, 0.09213580936193466187, 0.09208282828330993652, 0.09202992171049118042, 0.09197711944580078125, 0.09192443639039993286, 0.09187189489603042603, 0.09181950986385345459]
oriOutTop.port_a.m_flow=[0.00780478585511445999, 0.00764023978263139725, 0.00753060635179281235, 0.00745307980105280876, 0.00739543745294213295, 0.00735049881041049957, 0.00731408968567848206, 0.00728370295837521553, 0.00725759845227003098, 0.00723473681136965752, 0.0072144046425819397, 0.00719592347741127014, 0.0071788751520216465, 0.00716305011883378029, 0.0071482374332845211, 0.00713422195985913277, 0.0071208425797522068, 0.00710803456604480743, 0.00709573738276958466, 0.00708390725776553154, 0.00707251159474253654, 0.00706152105703949928, 0.00705090723931789398, 0.00704064127057790756, 0.0070307096466422081, 0.00702110771089792252, 0.00701182615011930466, 0.00700285518541932106, 0.0069941813126206398, 0.00698578730225563049, 0.00697765592485666275, 0.00696976622566580772, 0.00696210190653800964, 0.00695464480668306351, 0.00694738049060106277, 0.00694029545411467552, 0.00693336315453052521, 0.00692657195031642914, 0.00691991299390792847, 0.0069133746437728405, 0.00690694712102413177, 0.00690061924979090691, 0.00689438171684741974, 0.00688822241500020027, 0.00688213761895895004, 0.00687611615285277367, 0.00687014823779463768, 0.00686423107981681824, 0.00685836188495159149, 0.00685253739356994629, 0.00684675388038158417, 0.00684100901708006859, 0.00683529861271381378, 0.00682962033897638321, 0.00682397047057747841, 0.00681834574788808823, 0.00681274570524692535, 0.00680716848000884056, 0.00680160941556096077, 0.00679606851190328598, 0.00679054437205195427, 0.00678503699600696564, 0.00677954591810703278, 0.00677407020702958107, 0.00676860986277461052, 0.00676316395401954651, 0.00675773201510310173, 0.00675231358036398888, 0.00674690818414092064, 0.00674151536077260971, 0.00673613417893648148, 0.00673076417297124863, 0.00672540534287691116, 0.00672005675733089447, 0.00671471795067191124, 0.00670938985422253609, 0.0067040715366601944, 0.00669876299798488617, 0.0066934637725353241, 0.00668817386031150818, 0.00668289372697472572, 0.00667762290686368942, 0.00667236093431711197, 0.00666710874065756798, 0.00666186539456248283, 0.00665663136169314384, 0.0066514061763882637, 0.00664619030430912971, 0.00664098281413316727, 0.00663578463718295097, 0.00663059577345848083, 0.00662541482597589493, 0.00662024319171905518, 0.00661507993936538696, 0.0066099255345761776, 0.00660477997735142708, 0.00659964233636856079, 0.00659451354295015335, 0.00658939266577363014, 0.00658428063616156578, 0.00657917652279138565]
time=[0., 3600.]
oriEasTop.port_a.m_flow=[-0.05950168892741203308, 0.00280306767672300339, 0.00235983333550393581, 0.0019636515062302351, 0.00163250614423304796, 0.00135941163171082735, 0.00112861080560833216, 0.00093965308042243112, 0.00077967724064365029, 0.00064310891320928931, 0.00052564230281859636, 0.00042257818859070539, 0.00033049448393285275, 0.00024798320373520255, 0.00017352218856103707, 0.00010551058949204162, 0.00004250773054081947, -0.00001591186992300209, -0.00007003332575550303, -0.00012013081868644804, -0.00016648248129058629, -0.00020935141947120428, -0.00024898731498979032, -0.00028564513195306063, -0.00031945566297508776, -0.00035048017161898315, -0.00037881318712607026, -0.0004045519453939051, -0.00042782761738635605, -0.00044879675260744989, -0.00046761889825575054, -0.00048447842709720135, -0.00049952656263485551, -0.00051291193813085556, -0.00052477122517302632, -0.00053521746303886175, -0.00054448022274300456, -0.00055264896946027875, -0.00055981258628889918, -0.00056605960708111525, -0.00057147827465087175, -0.00057615648256614804, -0.00058018194977194071, -0.00058364204596728086, -0.0005865764687769115, -0.00058907887432724237, -0.00059122056700289249, -0.00059302774025127292, -0.00059452641289681196, -0.00059574272017925978, -0.0005967027391307056, -0.00059743243036791682, -0.00059795781271532178, -0.0005983049632050097, -0.00059849984245374799, -0.00059856841107830405, -0.00059851730475202203, -0.00059835845604538918, -0.00059812923427671194, -0.00059783377218991518, -0.00059747614432126284, -0.00059706048341467977, -0.00059659086400642991, -0.00059607147704809904, -0.0005955063970759511, -0.00059489969862625003, -0.0005942555726505816, -0.00059357809368520975, -0.00059287139447405934, -0.00059213954955339432, -0.00059138680808246136, -0.00059061718638986349, -0.00058983487542718649, -0.00058904400793835521, -0.00058824638836085796, -0.00058743532281368971, -0.00058661989169195294, -0.00058580044424161315, -0.00058497715508565307, -0.00058415037347003818, -0.00058332039043307304, -0.00058248738059774041, -0.00058165169321000576, -0.00058081356110051274, -0.00057997333351522684, -0.00057913118507713079, -0.00057828746503219008, -0.00057744240621104836, -0.00057659635785967112, -0.00057574949460104108, -0.00057490210747346282, -0.00057405454572290182, -0.00057320704218000174, -0.00057235988788306713, -0.00057151337387040257, -0.00057066773297265172, -0.00056982325622811913, -0.00056898023467510939, -0.00056813895935192704, -0.00056729966308921576, -0.00056646263692528009]
volWes.T=[295.149993896484375, 295.533447265625, 295.775360107421875, 295.934326171875, 296.043304443359375, 296.120819091796875, 296.1776123046875, 296.219970703125, 296.25225830078125, 296.27691650390625, 296.295806884765625, 296.31048583984375, 296.321929931640625, 296.330718994140625, 296.3372802734375, 296.342132568359375, 296.345703125, 296.348052978515625, 296.3492431640625, 296.349334716796875, 296.348419189453125, 296.3465576171875, 296.34381103515625, 296.34027099609375, 296.335968017578125, 296.3309326171875, 296.325164794921875, 296.318695068359375, 296.31158447265625, 296.303863525390625, 296.295562744140625, 296.286712646484375, 296.27740478515625, 296.267669677734375, 296.257537841796875, 296.24700927734375, 296.2362060546875, 296.22509765625, 296.213775634765625, 296.202178955078125, 296.190399169921875, 296.178466796875, 296.166351318359375, 296.15411376953125, 296.141754150390625, 296.129302978515625, 296.116790771484375, 296.104217529296875, 296.091583251953125, 296.07891845703125, 296.066192626953125, 296.053436279296875, 296.040679931640625, 296.027862548828125, 296.01507568359375, 296.00225830078125, 295.98944091796875, 295.976654052734375, 295.9638671875, 295.951080322265625, 295.93829345703125, 295.925567626953125, 295.912811279296875, 295.900115966796875, 295.887420654296875, 295.874725341796875, 295.862091064453125, 295.849456787109375, 295.836822509765625, 295.824249267578125, 295.81170654296875, 295.799163818359375, 295.786651611328125, 295.774169921875, 295.76171875, 295.749298095703125, 295.736907958984375, 295.72454833984375, 295.71221923828125, 295.699920654296875, 295.687652587890625, 295.6754150390625, 295.6632080078125, 295.651031494140625, 295.63885498046875, 295.626739501953125, 295.614654541015625, 295.602569580078125, 295.590545654296875, 295.578521728515625, 295.566558837890625, 295.554595947265625, 295.542694091796875, 295.530792236328125, 295.518951416015625, 295.507110595703125, 295.49530029296875, 295.4835205078125, 295.4718017578125, 295.4600830078125, 295.448394775390625]
volEas.T=[298.149993896484375, 297.719573974609375, 297.4378662109375, 297.24151611328125, 297.096954345703125, 296.985198974609375, 296.89520263671875, 296.82049560546875, 296.756561279296875, 296.7008056640625, 296.651397705078125, 296.606597900390625, 296.565399169921875, 296.527252197265625, 296.49163818359375, 296.4580078125, 296.425994873046875, 296.3953857421875, 296.3660888671875, 296.337921142578125, 296.31085205078125, 296.2847900390625, 296.259674072265625, 296.23541259765625, 296.21197509765625, 296.189361572265625, 296.167510986328125, 296.146453857421875, 296.1260986328125, 296.1064453125, 296.08740234375, 296.0689697265625, 296.05108642578125, 296.033721923828125, 296.016815185546875, 296.000335693359375, 295.984222412109375, 295.968475341796875, 295.953033447265625, 295.937896728515625, 295.92303466796875, 295.908416748046875, 295.894012451171875, 295.87982177734375, 295.86578369140625, 295.8519287109375, 295.838226318359375, 295.824615478515625, 295.8111572265625, 295.797821044921875, 295.784576416015625, 295.77142333984375, 295.75836181640625, 295.745391845703125, 295.732513427734375, 295.719696044921875, 295.706939697265625, 295.694244384765625, 295.681610107421875, 295.66900634765625, 295.656463623046875, 295.64398193359375, 295.63153076171875, 295.619140625, 295.6068115234375, 295.594512939453125, 295.582244873046875, 295.57000732421875, 295.557830810546875, 295.545684814453125, 295.533599853515625, 295.521514892578125, 295.509490966796875, 295.49749755859375, 295.48553466796875, 295.473602294921875, 295.461700439453125, 295.4498291015625, 295.43798828125, 295.426177978515625, 295.414398193359375, 295.402679443359375, 295.390960693359375, 295.3792724609375, 295.36761474609375, 295.355987548828125, 295.34442138671875, 295.332855224609375, 295.321319580078125, 295.309814453125, 295.29833984375, 295.286895751953125, 295.275482177734375, 295.26409912109375, 295.25274658203125, 295.241424560546875, 295.230133056640625, 295.218841552734375, 295.207611083984375, 295.1964111328125, 295.185211181640625]
volOut.T=[288.149993896484375, 288.149993896484375, 288.149993896484375, 288.149993896484375, 288.149993896484375, 288.149993896484375, 288.149993896484375, 288.149993896484375, 288.149993896484375, 288.149993896484375, 288.149993896484375, 288.149993896484375, 288.149993896484375, 288.149993896484375, 288.149993896484375, 288.149993896484375, 288.149993896484375, 288.149993896484375, 288.149993896484375, 288.149993896484375, 288.149993896484375, 288.149993896484375, 288.149993896484375, 288.149993896484375, 288.149993896484375, 288.149993896484375, 288.149993896484375, 288.149993896484375, 288.149993896484375, 288.149993896484375, 288.149993896484375, 288.149993896484375, 288.149993896484375, 288.149993896484375, 288.149993896484375, 288.149993896484375, 288.149993896484375, 288.149993896484375, 288.149993896484375, 288.149993896484375, 288.149993896484375, 288.149993896484375, 288.149993896484375, 288.149993896484375, 288.149993896484375, 288.149993896484375, 288.149993896484375, 288.149993896484375, 288.149993896484375, 288.149993896484375, 288.149993896484375, 288.149993896484375, 288.149993896484375, 288.149993896484375, 288.149993896484375, 288.149993896484375, 288.149993896484375, 288.149993896484375, 288.149993896484375, 288.149993896484375, 288.149993896484375, 288.149993896484375, 288.149993896484375, 288.149993896484375, 288.149993896484375, 288.149993896484375, 288.149993896484375, 288.149993896484375, 288.149993896484375, 288.149993896484375, 288.149993896484375, 288.149993896484375, 288.149993896484375, 288.149993896484375, 288.149993896484375, 288.149993896484375, 288.149993896484375, 288.149993896484375, 288.149993896484375, 288.149993896484375, 288.149993896484375, 288.149993896484375, 288.149993896484375, 288.149993896484375, 288.149993896484375, 288.149993896484375, 288.149993896484375, 288.149993896484375, 288.149993896484375, 288.149993896484375, 288.149993896484375, 288.149993896484375, 288.149993896484375, 288.149993896484375, 288.149993896484375, 288.149993896484375, 288.149993896484375, 288.149993896484375, 288.149993896484375, 288.149993896484375, 288.149993896484375]
volTop.T=[293.149993896484375, 293.122833251953125, 293.124237060546875, 293.12530517578125, 293.126190185546875, 293.12689208984375, 293.12744140625, 293.1279296875, 293.1282958984375, 293.12860107421875, 293.12884521484375, 293.129058837890625, 293.12921142578125, 293.12933349609375, 293.12939453125, 293.12945556640625, 293.129486083984375, 293.129486083984375, 293.1295166015625, 293.129547119140625, 293.129608154296875, 293.129669189453125, 293.1297607421875, 293.129852294921875, 293.129974365234375, 293.130096435546875, 293.1302490234375, 293.130401611328125, 293.13055419921875, 293.1307373046875, 293.130889892578125, 293.131072998046875, 293.131256103515625, 293.1314697265625, 293.13165283203125, 293.1318359375, 293.132049560546875, 293.13226318359375, 293.1324462890625, 293.132659912109375, 293.13287353515625, 293.133087158203125, 293.13330078125, 293.133514404296875, 293.13372802734375, 293.1339111328125, 293.134124755859375, 293.13433837890625, 293.134552001953125, 293.134765625, 293.134979248046875, 293.13519287109375, 293.135406494140625, 293.135589599609375, 293.13580322265625, 293.136016845703125, 293.13623046875, 293.13641357421875, 293.136627197265625, 293.1368408203125, 293.13702392578125, 293.137237548828125, 293.137420654296875, 293.13763427734375, 293.1378173828125, 293.138031005859375, 293.138214111328125, 293.138397216796875, 293.13861083984375, 293.1387939453125, 293.13897705078125, 293.13916015625, 293.13934326171875, 293.1395263671875, 293.139739990234375, 293.139923095703125, 293.140106201171875, 293.1402587890625, 293.14044189453125, 293.140625, 293.14080810546875, 293.1409912109375, 293.14117431640625, 293.141326904296875, 293.141510009765625, 293.141693115234375, 293.141845703125, 293.14202880859375, 293.1422119140625, 293.142364501953125, 293.142547607421875, 293.1427001953125, 293.142852783203125, 293.143035888671875, 293.1431884765625, 293.143341064453125, 293.143524169921875, 293.1436767578125, 293.143829345703125, 293.14398193359375, 293.144134521484375]
dooOpeClo.dpAB[1]=[0.16304393112659454346, 0.09079685807228088379, 0.06983232498168945312, 0.05564460158348083496, 0.0455649644136428833, 0.03807071223855018616, 0.03227645158767700195, 0.02766754850745200764, 0.02388827316462993622, 0.02073389291763305664, 0.01805894635617733002, 0.01573302224278450012, 0.0136747267097234726, 0.01184313558042049408, 0.01019729953259229487, 0.0086963362991809845, 0.00731002306565642357, 0.00602655205875635147, 0.00483865709975361824, 0.00373959867283701897, 0.0027227883692830801, 0.00178215675987303257, 0.00091204565251246095, 0.00010675629891920835, -0.00063655537087470293, -0.00131920212879776955, -0.00194320152513682842, -0.00251061632297933275, -0.00302422861568629915, -0.00348738487809896469, -0.00390350865200161934, -0.00427657365798950195, -0.00460983021184802055, -0.00490648858249187469, -0.0051695164293050766, -0.00540135195478796959, -0.00560705177485942841, -0.00578855304047465324, -0.00594779429957270622, -0.00608671503141522408, -0.00620725518092513084, -0.00631135609000921249, -0.00640096049755811691, -0.0064780116081237793, -0.00654337042942643166, -0.00659911055117845535, -0.00664682500064373016, -0.0066870921291410923, -0.00672048935666680336, -0.00674759596586227417, -0.00676899077370762825, -0.00678525259718298912, -0.00679696165025234222, -0.00680469674989581108, -0.00680903811007738113, -0.00681056687608361244, -0.0068094269372522831, -0.00680588511750102043, -0.00680077448487281799, -0.00679418724030256271, -0.00678621465340256691, -0.0067769479937851429, -0.00676647992804646492, -0.00675490172579884529, -0.00674230512231588364, -0.00672878231853246689, -0.00671442504972219467, -0.00669932551681995392, -0.00668357545509934425, -0.00666726706549525261, -0.00665049254894256592, -0.0066333436407148838, -0.00661591347306966782, -0.00659829331561923027, -0.00658052414655685425, -0.00656245555728673935, -0.00654429150745272636, -0.00652603758499026299, -0.00650770077481865883, -0.00648928619921207428, -0.00647080084308981895, -0.00645224982872605324, -0.00643364060670137405, -0.00641497829928994179, -0.00639626896008849144, -0.00637751957401633263, -0.00635873572900891304, -0.00633992347866296768, -0.00632108887657523155, -0.00630223844200372696, -0.0062833782285451889, -0.00626451475545763969, -0.00624565314501523972, -0.00622680038213729858, -0.0062079625204205513, -0.00618914514780044556, -0.00617035524919629097, -0.00615159887820482254, -0.00613288162276148796, -0.00611421000212430954, -0.00609559006989002228]
oriOutBot.dp=[-0.60073649883270263672, -0.57574743032455444336, -0.55931329727172851562, -0.5478464961051940918, -0.53938853740692138672, -0.53284925222396850586, -0.52757889032363891602, -0.52320265769958496094, -0.51945531368255615234, -0.51618748903274536133, -0.51328855752944946289, -0.51066118478775024414, -0.50824362039566040039, -0.50600481033325195312, -0.50391376018524169922, -0.50193929672241210938, -0.50005811452865600586, -0.49826058745384216309, -0.49653777480125427246, -0.4948832094669342041, -0.49329206347465515137, -0.49175986647605895996, -0.49028244614601135254, -0.48885563015937805176, -0.48747727274894714355, -0.48614650964736938477, -0.48486185073852539062, -0.48362180590629577637, -0.48242431879043579102, -0.48126691579818725586, -0.4801470637321472168, -0.4790617525577545166, -0.47800856828689575195, -0.47698506712913513184, -0.4759890437126159668, -0.47501862049102783203, -0.47407004237174987793, -0.47314175963401794434, -0.47223237156867980957, -0.47134038805961608887, -0.47046428918838500977, -0.46960267424583435059, -0.46875399351119995117, -0.46791684627532958984, -0.46709051728248596191, -0.46627345681190490723, -0.46546441316604614258, -0.46466296911239624023, -0.46386870741844177246, -0.46308112144470214844, -0.46229979395866394043, -0.4615243077278137207, -0.46075415611267089844, -0.45998895168304443359, -0.45922818779945373535, -0.45847147703170776367, -0.45771867036819458008, -0.4569695889949798584, -0.45622354745864868164, -0.45548048615455627441, -0.45474034547805786133, -0.4540030360221862793, -0.45326846837997436523, -0.45253661274909973145, -0.45180734992027282715, -0.45108062028884887695, -0.45035636425018310547, -0.44963446259498596191, -0.44891488552093505859, -0.44819751381874084473, -0.44748228788375854492, -0.44676917791366577148, -0.44605803489685058594, -0.44534882903099060059, -0.44464150071144104004, -0.44393616914749145508, -0.44323268532752990723, -0.44253098964691162109, -0.44183114171028137207, -0.44113308191299438477, -0.44043681025505065918, -0.43974232673645019531, -0.43904963135719299316, -0.43835866451263427734, -0.43766945600509643555, -0.43698200583457946777, -0.43629628419876098633, -0.43561229109764099121, -0.43492996692657470703, -0.43424937129020690918, -0.43357047438621520996, -0.43289324641227722168, -0.43221771717071533203, -0.43154379725456237793, -0.43087157607078552246, -0.43020096421241760254, -0.42953199148178100586, -0.42886462807655334473, -0.42819887399673461914, -0.4275347292423248291, -0.42687216401100158691]
oriWesTop.dp=[35.09163665771484375, 0.07812304049730300903, 0.05902099236845970154, 0.04610133543610572815, 0.03676452487707138062, 0.02976559102535247803, 0.02444294467568397522, 0.02012285403907298695, 0.01657512784004211426, 0.01360921747982501984, 0.01108654588460922241, 0.00888469535857439041, 0.00693581346422433853, 0.00520022772252559662, 0.00363827985711395524, 0.00221051112748682499, 0.00089094857685267925, -0.00033213006099686027, -0.00146535597741603851, -0.00251488154754042625, -0.00348675739951431751, -0.00438659405335783958, -0.0052196308970451355, -0.00599116040393710136, -0.00670382846146821976, -0.00735878059640526772, -0.00795784220099449158, -0.00850288476794958288, -0.00899650249630212957, -0.00944183766841888428, -0.00984211266040802002, -0.0102011021226644516, -0.01052189711481332779, -0.01080755051225423813, -0.01106088608503341675, -0.01128423400223255157, -0.01148243807256221771, -0.01165735721588134766, -0.01181085314601659775, -0.01194478757679462433, -0.01206102129071950912, -0.01216141693294048309, -0.01224783621728420258, -0.01232214272022247314, -0.01238517742604017258, -0.01243894733488559723, -0.01248497609049081802, -0.01252382155507802963, -0.01255604252219200134, -0.01258219592273235321, -0.01260284055024385452, -0.01261853426694869995, -0.01262983586639165878, -0.01263730414211750031, -0.0126414978876709938, -0.01264297496527433395, -0.0126418769359588623, -0.01263846363872289658, -0.01263353601098060608, -0.0126271834596991539, -0.01261949539184570312, -0.01261055842041969299, -0.01260046288371086121, -0.01258929632604122162, -0.01257714815437793732, -0.01256410684436559677, -0.01255026087164878845, -0.01253569871187210083, -0.01252050884068012238, -0.01250478159636259079, -0.01248860359191894531, -0.01247206516563892365, -0.01245525479316711426, -0.01243826188147068024, -0.01242112461477518082, -0.01240370050072669983, -0.01238618418574333191, -0.01236858125776052475, -0.01235089823603630066, -0.01233314163982868195, -0.01231531612575054169, -0.01229742821305990219, -0.01227948348969221115, -0.01226148847490549088, -0.01224344782531261444, -0.01222536992281675339, -0.01220725849270820618, -0.01218912005424499512, -0.0121709601953625679, -0.01215278636664152145, -0.01213460229337215424, -0.01211641542613506317, -0.01209823135286569595, -0.01208005659282207489, -0.01206189580261707306, -0.01204375550150871277, -0.01202564127743244171, -0.0120075596496462822, -0.01198951620608568192, -0.01197151653468608856, -0.01195356715470552444]
oriEasTop.dp=[-34.91568756103515625, 0.07813270390033721924, 0.05904895812273025513, 0.04601746797561645508, 0.03678743541240692139, 0.0298949219286441803, 0.02442278526723384857, 0.02012108452618121754, 0.01657572388648986816, 0.01360427960753440857, 0.01108079124242067337, 0.00888632703572511673, 0.00693790754303336143, 0.00519962562248110771, 0.00363552849739789746, 0.00220955628901720047, 0.00088997342390939593, -0.00033312995219603181, -0.00146638171281665564, -0.00251593138091266155, -0.00348783074878156185, -0.00438768835738301277, -0.00522074382752180099, -0.00599229242652654648, -0.00670497911050915718, -0.00735994894057512283, -0.00795902777463197708, -0.00850408710539341146, -0.00899772159755230123, -0.00944307073950767517, -0.00984335970133543015, -0.01020236127078533173, -0.01052316650748252869, -0.0108088301494717598, -0.01106217410415410995, -0.01128552947193384171, -0.01148374099284410477, -0.01165866665542125702, -0.0118121681734919548, -0.01194610539823770523, -0.01206234097480773926, -0.01216273754835128784, -0.01224915869534015656, -0.01232346706092357635, -0.01238650362938642502, -0.01244027260690927505, -0.01248630136251449585, -0.01252514682710170746, -0.01255736686289310455, -0.01258351933211088181, -0.0126041630282998085, -0.0126198548823595047, -0.0126311546191573143, -0.01263862103223800659, -0.01264281198382377625, -0.01264428719878196716, -0.01264318730682134628, -0.01263977121561765671, -0.01263484079390764236, -0.01262848637998104095, -0.01262079551815986633, -0.01261185668408870697, -0.01260175742208957672, -0.0125905890017747879, -0.01257843803614377975, -0.01256539300084114075, -0.01255154423415660858, -0.0125369783490896225, -0.01252178661525249481, -0.01250605564564466476, -0.01248987484723329544, -0.01247333362698554993, -0.01245651952922344208, -0.01243952382355928421, -0.01242238376289606094, -0.01240495592355728149, -0.01238743681460618973, -0.01236983109265565872, -0.01235214527696371078, -0.01233438588678836823, -0.01231655757874250412, -0.01229866687208414078, -0.01228071935474872589, -0.01226272154599428177, -0.0122446790337562561, -0.01222659740597009659, -0.01220848225057125092, -0.01219034101814031601, -0.01217217836529016495, -0.01215400081127882004, -0.01213581394404172897, -0.01211762428283691406, -0.01209943648427724838, -0.01208125799894332886, -0.01206309348344802856, -0.01204494945704936981, -0.01202683243900537491, -0.01200874801725149155, -0.01199070177972316742, -0.01197270024567842484, -0.01195474900305271149]
oriOutTop.dp=[0.60073649883270263672, 0.57567322254180908203, 0.55927050113677978516, 0.54781454801559448242, 0.53937369585037231445, 0.53283858299255371094, 0.52757304906845092773, 0.52319848537445068359, 0.51945501565933227539, 0.51618754863739013672, 0.51329028606414794922, 0.51066386699676513672, 0.50824701786041259766, 0.50600874423980712891, 0.50391811132431030273, 0.50194406509399414062, 0.50006312131881713867, 0.49826586246490478516, 0.49654331803321838379, 0.49488899111747741699, 0.49329805374145507812, 0.49176606535911560059, 0.49028885364532470703, 0.48886221647262573242, 0.48748403787612915039, 0.48615342378616333008, 0.48486891388893127441, 0.48362901806831359863, 0.48243167996406555176, 0.48127442598342895508, 0.4801546633243560791, 0.47906947135925292969, 0.47801637649536132812, 0.47699296474456787109, 0.47599700093269348145, 0.47502666711807250977, 0.47407811880111694336, 0.47314992547035217285, 0.47224056720733642578, 0.47134858369827270508, 0.47047254443168640137, 0.46961092948913574219, 0.46876230835914611816, 0.46792516112327575684, 0.46709883213043212891, 0.46628177165985107422, 0.46547272801399230957, 0.46467128396034240723, 0.46387699246406555176, 0.46308940649032592773, 0.46230807900428771973, 0.4615325629711151123, 0.46076241135597229004, 0.4599971771240234375, 0.45923641324043273926, 0.45847967267036437988, 0.45772686600685119629, 0.45697775483131408691, 0.45623168349266052246, 0.45548862218856811523, 0.45474845170974731445, 0.45401111245155334473, 0.45327654480934143066, 0.45254465937614440918, 0.45181536674499511719, 0.4510886073112487793, 0.45036432147026062012, 0.44964241981506347656, 0.44892278313636779785, 0.44820541143417358398, 0.44749018549919128418, 0.44677701592445373535, 0.44606584310531616211, 0.44535660743713378906, 0.44464927911758422852, 0.44394391775131225586, 0.44324040412902832031, 0.44253870844841003418, 0.44183883070945739746, 0.44114074110984802246, 0.44044446945190429688, 0.43974995613098144531, 0.43905720114707946777, 0.43836623430252075195, 0.43767702579498291016, 0.43698951601982116699, 0.43630376458168029785, 0.43561974167823791504, 0.43493741750717163086, 0.43425682187080383301, 0.43357789516448974609, 0.43290063738822937012, 0.43222504854202270508, 0.43155112862586975098, 0.43087887763977050781, 0.4302082359790802002, 0.42953923344612121582, 0.42887187004089355469, 0.42820608615875244141, 0.42754194140434265137, 0.42687934637069702148]
