last-generated=2018-06-13
statistics-simulation=
{
  "linear": " ",
  "nonlinear": " ",
  "number of continuous time states": "1",
  "numerical Jacobians": "0"
}
y=[2.723155212402344e+02, 2.766658664861973e+02, 2.799375883802232e+02, 2.825368344319619e+02, 2.846759964776469e+02, 2.864802225926655e+02, 2.880295101495656e+02, 2.893781747194644e+02, 2.905646347500145e+02, 2.916172786934483e+02, 2.925574956419649e+02, 2.934019458635181e+02, 2.941637264578319e+02, 2.948534243824391e+02, 2.954797676917498e+02, 2.960498348777517e+02, 2.965696718068463e+02, 2.970443731480543e+02, 2.974782711850063e+02, 2.978751221599885e+02, 2.98238190107265e+02, 2.985703122326091e+02, 2.98873992954228e+02, 2.99151520057297e+02, 2.994048764761542e+02, 2.996358337402344e+02, 2.998460081923242e+02, 3.000369263445917e+02, 3.002098693649751e+02, 3.003661498041003e+02, 3.005068664943682e+02, 3.006330871294631e+02, 3.007458496845719e+02, 3.008460693525812e+02, 3.009346008000103e+02, 3.010123291442177e+02, 3.010800170935454e+02, 3.011384887433379e+02, 3.0118841551482e+02, 3.012305908179751e+02, 3.012656250046384e+02, 3.012942810148088e+02, 3.013171691857424e+02, 3.013349914555238e+02, 3.013483581527212e+02, 3.013579101568184e+02, 3.013643493647569e+02, 3.013682250974516e+02, 3.01370208740173e+02, 3.013709716796773e+02, 3.013710632324219e+02, 3.013711547851665e+02, 3.013718872070995e+02, 3.013739013673921e+02, 3.013777771000869e+02, 3.013841857904586e+02, 3.013937377945444e+02, 3.014070739741592e+02, 3.014247741736053e+02, 3.01447479239152e+02, 3.014757690383985e+02, 3.015102844261201e+02, 3.015515747192685e+02, 3.016002197519555e+02, 3.016567382776848e+02, 3.017216796467547e+02, 3.017955932900949e+02, 3.018788757168423e+02, 3.019720458289158e+02, 3.020755310320164e+02, 3.021896667127131e+02, 3.023148499400539e+02, 3.024513855151453e+02, 3.025995482760519e+02, 3.027595826092436e+02, 3.029316711425781e+02, 3.031159669796467e+02, 3.033125608188971e+02, 3.03521514867076e+02, 3.037428590777122e+02, 3.039765622155106e+02, 3.04222564637421e+02, 3.04480682562949e+02, 3.047508541316282e+02, 3.050328368115263e+02, 3.053264161946132e+02, 3.056312861786437e+02, 3.059472349546998e+02, 3.062738954223602e+02, 3.066109013695959e+02, 3.069579160505822e+02, 3.073145448072825e+02, 3.07680389891112e+02, 3.080550534404907e+02, 3.084380799264616e+02, 3.088290409988248e+02, 3.092275082099193e+02, 3.096330261718684e+02, 3.100451969794731e+02, 3.104635310929451e+02, 3.108876647949219e+02]
y_comp=[2.723155212402344e+02, 2.766658664861973e+02, 2.799375883802232e+02, 2.825368344319619e+02, 2.846759964776469e+02, 2.864802225926655e+02, 2.880295101495656e+02, 2.893781747194644e+02, 2.905646347500145e+02, 2.916172786934483e+02, 2.925574956419649e+02, 2.934019458635181e+02, 2.941637264578319e+02, 2.948534243824391e+02, 2.954797676917498e+02, 2.960498348777517e+02, 2.965696718068463e+02, 2.970443731480543e+02, 2.974782711850063e+02, 2.978751221599885e+02, 2.982381595898688e+02, 2.985703122326091e+02, 2.98873992954228e+02, 2.99151520057297e+02, 2.994048764761542e+02, 2.996358337402344e+02, 2.998460081923242e+02, 3.000369263445917e+02, 3.002098693649751e+02, 3.003661498041003e+02, 3.005068664943682e+02, 3.006330871294268e+02, 3.007458496845719e+02, 3.008460693525812e+02, 3.009346008000103e+02, 3.010123291442177e+02, 3.010800170935454e+02, 3.011384887433379e+02, 3.0118841551482e+02, 3.012305603004061e+02, 3.012656250046384e+02, 3.012942810148088e+02, 3.013171691857424e+02, 3.013349914555238e+02, 3.013483581527212e+02, 3.013579101568184e+02, 3.013643493647569e+02, 3.013682250974516e+02, 3.01370208740173e+02, 3.013709411621026e+02, 3.013710632324219e+02, 3.013711547851665e+02, 3.013718872070995e+02, 3.013739013673921e+02, 3.013777771000869e+02, 3.013841857904586e+02, 3.013937377945444e+02, 3.014070434565856e+02, 3.014247741736053e+02, 3.01447479239152e+02, 3.014757690383985e+02, 3.015102844261201e+02, 3.015515747192685e+02, 3.016001892344502e+02, 3.016567382776848e+02, 3.017216796467547e+02, 3.017955627725714e+02, 3.018788757168423e+02, 3.019720458289158e+02, 3.020755310320164e+02, 3.021896667127131e+02, 3.023148499400539e+02, 3.024513855151453e+02, 3.025995482760519e+02, 3.027595826092436e+02, 3.029316711425781e+02, 3.031159669796467e+02, 3.033125608188971e+02, 3.03521514867076e+02, 3.037428590775849e+02, 3.039765622155106e+02, 3.042225341198792e+02, 3.04480682562949e+02, 3.047508541316282e+02, 3.050328368115263e+02, 3.05326385677126e+02, 3.056312861786437e+02, 3.059472349546998e+02, 3.062738649048548e+02, 3.066109013695959e+02, 3.069579160505822e+02, 3.073145448072825e+02, 3.07680389891112e+02, 3.080550534404907e+02, 3.084380799264252e+02, 3.088290409988248e+02, 3.092275082099193e+02, 3.096330261718684e+02, 3.100451969794731e+02, 3.104635310929451e+02, 3.108876647949219e+02]
time=[-1e+00, 1e+00]
