last-generated=2017-01-19
statistics-simulation=
{
  "numerical Jacobians": "0", 
  "nonlinear": "1", 
  "number of continuous time states": "1", 
  "linear": " "
}
extCon.port_a.Q_flow=[3167.199951171875, 2816.31591796875, 2931.587158203125, 3498.42626953125, 3659.29248046875, 3679.263916015625, 4112.29833984375, 3788.285888671875, 2739.785400390625, 3978., 5431.46875, 4332.7587890625, 3828.167724609375, 4259.5029296875, 4335.8193359375, 3492.30908203125, 2429.498046875, 1648.6947021484375, 1824., 1538.94775390625, 1826.8671875, 2468.018798828125, 2445.0556640625, 3029.233154296875, 3682.143310546875, 3990.7861328125, 3964.711181640625, 5144.7998046875, 3984.156494140625, 3170.5615234375, 2911.521484375, 2361.881591796875, 2916.802490234375, 2953.765625, 3154.732421875, 5366.24951171875, 5498.7998046875, 4588.517578125, 3070.60791015625, 2435.641845703125, 2745.544921875, 4258.31396484375, 4256.03759765625, 4854.572265625, 5584.615234375, 5193.4482421875, 5167.80517578125, 4466.62890625, 5541.6513671875, 3878.281005859375, 2360.18115234375, 2146.544189453125, 1737.2440185546875, 1859.86279296875, 1579.199951171875, 1607.507568359375, 1542.8035888671875, 1696.47412109375, 1859.1968994140625, 2175.448486328125, 2365.896240234375, 2409.435546875, 1788.5086669921875, 1504., 2203.912841796875, 3553.451171875, 2328.58447265625, 2916.48974609375, 3957.002685546875, 4514.53076171875, 4735.44921875, 3914.7001953125, 3626., 4265.85986328125, 2986.118896484375, 3283.173583984375, 4111.87548828125, 3288.9609375, 3979.737060546875, 3045.054443359375, 3130.376708984375, 3969.99169921875, 4068.8818359375, 5086.849609375, 6463.994140625, 4310.63330078125, 3746.4072265625, 3715.221923828125, 3828.43603515625, 3676.68798828125, 3371.494140625, 1671.6683349609375, 2815., 3460.88037109375, 3436.333251953125, 4995.33349609375, 4205.4541015625, 4442.30029296875, 3209.336669921875, 2505.60009765625, 3004.239501953125]
extConLin.port_a.Q_flow=[3916.199951171875, 3965.4267578125, 3982.521728515625, 3943.98876953125, 3706.7666015625, 3567.562744140625, 3641.699951171875, 3757.60009765625, 3873.5, 4044.300048828125, 4145.966796875, 4211.20068359375, 4178.04833984375, 4080.0966796875, 4058.75927734375, 4123.60009765625, 4168.107421875, 4278.8662109375, 4172.39990234375, 4121.56689453125, 4066.013916015625, 3830.800048828125, 3657.966552734375, 3674.141357421875, 3721., 3790.6103515625, 3859.2666015625, 3989.39990234375, 4040.582275390625, 4015.766357421875, 3749.466552734375, 3623.9521484375, 3743.8603515625, 3910.10009765625, 4060.54150390625, 4187.2607421875, 4263.89990234375, 4296.43310546875, 3922.02392578125, 3225.54443359375, 3220.7353515625, 3453.049072265625, 3568.5, 3666.10009765625, 3778.318359375, 3806.39990234375, 3810.79296875, 3676.849609375, 3441.509033203125, 3406.486083984375, 3437.663818359375, 3483.10009765625, 3504.604736328125, 3477., 3440.39990234375, 3354.598388671875, 3040.8876953125, 2910.513427734375, 3006.71435546875, 3107.661376953125, 3183.522216796875, 3321.663330078125, 3393.63330078125, 3440.39990234375, 3291.966552734375, 3125.5595703125, 3102.18896484375, 3209.327880859375, 3289.079833984375, 3373.300048828125, 3401.373291015625, 3405.90869140625, 3385.5, 3145.566650390625, 2970.47412109375, 3020.85546875, 3021.533447265625, 3036.9296875, 3019.5, 3001.199951171875, 2980.82470703125, 2909.699951171875, 2558.26806640625, 2437.891357421875, 2525.851806640625, 2527.433349609375, 2522.730712890625, 2538.503662109375, 2525.39990234375, 2488.177490234375, 2067.89990234375, 1547.411865234375, 1610.7095947265625, 1842.199951171875, 2059.7666015625, 2336.35009765625, 2836.5, 3115.066650390625, 3243.86962890625, 3184.199951171875, 3212.666748046875]
time=[0., 1000000.]
intConVer.port_a.Q_flow=[311.846038818359375, 303.805419921875, 295.812774658203125, 287.868743896484375, 279.97412109375, 272.129608154296875, 264.33599853515625, 256.5941162109375, 248.9048309326171875, 241.2689971923828125, 233.6875457763671875, 226.1614227294921875, 218.691650390625, 211.27923583984375, 203.9253082275390625, 196.6309967041015625, 189.3975067138671875, 182.22607421875, 175.1180572509765625, 168.0748291015625, 161.097869873046875, 154.188720703125, 147.3490447998046875, 140.5805816650390625, 133.88519287109375, 127.26483917236328125, 120.72164154052734375, 114.25786590576171875, 107.87592315673828125, 101.5784454345703125, 95.3682403564453125, 89.24839019775390625, 83.22222900390625, 77.2934112548828125, 71.4659423828125, 65.74428558349609375, 60.13336944580078125, 54.638751983642578125, 49.26668548583984375, 44.02433013916015625, 38.919925689697265625, 33.9631195068359375, 29.1653614044189453125, 24.54051971435546875, 20.1058101654052734375, 15.88328075408935546875, 11.90242862701416015625, 8.205211639404296875, 4.85739898681640625, 1.98231196403503417969, 0., -1.98231196403503417969, -4.85739898681640625, -8.205211639404296875, -11.90242862701416015625, -15.88328075408935546875, -20.1058101654052734375, -24.54051971435546875, -29.1653614044189453125, -33.9631195068359375, -38.919925689697265625, -44.02433013916015625, -49.26668548583984375, -54.638751983642578125, -60.13336944580078125, -65.74428558349609375, -71.4659423828125, -77.2934112548828125, -83.22222900390625, -89.24839019775390625, -95.3682403564453125, -101.5784454345703125, -107.87592315673828125, -114.25786590576171875, -120.72164154052734375, -127.26483917236328125, -133.88519287109375, -140.5805816650390625, -147.3490447998046875, -154.188720703125, -161.097869873046875, -168.0748291015625, -175.1180572509765625, -182.22607421875, -189.3975067138671875, -196.6309967041015625, -203.9253082275390625, -211.27923583984375, -218.691650390625, -226.1614227294921875, -233.6875457763671875, -241.2689971923828125, -248.9048309326171875, -256.5941162109375, -264.33599853515625, -272.129608154296875, -279.97412109375, -287.868743896484375, -295.812774658203125, -303.805419921875, -311.846038818359375]
intConFlo.port_a.Q_flow=[405.00396728515625, 394.44183349609375, 383.945892333984375, 373.51708984375, 363.15643310546875, 352.864898681640625, 342.643585205078125, 332.493560791015625, 322.415985107421875, 312.41204833984375, 302.483001708984375, 292.630096435546875, 282.854736328125, 273.15826416015625, 263.542205810546875, 254.008056640625, 244.557464599609375, 235.1920928955078125, 225.91375732421875, 216.7242889404296875, 207.6256866455078125, 198.6200408935546875, 189.7095489501953125, 180.8965606689453125, 172.1835479736328125, 163.573150634765625, 155.0682220458984375, 146.6717681884765625, 138.38702392578125, 130.217498779296875, 122.1669464111328125, 114.23947906494140625, 106.4395294189453125, 98.77196502685546875, 91.24213409423828125, 83.85594940185546875, 76.619964599609375, 69.54155731201171875, 62.6290130615234375, 55.891803741455078125, 49.3408355712890625, 42.98883819580078125, 36.850910186767578125, 30.9453029632568359375, 25.2946300506591796875, 19.92779541015625, 14.88335895538330078125, 10.2160053253173828125, 6.011096954345703125, 2.42776417732238769531, 0., -0.56903588771820068359, -1.24797713756561279297, -1.97568643093109130859, -2.73699259757995605469, -3.52429819107055664062, -4.33296346664428710938, -5.1598339080810546875, -6.00261640548706054688, -6.85956239700317382812, -7.72929096221923828125, -8.61068248748779296875, -9.50280857086181640625, -10.40488910675048828125, -11.31625461578369140625, -12.2363262176513671875, -13.16459751129150390625, -14.1006221771240234375, -15.044002532958984375, -15.99438190460205078125, -16.9514408111572265625, -17.9148883819580078125, -18.8844585418701171875, -19.8599109649658203125, -20.8410205841064453125, -21.8275852203369140625, -22.8194122314453125, -23.8163280487060546875, -24.8181667327880859375, -25.8247776031494140625, -26.8360157012939453125, -27.8517475128173828125, -28.8718471527099609375, -29.8961963653564453125, -30.9246826171875, -31.9572010040283203125, -32.99365234375, -34.033939361572265625, -35.077972412109375, -36.12566375732421875, -37.176937103271484375, -38.23171234130859375, -39.2899169921875, -40.351474761962890625, -41.41632080078125, -42.484394073486328125, -43.55562591552734375, -44.629962921142578125, -45.707340240478515625, -46.78771209716796875, -47.8710174560546875]
intConVerLin.port_a.Q_flow=[194.5996246337890625, 190.7076416015625, 186.815643310546875, 182.92364501953125, 179.0316619873046875, 175.1396636962890625, 171.2476654052734375, 167.355682373046875, 163.46368408203125, 159.5717010498046875, 155.6797027587890625, 151.7877044677734375, 147.895721435546875, 144.00372314453125, 140.111724853515625, 136.2197418212890625, 132.3277435302734375, 128.435760498046875, 124.54376220703125, 120.65177154541015625, 116.75977325439453125, 112.8677825927734375, 108.97579193115234375, 105.08380126953125, 101.191802978515625, 97.29981231689453125, 93.4078216552734375, 89.51583099365234375, 85.62383270263671875, 81.731842041015625, 77.83985137939453125, 73.9478607177734375, 70.0558624267578125, 66.16387176513671875, 62.271881103515625, 58.379886627197265625, 54.487895965576171875, 50.5959014892578125, 46.70391082763671875, 42.811916351318359375, 38.919925689697265625, 35.02793121337890625, 31.1359405517578125, 27.2439479827880859375, 23.351955413818359375, 19.4599628448486328125, 15.56797027587890625, 11.6759777069091796875, 7.783985137939453125, 3.8919925689697265625, 0., -3.8919925689697265625, -7.783985137939453125, -11.6759777069091796875, -15.56797027587890625, -19.4599628448486328125, -23.351955413818359375, -27.2439479827880859375, -31.1359405517578125, -35.02793121337890625, -38.919925689697265625, -42.811916351318359375, -46.70391082763671875, -50.5959014892578125, -54.487895965576171875, -58.379886627197265625, -62.271881103515625, -66.16387176513671875, -70.0558624267578125, -73.9478607177734375, -77.83985137939453125, -81.731842041015625, -85.62383270263671875, -89.51583099365234375, -93.4078216552734375, -97.29981231689453125, -101.191802978515625, -105.08380126953125, -108.97579193115234375, -112.8677825927734375, -116.75977325439453125, -120.65177154541015625, -124.54376220703125, -128.435760498046875, -132.3277435302734375, -136.2197418212890625, -140.111724853515625, -144.00372314453125, -147.895721435546875, -151.7877044677734375, -155.6797027587890625, -159.5717010498046875, -163.46368408203125, -167.355682373046875, -171.2476654052734375, -175.1396636962890625, -179.0316619873046875, -182.92364501953125, -186.815643310546875, -190.7076416015625, -194.5996246337890625]
monLayAirWal.port_a.Q_flow=[561.2939453125, 550.06805419921875, 538.8421630859375, 527.6163330078125, 516.39044189453125, 505.16455078125, 493.938690185546875, 482.712799072265625, 471.486907958984375, 460.26104736328125, 449.03515625, 437.809295654296875, 426.583404541015625, 415.357513427734375, 404.13165283203125, 392.90576171875, 381.679901123046875, 370.454010009765625, 359.228118896484375, 348.00225830078125, 336.7763671875, 325.550506591796875, 314.324615478515625, 303.098724365234375, 291.87286376953125, 280.64697265625, 269.42108154296875, 258.195220947265625, 246.9693450927734375, 235.7434539794921875, 224.517578125, 213.2917022705078125, 202.065826416015625, 190.8399505615234375, 179.6140594482421875, 168.38818359375, 157.1623077392578125, 145.936431884765625, 134.710540771484375, 123.48467254638671875, 112.2587890625, 101.0329132080078125, 89.80702972412109375, 78.58115386962890625, 67.3552703857421875, 56.12939453125, 44.903514862060546875, 33.67763519287109375, 22.4517574310302734375, 11.22587871551513671875, 0., -11.22587871551513671875, -22.4517574310302734375, -33.67763519287109375, -44.903514862060546875, -56.12939453125, -67.3552703857421875, -78.58115386962890625, -89.80702972412109375, -101.0329132080078125, -112.2587890625, -123.48467254638671875, -134.710540771484375, -145.936431884765625, -157.1623077392578125, -168.38818359375, -179.6140594482421875, -190.8399505615234375, -202.065826416015625, -213.2917022705078125, -224.517578125, -235.7434539794921875, -246.9693450927734375, -258.195220947265625, -269.42108154296875, -280.64697265625, -291.87286376953125, -303.098724365234375, -314.324615478515625, -325.550506591796875, -336.7763671875, -348.00225830078125, -359.228118896484375, -370.454010009765625, -381.679901123046875, -392.90576171875, -404.13165283203125, -415.357513427734375, -426.583404541015625, -437.809295654296875, -449.03515625, -460.26104736328125, -471.486907958984375, -482.712799072265625, -493.938690185546875, -505.16455078125, -516.39044189453125, -527.6163330078125, -538.8421630859375, -550.06805419921875, -561.2939453125]
monLayAirHor.port_a.Q_flow=[531.6015625, 520.96954345703125, 510.337493896484375, 499.705474853515625, 489.07342529296875, 478.44140625, 467.80938720703125, 457.177337646484375, 446.545318603515625, 435.91326904296875, 425.28125, 414.64923095703125, 404.017181396484375, 393.385162353515625, 382.75311279296875, 372.12109375, 361.48907470703125, 350.857025146484375, 340.225006103515625, 329.59295654296875, 318.9609375, 308.32891845703125, 297.696868896484375, 287.064849853515625, 276.43280029296875, 265.80078125, 255.1687469482421875, 244.536712646484375, 233.904693603515625, 223.2726593017578125, 212.640625, 202.0085906982421875, 191.376556396484375, 180.744537353515625, 170.1125030517578125, 159.48046875, 148.8484344482421875, 138.216400146484375, 127.58437347412109375, 116.9523468017578125, 106.3203125, 95.6882781982421875, 85.05625152587890625, 74.42421722412109375, 63.792186737060546875, 53.16015625, 42.528125762939453125, 31.8960933685302734375, 21.2640628814697265625, 10.63203144073486328125, 0., -10.63203144073486328125, -21.2640628814697265625, -31.8960933685302734375, -42.528125762939453125, -53.16015625, -63.792186737060546875, -74.42421722412109375, -85.05625152587890625, -95.6882781982421875, -106.3203125, -116.9523468017578125, -127.58437347412109375, -138.216400146484375, -148.8484344482421875, -159.48046875, -170.1125030517578125, -180.744537353515625, -191.376556396484375, -202.0085906982421875, -212.640625, -223.2726593017578125, -233.904693603515625, -244.536712646484375, -255.1687469482421875, -265.80078125, -276.43280029296875, -287.064849853515625, -297.696868896484375, -308.32891845703125, -318.9609375, -329.59295654296875, -340.225006103515625, -350.857025146484375, -361.48907470703125, -372.12109375, -382.75311279296875, -393.385162353515625, -404.017181396484375, -414.64923095703125, -425.28125, -435.91326904296875, -446.545318603515625, -457.177337646484375, -467.80938720703125, -478.44140625, -489.07342529296875, -499.705474853515625, -510.337493896484375, -520.96954345703125, -531.6015625]
monLayAirHorLin.port_a.Q_flow=[531.6015625, 520.96954345703125, 510.337493896484375, 499.705474853515625, 489.07342529296875, 478.44140625, 467.80938720703125, 457.177337646484375, 446.545318603515625, 435.91326904296875, 425.28125, 414.64923095703125, 404.017181396484375, 393.385162353515625, 382.75311279296875, 372.12109375, 361.48907470703125, 350.857025146484375, 340.225006103515625, 329.59295654296875, 318.9609375, 308.32891845703125, 297.696868896484375, 287.064849853515625, 276.43280029296875, 265.80078125, 255.1687469482421875, 244.536712646484375, 233.904693603515625, 223.2726593017578125, 212.640625, 202.0085906982421875, 191.376556396484375, 180.744537353515625, 170.1125030517578125, 159.48046875, 148.8484344482421875, 138.216400146484375, 127.58437347412109375, 116.9523468017578125, 106.3203125, 95.6882781982421875, 85.05625152587890625, 74.42421722412109375, 63.792186737060546875, 53.16015625, 42.528125762939453125, 31.8960933685302734375, 21.2640628814697265625, 10.63203144073486328125, 0., -10.63203144073486328125, -21.2640628814697265625, -31.8960933685302734375, -42.528125762939453125, -53.16015625, -63.792186737060546875, -74.42421722412109375, -85.05625152587890625, -95.6882781982421875, -106.3203125, -116.9523468017578125, -127.58437347412109375, -138.216400146484375, -148.8484344482421875, -159.48046875, -170.1125030517578125, -180.744537353515625, -191.376556396484375, -202.0085906982421875, -212.640625, -223.2726593017578125, -233.904693603515625, -244.536712646484375, -255.1687469482421875, -265.80078125, -276.43280029296875, -287.064849853515625, -297.696868896484375, -308.32891845703125, -318.9609375, -329.59295654296875, -340.225006103515625, -350.857025146484375, -361.48907470703125, -372.12109375, -382.75311279296875, -393.385162353515625, -404.017181396484375, -414.64923095703125, -425.28125, -435.91326904296875, -446.545318603515625, -457.177337646484375, -467.80938720703125, -478.44140625, -489.07342529296875, -499.705474853515625, -510.337493896484375, -520.96954345703125, -531.6015625]
