last-generated=2017-08-03
statistics-initialization=
{
  "numerical Jacobians": "0", 
  "nonlinear": "2, 8, 8, 8, 2", 
  "linear": "2, 2"
}
statistics-simulation=
{
  "numerical Jacobians": "0", 
  "nonlinear": "1", 
  "number of continuous time states": "123", 
  "linear": "0, 0, 0, 0, 0, 0, 0, 0, 0, 0, 0, 0, 0, 5, 5, 0, 0, 0, 0, 0, 0, 0, 0, 0, 0, 0, 0,   0, 0, 0, 0, 0, 0, 0, 0, 0, 0, 0, 0, 5, 5, 5, 0, 0, 0, 0, 0, 0, 0, 0, 0, 0, 5,   5, 5, 5"
}
structure.TSensor[1]=[293.149993896484375, 292.96453857421875, 292.824737548828125, 292.72100830078125, 292.642364501953125, 292.580230712890625, 292.529296875, 292.48614501953125, 292.44805908203125, 292.413177490234375, 292.38018798828125, 292.348480224609375, 292.3177490234375, 292.2880859375, 292.25958251953125, 292.239013671875, 292.2313232421875, 292.23260498046875, 292.231597900390625, 292.229766845703125, 292.22869873046875, 292.227783203125, 292.22509765625, 292.2183837890625, 292.206085205078125, 292.187164306640625, 292.161834716796875, 292.130462646484375, 292.094329833984375, 292.05731201171875, 292.02099609375, 291.985382080078125, 291.950286865234375, 291.91546630859375, 291.88067626953125, 291.84576416015625, 291.810882568359375, 291.775726318359375, 291.740509033203125, 291.705108642578125, 291.6695556640625, 291.633819580078125, 291.5977783203125, 291.5604248046875, 291.521636962890625, 291.481658935546875, 291.441253662109375, 291.401458740234375, 291.362945556640625, 291.325347900390625, 291.288360595703125, 291.2513427734375, 291.21380615234375, 291.17742919921875, 291.1417236328125, 291.105804443359375, 291.06988525390625, 291.034912109375, 291.00396728515625, 290.985748291015625, 290.973785400390625, 290.959136962890625, 290.9443359375, 290.92938232421875, 290.91107177734375, 290.8914794921875, 290.869049072265625, 290.8438720703125, 290.815887451171875, 290.78497314453125, 290.75146484375, 290.716217041015625, 290.67938232421875, 290.642852783203125, 290.606475830078125, 290.570465087890625, 290.534698486328125, 290.499176025390625, 290.4647216796875, 290.430694580078125, 290.3966064453125, 290.361907958984375, 290.32623291015625, 290.289276123046875, 290.251068115234375, 290.213714599609375, 290.181671142578125, 290.15289306640625, 290.12384033203125, 290.094696044921875, 290.06494140625, 290.034698486328125, 290.0052490234375, 289.976409912109375, 289.948516845703125, 289.9212646484375, 289.893951416015625, 289.866424560546875, 289.839569091796875, 289.812896728515625, 289.7861328125]
structure.TSensor[2]=[293.149993896484375, 292.963958740234375, 292.8218994140625, 292.714874267578125, 292.632568359375, 292.56707763671875, 292.5135498046875, 292.468902587890625, 292.430450439453125, 292.3963623046875, 292.36517333984375, 292.336212158203125, 292.309051513671875, 292.28363037109375, 292.25994873046875, 292.244903564453125, 292.24365234375, 292.252197265625, 292.25885009765625, 292.264801025390625, 292.271484375, 292.278167724609375, 292.282745361328125, 292.282867431640625, 292.27685546875, 292.26361083984375, 292.243316650390625, 292.216278076171875, 292.1839599609375, 292.15045166015625, 292.11749267578125, 292.085235595703125, 292.053619384765625, 292.022491455078125, 291.99139404296875, 291.9603271484375, 291.929229736328125, 291.89794921875, 291.866607666015625, 291.835052490234375, 291.803314208984375, 291.77142333984375, 291.739166259765625, 291.705596923828125, 291.67047119140625, 291.63409423828125, 291.597259521484375, 291.560943603515625, 291.52581787109375, 291.491607666015625, 291.457977294921875, 291.424285888671875, 291.390045166015625, 291.35687255859375, 291.3243408203125, 291.291534423828125, 291.25872802734375, 291.226806640625, 291.198974609375, 291.184326171875, 291.17645263671875, 291.165802001953125, 291.154876708984375, 291.143585205078125, 291.128387451171875, 291.11175537109375, 291.09185791015625, 291.068817138671875, 291.042572021484375, 291.01300048828125, 290.980621337890625, 290.94622802734375, 290.910003662109375, 290.874053955078125, 290.838134765625, 290.802642822265625, 290.767425537109375, 290.732513427734375, 290.6988525390625, 290.66558837890625, 290.632354736328125, 290.5985107421875, 290.563690185546875, 290.527557373046875, 290.49017333984375, 290.453582763671875, 290.42230224609375, 290.394317626953125, 290.366119384765625, 290.33782958984375, 290.30889892578125, 290.2794189453125, 290.250732421875, 290.222564697265625, 290.1953125, 290.168670654296875, 290.14190673828125, 290.1148681640625, 290.088409423828125, 290.06207275390625, 290.03564453125]
structure.TSensor[3]=[293.149993896484375, 292.963775634765625, 292.8201904296875, 292.7108154296875, 292.625457763671875, 292.5562744140625, 292.49835205078125, 292.448486328125, 292.404052734375, 292.3631591796875, 292.324310302734375, 292.286895751953125, 292.25048828125, 292.21514892578125, 292.180908203125, 292.155242919921875, 292.1436767578125, 292.141998291015625, 292.1380615234375, 292.133514404296875, 292.129791259765625, 292.12603759765625, 292.12017822265625, 292.109832763671875, 292.093353271484375, 292.069549560546875, 292.038604736328125, 292.000823974609375, 291.95770263671875, 291.913482666015625, 291.869903564453125, 291.827117919921875, 291.7852783203125, 291.7442626953125, 291.703277587890625, 291.6624755859375, 291.6217041015625, 291.580780029296875, 291.539794921875, 291.498626708984375, 291.457275390625, 291.415740966796875, 291.37384033203125, 291.33056640625, 291.285675048828125, 291.239471435546875, 291.1927490234375, 291.146453857421875, 291.101287841796875, 291.0570068359375, 291.013275146484375, 290.969451904296875, 290.925048828125, 290.8817138671875, 290.8389892578125, 290.7960205078125, 290.75299072265625, 290.7109375, 290.6732177734375, 290.649627685546875, 290.63299560546875, 290.613861083984375, 290.594635009765625, 290.575225830078125, 290.552093505859375, 290.52752685546875, 290.499786376953125, 290.468963623046875, 290.434906005859375, 290.3975830078125, 290.357391357421875, 290.315032958984375, 290.270660400390625, 290.22662353515625, 290.182647705078125, 290.1392822265625, 290.096282958984375, 290.0537109375, 290.012542724609375, 289.97186279296875, 289.9312744140625, 289.89007568359375, 289.847900390625, 289.80438232421875, 289.759552001953125, 289.715484619140625, 289.6767578125, 289.641448974609375, 289.605987548828125, 289.57049560546875, 289.534332275390625, 289.4976806640625, 289.461822509765625, 289.426544189453125, 289.392242431640625, 289.358612060546875, 289.324981689453125, 289.291107177734375, 289.25799560546875, 289.225067138671875, 289.192108154296875]
time=[0., 200000.]
constantAirFlowRecup.hex.T_in2=[283.75, 283.713653564453125, 283.627777099609375, 283.51666259765625, 283.401702880859375, 283.281005859375, 283.2166748046875, 283.161102294921875, 283.105560302734375, 283.04998779296875, 282.987579345703125, 282.94561767578125, 282.9462890625, 282.95001220703125, 282.95001220703125, 282.998138427734375, 283.20458984375, 283.427764892578125, 283.649993896484375, 283.872222900390625, 284.094451904296875, 284.316680908203125, 284.526458740234375, 284.63116455078125, 284.66357421875, 284.655120849609375, 284.634368896484375, 284.54998779296875, 284.383331298828125, 284.2166748046875, 284.04998779296875, 283.883331298828125, 283.7166748046875, 283.54998779296875, 283.383331298828125, 283.2166748046875, 283.04998779296875, 282.883331298828125, 282.7166748046875, 282.54998779296875, 282.383331298828125, 282.2166748046875, 282.035186767578125, 281.7999267578125, 281.530975341796875, 281.25, 280.9930419921875, 280.827789306640625, 280.7166748046875, 280.605560302734375, 280.49444580078125, 280.357421875, 280.1756591796875, 280.099151611328125, 280.04998779296875, 279.93798828125, 279.831939697265625, 279.763580322265625, 279.7562255859375, 279.814971923828125, 279.91912841796875, 280.03619384765625, 280.094451904296875, 280.149993896484375, 280.21240234375, 280.25439453125, 280.253692626953125, 280.25, 280.25, 280.2388916015625, 280.170989990234375, 280.06109619140625, 279.95001220703125, 279.838897705078125, 279.727783203125, 279.616668701171875, 279.50555419921875, 279.394439697265625, 279.3055419921875, 279.264404296875, 279.1734619140625, 279.04998779296875, 278.890350341796875, 278.71160888671875, 278.466217041015625, 278.36822509765625, 278.6903076171875, 278.75, 278.75, 278.75, 278.75, 278.677978515625, 278.661102294921875, 278.7166748046875, 278.772216796875, 278.827789306640625, 278.861114501953125, 278.846710205078125, 278.8897705078125, 278.95001220703125, 278.93133544921875]
constantAirFlowRecup.hex.T_in1=[293.149993896484375, 292.8294677734375, 292.585235595703125, 292.406036376953125, 292.273773193359375, 292.173248291015625, 292.0946044921875, 292.031585693359375, 291.979156494140625, 291.933837890625, 291.893096923828125, 291.85577392578125, 291.82098388671875, 291.788726806640625, 291.75836181640625, 291.733062744140625, 291.71783447265625, 291.715057373046875, 291.72003173828125, 291.7283935546875, 291.738250732421875, 291.748870849609375, 291.7587890625, 291.765045166015625, 291.764312744140625, 291.75506591796875, 291.737457275390625, 291.711944580078125, 291.6788330078125, 291.6405029296875, 291.599212646484375, 291.556640625, 291.51385498046875, 291.471527099609375, 291.429168701171875, 291.38714599609375, 291.34515380859375, 291.30316162109375, 291.261138916015625, 291.21905517578125, 291.176849365234375, 291.134490966796875, 291.091705322265625, 291.046905517578125, 290.999755859375, 290.95074462890625, 290.901153564453125, 290.85284423828125, 290.80694580078125, 290.7628173828125, 290.71990966796875, 290.67706298828125, 290.633514404296875, 290.592132568359375, 290.55194091796875, 290.51153564453125, 290.471160888671875, 290.431915283203125, 290.396148681640625, 290.367584228515625, 290.34954833984375, 290.336151123046875, 290.32373046875, 290.311553955078125, 290.297332763671875, 290.281951904296875, 290.263427734375, 290.241668701171875, 290.2169189453125, 290.18902587890625, 290.158233642578125, 290.12384033203125, 290.0859375, 290.046417236328125, 290.005126953125, 289.963775634765625, 289.92205810546875, 289.880706787109375, 289.841217041015625, 289.802490234375, 289.763885498046875, 289.72442626953125, 289.68341064453125, 289.640380859375, 289.59527587890625, 289.551788330078125, 289.51739501953125, 289.488616943359375, 289.4593505859375, 289.42987060546875, 289.399261474609375, 289.3677978515625, 289.337615966796875, 289.308349609375, 289.280609130859375, 289.253875732421875, 289.2269287109375, 289.199462890625, 289.173004150390625, 289.146759033203125, 289.120269775390625]
