last-generated=2016-09-22
statistics-simulation=
{
  "numerical Jacobians": "0", 
  "nonlinear": "1", 
  "number of continuous time states": "1", 
  "linear": " "
}
sim.solDifHor=[0.00009999999747378752, 0.00009999999747378752, 0.00009999999747378752, 11.99294567108154296875, 75.19210052490234375, 46.168354034423828125, 0.00009999999747378752, 0.00009999999747378752, 0.00009999999747378752, 0.00009999999747378752, 0.00009999999747378752, 0.00009999999747378752, 31.4244785308837890625, 53.754665374755859375, 13.04998302459716796875, 0.00009999999747378752, 0.00009999999747378752, 0.00009999999747378752, 0.00009999999747378752, 0.00009999999747378752, 0.06805033981800079346, 50.1992340087890625, 42.9696197509765625, 0.31121399998664855957, 0.00009999999747378752, 0.00009999999747378752, 0.00009999999747378752, 0.00009999999747378752, 0.00009999999747378752, 23.707401275634765625, 90.0564117431640625, 49.50243377685546875, 0.00009999999747378752, 0.00009999999747378752, 0.00009999999747378752, 0.00009999999747378752, 0.00009999999747378752, 0.00009999999747378752, 54.057262420654296875, 71.889251708984375, 17.2855682373046875, 0.00009999999747378752, 0.00009999999747378752, 0.00009999999747378752, 0.00009999999747378752, 0.00009999999747378752, 2.29877424240112304688, 20.7861309051513671875, 108.63414764404296875, 0.00009999999747378752, 0.00009999999747378752, 0.00009999999747378752, 0.00009999999747378752, 0.00009999999747378752, 0.00009999999747378752, 24.050998687744140625, 69.82631683349609375, 35.15972137451171875, 0.00009999999747378752, 0.00009999999747378752, 0.00009999999747378752, 0.00009999999747378752, 0.00009999999747378752, 0.00009999999747378752, 55.09029388427734375, 73.243499755859375, 9.55379772186279296875, 0.00009999999747378752, 0.00009999999747378752, 0.00009999999747378752, 0.00009999999747378752, 0.00009999999747378752, 5.26315784454345703125, 64.0563812255859375, 60.388889312744140625, 0.00009999999747378752, 0.00009999999747378752, 0.00009999999747378752, 0.00009999999747378752, 0.00009999999747378752, 0.00009999999747378752, 26.93094635009765625, 76.2341156005859375, 34.85068511962890625, 0.00009999999747378752, 0.00009999999747378752, 0.00009999999747378752, 0.00009999999747378752, 0.00009999999747378752, 0.00009999999747378752, 96.075286865234375, 120.5879669189453125, 1.45689296722412109375, 0.00009999999747378752, 0.00009999999747378752, 0.00009999999747378752, 0.00009999999747378752, 0.00009999999747378752, 19.6469631195068359375, 122.39605712890625, 77.51250457763671875]
sim.solGloHor=[0.00009999999747378752, 0.00009999999747378752, 0.00009999999747378752, 11.99294567108154296875, 75.19210052490234375, 46.168354034423828125, 0.00009999999747378752, 0.00009999999747378752, 0.00009999999747378752, 0.00009999999747378752, 0.00009999999747378752, 0.00009999999747378752, 31.4244785308837890625, 53.754665374755859375, 13.04998302459716796875, 0.00009999999747378752, 0.00009999999747378752, 0.00009999999747378752, 0.00009999999747378752, 0.00009999999747378752, 0.06805033981800079346, 50.1992340087890625, 42.9696197509765625, 0.31121399998664855957, 0.00009999999747378752, 0.00009999999747378752, 0.00009999999747378752, 0.00009999999747378752, 0.00009999999747378752, 23.707401275634765625, 90.0564117431640625, 49.50243377685546875, 0.00009999999747378752, 0.00009999999747378752, 0.00009999999747378752, 0.00009999999747378752, 0.00009999999747378752, 0.00009999999747378752, 129.063446044921875, 219.30224609375, 27.0358295440673828125, 0.00009999999747378752, 0.00009999999747378752, 0.00009999999747378752, 0.00009999999747378752, 0.00009999999747378752, 2.29877424240112304688, 20.777008056640625, 128.834442138671875, 0.00009999999747378752, 0.00009999999747378752, 0.00009999999747378752, 0.00009999999747378752, 0.00009999999747378752, 0.00009999999747378752, 24.050998687744140625, 69.82631683349609375, 35.15972137451171875, 0.00009999999747378752, 0.00009999999747378752, 0.00009999999747378752, 0.00009999999747378752, 0.00009999999747378752, 0.00009999999747378752, 55.09029388427734375, 73.243499755859375, 9.55379772186279296875, 0.00009999999747378752, 0.00009999999747378752, 0.00009999999747378752, 0.00009999999747378752, 0.00009999999747378752, 5.26315784454345703125, 64.0563812255859375, 60.388889312744140625, 0.00009999999747378752, 0.00009999999747378752, 0.00009999999747378752, 0.00009999999747378752, 0.00009999999747378752, 0.00009999999747378752, 26.93094635009765625, 76.2341156005859375, 34.85068511962890625, 0.00009999999747378752, 0.00009999999747378752, 0.00009999999747378752, 0.00009999999747378752, 0.00009999999747378752, 0.00009999999747378752, 107.557403564453125, 135.33441162109375, 2.18038415908813476562, 0.00009999999747378752, 0.00009999999747378752, 0.00009999999747378752, 0.00009999999747378752, 0.00009999999747378752, 19.984416961669921875, 150.0698394775390625, 77.704986572265625]
sim.solDirHor=[0., 0., 0., 0., 0., 0., 0., 0., 0., 0., 0., 0., 0., 0., 0., 0., 0., 0., 0., 0., 0., 0., 0., 0., 0., 0., 0., 0., 0., 0., 0., 0., 0., 0., 0., 0., 0., 0., 75.0061798095703125, 147.412994384765625, 9.75026226043701171875, 0., 0., 0., 0., 0., 0., -0.00912197958678007126, 20.200286865234375, 0., 0., 0., 0., 0., 0., 0., 0., 0., 0., 0., 0., 0., 0., 0., 0., 0., 0., 0., 0., 0., 0., 0., 0., 0., 0., 0., 0., 0., 0., 0., 0., 0., 0., 0., 0., 0., 0., 0., 0., 0., 11.48211574554443359375, 14.74643802642822265625, 0.72349107265472412109, 0., 0., 0., 0., 0., 0.3374532163143157959, 27.6737880706787109375, 0.19248595833778381348]
sim.solDirPer=[0.00009999999747378752, 0.00009999999747378752, 0.00009999999747378752, 0.00009999999747378752, 0.00009999999747378752, 0.00009999999747378752, 0.00009999999747378752, 0.00009999999747378752, 0.00009999999747378752, 0.00009999999747378752, 0.00009999999747378752, 0.00009999999747378752, 0.00009999999747378752, 0.00009999999747378752, 0.00009999999747378752, 0.00009999999747378752, 0.00009999999747378752, 0.00009999999747378752, 0.00009999999747378752, 0.00009999999747378752, 0.00009999999747378752, 0.00009999999747378752, 0.00009999999747378752, 0.00009999999747378752, 0.00009999999747378752, 0.00009999999747378752, 0.00009999999747378752, 0.00009999999747378752, 0.00009999999747378752, 0.00009999999747378752, 0.00009999999747378752, 0.00009999999747378752, 0.00009999999747378752, 0.00009999999747378752, 0.00009999999747378752, 0.00009999999747378752, 0.00009999999747378752, 0.00009999999747378752, 398.833984375, 529.73876953125, 34.957561492919921875, 0.00009999999747378752, 0.00009999999747378752, 0.00009999999747378752, 0.00009999999747378752, 0.00009999999747378752, 0.00009999999747378752, 0.00009999999747378752, 87.3320159912109375, 0.00009999999747378752, 0.00009999999747378752, 0.00009999999747378752, 0.00009999999747378752, 0.00009999999747378752, 0.00009999999747378752, 0.00009999999747378752, 0.00009999999747378752, 0.00009999999747378752, 0.00009999999747378752, 0.00009999999747378752, 0.00009999999747378752, 0.00009999999747378752, 0.00009999999747378752, 0.00009999999747378752, 0.00009999999747378752, 0.00009999999747378752, 0.00009999999747378752, 0.00009999999747378752, 0.00009999999747378752, 0.00009999999747378752, 0.00009999999747378752, 0.00009999999747378752, 0.00009999999747378752, 0.00009999999747378752, 0.00009999999747378752, 0.00009999999747378752, 0.00009999999747378752, 0.00009999999747378752, 0.00009999999747378752, 0.00009999999747378752, 0.00009999999747378752, 0.00009999999747378752, 0.00009999999747378752, 0.00009999999747378752, 0.00009999999747378752, 0.00009999999747378752, 0.00009999999747378752, 0.00009999999747378752, 0.00009999999747378752, 0.00009999999747378752, 55.737689971923828125, 58.60184478759765625, 0.00009999999747378752, 0.00009999999747378752, 0.00009999999747378752, 0.00009999999747378752, 0.00009999999747378752, 0.00009999999747378752, 0.64307856559753417969, 88.63692474365234375, 0.93986266851425170898]
time=[0., 1000000.]
sim.angDec=[-0.40292376279830932617, -0.40277591347694396973, -0.40262639522552490234, -0.40247520804405212402, -0.40232232213020324707, -0.40216776728630065918, -0.40201154351234436035, -0.40185362100601196289, -0.40169402956962585449, -0.40153279900550842285, -0.40136986970901489258, -0.40120527148246765137, -0.40103900432586669922, -0.40087106823921203613, -0.40070146322250366211, -0.40053018927574157715, -0.40035724639892578125, -0.40018266439437866211, -0.40000638365745544434, -0.39982846379280090332, -0.39964887499809265137, -0.39946761727333068848, -0.39928472042083740234, -0.39910015463829040527, -0.39891391992568969727, -0.39872604608535766602, -0.39853650331497192383, -0.3983452916145324707, -0.39815247058868408203, -0.39795798063278198242, -0.39776182174682617188, -0.39756402373313903809, -0.39736458659172058105, -0.39716348052024841309, -0.39696076512336730957, -0.39675638079643249512, -0.39655035734176635742, -0.39634269475936889648, -0.3961333930492401123, -0.39592242240905761719, -0.39570984244346618652, -0.39549562335014343262, -0.39527976512908935547, -0.39506229758262634277, -0.39484316110610961914, -0.39462241530418395996, -0.39440003037452697754, -0.39417600631713867188, -0.39395034313201904297, -0.39372310042381286621, -0.39349418878555297852, -0.39326366782188415527, -0.39303153753280639648, -0.39279776811599731445, -0.39256238937377929688, -0.39232540130615234375, -0.39208677411079406738, -0.39184653759002685547, -0.39160469174385070801, -0.391361236572265625, -0.39111617207527160645, -0.39086946845054626465, -0.390621185302734375, -0.3903712928295135498, -0.39011979103088378906, -0.38986667990684509277, -0.38961198925971984863, -0.38935568928718566895, -0.38909777998924255371, -0.38883826136589050293, -0.3885771632194519043, -0.38831445574760437012, -0.38805016875267028809, -0.3877843022346496582, -0.38751682639122009277, -0.38724777102470397949, -0.38697710633277893066, -0.38670489192008972168, -0.38643106818199157715, -0.38615566492080688477, -0.38587868213653564453, -0.38560011982917785645, -0.38531997799873352051, -0.38503828644752502441, -0.38475498557090759277, -0.38447013497352600098, -0.38418370485305786133, -0.38389569520950317383, -0.38360613584518432617, -0.38331499695777893066, -0.383022308349609375, -0.38272804021835327148, -0.38243222236633300781, -0.38213485479354858398, -0.3818359076976776123, -0.38153541088104248047, -0.38123336434364318848, -0.38092976808547973633, -0.38062462210655212402, -0.38031792640686035156, -0.38000968098640441895]
sim.angZen=[2.63233804702758789062, 2.50895285606384277344, 2.0779819488525390625, 1.64382851123809814453, 1.34577000141143798828, 1.31513345241546630859, 1.56952524185180664062, 1.98718333244323730469, 2.43271923065185546875, 2.65352630615234375, 2.36602926254272460938, 1.91444182395935058594, 1.51329886913299560547, 1.29765105247497558594, 1.37693965435028076172, 1.70607662200927734375, 2.14973044395446777344, 2.56005644798278808594, 2.59512209892272949219, 2.20654726028442382812, 1.75741887092590332031, 1.40605080127716064453, 1.28893840312957763672, 1.47144615650177001953, 1.85703265666961669922, 2.30969905853271484375, 2.63903260231018066406, 2.47880029678344726562, 2.04168081283569335938, 1.61245119571685791016, 1.32890748977661132812, 1.32046902179718017578, 1.59200119972229003906, 2.01663541793823242188, 2.45738768577575683594, 2.64335227012634277344, 2.33127307891845703125, 1.87861526012420654297, 1.48549687862396240234, 1.28800618648529052734, 1.3892459869384765625, 1.73191320896148681641, 2.17903375625610351562, 2.57649445533752441406, 2.57092881202697753906, 2.16980624198913574219, 1.72308218479156494141, 1.38317120075225830078, 1.28713750839233398438, 1.48954331874847412109, 1.88501918315887451172, 2.33707070350646972656, 2.64141964912414550781, 2.4465274810791015625, 2.00448465347290039062, 1.58067500591278076172, 1.31233417987823486328, 1.32637012004852294922, 1.61456596851348876953, 2.04555726051330566406, 2.47997140884399414062, 2.62890362739562988281, 2.29507040977478027344, 1.84206235408782958984, 1.45751237869262695312, 1.27887094020843505859, 1.40201270580291748047, 1.75765669345855712891, 2.20747470855712890625, 2.58958721160888671875, 2.54373216629028320312, 2.13197374343872070312, 1.68817853927612304688, 1.36037051677703857422, 1.28596413135528564453, 1.50794005393981933594, 1.91271138191223144531, 2.36303591728210449219, 2.6393585205078125, 2.412311553955078125, 1.96640861034393310547, 1.54851901531219482422, 1.29611659049987792969, 1.33288800716400146484, 1.63724946975708007812, 2.07392716407775878906, 2.50022649765014648438, 2.61042165756225585938, 2.25750255584716796875, 1.80479109287261962891, 1.42938494682312011719, 1.27031910419464111328, 1.415283203125, 1.78332662582397460938, 2.23498058319091796875, 2.59902930259704589844, 2.5138072967529296875, 2.09308338165283203125, 1.65272188186645507812, 1.33771204948425292969, 1.28548717498779296875]
sim.angHou=[-3.34320807456970214844, -2.61621427536010742188, -1.88922011852264404297, -1.1622257232666015625, -0.43523102998733520508, 0.2917639315128326416, 1.01875913143157958984, 1.74575459957122802734, 2.47275042533874511719, 3.19974637031555175781, 3.92674279212951660156, 4.65373945236206054688, 5.38073635101318359375, 6.10773324966430664062, 6.83473062515258789062, 7.56172847747802734375, 8.288726806640625, 9.01572513580322265625, 9.7427234649658203125, 10.469722747802734375, 11.1967220306396484375, 11.9237213134765625, 12.65072154998779296875, 13.3777217864990234375, 14.10472202301025390625, 14.83172321319580078125, 15.55872344970703125, 16.285724639892578125, 17.0127277374267578125, 17.7397289276123046875, 18.466732025146484375, 19.1937351226806640625, 19.92073822021484375, 20.6477413177490234375, 21.374744415283203125, 22.101749420166015625, 22.828754425048828125, 23.555759429931640625, 24.282764434814453125, 25.009769439697265625, 25.7367763519287109375, 26.4637813568115234375, 27.19078826904296875, 27.9177951812744140625, 28.644802093505859375, 29.3718109130859375, 30.098819732666015625, 30.8258266448974609375, 31.552837371826171875, 32.27984619140625, 33.006855010986328125, 33.73386383056640625, 34.46087646484375, 35.187885284423828125, 35.914897918701171875, 36.641910552978515625, 37.368923187255859375, 38.095935821533203125, 38.822948455810546875, 39.549961090087890625, 40.276973724365234375, 41.00399017333984375, 41.7310028076171875, 42.458019256591796875, 43.185031890869140625, 43.91204833984375, 44.639064788818359375, 45.36608123779296875, 46.093097686767578125, 46.820117950439453125, 47.5471343994140625, 48.2741546630859375, 49.001171112060546875, 49.728191375732421875, 50.455211639404296875, 51.182231903076171875, 51.909252166748046875, 52.636272430419921875, 53.363292694091796875, 54.0903167724609375, 54.8173370361328125, 55.544361114501953125, 56.27138519287109375, 56.998409271240234375, 57.725433349609375, 58.452457427978515625, 59.17948150634765625, 59.9065093994140625, 60.63353729248046875, 61.360561370849609375, 62.087589263916015625, 62.814617156982421875, 63.541645050048828125, 64.2686767578125, 64.99570465087890625, 65.7227325439453125, 66.44976043701171875, 67.17679595947265625, 67.9038238525390625, 68.630859375, 69.35788726806640625]
