last-generated=2018-06-13
statistics-simulation=
{
  "linear": " ",
  "nonlinear": " ",
  "numerical Jacobians": "0"
}
locTim.locTim=[5.69333251953125e+02, 2.297333251953125e+03, 4.025333251953125e+03, 5.75333349609375e+03, 7.48133349609375e+03, 9.2093330078125e+03, 1.09373330078125e+04, 1.26653330078125e+04, 1.43933330078125e+04, 1.61213330078125e+04, 1.7849333984375e+04, 1.9577333984375e+04, 2.1305333984375e+04, 2.3033333984375e+04, 2.4761333984375e+04, 2.6489333984375e+04, 2.8217333984375e+04, 2.9945333984375e+04, 3.1673333984375e+04, 3.340133203125e+04, 3.512933203125e+04, 3.685733203125e+04, 3.858533203125e+04, 4.031333203125e+04, 4.204133203125e+04, 4.376933203125e+04, 4.549733203125e+04, 4.722533203125e+04, 4.895333203125001e+04, 5.068133203125e+04, 5.240933203125e+04, 5.413733203125e+04, 5.586533203125e+04, 5.759333203125e+04, 5.932133203125001e+04, 6.104933203124999e+04, 6.277733203125e+04, 6.450533203125e+04, 6.62333359375e+04, 6.79613359375e+04, 6.96893359375e+04, 7.14173359375e+04, 7.31453359375e+04, 7.48733359375e+04, 7.66013359375e+04, 7.83293359375e+04, 8.00573359375e+04, 8.17853359375e+04, 8.35133359375e+04, 8.52413359375e+04, 8.69693359375e+04, 8.86973359375e+04, 9.04253359375e+04, 9.21533359375e+04, 9.38813359375e+04, 9.560933593750001e+04, 9.733733593750001e+04, 9.906533593749999e+04, 1.007933359375e+05, 1.025213359375e+05, 1.042493359375e+05, 1.059773359375e+05, 1.077053359375e+05, 1.094333359375e+05, 1.111613359375e+05, 1.128893359375e+05, 1.146173359375e+05, 1.163453359375e+05, 1.180733359375e+05, 1.198013359375e+05, 1.215293359375e+05, 1.232573359375e+05, 1.249853359375e+05, 1.267133359375e+05, 1.284413359375e+05, 1.301693359375e+05, 1.31897328125e+05, 1.33625328125e+05, 1.35353328125e+05, 1.37081328125e+05, 1.38809328125e+05, 1.40537328125e+05, 1.42265328125e+05, 1.43993328125e+05, 1.45721328125e+05, 1.47449328125e+05, 1.49177328125e+05, 1.50905328125e+05, 1.52633328125e+05, 1.54361328125e+05, 1.56089328125e+05, 1.57817328125e+05, 1.59545328125e+05, 1.61273328125e+05, 1.63001328125e+05, 1.64729328125e+05, 1.66457328125e+05, 1.68185328125e+05, 1.69913328125e+05, 1.71641328125e+05, 1.73369328125e+05]
locTim.cloTim=[0e+00, 1.728e+03, 3.456e+03, 5.184e+03, 6.912e+03, 8.64e+03, 1.0368e+04, 1.2096e+04, 1.3824e+04, 1.5552e+04, 1.728e+04, 1.9008e+04, 2.0736e+04, 2.2464e+04, 2.4192e+04, 2.592e+04, 2.7648e+04, 2.9376e+04, 3.1104e+04, 3.2832e+04, 3.456e+04, 3.6288e+04, 3.8016e+04, 3.9744e+04, 4.1472e+04, 4.32e+04, 4.4928e+04, 4.6656e+04, 4.838400000000001e+04, 5.0112e+04, 5.184e+04, 5.3568e+04, 5.5296e+04, 5.7024e+04, 5.875200000000001e+04, 6.047999999999999e+04, 6.2208e+04, 6.3936e+04, 6.5664e+04, 6.7392e+04, 6.912e+04, 7.0848e+04, 7.2576e+04, 7.4304e+04, 7.6032e+04, 7.776e+04, 7.9488e+04, 8.1216e+04, 8.2944e+04, 8.4672e+04, 8.64e+04, 8.8128e+04, 8.9856e+04, 9.1584e+04, 9.3312e+04, 9.504000000000001e+04, 9.676800000000001e+04, 9.849599999999999e+04, 1.00224e+05, 1.01952e+05, 1.0368e+05, 1.05408e+05, 1.07136e+05, 1.08864e+05, 1.10592e+05, 1.1232e+05, 1.14048e+05, 1.15776e+05, 1.17504e+05, 1.19232e+05, 1.2096e+05, 1.22688e+05, 1.24416e+05, 1.26144e+05, 1.27872e+05, 1.296e+05, 1.31328e+05, 1.33056e+05, 1.34784e+05, 1.36512e+05, 1.3824e+05, 1.39968e+05, 1.41696e+05, 1.43424e+05, 1.45152e+05, 1.4688e+05, 1.48608e+05, 1.50336e+05, 1.52064e+05, 1.53792e+05, 1.5552e+05, 1.57248e+05, 1.58976e+05, 1.60704e+05, 1.62432e+05, 1.6416e+05, 1.65888e+05, 1.67616e+05, 1.69344e+05, 1.71072e+05, 1.728e+05]
time=[0e+00, 1.728e+05]
