#1
#C1: time (Europe/Berlin)[s] from 2023-04-18T00:00:00+0200 to 2023-04-28T00:00:00+0200
#C2: global horizontal radiation [W/m2]
#C3: module temperature [°C]
double ROF-rad_module_temp_2023(2768,3)
0	0.0	6.0
300	0.0	6.0
600	0.0	6.0
900	0.0	5.952000000000001
1200	0.0	5.916
1500	0.0	5.851999999999999
1800	0.0	5.700000000000001
2100	0.0	5.5120000000000005
2400	0.0	5.288
2700	0.0	5.072
3000	0.0	4.901999999999999
3300	0.0	4.688000000000001
3600	0.0	4.476
3900	0.0	4.16
4200	0.0	4.006000000000001
4500	0.0	3.926666666666667
4800	0.0	3.8920000000000003
5100	0.0	3.8660000000000005
5400	0.0	3.8120000000000003
5700	0.0	3.6879999999999997
6000	0.0	3.6080000000000005
6300	0.0	3.6080000000000005
6600	0.0	3.662
6900	0.0	3.774
7200	0.0	3.878
7500	0.0	4.012
7800	0.0	4.174
8100	0.0	4.25
8400	0.0	4.202000000000001
8700	0.0	4.162000000000001
9000	0.0	4.06
9300	0.0	3.9019999999999997
9600	0.0	3.7
9900	0.0	3.5
10200	0.0	3.428
10500	0.0	3.524
10800	0.0	3.6220000000000008
11100	0.0	3.8
11400	0.0	3.999999999999999
11700	0.0	4.2
12000	0.0	4.286
12300	0.0	4.337999999999999
12600	0.0	4.31
12900	0.0	4.324
13200	0.0	4.214
13500	0.0	4.134
13800	0.0	4.012
14100	0.0	3.8659999999999997
14400	0.0	3.81
14700	0.0	3.9019999999999997
15000	0.0	4.047999999999999
15300	0.0	4.12
15600	0.0	4.162000000000001
15900	0.0	4.25
16200	0.0	4.25
16500	0.0	4.262
16800	0.0	4.162000000000001
17100	0.0	3.8880000000000003
17400	0.0	3.662
17700	0.0	3.464
18000	0.0	3.2879999999999994
18300	0.0	3.2900000000000005
19800	0.0	4.44
20100	0.0	4.488
20400	0.0	4.5840000000000005
20700	0.0	4.608
21000	0.0	4.56
21300	0.0	4.596
21600	0.0	4.6080000000000005
21900	0.0	4.608
22200	0.0	4.571999999999999
22500	0.0	4.62
22800	0.0	4.676
23100	0.0	4.726000000000001
23400	0.0	4.773999999999999
23700	0.0	4.866
24000	4.298	4.964
24300	6.642	5.048
24600	21.815	5.231428571428571
24900	23.44333333333333	5.238333333333333
25200	8.203999999999999	4.926
25500	25.008	4.6240000000000006
25800	21.88	4.3759999999999994
26100	19.534	4.200000000000001
26400	23.834	4.084
26700	26.958000000000006	4.06
27000	26.18	4.06
27300	28.522000000000002	4.12
27600	35.556	4.2
27900	54.7	4.45
28200	60.172000000000004	4.912
28500	42.2	5.148000000000001
28800	42.980000000000004	5.19
29100	37.508	5.176
29400	32.82	5.19
29700	35.553999999999995	5.19
30000	60.564	5.264
30300	88.694	5.774
30600	94.55600000000001	6.5
30900	107.44800000000001	7.324000000000001
31200	103.152	8.226
31500	108.624	8.876000000000001
31800	105.104	9.464
32100	125.80999999999999	9.986
32400	130.10999999999999	10.5
32700	110.96400000000001	10.974
33000	112.136	11.262
33300	120.34200000000001	11.476
33600	135.188	12.0
33900	161.368	12.499999999999998
34200	220.756	13.136
34500	230.52399999999997	13.901999999999997
34800	150.428	13.788
35100	239.12000000000003	13.835999999999999
35400	202.784	14.66
35700	173.87	15.323999999999998
36000	182.856	15.776
36300	196.532	16.124000000000002
36600	198.488	16.323999999999998
36900	168.792	16.8
37200	160.192	16.526
37500	145.348	16.276
37800	151.98999999999998	16.0
38100	137.142	15.636
38400	126.59200000000001	15.547999999999998
38700	115.652	15.402000000000001
39000	95.33600000000001	15.134
39300	95.334	14.85
39600	107.83800000000001	14.624
39900	114.872	14.475999999999999
40200	137.142	14.451999999999998
40500	123.076	14.524000000000001
40800	112.13400000000001	14.597999999999999
41100	95.336	14.511999999999997
41400	175.826	14.274000000000001
41700	299.684	15.0
42000	237.558	16.625999999999998
42300	262.564	17.875999999999998
42600	298.902	18.738
42900	328.986	19.25
43200	345.78999999999996	20.088
43500	331.332	20.951999999999998
43800	286.008	21.45
44100	270.768	20.988
44400	261.00200000000007	20.662
44700	248.10999999999999	20.364
45000	277.02200000000005	20.576
45300	284.834	20.65
45600	299.877	22.02
45900	304.371	22.554000000000002
46200	297.925	22.971249999999998
46500	253.96999999999997	23.748
46800	263.344	23.688000000000002
47100	281.318	23.572
47400	283.27000000000004	23.365999999999996
47700	292.65	23.624000000000002
48000	316.87399999999997	24.137999999999998
48300	305.15199999999993	24.714
48600	271.552	25.124000000000002
48900	288.742	24.863999999999997
49200	274.67600000000004	24.538
49500	265.69199999999995	24.584
49800	276.24	24.026
50100	269.208	23.676
50400	254.75	23.162
50700	261.002	22.912
51000	252.798	23.086000000000002
51300	245.37199999999999	22.974
51600	248.498	22.5
51900	222.70999999999998	22.238
52200	231.696	22.014
52500	235.996	21.976000000000003
52800	227.4	22.06
53100	223.88199999999998	21.974
53400	183.636	21.476000000000003
53700	177.77999999999997	20.95
54000	179.73	20.88
54300	156.288	20.774
54600	150.036	20.338
54900	143.78400000000002	19.976
55200	120.34400000000001	19.764
55500	128.156	19.662000000000003
55800	156.67800000000003	19.572
56100	133.234	19.69
56400	116.046	19.362000000000002
56700	97.28999999999999	18.962
57000	135.19	18.622000000000003
57300	128.154	18.5
57600	118.78	18.464
57900	127.376	18.352
58200	139.88000000000002	18.428
58500	136.754	18.536
58800	144.176	18.624
59100	134.798	18.69
59400	134.406	18.636000000000003
59700	137.922	18.548
60000	143.004	18.66
60300	143.002	18.913999999999998
60600	128.156	19.11
60900	103.53800000000001	19.110000000000003
61200	82.83	18.838
61500	91.81800000000001	18.413999999999998
61800	88.304	17.962
62100	80.878	17.4
62400	70.33	16.951999999999998
62700	65.642	16.612000000000002
63000	73.846	16.376
63300	66.424	16.174
63600	56.263999999999996	16.0
63900	54.7	15.878
64200	56.263999999999996	15.687999999999999
64500	50.79600000000001	15.62
64800	50.791999999999994	15.607999999999999
65100	51.18599999999999	15.560000000000002
65400	51.576	15.5
65700	49.232	15.463999999999999
66000	51.574	15.416
66300	43.955000000000005	15.176666666666668
66600	35.36	14.930000000000001
66900	34.94777777777777	14.742222222222223
67200	25.395999999999997	14.451999999999998
67500	17.582	14.288
67800	18.753999999999998	14.036000000000001
68100	15.238	13.838
68400	3.1260000000000003	13.622
68700	17.974	13.512
69000	23.443999999999996	13.416
69300	10.940000000000001	13.274000000000001
69600	15.238	13.134
69900	12.894	13.036000000000001
70200	17.582	12.916
70500	7.031999999999999	12.762
70800	3.1260000000000003	12.610000000000001
71100	3.1260000000000003	12.440000000000001
71400	0.0	12.236
71700	0.0	12.024
72000	0.0	11.826
72300	0.0	11.636
72600	0.0	11.464
72900	0.0	11.3
73200	0.0	11.159999999999998
73500	0.0	11.036
73800	0.0	10.904
74100	0.0	10.762
74400	0.0	10.636
74700	0.0	10.524000000000001
75000	0.0	10.428
75300	0.0	10.338000000000001
75600	0.0	10.225999999999999
75900	0.0	10.096
76200	0.0	9.952
76500	0.0	9.686
76800	0.0	9.352
77100	0.0	8.974
77400	0.0	8.648
77700	0.0	8.464
78000	0.0	8.324000000000002
78300	0.0	8.262
78600	0.0	8.098
78900	0.0	7.764
79200	0.0	7.351999999999999
79500	0.0	7.06
79800	0.0	6.85
80100	0.0	6.837999999999999
80400	0.0	6.866
80700	0.0	6.797999999999999
81000	0.0	6.660000000000001
81300	0.0	6.572
81600	0.0	6.4879999999999995
81900	0.0	6.404000000000001
82200	0.0	6.452000000000001
82500	0.0	6.523999999999999
82800	0.0	6.608
83100	0.0	6.688
83400	0.0	6.7620000000000005
83700	0.0	6.786
84000	0.0	6.688000000000001
84300	0.0	6.438
84600	0.0	6.061999999999999
84900	0.0	5.736
85200	0.0	5.464
85500	0.0	5.236
85800	0.0	5.012
86100	0.0	4.826
86400	0.0	4.674000000000001
86700	0.0	4.572
87000	0.0	4.351999999999999
87300	0.0	4.117142857142857
87600	0.0	3.935999999999999
87900	0.0	3.8188888888888894
88200	0.0	3.5120000000000005
88500	0.0	3.4519999999999995
88800	0.0	3.428
89100	0.0	3.428
89400	0.0	3.428
89700	0.0	3.428
90000	0.0	3.404
90300	0.0	3.25
90600	0.0	3.2399999999999998
90900	0.0	3.524
91200	0.0	3.7619999999999996
91500	0.0	3.9159999999999995
91800	0.0	4.0
92100	0.0	4.036
92400	0.0	3.94
92700	0.0	3.776
93000	0.0	3.69
93300	0.0	3.5480000000000005
93600	0.0	3.56
93900	0.0	3.572
94200	0.0	3.56
94500	0.0	3.536
94800	0.0	3.7119999999999997
95100	0.0	4.062
95400	0.0	4.388
95700	0.0	4.648000000000001
96000	0.0	4.762
96300	0.0	4.700000000000001
96600	0.0	4.571999999999999
96900	0.0	4.452
97200	0.0	4.44
97500	0.0	4.44
97800	0.0	4.428
98100	0.0	4.351999999999999
98400	0.0	4.262
98700	0.0	4.174000000000001
99000	0.0	4.012
99300	0.0	3.814
99600	0.0	3.5980000000000003
99900	0.0	3.314
100200	0.0	3.0860000000000003
100500	0.0	2.838
100800	0.0	2.636
101100	0.0	2.4139999999999997
101400	0.0	2.226
101700	0.0	2.0840000000000005
102000	0.0	1.9759999999999998
102300	0.0	1.94
102600	0.0	1.864
102900	0.0	1.81
103200	0.0	1.786
103500	0.0	1.75
103800	0.0	1.702
104100	0.0	1.6219999999999999
104400	0.0	1.476
104700	0.0	1.212
106200	0.0	0.62
106500	0.0	0.5960000000000001
106800	0.0	0.512
107100	0.0	0.488
107400	0.0	0.45199999999999996
107700	0.0	0.39
108000	0.0	0.31
108300	0.0	0.3
108600	0.0	0.38
108900	0.0	0.45199999999999996
109200	0.0	0.56
109500	0.0	0.662
109800	0.0	0.69
110100	0.0	0.714
110400	3.5159999999999996	0.762
110700	7.031999999999999	0.9019999999999999
111000	0.0	1.0
111300	3.5159999999999996	1.1239999999999999
111600	6.642	1.276
111900	12.112	1.404
112200	22.66	1.512
112500	19.534	1.636
112800	21.488	1.762
113100	21.49	1.8379999999999999
113400	22.659999999999997	2.024
113700	10.940000000000001	2.148
114000	20.708	2.226
114300	13.675999999999998	2.3779999999999997
114600	21.88	2.574
114900	25.003999999999998	2.762
115200	29.694	2.8899999999999997
115500	33.992000000000004	3.0480000000000005
115800	26.568	3.2380000000000004
116100	27.740000000000002	3.4519999999999995
116400	25.006	3.6220000000000008
116700	28.522000000000002	3.7640000000000002
117000	29.692	3.9159999999999995
117300	32.038	3.976
117600	33.209999999999994	4.098000000000001
117900	57.436	4.226000000000001
118200	46.886	4.426
118500	39.462	4.61
118800	36.336	4.762
119100	26.568	4.904000000000001
119400	33.212	5.036
119700	52.355999999999995	5.188000000000001
120000	221.92799999999997	5.376
120300	156.68	5.776000000000001
120600	141.048	7.212000000000001
120900	229.35400000000004	8.988000000000001
121200	162.54000000000002	9.864
121500	154.72599999999997	10.402
121800	189.5	11.112
122100	162.148	11.962
122400	116.43400000000001	12.488
122700	158.244	12.636
123000	227.398	12.238
123300	106.668	12.826000000000002
123600	108.228	13.762
123900	212.94400000000002	14.25
124200	194.97199999999998	14.11
124500	152.77200000000002	13.95
124800	159.022	13.514
125100	117.606	13.776
125400	154.334	14.474
125700	115.26199999999999	15.036000000000001
126000	258.26800000000003	14.626
126300	207.08200000000002	14.264
126600	174.652	14.11
126900	377.436	14.3
127200	207.08	15.187999999999999
127500	181.29399999999998	15.437999999999999
127800	480.97799999999995	15.45
128100	656.8	18.336000000000002
128400	637.654	21.724
128700	452.06399999999996	23.386000000000003
129000	430.00888888888886	23.86111111111111
129300	635.701	23.768
129600	519.0985714285714	22.91142857142857
129900	557.95	21.637999999999998
130200	686.494	23.186
130500	692.746	25.2
130800	689.23	25.375999999999998
131100	697.048	26.0
131400	373.918	27.838
131700	740.022	28.814
132000	693.1379999999999	30.276
132300	521.6140000000001	30.29
132600	525.518	29.448
132900	392.67599999999993	28.792
133200	553.652	27.686
133500	583.3439999999999	28.766000000000002
133800	494.654	29.5
134100	559.9040000000001	29.188
134400	467.6940000000001	28.938
134700	473.162	28.086000000000002
135000	294.212	27.612000000000002
135300	231.30599999999998	26.576
135600	137.142	24.224
135900	209.036	22.026
136200	439.95200000000006	21.012
136500	460.658	23.375999999999998
136800	151.99200000000002	23.748
137100	179.34	21.676
137400	218.02399999999997	20.574
137700	261.00200000000007	20.014
138000	288.742	20.024
138300	270.77	20.226
138600	284.834	20.574
138900	240.294	20.536
139200	241.856	19.724
139500	223.88399999999996	18.76
139800	239.122	18.476
140100	225.446	18.5
140400	256.312	18.026
140700	353.21000000000004	18.436
141000	448.938	20.137999999999998
141300	536.458	22.238
141600	600.928	23.788
141900	344.61199999999997	24.75
142200	482.53999999999996	24.612000000000002
142500	489.57399999999996	25.288
142800	348.914	25.701999999999998
143100	327.42600000000004	24.112000000000002
143400	265.3	22.898000000000003
143700	228.18	21.938
144000	187.936	21.112000000000002
144300	128.938	19.976
144600	116.436	18.624000000000002
144900	103.92999999999999	17.374000000000002
145200	79.316	16.55
145500	95.726	15.974
145800	144.17600000000002	15.687999999999999
146100	224.27200000000002	15.851999999999999
146400	232.478	16.588
146700	151.21	16.964
147000	80.878	16.436
147300	58.218	15.574000000000002
147600	45.714000000000006	14.6
147900	54.7	13.8
148200	53.92	12.824000000000002
148500	39.462	11.512
148800	19.926	10.088000000000001
149100	17.582	8.924
149400	15.628	8.324
149700	17.582	7.812
150000	10.745	6.65
150300	7.813999999999998	6.226000000000001
150600	15.628	5.674000000000001
150900	10.94	5.56
151200	0.0	5.476000000000001
151500	0.0	5.337999999999999
151800	9.768	5.262
152100	11.719999999999999	5.286
152400	7.813999999999998	5.31
152700	4.688000000000001	5.226000000000001
153000	11.329999999999998	5.19
153300	18.753999999999998	5.238
153600	12.892000000000001	5.364
153900	3.5159999999999996	5.464
154200	3.1260000000000003	5.5
154500	9.378	5.5
154800	6.252000000000001	5.464
155100	0.0	5.44
155400	0.0	5.3919999999999995
155700	0.0	5.31
156000	0.0	5.226000000000001
156300	0.0	5.162000000000001
156600	0.0	5.12
156900	0.0	5.12
157200	0.0	5.12
157500	0.0	5.12
157800	0.0	5.12
158100	0.0	5.12
158400	0.0	5.134
158700	0.0	5.12
159000	0.0	5.12
159300	0.0	5.12
159600	0.0	5.06
159900	0.0	5.06
160200	0.0	5.06
160500	0.0	5.06
160800	0.0	5.12
161100	0.0	5.134
161400	0.0	5.19
161700	0.0	5.238
162000	0.0	5.286
162300	0.0	5.31
162600	0.0	5.366
162900	0.0	5.416
163200	0.0	5.452
163500	0.0	5.5
163800	0.0	5.536
164100	0.0	5.56
164400	0.0	5.56
164700	0.0	5.572
165000	0.0	5.62
165300	0.0	5.62
165600	0.0	5.62
165900	0.0	5.648000000000001
166200	0.0	5.69
166500	0.0	5.676
166800	0.0	5.69
167100	0.0	5.69
167400	0.0	5.69
167700	0.0	5.69
168000	0.0	5.69
168300	0.0	5.69
168600	0.0	5.662000000000001
168900	0.0	5.634
169200	0.0	5.62
169500	0.0	5.62
169800	0.0	5.62
170100	0.0	5.62
170400	0.0	5.62
170700	0.0	5.602857142857142
171000	0.0	5.59
171300	0.0	5.596
171600	0.0	5.56
171900	0.0	5.571999999999999
172200	0.0	5.56
172500	0.0	5.584
172800	0.0	5.596
173100	0.0	5.62
173400	0.0	5.584
173700	0.0	5.584
174000	0.0	5.596
174300	0.0	5.56
174600	0.0	5.572
174900	0.0	5.56
175200	0.0	5.56
175500	0.0	5.56
175800	0.0	5.56
176100	0.0	5.56
176400	0.0	5.56
176700	0.0	5.56
177000	0.0	5.56
177300	0.0	5.523999999999999
177600	0.0	5.5
177900	0.0	5.5
178200	0.0	5.5
178500	0.0	5.512
178800	0.0	5.56
179100	0.0	5.6080000000000005
179400	0.0	5.662000000000001
179700	0.0	5.69
180000	0.0	5.726000000000001
180300	0.0	5.75
180600	0.0	5.763333333333334
180900	0.0	5.8
181200	0.0	5.81
181500	0.0	5.81
181800	0.0	5.81
182100	0.0	5.81
182400	0.0	5.81
182700	0.0	5.81
183000	0.0	5.81
183300	0.0	5.798
183600	0.0	5.75
183900	0.0	5.779999999999999
184200	0.0	5.75
184500	0.0	5.75
184800	0.0	5.75
185100	0.0	5.702000000000001
185400	0.0	5.676
185700	0.0	5.486
186000	0.0	5.174000000000001
186300	0.0	5.071999999999999
186600	0.0	5.06
186900	0.0	5.0
187200	0.0	4.864
187500	0.0	4.586
187800	0.0	4.4159999999999995
188100	0.0	4.404000000000001
188400	0.0	4.562
188700	0.0	4.814
189000	0.0	5.036
189300	0.0	5.2
189600	0.0	5.297999999999999
189900	0.0	5.404000000000001
190200	0.0	5.523999999999999
190500	0.0	5.5840000000000005
190800	0.0	5.676
192600	0.0	6.0
192900	0.0	6.012
193200	0.0	6.036
193500	0.0	6.06
193800	0.0	6.06
194100	0.0	6.06
194400	0.0	6.06
194700	0.0	6.06
195000	0.0	6.048
195300	0.0	6.012
195600	0.0	6.0
195900	0.0	6.0
196200	0.0	6.0
196500	0.0	6.0
196800	0.0	6.012
197100	0.0	6.047999999999999
197400	0.0	6.06
197700	0.0	6.0840000000000005
198000	3.1260000000000003	6.12
198300	0.0	6.148000000000001
198600	0.0	6.19
198900	3.1260000000000003	6.214
199200	3.9075	6.297999999999999
199500	17.582	6.390000000000001
199800	9.376000000000001	6.476000000000001
200100	25.395999999999997	6.598000000000001
200400	35.554	6.814
200700	37.11800000000001	6.952000000000001
201000	48.06	7.162000000000001
201300	55.48	7.337999999999999
201600	51.96600000000001	7.536
201900	59.0	7.674000000000001
202200	57.436	7.914
202500	39.07000000000001	8.149999999999999
202800	50.404	8.338000000000001
203100	48.84	8.597999999999999
203400	60.952	8.814
203700	74.23799999999999	9.1
204000	79.704	9.424000000000001
204300	80.09799999999998	9.661999999999999
204600	72.28200000000001	9.840000000000002
204900	76.19200000000001	9.928
205200	84.788	10.086
205500	97.28799999999998	10.302000000000001
205800	102.758	10.524
206100	109.00999999999999	10.802
206400	132.844	11.224
206700	159.80599999999998	11.8
207000	175.042	12.424
207300	147.302	12.962
207600	111.356	13.059999999999999
207900	128.546	13.11
208200	166.836	13.388
208500	184.812	13.924000000000001
208800	172.308	14.538
209100	124.638	14.902000000000001
209400	154.724	14.725999999999999
209700	166.446	14.876
210000	160.19400000000002	15.238
210300	148.472	15.451999999999998
210600	179.732	15.574000000000002
210900	221.14600000000002	15.95
211200	195.75	16.512
211500	175.82599999999996	16.776
211800	145.738	16.56
212100	99.19999999999999	15.833333333333334
212400	91.428	15.293000000000001
212700	72.47699999999999	14.331999999999999
213000	60.56285714285715	12.375714285714285
213300	65.252	10.276
213600	71.894	9.940000000000001
213900	69.94	9.774
214200	76.58	9.608
214500	80.09599999999999	9.648
214800	92.6	9.548
215100	167.228	9.724
215400	211.37800000000001	10.612
215700	238.34	11.738
216000	260.61	12.864
216300	251.62400000000002	13.563999999999998
216600	275.45799999999997	14.2
216900	348.134	15.276
217200	263.344	17.326
217500	344.224	18.462
217800	309.842	20.125999999999998
218100	207.08	20.584
218400	337.194	20.612000000000002
218700	391.11199999999997	21.436
219000	396.19	22.901999999999997
219300	525.912	24.162
219600	560.294	26.160000000000004
219900	447.37600000000003	27.838
220200	251.234	27.75
220500	261.39	26.762
220800	218.02200000000002	25.726
221100	168.402	24.574
221400	224.664	23.351999999999997
221700	206.302	22.698
222000	162.148	22.588
222300	159.414	21.752
222600	248.108	21.252
222900	146.13000000000002	21.328
223200	242.244	21.212
223500	267.64399999999995	21.714
223800	368.058	22.424
224100	387.20400000000006	23.936
224400	198.486	24.512
224700	204.738	23.95
225000	177.778	23.074
225300	320.78200000000004	22.788
225600	319.61	23.9
225900	354.38199999999995	24.762
226200	200.04799999999997	24.7
226500	242.246	24.074
226800	247.718	23.634
227100	502.85599999999994	24.026000000000003
227400	221.14600000000002	24.964
227700	306.32399999999996	24.7
228000	178.56	24.55
228300	694.3120000000001	24.997999999999998
228600	684.54	28.724
228900	224.664	30.509999999999998
229200	173.868	29.238
229500	148.474	27.625999999999998
229800	265.3	26.088
230100	210.98999999999995	25.637999999999998
230400	186.372	25.012
230700	200.832	23.898000000000003
231000	146.52	23.262
231300	311.014	22.577999999999996
231600	164.49	22.514
231900	511.45	22.562
232200	388.766	24.788
232500	431.35599999999994	26.462
232800	157.59166666666667	26.32166666666667
233100	129.329	24.4
233400	241.46499999999997	23.426
233700	446.59399999999994	24.112000000000002
234000	366.104	26.326
234300	185.20000000000002	27.724
234600	96.898	26.65
234900	80.09799999999998	25.076
235200	83.612	23.338
235500	81.66	21.952
235800	44.152	20.822
236100	63.298	19.651999999999997
236400	76.972	18.875999999999998
236700	80.48599999999999	18.512
237000	92.99199999999999	18.38
237300	107.84	18.488
237600	97.68000000000002	18.584000000000003
237900	80.096	18.56
238200	86.348	18.375999999999998
238500	100.416	18.274
238800	104.322	18.262
239100	77.75399999999999	18.162000000000003
239400	61.73199999999999	18.035999999999998
239700	60.95399999999999	17.624000000000002
240000	45.712	17.163999999999998
240300	73.45599999999999	16.726
240600	114.08800000000001	16.634
240900	139.098	16.875999999999998
241200	109.01200000000001	17.21
241500	67.59400000000001	17.404
241800	43.370000000000005	17.34
242100	23.442	17.148000000000003
242400	16.02	16.824
242700	7.813999999999998	16.438
243000	11.722	16.012
243300	3.1260000000000003	15.4
243600	0.0	14.776
243900	0.0	14.288
244200	0.0	13.852
244500	6.252000000000001	13.437999999999999
244800	0.0	13.062000000000001
245100	0.0	12.749999999999998
245400	0.0	12.464
245700	0.0	12.197999999999999
246000	0.0	11.964
246300	0.0	11.812000000000001
246600	0.0	11.648
246900	0.0	11.56
247200	0.0	11.388000000000002
247500	0.0	11.225999999999999
247800	0.0	11.096
248100	0.0	10.963999999999999
248400	0.0	10.916
248700	0.0	10.774
249000	0.0	10.636
249300	0.0	10.5
249600	0.0	10.326
249900	0.0	10.2
250200	0.0	10.048
250500	0.0	9.988
250800	0.0	9.963999999999999
251100	0.0	9.94
251400	0.0	9.838000000000001
251700	0.0	9.648
252000	0.0	9.596
252300	0.0	9.56
252600	0.0	9.584
252900	0.0	9.56
253200	0.0	9.596
253500	0.0	9.62
253800	0.0	9.5
254100	0.0	9.404
254400	0.0	9.38
254700	0.0	9.38
255000	0.0	9.404
255300	0.0	9.464
255600	0.0	9.5
255900	0.0	9.475999999999999
256200	0.0	9.451999999999998
256500	0.0	9.416
256800	0.0	9.416
257100	0.0	9.38
257400	0.0	9.44
257700	0.0	9.464
258000	0.0	9.5
258300	0.0	9.5
258600	0.0	9.5
258900	0.0	9.5
259200	0.0	9.5
259500	0.0	9.512
259800	0.0	9.512
260100	0.0	9.451999999999998
260400	0.0	9.464
260700	0.0	9.488
261000	0.0	9.416
261300	0.0	9.366000000000001
261600	0.0	9.298
261900	0.0	9.238
262200	0.0	9.19
262500	0.0	9.19
262800	0.0	9.19
263100	0.0	9.133999999999999
263400	0.0	9.036
263700	0.0	9.036
264000	0.0	9.0
264300	0.0	9.048000000000002
264600	0.0	9.121999999999998
264900	0.0	9.19
265200	0.0	9.214
265500	0.0	9.324000000000002
265800	0.0	9.298
266100	0.0	9.31
266400	0.0	9.25
266700	0.0	9.225999999999999
267000	0.0	9.10625
267300	0.0	9.06
267600	0.0	8.94
269400	0.0	8.75
269700	0.0	8.655
270300	0.0	8.42
270600	0.0	8.38
271200	0.0	8.19
272400	0.0	8.0
272700	0.0	8.0
275100	0.0	7.6075
275400	0.0	7.5840000000000005
275700	0.0	7.608
276000	0.0	7.572
276300	0.0	7.476000000000001
276600	0.0	7.5
276900	0.0	7.5120000000000005
277200	0.0	7.56
279000	0.0	7.38
279300	0.0	7.324
279600	0.0	7.273999999999999
279900	0.0	7.25
280200	0.0	7.202000000000001
280500	0.0	7.072
280800	0.0	6.964
281100	0.0	6.94
281400	0.0	6.85
281700	0.0	6.81
282000	0.0	6.837999999999999
282300	0.0	6.928
282600	3.1260000000000003	6.952
282900	0.0	7.047999999999999
283200	0.0	7.174000000000001
283500	14.065999999999999	7.351999999999999
283800	12.501999999999999	7.5
284100	12.504	7.595999999999999
284400	15.628	7.676
284700	21.098	7.7379999999999995
285000	25.4	7.75
294600	80.1	19.12
294900	179.342	19.339999999999996
295200	153.162	19.162
295500	133.23600000000002	18.648000000000003
295800	123.46600000000001	18.512
296100	156.288	18.875999999999998
296400	260.998	19.412
296700	208.254	19.786
297000	176.60399999999998	19.738
297300	141.05	19.55
297600	215.67600000000002	19.490000000000002
297900	132.064	19.998
298200	166.446	20.5
298500	365.716	21.060000000000002
298800	280.148	21.108
299100	452.846	21.124000000000002
299400	575.532	21.802
299700	586.08	23.964000000000002
300000	588.816	26.339999999999996
300300	595.4580000000001	29.2
300600	600.1479999999999	31.477999999999998
300900	607.568	33.65
301200	605.616	35.552
301500	614.996	36.464
301800	618.51	37.260000000000005
302100	617.3399999999999	37.426
302400	626.7160000000001	37.638
302700	629.84	38.45
303000	635.308	39.1
303300	638.0440000000001	39.224000000000004
303600	641.1719999999999	39.148
303900	647.034	40.012
304200	645.47	41.074
304500	651.72	42.226
304800	652.5040000000001	43.262
305100	657.192	44.236000000000004
305400	657.9739999999999	43.726
305700	657.5840000000001	42.338
306000	662.662	40.412
306300	663.8340000000001	39.926
306600	668.132	39.362
306900	663.8340000000001	39.2
307200	670.476	39.262
307500	672.8220000000001	40.438
307800	672.4300000000001	40.274
308100	668.912	40.025999999999996
308400	658.364	38.89
308700	668.5219999999999	38.0
309000	666.1780000000001	37.914
309300	631.402	38.836
309600	648.988	37.862
309900	650.5500000000001	38.75
310200	663.8320000000001	39.226
310500	653.6759999999999	39.4
310800	648.986	39.65
311100	654.458	39.986000000000004
311400	649.7700000000001	39.976
311700	632.9639999999999	39.926
312000	648.2059999999999	38.962
312300	673.6020000000001	38.852
312600	645.47	40.524
312900	537.628	41.436
313200	654.066	41.574
313500	295.384	40.576
313800	234.042	37.488
314100	444.25	35.324
314400	314.13800000000003	35.152
314700	512.624	34.513999999999996
315000	587.254	36.126
315300	579.046	37.288
315600	587.2520000000001	37.14
315900	460.61555555555555	36.62555555555556
316200	315.3988888888889	35.91777777777778
316500	514.188	35.212
316800	293.82	36.038
317100	298.512	35.188
317400	476.288	34.164
317700	514.1880000000001	34.174
318000	430.5759999999999	35.336
318300	372.35600000000005	35.84
318600	470.8160000000001	35.664
318900	464.956	35.471999999999994
319200	448.15599999999995	35.062
319500	434.48199999999997	35.1
319800	420.02599999999995	34.638
320100	420.024	33.862
320400	402.052	32.702
320700	390.72	32.148
321000	374.69999999999993	32.314
321300	371.184	32.275999999999996
321600	359.072	32.274
321900	348.132	31.912
322200	336.8	31.451999999999998
322500	320.392	31.363999999999997
322800	309.842	30.863999999999997
323100	294.214	30.226
323400	270.38	29.6
323700	255.53000000000003	29.113999999999997
324000	215.67399999999998	28.875999999999998
324300	249.27800000000002	28.248
324600	223.1	27.824
324900	232.08800000000002	27.312
325200	218.01999999999998	26.9
325500	210.988	26.4
325800	202.78199999999998	26.076
326100	191.45200000000003	25.610000000000003
326400	176.60399999999998	25.262
326700	160.19400000000002	24.764
327000	154.72600000000003	24.238
327300	144.566	23.488
327600	130.50000000000003	22.651999999999997
327900	123.46600000000001	21.986
328200	111.75	21.55
328500	99.63400000000001	21.1
328800	92.21000000000001	20.676
329100	80.096	20.224
329400	75.8	19.826
329700	64.864	19.412
330000	56.653999999999996	18.962
330300	45.716	18.5
330600	34.384	18.012
330900	12.501999999999999	17.5
331200	11.33	16.988
331500	0.0	16.538
331800	7.4239999999999995	16.1
332100	0.0	15.75
332400	0.0	15.412
332700	0.0	15.012
333000	0.0	14.661999999999997
333300	0.0	14.352
333600	0.0	13.975999999999999
333900	0.0	13.786000000000001
334200	0.0	13.586000000000002
334500	0.0	13.376
334800	0.0	13.25
335100	0.0	13.212
335400	0.0	13.024000000000001
335700	0.0	12.940000000000001
336000	0.0	12.904
336300	0.0	12.776
336600	0.0	12.4
336900	0.0	12.315
337200	0.0	12.267000000000001
337500	0.0	12.218333333333334
337800	0.0	12.274000000000001
338100	0.0	12.338000000000001
338400	0.0	12.38
338700	0.0	12.31
339000	0.0	12.402
339300	0.0	12.404
339600	0.0	12.366000000000001
339900	0.0	12.366000000000001
340200	0.0	12.262
340500	0.0	12.072
340800	0.0	12.0
341100	0.0	11.952
341400	0.0	11.8
341700	0.0	11.687999999999999
342000	0.0	11.62
342300	0.0	11.56
342600	0.0	11.463999999999999
342900	0.0	11.34
343200	0.0	11.298000000000002
343500	0.0	11.298
343800	0.0	11.262
344100	0.0	11.2
344400	0.0	11.06
344700	0.0	10.963999999999999
345000	0.0	10.927999999999999
345300	0.0	10.812000000000001
345600	0.0	10.7
345900	0.0	10.524
346200	0.0	10.392000000000001
346500	0.0	10.238
346800	0.0	10.122
347100	0.0	10.06
347400	0.0	10.036
347700	0.0	9.951999999999998
348000	0.0	9.824000000000002
348300	0.0	9.852
348600	0.0	9.738
348900	0.0	9.661999999999999
349200	0.0	9.548
349500	0.0	9.512
349800	0.0	9.488
350100	0.0	9.416
350400	0.0	9.392
350700	0.0	9.338000000000001
351000	0.0	9.31
351300	0.0	9.262
351600	0.0	9.262
351900	0.0	9.201999999999998
352200	0.0	9.108
352500	0.0	9.06
352800	0.0	9.024000000000001
353100	0.0	8.963999999999999
353400	0.0	8.826
353700	0.0	8.673999999999998
354000	0.0	8.648
354300	0.0	8.512
354600	0.0	8.44
354900	0.0	8.338000000000001
355200	0.0	8.31
355500	0.0	8.286
355800	0.0	8.201999999999998
356100	0.0	8.108
356400	0.0	8.024000000000001
356700	0.0	7.9159999999999995
357000	0.0	7.786
357300	0.0	7.688000000000001
357600	0.0	7.654999999999999
357900	0.0	7.641
358200	0.0	7.590000000000001
358500	0.0	7.4879999999999995
358800	0.0	7.44
359100	0.0	7.404000000000001
359400	0.0	7.38
359700	0.0	7.297999999999999
360000	0.0	7.214
360300	0.0	7.202000000000001
360600	0.0	7.337999999999999
360900	0.0	7.392
361200	0.0	7.476000000000001
361500	0.0	7.5
361800	0.0	7.44
362100	0.0	7.44
362400	0.0	7.44
362700	0.0	7.38
363000	0.0	7.38
363300	0.0	7.366
363600	0.0	7.3566666666666665
365400	0.0	6.94
365700	0.0	6.837999999999999
366000	0.0	6.726000000000001
366300	0.0	6.634
366600	0.0	6.548
366900	0.0	6.5120000000000005
367200	0.0	6.452000000000001
367500	0.0	6.366
367800	0.0	6.324
368100	0.0	6.351999999999999
368400	0.0	6.428
368700	0.0	6.5120000000000005
369000	3.1260000000000003	6.5840000000000005
369300	6.252000000000001	6.7
369600	6.252000000000001	6.85
369900	8.206	6.964
370200	12.501999999999999	7.0840000000000005
370500	4.298	7.19
370800	21.487999999999996	7.25
371100	16.799999999999997	7.286
371400	26.178000000000004	7.452000000000001
371700	16.018	7.572
372000	14.456	7.688
372300	21.488000000000003	7.811999999999999
372600	25.788	7.928
372900	23.052	8.11
373200	25.788	8.262
373500	25.006	8.428
373800	28.524	8.584
374100	32.428000000000004	8.714
374400	34.772	8.876
374700	28.129999999999995	9.012
375000	31.648000000000003	9.084
375300	33.6	9.175999999999998
375600	32.428	9.262
375900	33.99	9.338000000000001
376200	36.336	9.475999999999999
376500	39.854	9.61
376800	55.089999999999996	9.762
377100	45.321999999999996	10.05
377400	59.779999999999994	10.376000000000001
377700	61.34400000000001	10.838
378000	45.322	11.11
378300	99.43900000000001	11.405000000000001
378600	166.05555555555554	11.613333333333333
378900	273.114	12.702
379200	235.60399999999998	14.4
379500	159.414	15.563999999999998
379800	136.35999999999999	16.598000000000003
380100	115.652	17.326
380400	174.26399999999998	17.9
380700	229.74200000000002	18.312
381000	150.426	18.648
381300	85.958	19.436
381600	127.76400000000001	19.662000000000003
381900	107.446	19.512
382200	206.298	19.39
382500	138.70800000000003	19.264000000000003
382800	151.988	19.712
383100	188.328	19.698
383400	174.26	20.1
383700	214.89600000000002	20.062
384000	120.72999999999999	19.988
384300	140.658	20.488
384600	119.16799999999998	21.2
384900	348.13	21.488
385200	275.848	21.674
385500	430.18199999999996	21.889999999999997
385800	597.4100000000001	22.486
386100	611.086	23.886000000000003
386400	609.5240000000001	27.188
386700	618.1200000000001	31.15
387000	625.934	34.5
387300	630.2299999999999	37.8
387600	632.966	40.248000000000005
387900	640.782	41.85
388200	647.424	42.962
388500	644.296	44.038
388800	650.55	44.824
389100	652.112	44.948
389400	656.802	46.25
389700	663.0519999999999	47.05
390000	665.006	47.275999999999996
390300	671.65	46.862
390600	675.164	47.462
390900	676.336	48.263999999999996
391200	675.946	49.052
391500	682.978	49.638
391800	685.7120000000001	49.559999999999995
392100	683.762	48.536
392400	680.6339999999999	47.324
392700	688.058	47.438
393000	684.54	47.762
393300	688.058	45.812
393600	679.8539999999999	45.962
393900	680.634	45.75
394200	679.854	46.274
394500	681.0240000000001	47.474000000000004
394800	679.464	46.86
395100	681.0260000000001	45.926
395400	677.116	46.25
395700	675.166	46.324
396000	678.29	47.4
396300	677.12	47.739999999999995
396600	669.302	46.824
396900	673.6020000000001	46.162
397200	664.222	46.388
397500	669.694	45.410000000000004
397800	668.1300000000001	45.586
398100	615.774	46.538
398400	624.3700000000001	46.56
398700	619.682	46.15
399000	648.986	45.238
399300	625.542	46.086
399600	607.57	46.487
399900	611.476	46.238
400200	587.644	45.826
400500	600.536	45.062
400800	592.722	44.462
401100	581.784	44.536
401400	573.9680000000001	44.314
401700	561.464	44.936
402000	551.696	44.738
402300	558.7280000000001	44.114
402600	548.9639999999999	44.25
402900	536.068	44.738
403200	521.6139999999999	44.074
403500	481.366	44.012
403800	471.59800000000007	43.4
404100	494.262	42.262
404400	493.87	42.8
404700	479.41400000000004	41.626
405000	466.51800000000003	40.45
405300	469.646	40.212
405600	467.3	39.698
405900	462.61199999999997	40.638
406200	452.066	41.288
406500	437.99799999999993	41.388
406800	426.66799999999995	40.9
407100	410.64799999999997	40.763999999999996
407400	395.8	39.614
407700	378.21799999999996	39.012
408000	364.54200000000003	38.802
408300	352.428	37.788
408600	325.862	36.5
408900	309.84	36.212
409200	291.088	35.81
409500	293.42999999999995	34.712
409800	288.74199999999996	34.076
410100	279.364	33.688
410400	275.066	33.274
410700	250.06199999999998	32.7
411000	238.72999999999996	32.112
411300	206.3	31.639999999999997
411600	175.824	30.924
411900	216.852	30.038
412200	205.908	29.6
412500	202.784	29.163999999999998
412800	180.904	28.574
413100	155.114	28.088
413400	128.156	27.562
413700	113.30799999999999	26.648000000000003
414000	94.554	25.924
414300	89.08399999999999	25.112000000000002
414600	76.188	24.336000000000002
414900	50.794	23.624000000000002
415200	63.688	22.862000000000002
415500	30.863999999999997	22.163999999999998
415800	19.145999999999997	21.436
416100	14.456	20.75
416400	21.880000000000003	20.125999999999998
416700	7.813999999999998	19.576
417000	13.675999999999998	19.136000000000003
417300	10.547999999999998	18.712
417600	0.0	18.314
417900	0.0	18.0
418200	0.0	17.686
418500	0.0	17.401999999999997
418800	0.0	17.112000000000002
419100	0.0	16.736
419400	0.0	16.438
419700	0.0	16.162
420000	0.0	15.846666666666666
420300	0.0	15.5
420600	0.0	15.270000000000001
420900	0.0	14.913999999999998
421200	0.0	14.738
421500	0.0	14.572
421800	0.0	14.559999999999999
422100	0.0	14.548000000000002
422400	0.0	14.451999999999998
422700	0.0	14.212
423000	0.0	13.937999999999999
423300	0.0	13.712
423600	0.0	13.560000000000002
423900	0.0	13.428
424200	0.0	13.324000000000002
424500	0.0	13.366
424800	0.0	13.309999999999999
425100	0.0	13.309999999999999
425400	0.0	13.324000000000002
425700	0.0	13.38
426000	0.0	13.366
426300	0.0	13.38
426600	0.0	13.309999999999999
426900	0.0	13.404
427200	0.0	13.463999999999999
427500	0.0	13.560000000000002
427800	0.0	13.634
428100	0.0	13.690000000000001
428400	0.0	13.690000000000001
428700	0.0	13.713999999999999
429000	0.0	13.713999999999999
429300	0.0	13.725999999999999
429600	0.0	13.774000000000001
429900	0.0	13.809999999999999
430200	0.0	13.774000000000001
430500	0.0	13.774000000000001
430800	0.0	13.762
431100	0.0	13.762
431400	0.0	13.798000000000002
431700	0.0	13.866
432000	0.0	13.975999999999999
432300	0.0	14.072
432600	0.0	14.148
432900	0.0	14.238
433200	0.0	14.338
433500	0.0	14.392000000000001
433800	0.0	14.488
434100	0.0	14.65
434400	0.0	14.762
434700	0.0	14.809999999999999
435000	0.0	14.852
435300	0.0	14.88
435600	0.0	14.852
435900	0.0	14.75
436200	0.0	14.574000000000002
436500	0.0	14.388
436800	0.0	14.173999999999998
437100	0.0	14.059999999999999
437400	0.0	14.024000000000001
437700	0.0	13.963999999999999
438000	0.0	13.892000000000001
438300	0.0	13.798000000000002
438600	0.0	13.673999999999998
438900	0.0	13.584
439200	0.0	13.463999999999999
439500	0.0	13.428
439800	0.0	13.352
440100	0.0	13.309999999999999
440400	0.0	13.286000000000001
440700	0.0	13.238
441000	0.0	13.19
441300	0.0	13.190000000000001
441600	0.0	13.185555555555556
441900	0.0	13.274000000000001
442200	0.0	13.309999999999999
442500	0.0	13.309999999999999
442800	0.0	13.38
443100	0.0	13.38
443400	0.0	13.404
443700	0.0	13.392000000000001
444000	0.0	13.38
444300	0.0	13.197999999999999
444600	0.0	12.914000000000001
444900	0.0	12.7
445200	0.0	12.536
445500	0.0	12.290000000000001
445800	0.0	12.086
446100	0.0	11.864
446400	0.0	11.738
446700	0.0	11.69
447000	0.0	11.661999999999999
447300	0.0	11.524000000000001
447600	0.0	11.451999999999998
447900	0.0	11.392000000000001
448200	0.0	11.404
448500	0.0	11.44
448800	0.0	11.44
449100	0.0	11.44
449400	0.0	11.44
449700	0.0	11.44
450000	0.0	11.44
451800	0.0	11.62
452100	0.0	11.62
452400	0.0	11.62
452700	0.0	11.62
453000	0.0	11.648
453300	0.0	11.661999999999999
453600	0.0	11.69
453900	0.0	11.675999999999998
454200	0.0	11.701999999999998
454500	0.0	11.738
454800	0.0	11.774000000000001
455100	0.0	11.852
455400	7.813999999999998	11.904
455700	19.924	12.024
456000	33.602	12.224
456300	35.554	12.452
456600	25.788	12.61
456900	17.582	12.69
457200	7.031999999999999	12.648
457500	3.5159999999999996	12.548
457800	6.252000000000001	12.451999999999998
458100	30.086000000000002	12.464
458400	42.977999999999994	12.6
458700	55.48199999999999	12.888
459000	57.826	13.238
459300	59.0	13.512
459600	42.978	13.648
459900	35.556	13.596
460200	33.992000000000004	13.463999999999999
460500	35.944	13.392000000000001
460800	37.510000000000005	13.352
461100	46.495999999999995	13.338
461400	57.438	13.451999999999998
461700	78.92699999999999	13.954999999999998
462000	83.72285714285715	14.401428571428571
462300	98.46000000000001	14.888
462600	94.55199999999999	15.174000000000001
462900	88.69199999999998	15.324000000000002
463200	79.316	15.312000000000001
463500	62.51800000000001	15.212
463800	53.136	14.952000000000002
464100	51.965999999999994	14.788
464400	37.507999999999996	14.612
464700	35.556	14.25
465000	31.648000000000003	14.0
465300	35.944	13.892000000000001
465600	42.977999999999994	13.852
465900	48.056	13.852
466200	71.502	13.864
466500	76.97	14.136
466800	64.86	14.463999999999999
467100	77.362	14.624
467400	75.40799999999999	14.852
467700	72.674	14.988
468000	67.204	15.036000000000001
468300	70.722	14.928
468600	74.626	14.88
468900	84.39599999999999	14.975999999999999
469200	93.38	15.162
469500	101.58800000000001	15.437999999999999
469800	114.87199999999999	15.712
470100	140.65800000000002	16.088
470400	163.32	16.688
470700	194.18599999999998	17.088
471000	287.96200000000005	17.812
471300	195.75199999999998	19.274
471600	76.97200000000001	19.976
471900	32.82000000000001	19.238
472200	30.476	17.913999999999998
472500	72.674	16.8
472800	44.15	16.224
473100	23.052	15.540000000000001
473400	24.226	14.812000000000001
473700	20.71	14.235999999999999
474000	38.288	13.928
474300	49.622	13.825999999999999
474600	65.252	13.75
474900	57.044000000000004	13.7
475200	69.94	13.62
475500	67.20599999999999	13.675999999999998
475800	93.38199999999999	13.876
476100	88.29999999999998	14.097999999999999
476400	141.43800000000002	14.45
476700	141.44	15.05
477000	140.268	15.3
477300	157.85	15.276
477600	182.858	15.39
477900	273.114	15.836000000000002
478200	314.13800000000003	17.15
478500	266.082	18.562
478800	267.642	19.913999999999998
479100	353.6	21.363999999999997
479400	259.83000000000004	22.5
479700	224.272	22.75
480000	262.56399999999996	22.523999999999997
480300	301.246	22.814
480600	234.43400000000003	22.786
480900	260.21999999999997	22.497999999999998
481200	283.66399999999993	22.022
481500	197.706	21.15
481800	191.062	20.112000000000002
482100	273.11199999999997	19.836000000000002
482400	545.705	23.373333333333335
482700	607.1800000000001	28.894
483000	573.7719999999999	31.45
483300	470.42599999999993	34.652
483600	369.23	34.762
483900	376.654	33.79
484200	529.426	32.538
484500	643.906	34.724000000000004
484800	723.612	37.0
485100	611.088	38.538
485400	662.662	39.936
485700	417.67999999999995	41.298
486000	192.62599999999998	39.286
486300	536.848	36.812
486600	238.72999999999996	36.525999999999996
486900	197.704	35.176
487200	137.53400000000002	32.814
487500	163.712	30.062
487800	159.414	28.05
488100	182.466	26.786
488400	413.38	26.3
488700	198.488	27.738
489000	466.912	28.427999999999997
489300	223.49200000000002	28.374000000000002
489600	432.1360000000001	27.5
489900	337.97400000000005	28.875999999999998
490200	202.782	29.238
490500	233.26200000000003	28.274
490800	607.57	28.589999999999996
491100	593.894	30.915999999999997
491400	520.8299999999999	32.612
491700	447.76599999999996	33.2
492000	345.78799999999995	33.714
492300	240.68599999999998	32.638
492600	157.852	31.2
492900	166.446	29.786
493200	170.35399999999998	28.086000000000002
493500	385.642	27.798000000000002
493800	94.944	28.238
494100	246.154	27.112000000000002
494400	471.20799999999997	27.887999999999998
494700	423.54200000000003	29.9
495000	366.88800000000003	31.476
495300	380.952	32.074
495600	398.144	32.324
495900	366.888	33.236000000000004
496200	345.006	33.062
496500	322.736	32.45
496800	215.286	31.924
497100	106.274	30.538
497400	161.36999999999998	28.738
497700	262.564	27.574
498000	197.704	27.326
498300	85.958	26.676
498600	119.95	25.1
498900	110.572	24.262
499200	73.064	23.451999999999998
499500	53.916	22.412
499800	136.362	21.474
500100	96.508	21.366
500400	47.278000000000006	20.948
500700	32.038	20.064
501000	27.74	19.124000000000002
501300	32.428	18.324
501600	30.085999999999995	17.65
501900	44.54	17.088
502200	107.44800000000001	16.837999999999997
502500	92.99	17.024
502800	93.77199999999998	17.188
503100	82.832	17.31
503400	50.404	17.298
503700	38.875	16.988
504000	30.605555555555554	16.756666666666668
504300	14.846	16.188
504600	4.298	15.7
504900	0.0	15.164000000000001
505200	0.0	14.562000000000001
505500	0.0	13.937999999999999
505800	0.0	13.4
506100	0.0	12.862
506400	0.0	12.376000000000001
506700	0.0	11.900000000000002
507000	0.0	11.55
507300	0.0	11.2
507600	0.0	10.876000000000001
507900	0.0	10.623999999999999
508200	0.0	10.326
508500	0.0	10.074
508800	0.0	9.802
509100	0.0	9.559999999999999
509400	0.0	9.35
509700	0.0	9.173999999999998
510000	0.0	9.024
510300	0.0	8.850000000000001
510600	0.0	8.7
510900	0.0	8.524000000000001
511200	0.0	8.404
511500	0.0	8.31
511800	0.0	8.213999999999999
512100	0.0	8.110000000000001
512400	0.0	8.048
512700	0.0	7.976000000000001
513000	0.0	7.952000000000001
513300	0.0	8.096
513600	0.0	8.25
513900	0.0	8.352
514200	0.0	8.38
514500	0.0	8.416
514800	0.0	8.392000000000001
515100	0.0	8.352
515400	0.0	8.298
515700	0.0	8.262
516000	0.0	8.286000000000001
516300	0.0	8.324000000000002
516600	0.0	8.428
516900	0.0	8.586
517200	0.0	8.714
517500	0.0	8.738
517800	0.0	8.838000000000001
518100	0.0	8.904
518400	0.0	9.012
518700	0.0	9.06
519000	0.0	9.06
519300	0.0	9.072
519600	0.0	9.187999999999999
519900	0.0	9.31
520200	0.0	9.38
520500	0.0	9.324000000000002
520800	0.0	9.298
521100	0.0	9.298
521400	0.0	9.262
521700	0.0	9.286000000000001
522000	0.0	9.404
522300	0.0	9.512
522600	0.0	9.621999999999998
522900	0.0	9.738
523200	0.0	9.75
523500	0.0	9.701999999999998
523800	0.0	9.596
524100	0.0	9.5
524400	0.0	9.275714285714287
524700	0.0	9.137
525000	0.0	9.081
525300	0.0	8.94
525600	0.0	8.916
525900	0.0	8.928
526200	0.0	8.88
526500	0.0	8.824000000000002
526800	0.0	8.774000000000001
527100	0.0	8.725999999999999
527400	0.0	8.65
527700	0.0	8.56
528000	0.0	8.56
528300	0.0	8.56
528600	0.0	8.596
528900	0.0	8.661999999999999
529200	0.0	8.75
529500	0.0	8.876
529800	0.0	9.0
530100	0.0	9.161999999999999
530400	0.0	9.402
530700	0.0	9.524000000000001
531000	0.0	9.674
531300	0.0	9.914
531600	0.0	10.174
531900	0.0	10.324000000000002
532200	0.0	10.366000000000001
532500	0.0	10.274000000000001
532800	0.0	10.161999999999999
533100	0.0	10.012
533400	0.0	9.864
533700	0.0	9.738
534000	0.0	9.675999999999998
534300	0.0	9.62
534600	0.0	9.572000000000001
534900	0.0	9.5
535200	0.0	9.44
535500	0.0	9.44
535800	0.0	9.44
536100	0.0	9.464
536400	0.0	9.536
536700	0.0	9.655
538200	0.0	10.31
538500	0.0	10.324000000000002
538800	0.0	10.38
539100	0.0	10.464
539400	0.0	10.524000000000001
539700	0.0	10.56
540000	0.0	10.607999999999999
540300	0.0	10.596
540600	0.0	10.633999999999999
540900	0.0	10.648
541200	0.0	10.714
541500	0.0	10.762
541800	0.0	10.762
542100	0.0	10.701999999999998
542400	10.158	10.69
542700	7.4239999999999995	10.762
543000	9.378	10.88
543300	29.696000000000005	10.927999999999999
543600	37.507999999999996	11.036000000000001
543900	41.806	11.174
544200	45.324	11.274000000000001
544500	51.574	11.416
544800	45.715999999999994	11.5
545100	51.443333333333335	11.616666666666667
545400	51.446666666666665	11.728333333333333
545700	47.67	11.838000000000001
546000	48.448	11.88
546300	42.196	11.88
546600	35.164	11.812000000000001
546900	37.507999999999996	11.725999999999999
547200	39.074	11.648
547500	46.105999999999995	11.661999999999999
547800	50.013999999999996	11.774000000000001
548100	51.965999999999994	11.889999999999999
548400	52.748000000000005	12.086
548700	74.626	12.326
549000	90.256	12.736
549300	93.774	13.324000000000002
549600	95.726	14.075999999999999
549900	94.162	14.562000000000001
550200	110.574	14.937999999999999
550500	119.168	15.412
550800	130.10999999999999	15.687999999999999
551100	138.706	15.838
551400	193.796	15.924000000000001
551700	134.018	16.548000000000002
552000	236.77599999999998	16.634
552300	226.61800000000002	17.362000000000002
552600	153.16199999999998	18.5
552900	183.64000000000001	18.912
553200	122.296	19.114
553500	142.222	18.812
553800	110.572	19.162
554100	262.956	19.524
554400	166.056	19.262
554700	154.726	19.298000000000002
555000	158.632	19.887999999999998
555300	263.736	20.386000000000003
555600	202.78400000000002	21.562
555900	201.60999999999999	21.89
556200	232.48000000000002	21.864
556500	180.11800000000002	21.976
556800	229.35399999999998	21.776
557100	284.834	22.202
557400	271.94000000000005	23.05
557700	275.068	23.65
558000	420.80600000000004	24.387999999999998
558300	357.51	25.124000000000002
558600	255.14000000000001	25.124000000000002
558900	213.72199999999998	25.012
559200	239.904	24.514
559500	227.01000000000005	24.314
559800	223.88400000000001	24.377999999999997
560100	270.378	24.488
560400	317.654	25.136000000000003
560700	222.32	25.538
561000	185.592	25.25
561300	208.648	24.79
561600	286.78799999999995	24.488
561900	240.686	24.613999999999997
562200	239.902	24.722
562500	435.65199999999993	25.224
562800	382.12199999999996	26.774
563100	331.33000000000004	29.038
563400	225.446	29.374000000000002
563700	176.606	28.35
564000	247.71599999999998	27.162
564300	130.892	26.814000000000004
564600	96.51000000000002	25.324
564900	96.50800000000001	23.836
565200	140.26999999999998	22.601999999999997
565500	202.392	22.1
565800	341.878	22.8
566100	568.889	27.026
566400	334.457	29.411
566700	271.942	30.774
567000	59.0	29.25
567300	34.774	25.349999999999998
567600	29.695999999999998	20.738
567900	26.568	17.740000000000002
568200	82.05	16.162
568500	429.012	16.502
568800	712.674	20.036
569100	747.836	24.2
569400	494.26000000000005	28.552
569700	514.9680000000001	29.9
570000	699.388	31.336000000000002
570300	805.6659999999999	33.402
570600	779.486	35.426
570900	754.87	38.198
571200	405.96	39.102
571500	588.4240000000001	37.574
571800	127.376	36.0
572100	277.018	32.025999999999996
572400	413.77200000000005	30.65
572700	526.6899999999999	30.976
573000	163.712	31.4
573300	432.526	30.038
573600	593.506	30.712
573900	182.074	31.776
574200	134.40800000000002	29.776
574500	305.932	27.863999999999997
574800	233.26	27.312
575100	260.218	26.514
575400	591.158	27.624000000000002
575700	261.0	29.2
576000	401.27	28.427999999999997
576300	136.752	28.4
576600	165.66400000000002	26.976
576900	183.246	25.812
577200	160.19400000000002	24.94
577500	246.154	24.3
577800	433.31000000000006	24.874000000000002
578100	357.9	26.636000000000003
578400	505.20200000000006	27.8
578700	496.60599999999994	29.024
579000	516.534	29.814
579300	294.994	30.1
579600	124.638	27.8
579900	264.90999999999997	25.54
580200	184.42000000000002	25.474
580500	116.82600000000002	24.238
580800	223.49	22.990000000000002
581100	356.338	23.264
581400	160.97599999999997	23.688
581700	82.05	22.29
582000	71.11200000000001	20.786
582300	52.355999999999995	19.462
582600	77.75399999999999	18.6
582900	140.66	18.514
583200	129.326	18.851999999999997
583500	81.27000000000001	18.802
583800	66.032	18.262
584100	75.41	17.826
584400	121.122	17.85
584700	123.46799999999999	18.274
585000	121.51599999999999	18.598000000000003
585300	114.48000000000002	18.738
585600	64.076	18.548
585900	38.288	17.875999999999998
586200	66.814	17.238
586500	66.03200000000001	16.802
586800	42.980000000000004	16.438
587100	30.865999999999996	15.862
587400	29.302	15.362
587700	13.674000000000001	14.862
588000	7.4239999999999995	14.276
588300	26.178000000000004	13.928
588600	33.992000000000004	13.774000000000001
588900	38.292	13.75
589200	16.02	13.661999999999997
589500	0.0	13.402000000000001
589800	9.768	13.148
590100	19.926	12.975999999999999
590400	0.0	12.662
590700	3.5159999999999996	12.236
591000	0.0	11.812000000000001
591300	0.0	11.762
591600	0.0	11.81
591900	0.0	11.798
592200	0.0	11.7
592500	0.0	11.584
592800	0.0	11.536
593100	0.0	11.39
593400	0.0	11.088
593700	0.0	10.84
594000	0.0	10.588
594300	0.0	10.212
594600	0.0	9.776
594900	0.0	9.56
595200	0.0	9.338000000000001
595500	0.0	9.074
595800	0.0	8.988
596100	0.0	9.024000000000001
596400	0.0	9.048
596700	0.0	9.148
597000	0.0	9.286000000000001
597300	0.0	9.34
597600	0.0	9.110000000000001
597900	0.0	9.012
598200	0.0	8.761999999999999
598500	0.0	8.488000000000001
598800	0.0	8.238
599100	0.0	8.0
599400	0.0	7.851999999999999
599700	0.0	7.866
600000	0.0	7.714
600300	0.0	7.702000000000001
600600	0.0	7.8
600900	0.0	7.928
601200	0.0	7.88
601500	0.0	7.775999999999999
601800	0.0	7.56
602100	0.0	7.401999999999999
602400	0.0	7.198
602700	0.0	7.06
603000	0.0	6.928
603300	0.0	6.824
603600	0.0	6.797999999999999
603900	0.0	6.928
604200	0.0	7.186
604500	0.0	7.390000000000001
604800	0.0	7.523999999999999
605100	0.0	7.672
605400	0.0	7.75
605700	0.0	7.726000000000001
606000	0.0	7.548
606300	0.0	7.337999999999999
606600	0.0	7.162000000000001
606900	0.0	7.0120000000000005
607200	0.0	6.864
607500	0.0	6.75
607800	0.0	6.536
608100	0.0	6.5120000000000005
608400	0.0	6.452000000000001
608700	0.0	6.324
609000	0.0	6.205000000000001
609300	0.0	6.326
609600	0.0	6.7
609900	0.0	7.086
610200	0.0	7.2620000000000005
610500	0.0	7.44
610800	0.0	7.648000000000001
611100	0.0	7.890000000000001
611400	0.0	7.964
611700	0.0	7.876
612000	0.0	7.65
612300	0.0	7.302
612600	0.0	6.95
612900	0.0	6.586
613200	0.0	6.572
613500	0.0	6.764
613800	0.0	7.036
614100	0.0	7.212000000000001
614400	0.0	7.364
614700	0.0	7.4159999999999995
615000	0.0	7.523999999999999
615300	0.0	7.572
615600	0.0	7.62
615900	0.0	7.572
616200	0.0	7.547999999999999
616500	0.0	7.56
616800	0.0	7.636
617100	0.0	7.7379999999999995
617400	0.0	7.7379999999999995
617700	0.0	7.69
618000	0.0	7.69
618300	0.0	7.69
618600	0.0	7.714
618900	0.0	7.648000000000001
619200	0.0	7.648000000000001
619500	0.0	7.62
619800	0.0	7.62
620100	0.0	7.676
620400	0.0	7.7379999999999995
620700	0.0	7.75
621000	0.0	7.7379999999999995
621300	0.0	7.702000000000001
621600	0.0	7.69
621900	0.0	7.622
622200	0.0	7.4879999999999995
622500	0.0	7.337999999999999
622800	0.0	7.337999999999999
623100	0.0	7.38
623400	0.0	7.44
623700	0.0	7.44
624000	0.0	7.452000000000001
624300	0.0	7.5
626400	0.0	7.202000000000001
626700	0.0	7.214
627000	0.0	7.286
627300	0.0	7.38
627600	0.0	7.38
627900	0.0	7.4159999999999995
628200	0.0	7.44
628500	0.0	7.4879999999999995
628800	0.0	7.547999999999999
629100	0.0	7.595999999999999
629400	0.0	7.69
629700	0.0	7.75
630000	7.4239999999999995	7.837999999999999
630300	6.252000000000001	7.952000000000001
630600	12.501999999999999	8.024000000000001
630900	12.894	8.148
631200	25.395999999999997	8.274000000000001
631500	30.086000000000002	8.428
631800	22.662	8.548
632100	7.4239999999999995	8.661999999999999
632400	17.972	8.774000000000001
632700	25.008	8.838000000000001
633000	27.738	8.952
633300	33.6	9.072
633600	30.086000000000002	9.225999999999999
633900	23.832	9.31
634200	32.038	9.31
634500	35.553999999999995	9.364
634800	34.774	9.488
635100	33.211999999999996	9.56
635400	46.498000000000005	9.661999999999999
635700	49.62	9.75
636000	55.48199999999999	9.866000000000001
636300	61.343999999999994	9.94
636600	66.424	10.136
636900	64.078	10.3
637200	54.70200000000001	10.536
637500	61.34400000000001	10.648
637800	52.35799999999999	10.725999999999999
638100	52.748000000000005	10.584
638400	41.024	10.572
638700	41.418	10.404
639000	49.622	10.276
639300	53.529999999999994	10.202
639600	58.61	10.202
639900	28.134000000000004	10.274000000000001
640200	25.395999999999997	10.014
640500	39.464	9.648
640800	57.826	9.451999999999998
641100	85.95599999999999	9.688
641400	97.67999999999999	10.238
641700	107.44800000000001	10.788
642000	97.28800000000001	11.250000000000002
642300	102.76000000000002	11.548
642600	85.95599999999999	11.512
642900	101.586	11.5
643200	142.222	11.698
643500	209.036	12.511999999999999
643800	195.754	13.447999999999999
644100	175.43399999999997	13.928
644400	239.11999999999998	14.05
644700	216.45999999999998	14.562000000000001
645000	191.842	15.024000000000001
645300	175.04199999999997	15.223999999999998
645600	184.42	15.15
645900	290.69599999999997	15.126
646200	296.946	16.314
646500	271.16	16.524
646800	359.464	16.924
647100	459.0959999999999	17.4
647400	554.432	18.226
647700	483.71000000000004	19.912
648000	727.1300000000001	22.276
648300	574.7520000000001	25.286
648600	381.734	25.95
648900	645.08	26.662
649200	215.67800000000003	25.824
649500	265.688	23.436
649800	201.612	21.076
650100	222.712	19.401999999999997
650400	207.08200000000002	18.259999999999998
650700	295.77799999999996	17.875999999999998
651000	244.59	18.024
651300	235.9	18.0
651600	335.238	17.85
651900	265.69	18.7
652200	262.956	18.762
652500	212.942	18.524
652800	254.358	18.276
653100	241.464	18.3
653400	257.094	18.262
653700	241.464	18.448
654000	242.63600000000002	18.339999999999996
654300	351.646	18.863999999999997
654600	285.61600000000004	19.264
654900	116.436	18.814
655200	75.02	17.25
655500	95.72800000000001	15.863999999999999
655800	136.752	15.051999999999998
656100	135.578	14.425999999999998
656400	158.632	14.059999999999999
656700	200.43800000000002	14.324000000000002
657000	231.698	15.286000000000001
657300	219.97400000000002	15.925999999999998
657600	231.698	16.274
657900	272.332	16.65
658200	262.564	17.452
658500	215.67600000000002	17.598000000000003
658800	230.914	17.15
659100	249.27800000000002	17.512
659400	272.33000000000004	17.6
659700	373.53000000000003	18.3
660000	402.05	19.823999999999998
660300	359.072	20.848
660600	196.922	20.612000000000002
660900	187.936	19.564
661200	186.374	18.586000000000002
661500	180.122	17.5
661800	259.438	17.174
662100	370.79200000000003	17.624000000000002
662400	550.136	19.454
662700	571.232	23.026
663000	293.432	23.988
663300	248.106	22.387999999999998
663600	210.99200000000002	21.148000000000003
663900	195.36	19.8
664200	232.086	18.375999999999998
664500	387.986	18.45
664800	342.27	19.3
665100	200.048	19.338
665400	135.57800000000003	18.474
665700	111.744	17.362000000000002
666000	109.404	16.136
666300	110.96400000000001	15.063999999999998
666600	105.494	14.398000000000001
666900	116.824	13.963999999999999
667200	162.538	13.788
667500	205.91	14.225999999999999
667800	246.54399999999995	15.15
668100	301.24399999999997	16.276
668400	126.984	16.913999999999998
668700	79.70599999999999	16.024
669000	52.355999999999995	14.7
669300	62.124	13.526
669600	71.89399999999999	12.874
669900	94.554	12.511999999999999
670200	97.288	12.512
670500	133.236	12.621999999999998
670800	195.362	13.0
671100	199.268	14.052000000000001
671400	147.692	14.585999999999999
671700	144.95600000000002	14.413999999999998
672000	235.994	14.838
672300	125.81400000000001	14.988
672600	114.87	14.574000000000002
672900	77.35999999999999	13.923999999999998
673200	77.362	13.236
673500	64.86	12.75
673800	53.92	12.364
674100	48.059999999999995	11.926
674400	48.838	11.514
674700	55.48199999999999	11.261999999999999
675000	44.542	11.011999999999999
675300	31.645999999999997	10.676
675600	30.476	10.276
675900	67.594	10.072000000000001
676200	207.86400000000003	10.56
676500	178.166	11.786
676800	162.54000000000002	12.412
677100	81.27000000000001	12.41
677400	79.708	11.65
677700	96.898	11.111999999999998
678000	32.82	10.626000000000001
678300	28.912	9.911999999999999
678600	19.535999999999998	9.262
678900	17.192	8.712
679200	24.225999999999996	8.212
679500	0.0	7.864
679800	3.5159999999999996	7.45
680100	0.0	7.05
680400	3.1260000000000003	6.825999999999999
680700	0.0	6.65
681000	0.0	6.609999999999999
681300	0.0	6.776000000000001
681600	0.0	7.023999999999999
681900	0.0	7.06
682200	0.0	7.036
682500	0.0	6.864
682800	0.0	6.6240000000000006
683100	0.0	6.2620000000000005
683400	0.0	6.071999999999999
683700	0.0	6.21
684000	0.0	6.366
684300	0.0	6.4159999999999995
684600	0.0	6.351999999999999
684900	0.0	6.324
685200	0.0	6.174
685500	0.0	5.814
685800	0.0	5.414
686100	0.0	5.214
686400	0.0	5.0
686700	0.0	4.736
687000	0.0	4.464
687300	0.0	4.324
687600	0.0	4.287999999999999
687900	0.0	4.1240000000000006
688200	0.0	4.148000000000001
688500	0.0	4.012
688800	0.0	3.9019999999999997
689100	0.0	3.71
689400	0.0	3.56
689700	0.0	3.536
690000	0.0	3.4519999999999995
690300	0.0	3.44
690600	0.0	3.338
690900	0.0	3.226
691200	0.0	3.2019999999999995
691500	0.0	3.35
691800	0.0	3.874
692100	0.0	4.212000000000001
692400	0.0	4.238
692700	0.0	4.084
693000	0.0	3.8519999999999994
693300	0.0	3.726
693600	0.0	3.6100000000000003
693900	0.0	3.5
694200	0.0	3.464
694500	0.0	3.4549999999999996
694800	0.0	3.5720000000000005
695100	0.0	3.5
695400	0.0	3.2380000000000004
695700	0.0	3.072
696000	0.0	2.9520000000000004
696300	0.0	2.8520000000000003
696600	0.0	2.8899999999999997
696900	0.0	2.88
697200	0.0	2.9159999999999995
697500	0.0	2.88
697800	0.0	2.798
698100	0.0	2.662
698400	0.0	2.572
698700	0.0	2.428
699000	0.0	2.4379999999999997
699300	0.0	2.4519999999999995
699600	0.0	2.5
699900	0.0	2.4159999999999995
700200	0.0	2.302
700500	0.0	2.1480000000000006
700800	0.0	2.024
701100	0.0	2.0
701400	0.0	2.1359999999999997
701700	0.0	2.1220000000000003
702000	0.0	2.11
702300	0.0	2.06
702600	0.0	2.072
702900	0.0	2.024
703200	0.0	2.024
703500	0.0	2.012
703800	0.0	1.8799999999999997
704100	0.0	1.7879999999999998
704400	0.0	1.6759999999999997
704700	0.0	1.6200000000000003
705000	0.0	1.5
705300	0.0	1.536
705600	0.0	1.548
705900	0.0	1.44
706200	0.0	1.4279999999999997
706500	0.0	1.44
706800	0.0	1.464
707100	0.0	1.4759999999999998
707400	0.0	1.416
707700	0.0	1.3
708000	0.0	1.35
708300	0.0	1.3519999999999999
708600	0.0	1.312
708900	0.0	1.1620000000000001
709200	0.0	1.11
709500	0.0	1.25
709800	0.0	1.298
710100	0.0	1.262
710400	0.0	1.174
710700	0.0	1.0720000000000003
711000	0.0	1.1480000000000001
711300	0.0	1.184
711600	0.0	1.25
711900	0.0	1.06
712200	0.0	0.9399999999999998
712500	0.0	0.9399999999999998
712800	0.0	0.976
713100	0.0	0.9019999999999999
713400	0.0	0.762
713700	0.0	0.705
715800	0.0	0.41000000000000003
716100	0.0	0.35000000000000003
716400	0.0	0.32599999999999996
716700	0.0	0.21400000000000002
717000	0.0	0.33799999999999997
717300	0.0	0.404
717600	0.0	0.46399999999999997
717900	0.0	0.5
718200	0.0	0.524
718500	0.0	0.536
718800	6.642	0.5
719100	3.5159999999999996	0.5
719400	8.986	0.5960000000000001
719700	11.719999999999999	0.6479999999999999
720000	16.41	0.8400000000000001
720300	18.753999999999998	1.0
720600	17.582	1.06
720900	26.567999999999994	1.2
721200	17.19	1.288
721500	27.742	1.44
721800	30.476000000000006	1.584
722100	30.868000000000002	1.7619999999999998
722400	28.912	1.94
722700	28.524	2.074
723000	26.958	2.1480000000000006
723300	31.648000000000003	2.1879999999999997
723600	37.9	2.2880000000000003
723900	36.728	2.44
724200	38.68	2.56
724500	38.682	2.726
724800	37.9	2.8240000000000003
725100	36.336	2.952
725400	32.43	3.096
725700	35.164	3.1879999999999997
726000	40.244	3.338
726300	38.291999999999994	3.5
726600	53.92199999999999	3.6479999999999997
726900	47.666	3.8880000000000003
727200	41.806	4.0840000000000005
727500	50.404	4.314
727800	57.04600000000001	4.588
728100	57.04600000000001	4.825999999999999
728400	66.42399999999999	5.026000000000001
728700	101.976	5.35
729000	309.06000000000006	5.811999999999999
729300	154.334	6.6240000000000006
729600	162.538	7.55
729900	240.294	8.136
730200	151.6	8.8
730500	184.03000000000003	8.788
730800	177.776	8.835999999999999
731100	194.188	9.786
731400	287.57	10.45
731700	163.32199999999997	11.126
732000	203.568	11.312
732300	209.03400000000002	12.014
732600	132.454	12.424000000000001
732900	177.38799999999998	12.599999999999998
733200	157.45999999999998	12.464
733500	146.13000000000002	12.65
733800	166.446	12.464
734100	238.33999999999997	12.575999999999999
734400	223.1	13.576000000000002
734700	91.82000000000001	13.288
735000	64.078	11.161999999999999
735300	127.376	9.264
735600	266.862	9.150000000000002
735900	311.01200000000006	11.0
736200	407.912	11.864
736500	216.456	12.464
736800	152.38	12.725999999999999
737100	185.592	12.5
737400	438.3860000000001	13.072
737700	400.098	16.386000000000003
738000	165.272	17.012
738300	497.77799999999996	15.773999999999997
738600	574.75	17.628
738900	563.0319999999999	20.601999999999997
739200	352.822	20.86
739500	793.9440000000001	22.476
739800	311.402	24.875999999999998
740100	202.002	23.264
740400	230.52599999999998	20.875999999999998
740700	221.538	19.274
741000	551.7	18.774
741300	231.30800000000005	20.204
741600	76.97200000000001	19.627999999999997
741900	41.80800000000001	17.464
742200	47.668000000000006	15.752
742500	59.39	13.374
742800	163.324	11.664000000000001
743100	282.88199999999995	11.450000000000001
743400	411.81800000000004	13.762
743700	259.04800000000006	15.262
744000	171.916	15.362
744300	156.286	14.947999999999999
744600	195.75000000000003	14.864
744900	248.49799999999996	15.05
745200	295.386	15.824000000000002
745500	435.26399999999995	16.874000000000002
745800	338.754	18.838
746100	294.602	19.412
746400	223.494	19.113999999999997
746700	197.314	18.326
747000	194.578	17.336000000000002
747300	289.914	16.836000000000002
747600	296.16799999999995	17.0
747900	400.098	17.212
748200	701.734	19.04
748500	701.7360000000001	22.65
748800	319.608	24.622000000000003
749100	215.288	23.285999999999998
749400	137.142	21.536
749700	123.078	19.163999999999998
750000	167.61999999999998	16.65
750300	230.52399999999997	15.45
750600	305.93399999999997	15.514000000000001
750900	373.13800000000003	16.65
751200	468.8639999999999	18.774
751500	526.3	21.974
751800	417.68	24.266
752100	289.916	24.85
752400	330.54799999999994	23.774
752700	307.88800000000003	22.912
753000	323.126	23.012
753300	144.56799999999998	22.198
753600	123.47	20.912
753900	87.52199999999999	18.762
754200	50.791999999999994	16.985999999999997
754500	71.112	14.362
754800	211.37999999999997	12.288
755100	366.496	13.55
755400	133.626	14.84
755700	76.19200000000001	14.398000000000001
756000	111.356	13.724
756300	290.694	13.813999999999998
756600	509.11	16.326
756900	535.2860000000001	19.586000000000002
757200	464.566	21.9
757500	465.736	23.612000000000002
757800	254.75	24.46
758100	130.89	23.2325
758400	138.706	20.962
758700	142.61400000000003	19.188
759000	112.918	17.785999999999998
759300	341.49	17.026
759600	309.84	18.062
759900	488.40199999999993	19.088
760200	403.222	20.662
760500	387.596	21.074
760800	389.94	21.426
761100	223.49200000000002	21.2
761400	156.68200000000002	20.05
761700	125.03	18.562
762000	103.92999999999999	17.45
762300	74.234	16.312
762600	50.012	15.288
762900	50.012	14.086000000000002
763200	44.932	13.187999999999999
763500	42.588	12.526
763800	34.774	12.05
764100	40.636	11.500000000000002
764400	44.152	11.213999999999999
764700	46.884	10.962
765000	153.16199999999998	11.011999999999999
765300	257.48400000000004	12.052
765600	118.77799999999999	13.252
765900	65.642	12.924000000000001
766200	130.5	12.440000000000001
766500	144.56599999999997	12.726
766800	132.454	12.878
767100	202.002	13.15
767400	188.32600000000002	13.633999999999997
767700	146.91	13.825999999999999
768000	107.83800000000001	13.459999999999999
768300	100.80600000000001	12.761999999999999
768600	68.376	12.026
768900	53.529999999999994	11.162
769200	33.209999999999994	10.5
769500	13.674000000000001	9.761999999999999
769800	19.535999999999998	9.062000000000001
770100	17.192	8.526
770400	4.298	8.088
770700	0.0	7.636
771000	3.1260000000000003	7.162000000000001
771300	0.0	6.776000000000001
771600	0.0	6.5120000000000005
771900	0.0	6.288
772200	0.0	6.074
772500	0.0	5.75
772800	0.0	5.584
773100	0.0	5.536
773400	0.0	5.752000000000001
773700	0.0	5.964
774000	0.0	6.136000000000001
774300	0.0	6.337999999999999
774600	0.0	6.186
774900	0.0	5.914
775200	0.0	5.6
775500	0.0	5.378
775800	0.0	5.050000000000001
776100	0.0	4.976
776400	0.0	4.81
776700	0.0	4.926
777000	0.0	5.06
777300	0.0	5.012
777600	0.0	5.012
777900	0.0	4.863999999999999
778200	0.0	4.660000000000001
778500	0.0	4.548
778800	0.0	4.414
779100	0.0	4.214
779400	0.0	4.06
779700	0.0	3.864
780000	0.0	3.7980000000000005
780300	0.0	3.774
780600	0.0	3.75
780900	0.0	3.75
781200	0.0	3.85
781500	0.0	4.048
781800	0.0	4.238
782100	0.0	4.404000000000001
782400	0.0	4.44
782700	0.0	4.4159999999999995
783000	0.0	4.311999999999999
783300	0.0	4.402
783600	0.0	4.61
783900	0.0	4.762
784200	0.0	4.988
784500	0.0	5.202
784800	0.0	5.351999999999999
785100	0.0	5.44
785400	0.0	5.523999999999999
785700	0.0	5.571999999999999
786000	0.0	5.5840000000000005
786300	0.0	5.62
786600	0.0	5.662000000000001
786900	0.0	5.69
787200	0.0	5.69
787500	0.0	5.69
787800	0.0	5.69
788100	0.0	5.648000000000001
788400	0.0	5.662000000000001
788700	0.0	5.62
789000	0.0	5.7
789300	0.0	5.69
789600	0.0	5.676
789900	0.0	5.69
790200	0.0	5.69
790500	0.0	5.676
790800	0.0	5.62
791100	0.0	5.608
791400	0.0	5.572
791700	0.0	5.571999999999999
792000	0.0	5.548
792300	0.0	5.536
792600	0.0	5.536
792900	0.0	5.512
793200	0.0	5.547999999999999
793500	0.0	5.56
793800	0.0	5.56
794100	0.0	5.512
794400	0.0	5.488
794700	0.0	5.452000000000001
795000	0.0	5.428
795300	0.0	5.3919999999999995
795600	0.0	5.3919999999999995
795900	0.0	5.38
796200	0.0	5.286
796500	0.0	5.25
796800	0.0	5.238
797100	0.0	5.19
797400	0.0	5.19
797700	0.0	5.226000000000001
798000	0.0	5.19
798300	0.0	5.19
798600	0.0	5.202
798900	0.0	5.214
799200	0.0	5.19
799500	0.0	5.148000000000001
799800	0.0	5.108
800100	0.0	5.06
800400	0.0	4.988
800700	0.0	4.94
801000	0.0	4.928
801300	0.0	4.895
801600	0.0	4.824
801900	0.0	4.837999999999999
802200	0.0	4.837999999999999
802500	0.0	4.824
802800	0.0	4.712000000000001
803100	0.0	4.608
803400	0.0	4.548
803700	0.0	4.6080000000000005
804000	0.0	4.62
806100	0.0	4.6433333333333335
806400	0.0	4.62
806700	0.0	4.56
807000	0.0	4.56
807300	0.0	4.56
807600	0.0	4.56
807900	0.0	4.634
808200	0.0	4.738
808500	0.0	4.773999999999999
808800	6.642	4.797999999999999
809100	9.378	4.837999999999999
809400	9.768	4.904000000000001
809700	14.065999999999999	5.012
810000	18.363999999999997	5.1080000000000005
810300	25.398	5.238
810600	27.35	5.428
810900	29.304000000000002	5.586
811200	37.118	5.787999999999999
811500	36.730000000000004	6.0
811800	46.498	6.1979999999999995
812100	51.574	6.425999999999999
812400	49.23	6.636
812700	53.918000000000006	6.825999999999999
813000	67.59599999999999	7.062
813300	70.33	7.340000000000001
813600	72.674	7.586
813900	79.708	7.825999999999999
814200	92.99	8.062
814500	90.64599999999999	8.302000000000001
814800	93.382	8.562
815100	98.07000000000002	8.776
815400	98.46000000000001	9.047999999999998
815700	97.29	9.12
816000	105.104	9.187999999999999
816300	122.296	9.400000000000002
816600	104.71400000000001	9.687999999999999
816900	92.6	9.559999999999999
817200	93.772	9.366000000000001
817500	70.72200000000001	9.148
817800	55.09400000000001	8.8
818100	57.438	8.324
818400	88.30199999999999	8.024
818700	115.652	8.123999999999999
819000	112.92	8.378
819300	173.08800000000002	8.526
819600	153.16	9.152000000000001
819900	155.51	9.762
820200	207.47400000000002	10.474
820500	186.372	11.836
820800	181.292	12.752
821100	293.43	13.226000000000003
821400	254.75	14.012
821700	219.58800000000002	15.073999999999998
822000	190.475	15.280000000000001
822300	208.642	15.086000000000002
822600	193.40800000000002	15.523999999999997
822900	188.71800000000002	15.548000000000002
823200	238.342	15.7
823500	216.06799999999998	16.486
823800	132.844	16.362000000000002
824100	324.688	15.802000000000001
824400	261.002	15.8
824700	171.13400000000001	16.326
825000	94.554	15.563999999999998
825300	133.62600000000003	14.212
825600	198.87599999999998	13.574000000000002
825900	252.796	14.425999999999998
826200	195.74999999999997	15.224
826500	184.42000000000002	15.236
826800	180.512	14.735999999999999
827100	493.09000000000003	15.675999999999998
827400	634.9219999999999	18.552
827700	758.778	21.026
828000	218.01999999999998	23.113999999999997
828300	92.99	20.863999999999997
828600	165.5675	18.1725
833400	340.31800000000004	21.948
833700	754.48	23.402
834000	463.39400000000006	26.109999999999996
834300	285.226	26.074
834600	540.7560000000001	24.387999999999998
834900	665.0079999999999	26.088
835200	360.634	27.562
835500	271.548	25.826
835800	187.938	23.426
836100	155.114	21.0
836400	156.288	18.71
836700	143.004	17.214
837000	119.56000000000002	15.838
837300	104.71200000000002	14.824000000000002
837600	138.704	14.812000000000001
837900	133.626	14.988
838200	116.046	14.852
838500	134.796	15.075999999999999
838800	137.532	15.201999999999998
839100	150.038	15.364
839400	148.472	15.338
839700	135.97	15.463999999999999
840000	223.88399999999996	15.338
840300	116.82600000000002	15.35
840600	106.66600000000001	14.288
840900	94.16199999999999	13.374
841200	80.098	12.498000000000001
841500	71.112	11.514
841800	269.596	11.088000000000001
842100	396.96799999999996	13.687999999999999
842400	370.40199999999993	16.7
842700	339.92600000000004	18.598
843000	325.86	20.05
843300	107.83800000000001	20.689999999999998
843600	63.29600000000001	18.688
843900	256.704	17.526
844200	133.23600000000002	17.724
844500	33.212	16.573999999999998
844800	57.826	15.012
845100	202.0	14.4
845400	66.032	14.338
845700	74.63	12.6
846000	40.24399999999999	11.262
846300	24.613999999999997	9.812000000000001
846600	19.536	8.524000000000001
846900	16.802	7.6
847200	39.07	6.95
847500	70.72200000000001	6.586
847800	91.82	6.56
848100	87.91199999999999	6.7379999999999995
848400	72.674	7.086
848700	28.522000000000002	7.2379999999999995
849000	28.131999999999998	7.162000000000001
849300	23.442	7.036
849600	6.252000000000001	6.851999999999999
849900	3.1260000000000003	6.586
850200	0.0	6.326
850500	3.1260000000000003	6.036
850800	0.0	5.776000000000001
851100	0.0	5.662000000000001
851400	0.0	5.548
851700	0.0	5.186
852000	0.0	4.776000000000001
852300	0.0	4.388
852600	0.0	4.084
852900	0.0	3.8520000000000003
853200	0.0	3.524
853500	0.0	3.3020000000000005
853800	0.0	3.0119999999999996
854100	0.0	2.776
854400	0.0	2.2349999999999994
854700	0.0	1.918
855000	0.0	1.5840000000000003
855300	0.0	1.5239999999999998
855600	0.0	1.416
855900	0.0	1.38
856200	0.0	1.392
856500	0.0	1.38
856800	0.0	1.392
857100	0.0	1.6640000000000001
857400	0.0	1.9279999999999997
857700	0.0	1.94
858000	0.0	1.8519999999999999
858300	0.0	1.75
858600	0.0	1.6620000000000001
858900	0.0	1.5840000000000003
859200	0.0	1.5
859500	0.0	1.428
859800	0.0	1.404
860100	0.0	1.316
860400	0.0	1.0239999999999998
860700	0.0	0.8260000000000002
861000	0.0	0.726
861300	0.0	0.636
861600	0.0	0.56
861900	0.0	0.56
862200	0.0	0.56
862500	0.0	0.56
862800	0.0	0.5720000000000001
863100	0.0	0.662
863400	0.0	0.764
863700	0.0	1.048
864000	0.0	1.108
