#1
#C1: time (Europe/Berlin)[s] from 2023-04-18T00:00:00+0200 to 2023-04-28T00:00:00+0200
#C2: outside temperature
double ROF_outside_temp_2023(961,2)
0	8.1
900	8.1
1800		7.95
2700		7.7
3600		7.533333333333334
4500		7.333333333333333
5400		7.2
6300		7.066666666666666
7200		7.0
8100		6.933333333333334
9000		6.900000000000001
9900		6.8
10800		6.8
11700		6.8
12600		6.8
13500		6.8
14400		6.766666666666667
15300		6.8
16200		6.900000000000001
17100		6.833333333333333
18000		6.666666666666667
18900		6.633333333333333
19800		6.7
20700		6.733333333333333
21600		6.8
22500		6.8
23400		6.8
24300		6.8
25200		6.8
26100		6.666666666666667
27000		6.633333333333333
27900		6.7
28800		6.833333333333333
29700		6.900000000000001
30600		7.066666666666666
31500		7.3999999999999995
32400		7.7
33300		8.066666666666666
34200		8.4
35100		8.666666666666666
36000		8.9
36900		9.275
37800		9.45
38700		9.566666666666668
39600		9.766666666666667
40500		9.866666666666667
41400		10.133333333333335
42300		10.666666666666666
43200		11.166666666666666
44100		11.5
45000		11.799999999999999
45900		12.233333333333333
46800		12.633333333333335
47700		12.933333333333332
48600		13.266666666666666
49500		13.5
50400		13.6
51300		13.766666666666666
52200		13.833333333333334
53100		13.966666666666667
54000		14.0
54900		13.933333333333332
55800		13.966666666666667
56700		13.933333333333332
57600		13.9
58500		13.966666666666667
59400		14.033333333333333
60300		14.166666666666666
61200		14.199999999999998
62100		14.166666666666666
63000		14.066666666666668
63900		13.933333333333332
64800		13.866666666666667
65700		13.800000000000002
66600		13.699999999999998
67500		13.566666666666668
68400		13.433333333333332
69300		13.266666666666666
70200		13.066666666666668
71100		12.86
72000		12.666666666666666
72900		12.45
73800		12.200000000000001
74700		12.0
75600		11.800000000000002
76500		11.466666666666669
77400		11.033333333333333
78300		10.733333333333334
79200		10.4
80100		10.166666666666666
81000		9.833333333333334
81900		9.566666666666666
82800		9.36
83700		9.133333333333333
84600		8.9
85500		8.666666666666666
86400		8.4
87300		8.200000000000001
88200		7.966666666666666
89100		7.766666666666667
90000		7.5
90900		7.400000000000001
91800		7.366666666666667
92700		7.233333333333333
93600		7.133333333333333
94500		7.099999999999999
95400		7.2
96300		7.2
97200		7.166666666666667
98100		7.066666666666666
99000		6.8999999999999995
99900		6.633333333333333
100800		6.466666666666666
101700		6.333333333333333
102600		6.166666666666667
103500		5.966666666666666
104400		5.9
105300		5.75
106200		5.566666666666666
107100		5.45
108000		5.3
108900		5.15
109800		5.0
110700		4.9
111600		4.9
112500		4.9
113400		4.966666666666667
114300		5.433333333333334
115200		5.533333333333334
116100		5.633333333333333
117000		5.833333333333333
117900		6.033333333333334
118800		6.3
119700		6.666666666666667
120600		7.033333333333334
121500		7.466666666666666
122400		7.966666666666666
123300		8.4
124200		8.833333333333334
125100		9.266666666666666
126000		9.6
126900		10.0
127800		10.299999999999999
128700		10.733333333333334
129600		11.066666666666668
130500		11.4
131400		11.933333333333332
132300		12.266666666666666
133200		12.300000000000002
134100		12.666666666666666
135000		12.966666666666667
135900		12.9
136800		12.933333333333332
137700		12.966666666666667
138600		13.0
139500		12.933333333333332
140400		12.700000000000001
141300		12.699999999999998
142200		13.033333333333331
143100		13.3
144000		13.266666666666666
144900		12.975
145800		12.8
146700		12.6
147600		12.300000000000002
148500		11.9
149400		11.133333333333335
150300		9.933333333333335
151200		9.033333333333333
152100		8.433333333333334
153000		8.133333333333333
153900		7.900000000000001
154800		7.866666666666667
155700		7.766666666666667
156600		7.533333333333334
157500		7.5
158400		7.400000000000001
159300		7.2
160200		7.0
161100		7.0
162000		7.099999999999999
162900		7.2
163800		7.233333333333333
164700		7.266666666666667
165600		7.2
166500		7.266666666666667
167400		7.233333333333333
168300		7.2
169200		7.2
170100		7.2
171000		7.2
171900		7.166666666666667
172800		7.099999999999999
173700		7.099999999999999
174600		7.0
175500		6.966666666666666
176400		7.0
177300		6.975
178200		6.9
179100		6.900000000000001
180000		6.866666666666667
180900		6.866666666666667
181800		6.8
182700		6.8
183600		6.8
184500		6.8
185400		6.8
186300		6.7
187200		6.666666666666667
188100		6.599999999999999
189000		6.599999999999999
189900		6.666666666666667
190800		6.7
191700		6.733333333333333
192600		6.8
193500		6.833333333333333
194400		6.900000000000001
195300		6.900000000000001
196200		6.933333333333334
197100		7.0
198000		7.0
198900		7.0
199800		7.099999999999999
200700		7.2
201600		7.3
202500		7.366666666666667
203400		7.533333333333334
204300		7.633333333333333
205200		7.766666666666667
206100		7.8999999999999995
207000		8.2
207900		8.433333333333335
208800		8.733333333333333
209700		8.966666666666667
210600		9.149999999999999
211500		9.375
212400		9.45
213300		9.233333333333333
214200		9.066666666666666
215100		8.966666666666667
216000		9.1
216900		9.533333333333333
217800		10.1
218700		10.4
219600		10.866666666666667
220500		11.133333333333333
221400		11.266666666666666
222300		11.566666666666668
223200		11.799999999999999
224100		12.1
225000		12.333333333333334
225900		12.633333333333333
226800		12.9
227700		13.166666666666666
228600		13.766666666666666
229500		14.033333333333333
230400		14.199999999999998
231300		14.300000000000002
232200		14.5
233100		14.633333333333333
234000		14.933333333333335
234900		15.233333333333334
235800		15.300000000000002
236700		15.300000000000002
237600		15.3
238500		15.4
239400		15.233333333333334
240300		15.066666666666668
241200		15.066666666666668
242100		15.1
243000		15.033333333333333
243900		14.800000000000002
244800		14.55
245700		14.4
246600		14.174999999999999
247500		14.0
248400		13.866666666666667
249300		13.633333333333333
250200		13.466666666666667
251100		13.333333333333334
252000		13.166666666666666
252900		13.033333333333333
253800		12.866666666666667
254700		12.800000000000002
255600		12.699999999999998
256500		12.666666666666666
257400		12.533333333333333
258300		12.433333333333332
259200		12.4
260100		12.4
261000		12.333333333333334
261900		12.300000000000002
262800		12.199999999999998
263700		12.166666666666666
264600		12.199999999999998
265500		12.199999999999998
266400		12.166666666666666
267300		12.066666666666668
268200		11.933333333333332
269100		11.766666666666666
270000		11.566666666666668
270900		11.433333333333332
271800		11.333333333333334
272700		11.199999999999998
273600		11.1
274500		11.0
275400		10.933333333333332
276300		10.833333333333334
277200		10.699999999999998
278100		10.6
279000		10.5
279900		10.4
280800		10.275
281700		10.2
282600		10.1
283500		10.1
284400		10.1
285300		10.1
286200		10.166666666666666
287100		10.366666666666667
288000		10.5
288900		10.699999999999998
289800		11.0
290700		11.299999999999999
291600		11.6
292500		11.966666666666667
293400		12.4
294300		12.799999999999999
295200		13.233333333333333
296100		13.766666666666666
297000		14.166666666666666
297900		14.666666666666666
298800		15.166666666666666
299700		15.633333333333335
300600		16.133333333333336
301500		16.566666666666666
302400		17.03333333333333
303300		17.400000000000002
304200		17.76666666666667
305100		18.166666666666668
306000		18.433333333333334
306900		18.633333333333336
307800		18.866666666666667
308700		19.033333333333335
309600		19.2
310500		19.400000000000002
311400		19.6
312300		19.76666666666667
313200		19.866666666666664
314100		19.7
315000		19.866666666666667
315900		20.0
316800		19.933333333333334
317700		20.025
318600		20.1
319500		20.0
320400		20.0
321300		19.9
322200		19.833333333333332
323100		19.766666666666666
324000		19.633333333333333
324900		19.466666666666665
325800		19.333333333333332
326700		19.2
327600		19.0
328500		18.8
329400		18.566666666666666
330300		18.3
331200		18.0
332100		17.7
333000		17.400000000000002
333900		17.2
334800		16.900000000000002
335700		16.666666666666668
336600		16.400000000000002
337500		16.266666666666666
338400		16.066666666666666
339300		15.933333333333332
340200		15.800000000000002
341100		15.633333333333333
342000		15.466666666666667
342900		15.266666666666666
343800		15.133333333333333
344700		14.933333333333332
345600		14.733333333333334
346500		14.533333333333333
347400		14.333333333333334
348300		14.166666666666666
349200		13.966666666666667
350100		13.833333333333334
351000		13.7
351900		13.566666666666668
352800		13.433333333333332
353700		13.266666666666666
354600		13.133333333333333
355500		12.966666666666667
356400		12.833333333333334
357300		12.666666666666666
358200		12.566666666666668
359100		12.433333333333332
360000		12.333333333333334
360900		12.199999999999998
361800		12.133333333333333
362700		12.033333333333333
363600		11.933333333333332
364500		11.766666666666666
365400		11.633333333333333
366300		11.466666666666667
367200		11.333333333333334
368100		11.233333333333334
369000		11.133333333333333
369900		11.0
370800		11.0
371700		11.0
372600		11.1
373500		11.266666666666666
374400		11.366666666666667
375300		11.6
376200		11.833333333333334
377100		12.033333333333333
378000		12.299999999999999
378900		12.733333333333333
379800		13.166666666666666
380700		13.633333333333335
381600		14.133333333333335
382500		14.700000000000001
383400		15.2
384300		15.8
385200		16.35
386100		16.8
387000		17.26666666666667
387900		17.8
388800		18.3
389700		18.76666666666667
390600		19.233333333333334
391500		19.666666666666668
392400		20.0
393300		20.3
394200		20.599999999999998
395100		20.866666666666667
396000		21.099999999999998
396900		21.233333333333334
397800		21.433333333333334
398700		21.7
399600		21.833333333333332
400500		22.0
401400		22.03333333333333
402300		22.166666666666668
403200		22.3
404100		22.3
405000		22.366666666666664
405900		22.5
406800		22.600000000000005
407700		22.666666666666668
408600		22.566666666666666
409500		22.433333333333334
410400		22.266666666666666
411300		22.066666666666666
412200		21.866666666666664
413100		21.7
414000		21.433333333333334
414900		21.2
415800		20.900000000000002
416700		20.599999999999998
417600		20.3
418500		20.0
419400		19.7
420300		19.400000000000002
421200		19.2
422100		19.05
423000		18.8
423900		18.533333333333335
424800		18.3
425700		18.133333333333333
426600		17.966666666666665
427500		17.9
428400		17.8
429300		17.733333333333334
430200		17.599999999999998
431100		17.433333333333334
432000		17.333333333333332
432900		17.233333333333334
433800		17.1
434700		17.033333333333335
435600		16.866666666666664
436500		16.7
437400		16.533333333333335
438300		16.333333333333332
439200		16.166666666666668
440100		16.0
441000		15.833333333333334
441900		15.766666666666666
442800		15.699999999999998
443700		15.6
444600		15.5
445500		15.433333333333332
446400		15.4
447300		15.266666666666666
448200		15.1
449100		15.033333333333333
450000		15.0
450900		14.933333333333332
451800		14.966666666666667
452700		15.0
453600		14.9
454500		14.9
455400		14.9
456300		14.9
457200		14.966666666666667
458100		14.9
459000		14.95
459900		15.0
460800		14.9
461700		14.9
462600		15.066666666666668
463500		15.233333333333334
464400		15.300000000000002
465300		15.233333333333334
466200		15.133333333333333
467100		15.1
468000		15.1
468900		15.033333333333333
469800		15.066666666666668
470700		15.266666666666666
471600		15.733333333333334
472500		15.6
473400		15.333333333333334
474300		15.1
475200		14.933333333333332
476100		14.833333333333334
477000		14.933333333333332
477900		15.133333333333335
478800		15.633333333333335
479700		15.933333333333332
480600		16.233333333333334
481500		16.366666666666667
482400		16.633333333333336
483300		16.933333333333334
484200		17.166666666666668
485100	17.633333333333336
486000		17.833333333333332
486900		17.833333333333332
487800		17.666666666666668
488700		17.5
489600		17.5
490500		17.533333333333335
491400		17.866666666666664
492300		18.033333333333335
493200		18.0
494100		17.975
495000		18.15
495900		18.233333333333334
496800		18.266666666666666
497700		18.066666666666666
498600		17.900000000000002
499500		17.666666666666668
500400		17.5
501300		17.2
502200		16.966666666666665
503100		16.8
504000		16.7
504900		16.566666666666666
505800		16.3
506700		16.066666666666666
507600		15.800000000000002
508500		15.533333333333333
509400		15.300000000000002
510300		15.1
511200		14.866666666666667
512100		14.666666666666666
513000		14.533333333333333
513900		14.466666666666667
514800		14.366666666666667
515700		14.266666666666666
516600		14.199999999999998
517500		14.066666666666668
518400		13.966666666666667
519300		13.9
520200		13.800000000000002
521100		13.666666666666666
522000		13.566666666666668
522900		13.466666666666667
523800		13.333333333333334
524700		13.233333333333334
525600		13.066666666666668
526500		12.966666666666667
527400		12.833333333333334
528300		12.699999999999998
529200		12.6
530100		12.5
531000		12.5
531900		12.575000000000001
532800		12.6
533700		12.6
534600		12.566666666666668
535500		12.5
536400		12.5
537300		12.5
538200		12.5
539100		12.566666666666668
540000		12.6
540900		12.699999999999998
541800		12.699999999999998
542700		12.699999999999998
543600		12.699999999999998
544500		12.733333333333334
545400		12.833333333333334
546300		12.966666666666667
547200		13.0
548100		13.033333333333333
549000		13.133333333333333
549900		13.433333333333335
550800		13.833333333333334
551700		14.166666666666666
552600		14.5
553500		14.9
554400	15.199999999999998
555300	15.633333333333335
556200		15.9
557100		16.2
558000		16.566666666666666
558900		16.833333333333332
559800		17.0
560700		17.233333333333334
561600		17.2
562500		17.333333333333332
563400		17.5
564300		17.366666666666664
565200		17.166666666666668
566100		17.566666666666666
567000		17.9
567900		17.5
568800		17.1
569700		17.2
570600		17.65
571500		18.35
572400		18.433333333333334
573300		18.5
574200		18.533333333333335
575100		18.400000000000002
576000		18.466666666666665
576900		18.333333333333332
577800		18.266666666666666
578700		18.333333333333332
579600		18.3
580500		18.0
581400		17.76666666666667
582300		17.3
583200		16.96666666666667
584100		16.633333333333333
585000		16.6
585900		16.400000000000002
586800		15.9
587700		15.299999999999999
588600		14.800000000000002
589500		14.4
590400		14.033333333333333
591300		13.700000000000001
592200		13.4
593100		13.133333333333333
594000		12.850000000000001
594900		12.399999999999999
595800		12.1
596700		11.933333333333332
597600		11.766666666666666
598500		11.433333333333332
599400		11.1
600300		11.0
601200		10.9
602100		10.700000000000001
603000		10.533333333333333
603900		10.466666666666667
604800		10.4
605700		10.333333333333334
606600		10.133333333333333
607500		10.0
608400		9.866666666666667
609300		9.9
610200		9.9
611100		9.866666666666667
612000		9.7
612900		9.7
613800		9.7
614700		9.7
615600		9.649999999999999
616500		9.6
617400		9.6
618300		9.6
619200		9.5
620100		9.5
621000		9.433333333333332
621900		9.4
622800		9.333333333333334
623700		9.3
624600		9.233333333333333
625500		9.133333333333333
626400		9.1
627300		9.166666666666666
628200		9.2
629100		9.166666666666666
630000		9.2
630900		9.3
631800		9.333333333333334
632700		9.4
633600		9.466666666666667
634500		9.5
635400		9.6
636300		9.674999999999999
637200		9.7
638100		9.7
639000		9.6
639900		9.633333333333333
640800		9.766666666666667
641700		9.9
642600		10.2
643500		10.566666666666668
644400		10.799999999999999
645300		11.0
646200		11.4
647100		11.866666666666667
648000		11.9
648900		11.933333333333332
649800		12.066666666666668
650700		12.233333333333334
651600		12.4
652500		12.366666666666667
653400		12.0
654300		11.833333333333334
655200		12.033333333333333
656100		12.199999999999998
657000		12.166666666666666
657900		12.4
658800		12.333333333333334
659700		12.3
660600		12.466666666666667
661500		12.4
662400		12.433333333333332
663300		12.300000000000002
664200		12.0
665100		11.9
666000		11.9
666900		11.533333333333333
667800		11.466666666666667
668700		11.5
669600		11.333333333333334
670500		11.199999999999998
671400		11.0
672300		10.766666666666667
673200		10.533333333333333
674100		10.4
675000		10.200000000000001
675900		9.9
676800		9.700000000000001
677700		9.433333333333332
678600		9.3
679500		9.066666666666666
680400		8.95
681300		8.9
682200		8.8
683100		8.633333333333333
684000		8.433333333333332
684900		8.266666666666667
685800		8.033333333333333
686700		7.866666666666667
687600		7.7
688500		7.566666666666666
689400		7.433333333333334
690300		7.266666666666667
691200		7.1000000000000005
692100		6.933333333333334
693000		6.766666666666667
693900		6.633333333333333
694800		6.5
695700		6.366666666666667
696600		6.166666666666667
697500		6.033333333333334
698400		5.866666666666667
699300		5.733333333333333
700200		5.599999999999999
701100		5.466666666666666
702000		5.35
702900		5.233333333333333
703800		5.066666666666666
704700		4.966666666666667
705600		4.866666666666667
706500		4.733333333333333
707400		4.633333333333334
708300		4.466666666666667
709200		4.4
710100		4.266666666666667
711000		4.2
711900		4.1
712800		4.033333333333333
713700		4.0
714600		4.0
715500		4.0
716400		4.066666666666666
717300		4.133333333333333
718200		4.3
719100		4.566666666666666
720000		4.766666666666667
720900		5.033333333333333
721800		5.2
722700		5.5
723600		5.866666666666667
724500		6.15
725400		6.433333333333333
726300		6.900000000000001
727200		7.333333333333333
728100		7.8
729000		8.133333333333335
729900		8.200000000000001
730800	8.4
731700		8.7
732600		8.966666666666667
733500		9.266666666666666
734400		9.733333333333333
735300		10.0
736200		10.0
737100		9.666666666666666
738000		9.799999999999999
738900		10.0
739800		10.166666666666666
740700		10.433333333333334
741600		10.3
742500		10.3
743400		10.7
744300		10.666666666666666
745200		10.55
746100		10.966666666666667
747000		11.266666666666666
747900		11.200000000000001
748800		10.966666666666667
749700		10.933333333333332
750600		11.033333333333331
751500		11.466666666666667
752400		11.4
753300		11.233333333333334
754200		11.533333333333333
755100		11.566666666666668
756000		11.300000000000002
756900		11.0
757800		10.700000000000001
758700		10.6
759600		10.533333333333333
760500		10.5
761400		10.4
762300		10.1
763200		9.700000000000001
764100		9.4
765000		9.1
765900		8.9
766800		8.733333333333333
767700		8.666666666666666
768600		8.433333333333332
769500		8.266666666666667
770400		8.133333333333333
771300		8.033333333333333
772200		7.866666666666667
773100		7.733333333333333
774000		7.633333333333333
774900		7.599999999999999
775800		7.599999999999999
776700		7.599999999999999
777600		7.599999999999999
778500		7.599999999999999
779400		7.599999999999999
780300		7.599999999999999
781200		7.566666666666666
782100		7.5
783000		7.5
783900		7.5
784800		7.433333333333334
785700		7.400000000000001
786600		7.366666666666667
787500		7.3
788400		7.3
789300		7.266666666666667
790200		7.2
791100		7.2
792000		7.166666666666667
792900		7.099999999999999
793800		7.033333333333334
794700		7.0
795600		6.900000000000001
796500		6.866666666666667
797400		6.8
798300		6.733333333333333
799200		6.7
800100		6.7
801000		6.7
801900		6.7
802800		6.766666666666667
803700		6.900000000000001
804600		7.033333333333334
805500		7.233333333333333
806400		7.433333333333334
807300		7.6000000000000005
808200		7.8
809100		7.8
810000		7.900000000000001
810900		8.05
811800		8.4
812700		8.933333333333332
813600		9.4
814500		9.833333333333334
815400		10.066666666666668
816300		9.966666666666667
817200		9.966666666666667
818100		10.266666666666666
819000		10.6
819900		10.6
820800		10.866666666666667
821700		10.833333333333334
822600		10.9
823500		11.0
824400		11.566666666666668
825300		11.666666666666666
826200		11.633333333333333
827100		11.800000000000002
828000		12.133333333333335
828900		12.4
829800		12.4
830700		12.466666666666667
831600		12.75
832500		12.800000000000002
833400		12.933333333333332
834300		13.1
835200		13.199999999999998
836100		13.300000000000002
837000		13.1
837900		12.733333333333334
838800		12.466666666666667
839700		12.233333333333334
840600		12.166666666666666
841500		11.933333333333332
842400		11.733333333333334
843300		11.800000000000002
844200		11.666666666666666
845100		11.433333333333332
846000		11.200000000000001
846900		10.9
847800		10.633333333333333
848700		10.4
849600		10.233333333333333
850500		10.0
851400		9.8
852300		9.566666666666666
853200		9.366666666666667
854100		9.133333333333333
855000		8.9
855900		8.700000000000001
856800		8.533333333333333
857700		8.366666666666667
858600		8.200000000000001
859500		8.0
860400		7.833333333333333
861300		7.666666666666667
862200		7.55
863100		7.425000000000001
864000		7.3
