#1
#C1: time (Europe/Berlin)[s] from 2023-03-16T00:00:00+0100 to 2023-03-25T00:00:00+0100
#C2: global horizontal radiation [W/m2]
#C3: module temperature [°C]
double ROF-rad_module_temp_2023(2146,3)
0	11.542	-2.9639999999999995
300	11.940000000000001	-2.988
600	17.511999999999997	-3.024
900	6.766	-2.9519999999999995
1200	13.532	-3.162
1500	11.94	-3.25
1800	13.532	-3.2119999999999997
2100	10.746	-2.9519999999999995
2400	11.541999999999998	-2.94
2700	15.123999999999999	-2.81
3000	7.960000000000001	-3.0
3300	13.134	-3.048
3600	15.919999999999998	-3.0960000000000005
3900	10.746	-3.048
4200	7.960000000000001	-2.8500000000000005
4500	13.532	-2.66
4800	10.746	-2.66
5100	11.940000000000001	-2.852
5400	11.94	-3.0620000000000003
5700	11.940000000000001	-3.2880000000000003
6000	10.347999999999999	-3.464
6300	7.562	-3.524
6600	6.766	-3.5840000000000005
6900	4.377999999999999	-3.6879999999999997
7200	11.144	-3.75
7500	6.368	-3.786
7800	6.766	-3.8899999999999997
8100	12.338	-4.048
8400	12.735999999999999	-3.9139999999999993
8700	7.164	-3.75
9000	11.144	-3.714
9300	7.959999999999999	-3.62
9600	11.940000000000001	-3.3620000000000005
9900	12.338	-3.174
10200	8.623333333333333	-3.06
11100	11.541999999999998	-3.7
11400	11.143999999999998	-3.8379999999999996
11700	10.745999999999999	-3.964
12000	10.746	-4.023999999999999
12300	11.940000000000001	-4.0840000000000005
12600	11.542	-4.096
12900	7.562	-4.12
13200	13.134	-4.25
13500	11.940000000000001	-4.3919999999999995
13800	13.134	-4.363999999999999
14100	13.532	-4.273999999999999
14400	10.348	-4.109999999999999
14700	11.940000000000001	-4.036
15000	7.561999999999999	-3.976
15300	7.959999999999999	-4.048
15600	11.144	-3.964
15900	10.348	-3.81
16200	11.144	-3.75
16500	10.745999999999999	-3.502
16800	9.95	-3.5119999999999996
17100	6.766	-3.814
17400	11.94	-4.012
17700	11.144	-4.162000000000001
18000	7.163999999999999	-4.325999999999999
18300	9.154	-4.464
18600	13.134	-4.596
18900	13.134	-4.648000000000001
19200	7.959999999999999	-4.726
19500	11.144	-4.786
19800	13.532	-4.773999999999999
20100	8.358	-4.85
20400	10.745999999999999	-4.988
20700	9.154	-4.811999999999999
21000	7.164	-4.700000000000001
21300	15.124	-4.712000000000001
21600	9.552000000000001	-4.724
21900	8.358	-4.56
22200	15.123999999999999	-4.4159999999999995
22500	10.347999999999999	-4.148000000000001
22800	11.94	-4.202
23100	14.327999999999998	-4.15
23400	12.736	-3.874
23700	10.745999999999999	-3.976
24000	15.522	-4.186
24300	13.930000000000001	-4.311999999999999
24600	17.91	-4.44
24900	19.502	-4.488
25200	21.094	-4.512
25500	24.278	-4.464
25800	26.268	-4.476000000000001
26100	22.288	-4.44
26400	25.472	-4.44
26700	23.88	-4.38
27000	30.248	-4.416
27300	28.656	-4.401999999999999
27600	27.064	-4.274
27900	29.451999999999998	-4.136
28200	29.053999999999995	-3.9379999999999997
28500	31.044	-3.5980000000000003
28800	35.024	-3.364
29100	35.82	-3.19
29400	37.80999999999999	-2.9519999999999995
29700	41.79	-2.6239999999999997
30000	47.76	-2.165
30300	49.75	-1.8769999999999996
30600	52.403333333333336	-1.8988888888888888
30900	58.10799999999999	-1.94
31200	60.894000000000005	-1.8380000000000003
31500	64.874	-1.6740000000000002
31800	76.814	-1.548
32100	78.804	-1.326
32400	81.19200000000001	-1.124
32700	74.426	-0.976
33000	57.71	-0.8379999999999999
33300	66.068	-0.624
33600	52.934000000000005	-0.488
33900	50.54600000000001	-0.36400000000000005
34200	51.74000000000001	-0.262
34500	45.769999999999996	-0.21399999999999997
34800	52.138	-0.12200000000000003
35100	51.342000000000006	0.06
35400	54.924	0.21200000000000002
35700	51.342	0.352
36000	59.302	0.41600000000000004
36300	229.254	0.488
36600	58.50599999999999	0.438
36900	49.75	0.22599999999999998
37200	45.769999999999996	0.186
37500	43.78	0.036
37800	50.14800000000001	0.048
38100	49.75	0.148
38400	46.566	0.176
38700	44.576	0.202
39000	49.352	0.238
39300	46.16799999999999	0.22599999999999998
39600	53.33200000000001	0.352
39900	48.954	0.588
40200	47.76	0.714
40500	52.138	0.786
40800	45.372	0.8400000000000001
41100	49.75	0.916
41400	51.342000000000006	1.0759999999999998
41700	49.75	1.198
42000	43.779999999999994	1.364
42300	51.342000000000006	1.5260000000000002
42600	50.944	2.06
42900	48.556000000000004	2.16
43200	50.148	2.6
43500	52.536	2.962
43800	55.71999999999999	3.0480000000000005
44100	58.50600000000001	3.174
44400	197.81	3.45
44700	622.092	4.6259999999999994
45000	638.412	9.628
45300	636.024	15.024000000000001
45600	618.908	18.912
45900	614.132	20.412
46200	620.1039999999999	21.310000000000002
46500	616.918	22.136000000000003
46800	608.1600000000001	23.814
47100	628.86	25.0
47400	626.87	26.162
47700	624.4799999999999	27.512
48000	608.954	26.898000000000003
48300	607.362	26.137999999999998
48600	613.338	26.79
48900	610.552	28.362000000000002
49200	606.17	28.2
49500	603.78	29.077999999999996
49800	601.388	29.451999999999998
50100	598.604	29.35
50400	589.846	28.288
50700	575.4042857142857	28.93857142857143
51000	565.767	29.168
51300	549.847	29.499000000000002
51600	530.6766666666667	29.22
51900	528.1560000000001	28.562
52200	528.156	27.522000000000002
52500	524.972	25.637999999999998
52800	516.216	24.323999999999998
53100	496.71400000000006	23.462
53400	472.436	22.798000000000002
53700	481.98799999999994	22.224
54000	458.904	21.65
54300	452.934	22.424
54600	442.98400000000004	23.062
54900	432.63599999999997	23.474
55200	414.726	23.328
55500	419.104	23.148000000000003
55800	411.93999999999994	23.148
56100	384.478	22.886000000000003
56400	306.46999999999997	21.8
56700	324.77799999999996	20.776
57000	302.092	19.15
57300	263.884	18.338
57600	243.98199999999997	17.824
57900	213.33399999999997	17.412
58200	161.58800000000002	16.188
58500	109.45	14.55
58800	138.902	12.714
59100	136.91199999999998	11.348
59400	134.126	10.148
59700	124.97200000000001	9.336
60000	89.94800000000001	8.802
60300	105.072	8.3
60600	103.082	7.864
60900	87.162	8.378
61200	85.57	8.559999999999999
61500	62.486000000000004	8.476
61800	69.252	8.148
62100	50.148	7.8759999999999994
62400	48.556	7.574
62700	29.451999999999998	7.223999999999999
63000	25.074	6.8759999999999994
63300	21.492	6.562
63600	26.268	6.286
63900	24.278	5.938
64200	21.890000000000004	5.636
64500	21.094	5.3759999999999994
64800	22.686	5.134
65100	20.695999999999998	5.023999999999999
65400	17.909999999999997	4.45
65700	9.154	3.9
66000	9.154	3.4240000000000004
66300	10.746	3.026
66600	8.756	2.684
66900	7.959999999999999	2.4379999999999997
67200	12.338	2.238
67500	10.746	2.4379999999999997
67800	12.338	2.56
68100	11.144	2.596
68400	13.532	2.69
68700	8.756	2.69
69000	5.1739999999999995	2.726
69300	10.348	2.888
69600	11.542	3.1119999999999997
69900	10.347999999999999	3.338
70200	9.95	3.6479999999999997
70500	9.95	4.0
70800	7.959999999999999	4.25
71100	15.522	4.476
71400	13.929999999999998	4.622000000000001
71700	13.4325	4.422499999999999
72000	7.760999999999998	4.044
72300	9.203749999999998	3.8024999999999998
72600	9.552000000000001	3.686
72900	10.347999999999999	3.45
73200	10.745999999999999	3.1480000000000006
73500	10.347999999999999	2.852
73800	11.542000000000002	2.9019999999999997
74100	11.94	3.0
74400	12.338000000000001	3.0480000000000005
74700	7.959999999999999	3.2879999999999994
75000	14.328	3.55
75300	10.347999999999999	3.914
75600	8.756	4.162000000000001
75900	8.756	4.3759999999999994
76200	11.143999999999998	4.674
76500	8.756	4.890000000000001
76800	15.522	5.023999999999999
77100	6.766	5.12
77400	12.736	5.176
77700	7.960000000000001	5.19
78000	10.745999999999999	5.202
78300	11.541999999999998	4.924
78600	13.134	4.497999999999999
78900	11.940000000000001	4.11
79200	13.532	3.9880000000000004
79500	9.154	3.7379999999999995
79800	9.154	3.44
80100	8.357999999999999	3.3020000000000005
80400	8.358	3.55
80700	8.358	3.8259999999999996
81000	9.95	3.964
81300	11.144	3.9519999999999995
81600	14.328	3.9159999999999995
81900	6.367999999999999	3.8519999999999994
82200	10.745999999999999	3.7119999999999997
82500	8.756	3.5480000000000005
82800	10.347999999999999	3.4159999999999995
83100	11.542	3.38
83400	14.328	3.38
83700	13.532	3.4519999999999995
84000	14.725999999999999	3.596
84300	7.959999999999999	3.7119999999999997
84600	11.940000000000001	3.7980000000000005
84900	9.552000000000001	3.6119999999999997
85200	14.328	3.274
85500	14.725999999999999	3.072
85800	11.940000000000001	2.8400000000000003
86100	11.144	2.7
86400	13.134	2.512
86700	9.551999999999998	2.464
87000	11.144	2.612
87300	13.532	2.964
87600	11.143999999999998	3.1479999999999997
87900	13.134	3.1480000000000006
88200	11.144	3.0740000000000003
88500	7.561999999999999	2.9519999999999995
88800	4.378	2.7359999999999998
89100	12.338	2.44
89400	11.94	2.3
89700	13.532	2.1480000000000006
90000	9.154	2.06
90300	9.552	1.94
90600	10.347999999999999	1.902
90900	12.736	1.798
91200	9.552	1.702
91500	17.113999999999997	1.6360000000000003
91800	12.338	1.428
92100	12.338	1.314
92400	6.368	1.074
92700	9.95	0.8044444444444445
93000	10.746	0.757
93300	10.518571428571429	0.6799999999999999
93600	11.541999999999998	0.738
93900	10.745999999999999	0.9259999999999999
94200	7.164	1.0240000000000002
94500	9.95	1.096
94800	16.318	1.174
95100	11.442499999999999	1.3775
97200	2.985	2.25
97500	7.959999999999999	2.298
97800	10.348	2.25
98100	12.735999999999999	2.226
98400	10.347999999999999	2.214
98700	9.154	2.136
99000	9.552	1.988
99300	12.338	1.8379999999999999
99600	8.358	1.7259999999999998
99900	11.144	1.61
100200	9.552000000000001	1.56
100500	9.552	1.6619999999999997
100800	13.930000000000001	1.634
101100	13.930000000000001	1.7
101400	8.756	1.7520000000000002
101700	8.755999999999998	2.124
102000	10.347999999999999	2.3259999999999996
102300	15.522	2.476
102600	14.327999999999998	2.622
102900	10.347999999999999	2.6759999999999997
103200	9.154	2.69
103500	11.541999999999998	2.69
103800	10.347999999999999	2.762
104100	8.357999999999999	2.75
104400	6.368	2.7139999999999995
104700	10.746	2.69
105000	12.735999999999999	2.726
105300	12.338	2.674
105600	9.95	2.376
105900	10.347999999999999	2.0620000000000003
106200	13.133999999999997	1.7879999999999998
106500	11.144	1.6480000000000001
106800	10.746	1.596
107100	12.338	1.3880000000000003
107400	13.134	1.262
107700	6.766	1.2
108000	8.358	1.096
108300	9.551999999999998	1.1239999999999999
108600	9.95	1.3259999999999998
108900	13.133999999999997	1.512
109200	14.725999999999999	1.7740000000000002
109500	8.756	1.89
109800	11.541999999999998	2.036
110100	16.716	2.2
110400	20.298	2.3120000000000003
110700	21.889999999999997	2.4159999999999995
111000	25.869999999999997	2.524
111300	26.268	2.724
111600	26.666000000000004	2.916
111900	29.054000000000002	3.0860000000000003
112200	33.431999999999995	3.2620000000000005
112500	36.616	3.148
112800	40.59599999999999	3.11
113100	33.83	3.036
113400	54.924	3.1050000000000004
113700	56.516	3.2099999999999995
114000	61.29200000000001	3.3659999999999997
114300	67.66	3.338
114600	87.958	3.6620000000000004
114900	96.316	4.276
115200	97.112	4.764
115500	103.082	5.162
115800	107.85799999999999	5.5
116100	100.29599999999999	5.712000000000001
116400	94.32600000000001	5.773999999999999
116700	112.63399999999999	5.85
117000	131.738	6.1000000000000005
117300	152.036	6.587999999999999
117600	155.22	7.164
117900	149.648	7.612
118200	138.902	7.825999999999999
118500	122.58400000000002	7.662000000000001
118800	118.20600000000002	7.126
119100	134.922	6.7620000000000005
119400	165.568	6.85
119700	180.294	7.174000000000001
120000	177.508	7.438
120300	184.672	7.862
120600	194.62199999999999	8.036
120900	214.13199999999998	8.45
121200	220.502	9.0
121500	211.34799999999996	10.114
121800	210.552	10.724
122100	211.744	11.2
122400	216.522	11.623999999999999
122700	218.51200000000003	12.024000000000001
123000	216.92000000000002	12.34
123300	214.13399999999996	12.512
123600	221.696	12.633999999999999
123900	243.984	12.962
124200	258.312	13.35
124500	252.74	13.662
124800	256.71999999999997	14.124
125100	261.098	14.325999999999999
125400	261.496	14.673999999999998
125700	264.68	14.512
126000	244.78000000000003	14.026
126300	223.686	13.738
126600	215.32800000000003	13.312000000000001
126900	212.94	12.876
127200	210.154	12.488
127500	206.17	12.302000000000001
127800	204.18	12.3
128100	200.594	12.462
128400	220.9	13.388
128700	246.76999999999998	14.136000000000001
129000	250.75	14.847999999999999
129300	251.148	15.323999999999998
129600	253.138	15.862
129900	259.904	16.327999999999996
130200	270.65	16.65
130500	268.262	17.062
130800	358.21	17.426
131100	382.88599999999997	18.262
131400	449.75	19.662
131700	474.42600000000004	21.15
132000	434.22799999999995	22.6
132300	503.082	23.45
132600	488.754	23.326
132900	458.904	22.662
133200	454.128	22.426
133500	412.73600000000005	22.0
133800	407.96000000000004	21.477999999999998
134100	375.78833333333336	21.26
134400	360.00100000000003	21.933
134700	369.9288888888889	22.38888888888889
135000	366.568	23.088
135300	348.26	23.25
135600	348.658	23.274
135900	338.70799999999997	23.088
136200	345.87199999999996	22.828
136500	332.34	22.676
136800	307.664	22.608
137100	288.162	22.174
137400	317.216	21.788
137700	316.81800000000004	22.012
138000	285.376	21.8
138300	316.81800000000004	20.398000000000003
138600	309.654	19.625999999999998
138900	312.838	19.110000000000003
139200	268.66	18.762
139500	259.50600000000003	18.214
139800	294.13199999999995	18.387999999999998
140100	253.13799999999998	19.474
140400	242.392	19.512
140700	280.6	19.724
141000	311.644	20.276
141300	269.456	20.826
141600	255.128	20.838
141900	238.01399999999998	20.572
142200	234.03400000000002	20.3
142500	227.26799999999997	19.926
142800	201.39	19.502
143100	199.4	19.278
143400	200.196	19.086000000000002
143700	191.83599999999998	18.928
144000	166.36399999999998	18.65
144300	156.41400000000002	17.762
144600	158.006	16.55
144900	149.648	15.588
145200	137.31	14.724
145500	119.4	14.074000000000002
145800	111.83800000000001	13.488
146100	105.072	13.347999999999999
146400	105.47	13.913999999999998
146700	101.49000000000001	14.096
147000	91.53999999999999	14.190000000000001
147300	85.968	14.162
147600	85.968	14.096
147900	85.57	14.024000000000001
148200	73.63	13.928
148500	71.64	13.774000000000001
148800	65.272	13.622
149100	52.138	13.440000000000001
149400	58.108000000000004	13.262
149700	45.372	13.036000000000001
150000	40.596	12.838
150300	37.013999999999996	12.574
150600	35.82	12.164
150900	32.238	11.250000000000002
151200	24.278	10.474
151500	18.308	9.774000000000001
151800	16.716	9.438
152100	13.930000000000001	9.1
152400	13.134	9.276
152700	12.338	9.599999999999998
153000	12.736	9.762
153300	13.532	9.824000000000002
153600	13.133999999999997	9.88
153900	12.338	9.927999999999999
154200	5.970000000000001	9.952
154500	13.133999999999997	9.904
154800	11.940000000000001	9.916
155100	11.276666666666666	9.878333333333336
155400	11.741	9.821
155700	10.17111111111111	9.751111111111111
156000	10.348	9.69
156300	7.562	9.661999999999999
156600	8.358	9.62
156900	11.541999999999998	9.608
157200	4.776	9.15
157500	6.766	8.686
157800	7.959999999999999	8.314
158100	11.144	8.084
158400	13.929999999999998	7.912000000000001
158700	11.144	7.75
159000	3.582	8.288
159300	10.745999999999999	8.724
159600	12.338	9.062
159900	13.532	9.314000000000002
160200	12.338	9.427999999999999
160500	14.725999999999999	9.44
160800	10.347999999999999	9.416
161100	6.766	9.38
161400	9.154	9.366000000000001
161700	6.766	9.31
162000	14.328	9.31
162300	6.766	9.274000000000001
162600	8.755999999999998	9.225999999999999
162900	14.725999999999999	9.19
163200	9.552000000000001	9.148
163500	11.144	9.12
163800	10.745999999999999	9.072000000000001
164100	10.745999999999999	8.95
164400	10.347999999999999	8.373999999999999
164700	9.95	7.85
165000	8.756	7.4879999999999995
165300	9.154	7.198
165600	6.766	7.037999999999999
165900	9.552	6.825999999999999
166200	11.542	7.098000000000001
166500	10.745999999999999	7.25
166800	11.541999999999998	7.273999999999999
167100	13.929999999999998	7.2379999999999995
167400	10.745999999999999	7.214
167700	11.144	7.148000000000001
168000	6.766	7.095999999999999
168300	8.756	7.0120000000000005
168600	9.154	6.94
168900	12.338	6.94
169200	10.745999999999999	6.88
169500	10.745999999999999	6.94
169800	12.338	6.928
170100	8.357999999999999	6.9159999999999995
170400	9.95	6.94
170700	9.552	6.976000000000001
171000	11.542	6.88
171300	11.542	6.7
171600	10.347999999999999	6.176
171900	10.746	5.762
172200	11.541999999999998	5.3759999999999994
172500	7.164	5.200000000000001
172800	9.95	5.072
173100	11.144	5.15
173400	10.348	5.612
173700	11.940000000000001	5.902
174000	9.154	6.086
174300	11.94	6.351999999999999
174600	10.348	6.586
174900	7.562	6.814
175200	13.929999999999998	7.023999999999999
175500	8.358	7.276000000000001
175800	15.124	7.476000000000001
176100	12.603333333333332	7.675
176400	10.944999999999999	7.9
176700	11.718888888888888	8.006666666666668
177000	7.562	8.12
177300	8.756	8.19
177600	9.552	8.161999999999999
177900	7.562	7.824000000000001
178200	10.348	7.188
178500	7.561999999999999	6.675999999999999
178800	5.970000000000001	6.4159999999999995
179100	7.959999999999999	6.148
179400	8.756	5.788
179700	9.95	5.814
180000	10.347999999999999	6.074
180300	9.552000000000001	6.214
180600	13.134	6.351999999999999
180900	11.144	6.452000000000001
181200	9.95	6.5120000000000005
181500	10.347999999999999	6.56
183600	15.919999999999998	7.12
183900	11.542	7.174000000000001
184200	9.95	6.85
184500	10.746	6.388
184800	9.552	6.098
185100	11.541999999999998	5.837999999999999
185400	10.745999999999999	5.598
185700	12.736	5.404
186000	11.94	5.526
186300	9.95	5.826
186600	9.154	6.012
186900	12.735999999999999	6.198
187200	13.134	6.313999999999999
187500	14.328	6.44
187800	15.919999999999998	6.452000000000001
188100	8.358	6.404000000000001
188400	11.542	6.337999999999999
188700	9.95	6.286
189000	10.348	6.25
189300	9.552	6.238
189600	4.377999999999999	6.262
189900	14.328	6.262
190200	11.541999999999998	6.262
190500	9.154	6.286
190800	6.367999999999999	6.324
191100	14.328	6.31
191400	11.144	6.1979999999999995
191700	5.97	5.736
192000	12.736	5.34
192300	10.745999999999999	5.06
192600	8.756	4.914
192900	7.562	4.786
193200	12.735999999999999	4.75
193500	12.338	4.890000000000001
193800	12.735999999999999	5.036
194100	9.95	5.188000000000001
194400	7.561999999999999	5.286
194700	5.174	5.262
195000	8.755999999999998	5.202000000000001
195300	13.929999999999998	5.238
195600	9.95	5.098
195900	8.755999999999998	5.012
196200	17.910000000000004	4.866
196500	15.522	4.851999999999999
196800	15.4225	4.78125
197100	19.9	4.857000000000001
197400	23.88	4.973749999999999
197700	26.666000000000004	5.16
198000	34.62599999999999	5.286
198300	36.218	5.0
198600	35.82	4.764
198900	40.19799999999999	4.572
199200	37.013999999999996	4.428
199500	40.198	4.298
199800	31.839999999999996	4.326
200100	32.238	4.648
200400	33.83	4.964
200700	40.19799999999999	5.236
201000	48.954	5.538
201300	46.964000000000006	5.8759999999999994
201600	49.75	6.174
201900	57.709999999999994	6.473999999999999
202200	67.66	6.8
202500	73.232	7.162000000000001
202800	81.988	7.575999999999999
203100	89.152	7.95
203400	82.386	8.288
203700	68.05799999999999	8.475999999999999
204000	78.00800000000001	8.56
204300	96.714	8.75
204600	116.21600000000001	9.212
204900	117.01199999999999	9.724
205200	114.226	9.964
205500	116.61399999999999	9.774
205800	132.13600000000002	9.702
206100	138.902	9.751999999999999
206400	149.648	10.011999999999999
206700	159.598	10.388
207000	153.628	10.9
207300	130.14600000000002	11.524
207600	194.228	11.988
207900	210.548	12.5
208200	208.558	13.362
208500	235.22799999999998	14.562000000000001
208800	269.058	15.675999999999998
209100	240.402	16.588
209400	229.656	17.226
209700	215.72200000000004	17.776
210000	180.296	18.223999999999997
210300	121.39000000000001	18.162
210600	124.176	17.45
210900	146.862	17.098000000000003
211200	152.036	16.951999999999998
211500	152.83200000000002	16.95
211800	145.66799999999998	16.762
212100	141.28999999999996	16.774
212400	137.31	16.124000000000002
212700	165.17000000000002	15.412
213000	172.732	15.038
213300	202.986	14.904000000000002
213600	228.462	15.224
213900	236.02399999999997	15.786000000000001
214200	229.25799999999998	17.112000000000002
214500	205.76999999999998	18.189999999999998
214800	196.21599999999998	18.874000000000002
215100	197.01	19.363999999999997
215400	196.214	19.674
215700	194.22600000000003	19.964
216000	204.57800000000003	20.060000000000002
216300	171.14	20.238
216600	189.848	20.136000000000003
216900	289.356	20.45
217200	364.57800000000003	21.5
217500	359.802	22.875999999999998
217800	291.0475	24.693749999999998
218100	284.58000000000004	24.95
218400	290.21833333333336	25.155
218700	336.32000000000005	25.176
219000	372.538	24.076
219300	476.814	24.064
219600	553.6279999999999	25.136
219900	514.624	26.276
220200	528.952	26.701999999999998
220500	528.554	28.814
220800	539.7	30.762
221100	549.25	32.04
221400	461.68999999999994	32.462
221700	546.862	33.15
222000	581.89	33.878
222300	516.6139999999999	34.5
222600	526.5640000000001	34.45
222900	424.678	34.712
223200	285.37600000000003	33.674
223500	337.11600000000004	32.36
223800	552.4399999999999	31.6
224100	423.48199999999997	32.19
224400	180.692	31.662
224700	232.04000000000002	30.35
225000	472.0379999999999	29.476
225300	511.838	30.375999999999998
225600	518.2059999999999	31.776
225900	476.416	33.15
226200	489.55	33.95
226500	487.56000000000006	32.75
226800	466.86400000000003	31.012
227100	451.73999999999995	30.1
227400	442.188	29.562
227700	288.158	28.740000000000002
228000	202.188	28.6
228300	314.428	28.113999999999997
228600	427.86	28.3
228900	396.418	29.136000000000003
229200	248.756	28.916000000000004
229500	180.69600000000003	28.548000000000002
229800	226.468	27.386000000000003
230100	103.082	26.548000000000002
230400	118.20599999999999	25.452
230700	124.574	24.576
231000	126.16600000000001	23.836000000000002
231300	98.306	23.163999999999998
231600	86.76400000000001	22.574
231900	56.914	21.65
232200	39.8	20.65
232500	48.556	19.762
232800	47.76	19.112000000000002
233100	45.372	18.752
233400	45.372	18.572
233700	44.974000000000004	18.451999999999998
234000	43.382	18.152
234300	43.779999999999994	17.15
234600	49.75000000000001	16.214
234900	49.74999999999999	15.464000000000002
235200	52.138	14.962
235500	64.078	14.926000000000002
235800	53.331999999999994	15.376
236100	50.943999999999996	15.5
236400	71.64	15.636
236700	87.56	16.05
237000	58.108000000000004	16.413999999999998
237300	43.78	16.352
237600	41.79	16.098000000000003
237900	23.084	15.764
238200	23.482	15.288
238500	21.889999999999997	14.776
238800	11.94	14.070000000000002
239100	10.546999999999999	13.681999999999999
239400	11.37142857142857	13.311428571428573
239700	8.358	12.928
240000	10.745999999999999	12.866
240300	10.347999999999999	12.940000000000001
240600	11.940000000000001	13.0
240900	11.542	13.012
241200	9.95	12.975999999999999
241500	7.562	12.892000000000001
241800	10.347999999999999	12.736
242100	7.960000000000001	12.136
242400	11.144	11.424
242700	7.561999999999999	10.8
243000	9.154	10.352
243300	7.561999999999999	9.988
243600	10.746	9.762
243900	12.735999999999999	9.608
244200	11.144	9.524000000000001
244500	11.940000000000001	9.536000000000001
244800	9.95	9.524000000000001
245100	8.358	9.512
245400	11.144	9.584
245700	11.94	9.56
246000	7.562	9.536000000000001
246300	12.736	9.584
246600	8.358	9.388000000000002
246900	7.561999999999999	9.024
247200	11.541999999999998	8.736
247500	12.736	8.440000000000001
247800	10.746	8.224
248100	8.756	8.072000000000001
248400	12.338	8.084
248700	8.756	8.226
249000	6.766	8.414
249300	8.756	8.712
249600	8.756	9.164
249900	9.95	9.636
250200	12.735999999999999	10.036
250500	14.725999999999999	10.262
250800	6.766	10.324000000000002
251100	10.745999999999999	10.225999999999999
251400	9.154	10.084
251700	7.959999999999999	10.024000000000001
252000	9.552	10.0
252300	12.337999999999997	9.928
252600	9.95	9.697999999999999
252900	8.756	9.5
253200	7.164	9.312000000000001
253500	8.756	9.112
253800	6.766	9.012
254100	13.134	8.928
254400	5.572	8.75
254700	9.552000000000001	8.622
255000	7.959999999999999	8.5
255300	12.338	8.088
255600	15.124	7.712000000000001
255900	11.144	7.4879999999999995
256200	9.552	7.236
256500	6.766	6.976000000000001
256800	9.154	7.0
257100	13.532	7.06
257400	9.552	7.108
257700	7.959999999999999	7.122
258000	10.746	7.214
258300	10.746	7.287999999999999
258600	7.960000000000001	7.392
258900	11.144	7.428
259200	11.144	7.4879999999999995
259500	11.144	7.5120000000000005
259800	7.959999999999998	7.438888888888889
260100	13.133999999999997	7.375
260400	9.95	7.2957142857142845
260700	11.541999999999998	7.096000000000001
261000	5.572	7.06
261300	11.541999999999998	7.036
261600	9.552000000000001	6.964
261900	11.542	6.9159999999999995
262200	10.348	6.837999999999999
262500	7.959999999999999	6.81
262800	9.154	6.773999999999999
263100	12.338	6.686
263400	13.134	6.3759999999999994
263700	13.133999999999997	6.1240000000000006
264000	6.368	5.863999999999999
264300	11.542	5.660000000000001
264600	14.328	5.464
264900	11.542	5.366
265200	12.338	5.428000000000001
265500	8.358	5.428000000000001
265800	6.766	5.44
266100	14.725999999999999	5.476000000000001
266400	9.95	5.488
266700	4.776	5.5
267000	14.328	5.512
267300	8.358	5.572
267600	7.164	5.6080000000000005
267900	11.940000000000001	5.7
268200	11.94	5.75
270000	10.945	6.279999999999999
270300	11.144	6.38
270600	11.541999999999998	6.262
270900	6.368	6.048
271200	9.95	5.814
271500	10.745999999999999	5.524
271800	9.154	5.351999999999999
272100	7.959999999999999	5.25
272400	13.133999999999997	5.299999999999999
272700	8.756	5.512
273000	7.959999999999999	5.712
273300	8.756	5.9879999999999995
273600	11.940000000000001	6.224
273900	8.358	6.401999999999999
274200	13.133999999999997	6.561999999999999
274500	11.940000000000001	6.714
274800	9.552000000000001	6.851999999999999
275100	7.959999999999999	7.0120000000000005
275400	6.766	7.174000000000001
275700	7.561999999999999	7.390000000000001
276000	11.940000000000001	7.586
276300	13.134	7.825999999999999
276600	11.144	8.024000000000001
276900	14.725999999999999	8.06
277200	9.95	8.012
277500	11.541999999999998	7.976000000000001
277800	12.338	7.890000000000001
278100	9.552	7.464
278400	7.562	6.962000000000001
278700	15.522	6.662000000000001
279000	15.919999999999998	6.476000000000001
279300	8.358	6.404000000000001
279600	15.522	6.475999999999999
279900	13.134	6.688
280200	13.133999999999997	6.890000000000001
280500	10.69625	7.09375
280800	7.517777777777777	7.2011111111111115
281100	17.113999999999997	7.2620000000000005
281400	4.378	7.364
281700	10.347999999999999	7.488000000000001
282000	10.347999999999999	7.548
282300	9.154	7.572
282600	9.154	7.674000000000001
282900	11.541999999999998	7.7620000000000005
283200	5.1739999999999995	7.797999999999999
283500	11.94	7.81
283800	12.338	7.81
284100	15.124	7.866
284400	23.084	7.904000000000001
284700	32.238	7.952000000000001
285000	37.809999999999995	8.0
285300	36.217999999999996	7.974000000000001
285600	51.739999999999995	7.5120000000000005
285900	57.312	7.212000000000001
286200	64.078	7.036
286500	76.814	7.023999999999999
286800	117.41	7.186
287100	133.32999999999998	8.072
287400	113.032	9.236
287700	53.73	9.864
288000	29.451999999999998	9.988
288300	31.839999999999996	9.914
288600	33.432	9.661999999999999
288900	27.064	9.376000000000001
289200	28.656	9.187999999999999
289500	17.113999999999997	9.072
289800	21.094	8.864
290100	23.482	8.7
290400	25.870000000000005	8.572
290700	24.278	8.44
291000	33.034000000000006	8.452
291300	39.402	8.559999999999999
291600	46.168	8.738
291900	44.178000000000004	8.852
292200	42.188	8.952
292500	47.760000000000005	9.11
292800	56.516000000000005	9.19
293100	74.824	9.3
293400	70.446	9.224
293700	56.11800000000001	8.838
294000	31.441999999999997	8.412
294300	22.686	8.024000000000001
294600	25.472	7.636000000000001
294900	30.645999999999997	7.6
295200	36.218	7.95
295500	37.412	8.198
295800	29.85	8.404
296100	32.238	8.488
296400	55.720000000000006	8.648
296700	72.83399999999999	9.026
297000	93.132	9.524
297300	66.864	9.976
297600	55.720000000000006	10.048
297900	78.00800000000001	10.048
298200	121.78800000000001	10.388
298500	191.83800000000002	11.148
298800	242.79000000000002	12.25
299100	228.462	13.363999999999999
299400	231.248	14.138
299700	215.32600000000002	14.898
300000	171.14	15.288
300300	150.44400000000002	15.612
300600	148.454	15.762
300900	156.41400000000002	15.798000000000002
301200	236.31750000000002	15.4225
301500	272.44100000000003	15.531
301800	308.858	16.199
302100	296.8516666666667	18.31
302400	226.07399999999998	19.674
302700	206.17	19.812
303000	201.392	19.712
303300	209.35399999999998	19.428
303600	249.55599999999998	19.75
303900	281.396	20.324
304200	224.87800000000001	20.812
304500	195.81599999999997	20.339999999999996
304800	200.99200000000002	20.14
305100	177.10999999999999	19.740000000000002
305400	160.792	19.326
305700	173.92600000000002	19.0
306000	190.244	19.012
306300	188.25400000000002	19.302
306600	173.13	19.464
306900	156.414	19.488
307200	151.638	19.524
307500	174.722	19.61
307800	170.742	19.738
308100	173.926	19.916
308400	192.634	20.136
308700	216.12199999999999	20.201999999999998
309000	214.132	19.426
309300	195.81799999999998	18.848000000000003
309600	188.254	18.362000000000002
309900	233.63400000000001	17.964
310200	315.624	18.25
310500	303.68399999999997	18.898000000000003
310800	308.062	19.438
311100	286.17199999999997	20.887999999999998
311400	259.90399999999994	22.0
311700	279.0079999999999	22.662
312000	273.43600000000004	23.088
312300	254.33199999999997	23.512
312600	237.21800000000002	23.887999999999998
312900	209.35399999999998	23.964
313200	181.886	23.838
313500	164.772	23.488
313800	170.742	22.95
314100	204.57599999999996	22.634000000000004
314400	261.89400000000006	22.938
314700	245.974	23.55
315000	223.686	23.851999999999997
315300	290.948	23.824
315600	363.384	24.55
315900	264.282	25.438
316200	278.61	25.238
316500	306.46999999999997	24.714000000000002
316800	274.63	24.674
317100	211.346	23.94
317400	165.966	22.04
317700	140.096	20.598
318000	139.3	19.5
318300	138.106	18.5
318600	122.982	17.714
318900	152.832	17.160000000000004
319200	161.986	17.535999999999998
319500	149.25	18.276
319800	171.14000000000001	18.624000000000002
320100	178.702	19.014
320400	182.68200000000002	19.426
320700	173.13	19.75
321000	140.09599999999998	19.976
321300	119.4	19.686
321600	122.982	19.387999999999998
321900	113.42999999999999	19.124000000000002
322200	94.66714285714285	18.454285714285714
322500	72.038	17.887999999999998
322800	63.964285714285715	17.294285714285714
323100	59.302	16.538
323400	49.352	16.236
323700	39.004	15.937999999999999
324000	36.616	15.612
324300	25.472	15.262
324600	20.298	14.886000000000001
324900	17.512	14.075999999999999
325200	13.133999999999997	13.25
325500	10.745999999999999	12.462
325800	12.338	11.824000000000002
326100	7.959999999999999	11.276
326400	9.95	10.8
326700	14.328	10.376000000000001
327000	11.541999999999998	10.112
327300	6.368	9.89
327600	9.552	9.762
327900	13.532	9.774000000000001
328200	10.745999999999999	9.902
328500	6.766	10.186
328800	9.154	10.488000000000001
329100	12.338000000000001	10.7
329400	10.347999999999999	10.940000000000001
329700	10.746	11.084
330000	10.348	11.161999999999999
330300	13.930000000000001	11.214
330600	13.532	11.201999999999998
330900	3.184	11.122
331200	9.552	11.06
331500	10.348	11.012
331800	9.154	11.024000000000001
332100	8.358	11.084
332400	13.929999999999998	11.2
332700	13.532	11.25
333000	6.766	11.186
333300	8.358	10.7
333600	7.562	10.286
333900	8.755999999999998	9.964
334200	8.755999999999998	9.764
334500	9.95	9.69
334800	12.338	9.938
335100	8.357999999999999	10.34
335400	10.347999999999999	10.597999999999999
335700	9.154	10.725999999999999
336000	15.521999999999997	10.838000000000001
336300	11.541999999999998	10.952
336600	13.134	11.084
336900	10.347999999999999	11.19
337200	5.97	11.3
337500	9.95	11.404
337800	8.358	11.416
338100	10.745999999999999	11.475999999999999
338400	10.746	11.475999999999999
338700	11.144000000000002	11.452
339000	11.542	11.44
339300	11.541999999999998	11.5
339600	10.348	11.536000000000001
339900	15.522	11.56
340200	10.745999999999999	11.5
340500	10.745999999999999	11.416
340800	12.736	11.38
341100	8.756	11.38
341400	11.940000000000001	11.38
341700	9.95	11.276
342000	9.552000000000001	10.687999999999999
342300	7.959999999999999	10.187999999999999
342600	11.144	9.814
342900	7.960000000000001	9.5
343200	8.955	9.314
343500	7.760999999999998	9.280000000000001
343800	8.244285714285713	9.351428571428572
344100	14.725999999999999	9.392000000000001
344400	8.756	9.298
344700	6.766	9.213999999999999
345000	12.735999999999999	9.12
345300	10.348	9.084
345600	8.358	9.06
345900	7.164	9.11
346200	9.154	9.262
346500	13.532	9.452
346800	9.95	9.596
347100	12.736	9.702
347400	11.940000000000001	9.8
347700	7.561999999999999	9.927999999999999
348000	10.347999999999999	9.952
348300	6.766	10.024000000000001
348600	9.154	10.084
348900	8.755999999999998	10.072000000000001
349200	11.541999999999998	9.988
349500	8.756	9.751999999999999
349800	11.940000000000001	9.126000000000001
350100	8.358	8.548
350400	13.532	8.1
350700	5.572	7.612
351000	14.725999999999999	7.212000000000001
351300	3.9799999999999995	7.2379999999999995
351600	7.561999999999999	7.0840000000000005
351900	15.124	7.136
352200	11.541999999999998	7.273999999999999
352500	11.144	7.285999999999999
352800	4.378	7.174000000000001
353100	6.368	7.0840000000000005
353400	3.9799999999999995	6.952
353700	8.756	6.8
354000	13.532	6.81
354300	8.358	6.904000000000001
354600	13.93	6.960000000000001
356400	5.97	8.44
356700	8.358	8.44
357000	12.736	8.5
357300	5.969999999999999	8.56
357600	9.95	8.486
357900	7.164	7.911999999999999
358200	13.134	7.597999999999999
358500	7.164	7.276000000000001
358800	12.338	6.9879999999999995
359100	11.940000000000001	6.761999999999999
359400	8.358	6.787999999999999
359700	11.542	7.174000000000001
360000	13.134	7.55
360300	9.552000000000001	7.8759999999999994
360600	15.919999999999998	8.136
360900	9.154	8.326000000000002
361200	9.95	8.488
361500	16.318	8.584
361800	9.552	8.62
362100	9.154	8.661999999999999
362400	9.154	8.738
362700	11.940000000000001	8.798000000000002
363000	8.358	8.824000000000002
363300	9.95	8.852
363600	11.541999999999998	8.88
363900	8.402222222222223	8.926666666666668
364200	10.281666666666666	8.99
364500	5.572	9.072
364800	11.144	9.121999999999998
365100	7.164	9.214
365400	12.736	9.286000000000001
365700	9.95	9.286000000000001
366000	9.154	9.274
366300	14.725999999999999	8.876000000000001
366600	9.154	8.562
366900	6.368	8.314
367200	13.532	8.011999999999999
367500	13.532	7.864
367800	11.541999999999998	7.75
368100	12.735999999999999	7.764
368400	14.725999999999999	8.024
368700	9.154	8.236
369000	11.939999999999998	8.378
369300	16.318	8.559999999999999
369600	19.9	8.687999999999999
369900	18.706	8.826000000000002
370200	20.298	8.976
370500	26.666000000000004	9.15
370800	25.869999999999997	9.326
371100	30.646000000000004	9.559999999999999
371400	30.645999999999997	9.812000000000001
371700	27.859999999999996	10.059999999999999
372000	29.053999999999995	10.238
372300	30.248	10.402
372600	35.81999999999999	10.464
372900	31.839999999999996	10.475999999999999
373200	29.054000000000002	10.44
373500	25.073999999999998	10.39
373800	27.462	9.937999999999999
374100	26.665999999999997	9.364
374400	31.839999999999996	8.926
374700	30.645999999999997	8.623999999999999
375000	35.82000000000001	8.376000000000001
375300	36.218	8.314
375600	33.432	8.623999999999999
375900	34.626	8.938
376200	30.248	9.121999999999998
376500	22.288	9.238
376800	26.268	9.324000000000002
377100	34.227999999999994	9.38
377400	46.565999999999995	9.452
377700	41.790000000000006	9.623999999999999
378000	79.202	9.888000000000002
378300	141.29199999999997	10.626000000000001
378600	83.58	11.364
378900	85.968	11.788
379200	81.59	12.136
379500	58.108000000000004	12.25
379800	52.93399999999999	12.187999999999999
380100	47.760000000000005	12.012
380400	50.944	11.812000000000001
380700	122.58400000000002	11.888000000000002
381000	148.05599999999998	12.35
381300	238.41	13.040000000000001
381600	279.802	14.052000000000001
381900	265.078	14.9
382200	282.59000000000003	15.838
382500	219.702	15.824000000000002
382800	290.152	15.412
383100	258.312	15.274000000000001
383400	196.61399999999998	15.352
383700	220.1	15.086000000000002
384000	234.43200000000002	15.262
384300	198.20800000000003	15.797999999999998
384600	168.65375	16.491249999999997
384900	191.841	16.526999999999997
385200	192.239	16.605
385500	147.59333333333333	16.406666666666666
385800	179.1	16.048
386100	151.638	16.15
386400	113.42999999999999	15.888
386700	112.63400000000001	15.474
387000	98.704	15.014
387300	114.226	14.612
387600	151.24	14.622
387900	154.424	14.924000000000001
388200	143.67800000000003	15.288
388500	135.71800000000002	15.404
388800	128.952	15.392000000000001
389100	147.26000000000002	15.364
389400	202.18800000000002	15.374
389700	206.17199999999997	15.462
390000	186.266	15.162
390300	187.458	14.928
390600	227.664	15.574000000000002
390900	223.68599999999998	15.49
391200	208.956	15.212
391500	224.878	15.122
391800	186.66199999999998	15.107999999999999
392100	177.508	14.838
392400	150.44400000000002	14.974
392700	150.84199999999998	15.288
393000	105.072	15.302000000000001
393300	111.83800000000001	14.937999999999999
393600	119.002	14.624
393900	130.14600000000002	14.524000000000001
394200	149.648	14.685999999999998
394500	179.498	14.940000000000001
394800	114.226	15.185999999999998
395100	99.898	15.047999999999998
395400	98.704	14.89
395700	112.63400000000001	14.762
396000	146.06599999999997	14.751999999999999
396300	169.548	15.012
396600	118.20599999999999	15.325999999999999
396900	87.162	15.185999999999998
397200	82.78399999999999	14.9
397500	119.4	14.675999999999998
397800	150.44400000000002	14.888
398100	154.424	15.16
398400	136.116	15.488
398700	133.728	15.597999999999999
399000	185.472	15.685999999999998
399300	231.64600000000002	16.048000000000002
399600	134.524	15.876000000000001
399900	97.50999999999999	15.048000000000002
400200	119.798	14.224
400500	78.40599999999999	13.626
400800	76.814	13.062000000000001
401100	79.6	12.623999999999999
401400	71.242	12.45
401700	93.92800000000001	12.738000000000001
402000	71.24199999999999	12.975999999999999
402300	50.148	13.024000000000001
402600	43.78	12.878
402900	48.158	12.701999999999998
403200	41.392	12.648
403500	42.188	12.536
403800	37.013999999999996	12.463999999999999
404100	61.69	12.44
404400	70.048	12.586
404700	61.69000000000001	12.725999999999999
405000	92.734	12.826000000000002
405300	88.35600000000001	13.012
405600	66.91375000000001	13.082500000000001
405900	68.655	13.024000000000001
406200	74.95666666666666	12.791666666666666
406500	81.59	12.038
406800	87.958	11.526
407100	86.36600000000001	11.161999999999999
407400	78.008	10.864
407700	61.29200000000001	10.636
408000	60.894000000000005	10.736
408300	48.954	10.928
408600	43.382	11.048000000000002
408900	34.227999999999994	11.084
409200	27.462	11.06
409500	23.880000000000003	10.988
409800	23.880000000000003	10.916
410100	25.073999999999998	10.81
410400	25.472	10.738
410700	24.278	10.572
411000	21.492	10.402000000000001
411300	19.502	10.088
411600	13.929999999999998	9.776
411900	11.542	9.610000000000001
412200	15.920000000000002	9.56
412500	10.348	9.62
412800	15.124	9.608
413100	11.541999999999998	9.596
413400	7.959999999999999	9.572
413700	8.756	9.524000000000001
414000	6.367999999999999	9.488
414300	9.95	9.416
414600	15.124	9.38
414900	8.358	9.288
415200	15.522	8.848
415500	10.347999999999999	8.412
415800	8.357999999999999	8.0
416100	4.377999999999999	7.75
416400	10.348	7.548
416700	13.532	7.726000000000001
417000	10.746	7.888
417300	9.95	8.121999999999998
417600	11.143999999999998	8.25
417900	11.940000000000001	8.402
418200	13.930000000000001	8.597999999999999
418500	7.163999999999999	8.75
418800	9.95	8.836
419100	10.745999999999999	8.952
419400	8.756	9.012
419700	7.164	9.048000000000002
420000	10.746	9.133999999999999
420300	13.134	9.25
420600	10.746	9.274000000000001
420900	9.95	9.2
421200	17.113999999999997	9.036
421500	10.745999999999999	8.852
421800	9.552	8.713999999999999
422100	11.940000000000001	8.702
422400	6.766	8.701999999999998
422700	7.959999999999999	8.774000000000001
423000	11.144	8.436
423300	8.358	7.95
423600	13.134	7.612
423900	10.347999999999999	7.364
424200	11.940000000000001	7.023999999999999
424500	9.552000000000001	7.0120000000000005
424800	13.134	7.2
425100	9.95	7.311999999999999
425400	8.756	7.452000000000001
425700	8.756	7.572
426000	13.929999999999998	7.676
426300	9.95	7.69
426600	10.392222222222223	7.72111111111111
426900	11.343	7.814
427200	10.234285714285715	7.962857142857144
427500	11.940000000000001	8.107999999999999
427800	9.552	8.238
428100	14.725999999999999	8.452
428400	9.154	8.56
428700	10.745999999999999	8.584
429000	8.358	8.62
429300	15.522	8.738
429600	9.95	8.798
429900	9.154	8.786000000000001
430200	15.522	8.598
430500	12.735999999999999	8.0
430800	9.154	7.462000000000001
431100	8.755999999999998	7.086
431400	9.95	6.904000000000001
431700	10.348	6.726000000000001
432000	12.736	6.8759999999999994
432300	11.542	7.109999999999999
432600	9.95	7.402000000000001
432900	7.561999999999999	7.536
433200	8.358	7.662000000000001
433500	11.144	7.839999999999999
433800	6.368	7.94
434100	11.542	8.059999999999999
434400	3.582	8.19
434700	11.94	8.202
435000	8.756	8.238
435300	10.347999999999999	8.161999999999999
435600	8.755999999999998	8.06
435900	11.541999999999998	7.890000000000001
436200	7.561999999999999	7.75
436500	13.532	7.634
436800	12.735999999999999	7.5840000000000005
437100	14.726000000000003	7.5120000000000005
437400	9.95	7.5
437700	9.552	7.452000000000001
438000	5.97	7.5
438300	7.562	7.062
438600	6.368	6.526000000000001
438900	13.134	6.226000000000001
439200	13.134	6.0
439500	11.541999999999998	5.8020000000000005
439800	5.970000000000001	5.688000000000001
440100	14.725999999999999	5.938
440400	5.1739999999999995	6.2
440700	11.94	6.45
441000	7.562	6.648000000000001
441300	7.96	6.69
442800	11.94	7.12
443100	12.338000000000001	7.06
443400	9.95	7.06
443700	8.358	7.12
444000	12.735999999999999	7.134
444300	9.95	7.188
444600	6.367999999999999	7.15
444900	11.940000000000001	6.825999999999999
445200	4.776	6.5120000000000005
445500	11.94	6.3
445800	7.163999999999999	6.074
446100	10.746	5.837999999999999
446400	11.542	5.838
446700	6.766	6.138
447000	8.358	6.325999999999999
447300	8.4575	6.4775
447600	7.562	6.598000000000001
447900	9.154	6.7620000000000005
448200	13.929999999999998	6.851999999999999
448500	9.95	6.9159999999999995
448800	10.347999999999999	6.94
449100	8.756	6.94
449400	9.154	6.928
449700	9.552	6.94
450000	8.755999999999998	6.94
450300	8.358	7.0
450600	9.154	7.0
450900	9.552	7.06
451200	5.97	7.047999999999999
451500	10.348	7.06
451800	12.338	7.06
452100	9.552	7.072
452400	13.134	6.986
452700	9.154	6.5120000000000005
453000	12.338	6.1000000000000005
453300	11.541999999999998	5.788
453600	11.541999999999998	5.536
453900	14.725999999999999	5.3919999999999995
454200	8.756	5.586
454500	9.95	5.837999999999999
454800	9.95	6.062
455100	13.532	6.262
455400	17.512	6.428
455700	21.492	6.5840000000000005
456000	19.9	6.714
456300	24.278	6.851999999999999
456600	28.258	7.023999999999999
456900	34.626	7.198
457200	29.054000000000002	7.414
457500	30.646000000000004	7.609999999999999
457800	43.78	7.776000000000001
458100	39.402	7.976000000000001
458400	31.044	8.086
458700	43.779999999999994	8.202
459000	49.352000000000004	8.364
459300	48.954	8.548000000000002
459600	38.605999999999995	8.62
459900	37.412	8.69
460200	44.576	8.6
460500	46.964000000000006	8.2
460800	42.984	7.837999999999999
461100	48.954	7.56
461400	46.565999999999995	7.464
461700	36.616	7.337999999999999
462000	41.391999999999996	7.4879999999999995
462300	52.934000000000005	7.814
462600	48.954	8.062
462900	59.302	8.364
463200	55.71999999999999	8.611999999999998
463500	53.730000000000004	8.812000000000001
463800	62.88399999999999	8.940000000000001
464100	60.496	9.06
464400	65.272	9.238
464700	62.486000000000004	9.404
465000	58.50599999999999	9.536000000000001
465300	71.64000000000001	9.607999999999999
465600	82.38600000000001	9.764
465900	84.376	10.024
466200	79.202	10.274000000000001
466500	76.41600000000001	10.438
466800	72.834	10.61
467100	79.6	10.738
467400	76.814	10.75
467700	95.122	10.864
468000	90.87666666666667	10.646666666666667
468300	83.97800000000001	9.761999999999999
468600	79.40099999999998	9.379999999999999
468900	93.53	8.952
469200	93.132	9.4
469500	98.704	9.936
469800	87.55999999999999	10.288
470100	98.306	10.547999999999998
470400	97.90800000000002	10.738
470700	86.36600000000001	10.774000000000001
471000	85.968	10.75
471300	92.73400000000001	10.75
471600	108.654	10.938
471900	115.41999999999999	11.236
472200	131.34	11.5
472500	134.126	11.911999999999999
472800	154.42399999999998	12.376000000000001
473100	117.80799999999999	12.937999999999999
473400	129.748	13.338
473700	150.046	13.724
474000	170.74200000000002	14.276000000000002
474300	183.47799999999998	14.947999999999999
474600	166.36399999999998	15.425999999999998
474900	149.648	15.852
475200	117.80799999999999	15.512
475500	113.828	14.486
475800	120.99199999999999	13.65
476100	111.44000000000001	13.1
476400	125.37	12.751999999999999
476700	130.14600000000002	12.524000000000001
477000	110.644	13.012
477300	88.356	13.326000000000002
477600	97.112	13.38
477900	144.872	13.623999999999999
478200	186.26399999999998	14.348000000000003
478500	179.1	15.297999999999998
478800	184.274	16.052
479100	187.06	16.712
479400	187.856	17.35
479700	171.93599999999998	17.726
480000	152.036	17.788
480300	163.578	17.913999999999998
480600	154.424	17.988
480900	175.12000000000003	17.990000000000002
481200	168.752	18.174
481500	150.842	17.938
481800	123.77799999999999	17.762
482100	115.42	17.662
482400	103.47999999999999	17.5
482700	113.42999999999999	17.172000000000004
483000	111.042	16.762
483300	100.29599999999999	15.636
483600	96.714	14.86
483900	84.774	14.262
484200	83.97800000000001	13.662
484500	99.102	13.388
484800	87.162	13.697999999999999
485100	76.018	13.864
485400	86.764	14.047999999999998
485700	89.152	14.224
486000	95.91799999999999	14.416
486300	88.35600000000001	14.524000000000001
486600	89.94800000000001	14.584
486900	88.754	14.536000000000001
487200	103.878	14.560000000000002
487500	111.44000000000001	14.814000000000002
487800	97.908	15.084
488100	100.694	15.096
488400	95.52000000000001	15.238
488700	103.082	15.288
489000	118.73666666666665	15.513333333333334
489300	115.022	15.431000000000001
489600	95.76875	15.00875
489900	75.22200000000001	13.836000000000002
490200	60.89399999999999	13.286000000000001
490500	65.272	13.314000000000002
490800	81.59	13.440000000000001
491100	73.232	13.572
491400	74.02799999999999	13.788
491700	60.894000000000005	14.012
492000	68.058	14.174000000000001
492300	50.944	14.262
492600	37.013999999999996	14.262
492900	35.422	13.964000000000002
493200	29.85	13.709999999999999
493500	32.238	13.560000000000002
493800	27.064	13.451999999999998
494100	23.083999999999996	13.276
494400	21.094	13.148
494700	26.268	13.024000000000001
495000	20.695999999999998	12.904
495300	19.9	12.774000000000001
495600	19.104000000000003	12.701999999999998
495900	17.512	12.633999999999999
496200	19.104	12.584
496500	18.706	12.512
496800	15.920000000000002	12.44
497100	16.318	12.352
497400	9.95	12.038
497700	10.347999999999999	11.55
498000	13.133999999999997	11.136
498300	6.766	10.8
498600	10.746	10.621999999999998
498900	11.144	10.462
499200	12.338000000000001	10.262
499500	10.746	10.264
499800	7.164	10.536000000000001
500100	5.571999999999999	10.633999999999999
500400	13.134	10.786000000000001
500700	7.164	10.892
501000	9.552	10.952
501300	11.144	11.024000000000001
501600	8.756	11.084
501900	11.144	11.12
502200	13.532	11.19
502500	12.735999999999999	11.225999999999999
502800	11.144	11.25
503100	9.95	11.31
503400	11.542000000000002	11.392
503700	8.756	11.44
504000	11.144	11.475999999999999
504300	7.561999999999999	11.512
504600	8.358	11.548000000000002
504900	11.94	11.386
505200	9.552000000000001	10.75
505500	15.919999999999998	10.2
505800	9.95	9.761999999999999
506100	5.969999999999999	9.488
506400	8.755999999999998	9.416
506700	14.328	9.586
507000	9.154	9.8
507300	4.775999999999999	9.964
507600	10.347999999999999	10.096
507900	11.144	10.161999999999999
508200	11.94	10.25
508500	11.144	10.298000000000002
508800	7.959999999999999	10.324000000000002
509100	15.124	10.38
509400	7.164	10.404
509700	9.618333333333332	10.459999999999999
510000	12.139	10.469999999999999
510300	12.38222222222222	10.466666666666665
510600	10.347999999999999	10.366000000000001
510900	11.940000000000001	10.31
511200	11.144	10.31
511500	11.144	10.31
511800	7.561999999999999	10.338000000000001
512100	7.959999999999999	10.286
512400	7.959999999999999	9.774
512700	12.338	9.138
513000	9.154	8.736
513300	10.745999999999999	8.5
513600	5.1739999999999995	8.302
513900	13.532	8.364
514200	6.368	8.607999999999999
514500	11.144	8.788
514800	9.95	8.94
515100	6.367999999999999	9.06
515400	6.367999999999999	9.174
515700	7.561999999999999	9.298000000000002
516000	8.358	9.324000000000002
516300	11.542	9.366000000000001
516600	9.154	9.38
516900	9.95	9.416
517200	6.368	9.452
517500	11.94	9.512
517800	11.542000000000002	9.5
518100	5.97	9.488
518400	9.552	9.44
518700	11.94	9.44
519000	7.561999999999999	9.44
519300	17.113999999999997	9.488
519600	9.552	9.452
519900	11.541999999999998	9.488
520200	9.552000000000001	9.5
520500	6.368	9.512
520800	11.940000000000001	9.35
521100	10.347999999999999	8.926
521400	9.95	8.524
521700	11.94	8.123999999999999
522000	11.542	7.712000000000001
522300	7.959999999999999	7.388
522600	8.755999999999998	7.136
522900	14.328	7.0840000000000005
523200	9.552	7.06
523500	12.736	7.0
523800	11.940000000000001	7.023999999999999
524100	11.542	6.964
524400	5.572	6.976000000000001
524700	7.163999999999999	7.252000000000001
525000	7.959999999999999	7.586
525300	11.541999999999998	7.902000000000001
525600	14.328	8.096
525900	7.164	8.024
526200	4.776	7.814
526500	11.144	7.811999999999999
526800	9.552	7.786
527100	8.358	7.75
527400	7.561999999999999	7.8
527700	9.95	7.94
529200	9.95	6.88
529500	16.716	7.023999999999999
529800	8.358	7.212000000000001
530100	6.367999999999999	7.2620000000000005
530400	8.291666666666666	7.376666666666666
530700	9.95	7.44
531000	11.939999999999998	7.5120000000000005
531300	10.745999999999999	7.598000000000001
531600	10.347999999999999	7.726000000000001
531900	5.572	7.75
532200	11.542	7.797999999999999
532500	8.357999999999999	7.837999999999999
532800	9.551999999999998	7.952000000000001
533100	15.521999999999997	8.036000000000001
533400	10.348	7.926
533700	9.552000000000001	7.75
534000	9.552	7.574000000000001
534300	9.95	7.390000000000001
534600	8.358	7.273999999999999
534900	7.562	7.188000000000001
535200	15.124	7.2
535500	7.562	6.714
535800	9.154	6.404000000000001
536100	11.94	6.366
536400	10.746	6.38
536700	8.755999999999998	6.392
537000	9.552	6.674000000000001
537300	7.959999999999999	7.112
537600	9.154	7.476000000000001
537900	9.154	7.648000000000001
538200	11.144	7.45
538500	11.94	7.0
538800	10.348	6.802
539100	11.94	6.595999999999999
539400	9.552	6.452000000000001
539700	11.143999999999998	6.7
540000	9.154	7.0120000000000005
540300	8.358	7.2780000000000005
540600	11.541999999999998	7.476000000000001
540900	19.9	7.572
541200	18.706	7.7379999999999995
541500	23.084	7.866
541800	19.104	7.928
542100	17.113999999999997	8.0
542400	14.725999999999999	8.072
542700	16.317999999999998	8.084
543000	22.288	8.06
543300	21.094	8.06
543600	26.666000000000004	8.06
543900	28.258	8.096
544200	34.228	8.225999999999999
544500	35.422000000000004	8.324000000000002
544800	42.188	8.416
545100	44.576	8.524000000000001
545400	45.372	8.596
545700	48.158	8.686
546000	53.73	8.812000000000001
546300	57.312	8.952
546600	59.7	8.8
546900	61.69	8.464
547200	71.64	8.31
547500	71.242	8.392
547800	84.376	8.488
548100	87.958	8.650000000000002
548400	88.356	9.312000000000001
548700	95.52000000000001	9.85
549000	103.082	10.4
549300	117.01199999999999	10.936
549600	120.99199999999999	11.462
549900	123.77799999999999	11.926
550200	133.728	12.276
550500	152.036	12.738
550800	157.20999999999998	13.2
551100	169.946	13.673999999999998
551400	179.498	14.470999999999998
551700	189.84799999999998	14.844
552000	190.70833333333334	15.553333333333333
552300	196.216	16.15
552600	209.358	16.326
552900	220.10399999999998	16.224
553200	224.88000000000002	15.838
553500	226.47199999999998	15.572
553800	229.25799999999998	15.572
554100	228.462	15.548000000000002
554400	241.994	15.86
554700	247.964	16.826
555000	253.536	17.538
555300	257.516	18.25
555600	282.59000000000003	19.026
555900	289.356	19.538
556200	303.286	19.874000000000002
556500	303.684	20.44
556800	304.082	20.674
557100	294.13199999999995	21.113999999999997
557400	283.784	21.548000000000002
557700	288.162	21.95
558000	292.142	22.286
558300	300.5	22.413999999999998
558600	292.14199999999994	22.314
558900	273.038	22.288
559200	304.87800000000004	22.338
559500	283.784	22.524
559800	253.138	22.262
560100	277.416	22.134
560400	330.35	22.412
560700	320.002	22.748
561000	305.276	22.902
561300	292.938	22.788
561600	292.54	21.838
561900	295.32599999999996	20.936
562200	326.76800000000003	20.35
562500	348.658	20.424
562800	378.11	20.714
563100	412.3379999999999	22.366
563400	264.282	23.17833333333333
564000	328.36	22.97
564300	385.07500000000005	23.28
566400	602.98	29.47
567000	398.01	31.75
567900	616.92	30.25
568200	605.772	31.45
568500	270.24799999999993	31.688
568800	331.53999999999996	30.712
569100	378.506	29.171999999999997
569400	215.32	27.636000000000003
569700	339.50199999999995	24.964
570000	524.578	24.136000000000003
570300	304.87399999999997	24.624000000000002
570600	318.41	23.762
570900	475.622	23.434000000000005
571200	462.0879999999999	25.387999999999998
571500	234.42399999999998	25.839999999999996
571800	215.9216666666667	24.290000000000003
572100	208.10142857142858	23.464285714285715
572400	397.61199999999997	23.026000000000003
572700	283.386	23.814
573000	424.67600000000004	24.324
573300	570.344	25.524
573600	467.66	26.974
573900	323.58399999999995	27.174
574200	415.91999999999996	26.762
574500	309.256	26.75
574800	267.86199999999997	26.125999999999998
575100	282.19199999999995	25.248
575400	289.754	24.677999999999997
575700	159.2	23.988
576000	206.56799999999998	23.224
576300	137.708	22.2
576600	122.58399999999999	21.362000000000002
576900	107.06200000000001	20.676
577200	94.724	20.125999999999998
577500	102.286	19.524
577800	130.14600000000002	19.2
578100	128.156	18.462
578400	132.53399999999996	17.738
578700	139.3	17.076
579000	128.952	16.586000000000002
579300	126.16600000000001	16.362000000000002
579600	120.992	16.662
579900	106.66400000000002	16.913999999999998
580200	96.71400000000001	17.06
580500	81.59	17.072
580800	76.41600000000001	17.012
581100	77.212	16.878
581400	78.00800000000001	16.785999999999998
581700	62.486000000000004	16.726
582000	41.79	16.474
582300	41.79	16.112000000000002
582600	38.606	15.814000000000002
582900	30.248	15.562000000000001
583200	29.054000000000002	15.352
583500	25.869999999999997	15.148
583800	25.073999999999998	15.0
584100	13.134	14.75
584400	13.929999999999998	14.5
584700	11.144	14.313999999999998
585000	18.308	14.1
585300	10.347999999999999	13.878
585600	10.347999999999999	13.75
585900	12.338	13.675999999999998
586200	7.164	13.62
586500	9.552	13.62
586800	9.95	13.3
587100	16.318	12.7
587400	11.542	12.123999999999999
587700	12.338	11.752
588000	11.143999999999998	11.426
588300	7.959999999999999	11.288
588600	15.92	11.44
591600	11.542	11.161999999999999
591900	7.959999999999999	11.12
592200	15.123999999999999	11.084
592500	7.562	11.06
592800	8.755999999999998	11.06
593100	7.164	11.06
593400	9.154	11.12
593700	11.542	11.238
594000	9.95	11.376
594300	9.95	11.511999999999999
594600	11.541999999999998	11.7
594900	11.541999999999998	11.65
595200	10.347999999999999	11.162
595500	11.542	10.749999999999998
595800	12.736	10.388000000000002
596100	11.144	10.1
596400	13.930000000000001	10.024
596700	10.347999999999999	10.224
597000	6.766	10.414
597300	9.95	10.648
597600	12.736	10.812000000000001
597900	9.154	11.111999999999998
598200	9.154	11.288
598500	12.338	11.416
598800	10.348	11.488
599100	3.9799999999999995	11.488
599400	6.766	11.378000000000002
599700	10.746	11.2
600000	6.367999999999999	11.096
600300	9.95	11.024
600600	8.358	10.928
600900	7.561999999999999	10.824000000000002
601200	10.745999999999999	10.916
601500	5.572	11.121999999999998
601800	11.144	11.262
602100	8.756	11.31
602400	11.542	11.31
602700	13.929999999999998	11.366000000000001
603000	9.154	11.440000000000001
603300	11.144	11.572
603600	11.541999999999998	11.687999999999999
603900	6.367999999999999	11.4
604200	10.746	10.924000000000001
604500	9.552	10.412
604800	9.95	10.098
605100	15.123999999999999	9.914
605400	7.959999999999999	9.876000000000001
605700	9.552	10.186
606000	10.745999999999999	10.5
606300	9.95	10.702
606600	9.154	10.661999999999999
606900	11.541999999999998	10.584
607200	12.338000000000001	10.5
607500	11.94	10.338000000000001
607800	10.347999999999999	10.2
608100	9.552000000000001	10.084
608400	9.154	9.940000000000001
608700	9.154	9.84
609000	5.97	9.673999999999998
609300	8.756	9.687999999999999
609600	9.154	9.62
609900	5.97	9.62
610200	9.552	9.62
610500	14.725999999999999	9.596
610800	10.745999999999999	9.524000000000001
611100	9.95	9.488
611400	13.929999999999998	9.44
611700	9.552	9.352
612000	7.163999999999999	9.31
612300	11.71888888888889	8.77
612600	6.964999999999999	8.495000000000001
612900	8.955	8.081999999999999
613200	7.561999999999999	7.302
613500	16.915	7.279999999999999
615600	6.965	8.655
615900	10.745999999999999	8.826
616200	6.766	9.06
616500	9.154	9.107999999999999
616800	7.959999999999999	9.226
617100	8.357999999999999	9.4
617400	12.736	9.7
617700	10.347999999999999	9.938
618000	5.572	10.236
618300	7.561999999999999	10.416
618600	10.746	10.452
618900	11.542000000000002	10.3
619200	6.368	10.122
619500	7.959999999999999	10.012
619800	8.358	9.94
620100	8.755999999999998	9.904
620400	11.940000000000001	9.688
620700	6.766	9.162
621000	11.144	8.864
621300	9.95	8.55
621600	14.328	8.251999999999999
621900	11.144	8.148
622200	9.95	8.388
622500	11.940000000000001	8.649999999999999
622800	11.939999999999998	8.762
623100	11.94	8.904
623400	11.144	8.988
623700	15.522	9.096
624000	9.154	9.161999999999999
624300	11.94	9.225999999999999
624600	8.357999999999999	9.298000000000002
624900	11.542	9.352
625200	10.348	9.44
625500	11.541999999999998	9.475999999999999
625800	9.95	9.524000000000001
626100	13.929999999999998	9.56
626400	9.154	9.56
626700	8.756	9.56
627000	10.745999999999999	9.56
627300	11.143999999999998	9.56
627600	8.756	9.56
627900	6.766	9.56
628200	19.104	9.572
628500	15.124	9.62
628800	17.512	9.608
629100	18.308	9.498000000000001
629400	15.919999999999998	8.988000000000001
629700	13.532	8.562
630000	17.114	8.338000000000001
630300	13.532	8.173999999999998
630600	20.297999999999995	8.036000000000001
630900	11.144	8.4
631200	12.736	8.802000000000001
631500	15.124	9.074
631800	14.726000000000003	9.3
632100	23.084	9.452
632400	29.451999999999998	9.621999999999998
632700	35.82	9.774000000000001
633000	42.188	10.076999999999998
633300	39.8	10.205000000000002
633600	44.775	10.356666666666667
633900	44.974000000000004	10.44
634200	48.556	10.44
634500	48.954	10.488
634800	52.536	10.524000000000001
635100	56.516	10.649999999999999
635400	59.7	10.762
635700	61.29200000000001	10.902
636000	59.7	11.024000000000001
636300	72.03800000000001	11.084
636600	94.326	11.276
636900	101.09199999999998	11.452
637200	107.46000000000001	11.197999999999999
637500	91.938	10.976
637800	86.764	10.636
638100	114.226	10.488
638400	114.624	10.586
638700	103.08200000000002	11.088
639000	103.47999999999999	11.414
639300	92.336	11.596
639600	83.18199999999999	11.69
639900	119.798	11.738
640200	144.076	12.064
640500	147.658	12.626000000000001
640800	134.922	13.25
641100	134.922	13.673999999999998
641400	197.41200000000003	14.138
641700	160.792	14.7
642000	114.226	14.928
642300	118.20599999999999	14.672
642600	167.16	14.751999999999999
642900	186.26399999999998	15.15
643200	204.17800000000003	15.712
643500	191.03999999999996	16.112000000000002
643800	186.264	16.312
644100	191.042	16.416
644400	228.064	16.712
644700	262.29200000000003	17.1
645000	274.63	17.738
645300	201.792	18.351999999999997
645600	189.05200000000002	18.009999999999998
645900	208.164	17.064
646200	222.49200000000002	16.448
646500	232.442	16.338
646800	241.994	16.312
647100	261.49600000000004	16.45
647400	278.212	17.45
647700	247.964	18.35
648000	230.85	18.712
648300	210.95	18.738
648600	213.73599999999996	18.851999999999997
648900	196.61399999999998	18.698
649200	187.06	18.62
649500	178.70199999999997	18.488
649800	167.95599999999996	17.986
650100	184.672	17.838
650400	247.56599999999997	18.136000000000003
650700	251.546	18.625999999999998
651000	250.352	19.212
651300	245.17800000000003	19.5
651600	263.884	19.663999999999998
651900	247.16799999999998	19.776
652200	260.302	19.65
652500	250.75	19.785999999999998
652800	241.596	19.724
653100	204.57999999999998	19.785999999999998
653400	189.05	19.412
653700	187.2811111111111	18.694444444444443
654000	192.03499999999997	18.348000000000003
654300	183.3011111111111	17.93111111111111
654600	193.82800000000003	16.964
654900	236.02399999999997	16.966
655200	380.1	18.262
655500	375.32399999999996	20.002000000000002
655800	426.26800000000003	21.612000000000002
656100	427.46400000000006	22.662
656400	580.696	23.913999999999998
656700	502.684	25.312
657000	377.31399999999996	25.936
657300	543.284	26.198
657600	552.832	26.862000000000002
657900	458.504	27.698
658200	510.64399999999995	27.736
658500	526.1659999999999	28.488
658800	206.964	28.564
659100	247.958	26.125999999999998
659400	357.81199999999995	25.338
659700	398.01	25.28
666000	0.0	16.0
666300	0.0	16.0
666600	0.0	15.975999999999999
