#1
#C1: time (Europe/Berlin)[s] from 2023-03-16T00:00:00+0100 to 2023-03-25T00:00:00+0100
#C2: outside temperature
double ROF_outside_temp_2023(833,2)
0	2.64
900	2.54
1800	2.52
2700	2.46
3600	2.4
4500	2.28
5400	2.22
6300	2.17
7200	2.1
8100	2.1
9000	2.04
12600	1.76
13500	1.7
14400	1.68
15300	1.65
16200	1.63
17100	1.6
18000	1.47
18900	1.42
19800	1.38
20700	1.31
21600	1.32
22500	1.26
23400	1.31
24300	1.24
25200	1.2
26100	1.18
27000	1.22
27900	1.31
28800	1.34
29700	1.44
30600	1.59
31500	1.78
32400	1.92
33300	2.3
34200	2.44
35100	2.6
36000	2.88
36900	2.96
37800	3.14
38700	3.53
39600	3.96
40500	3.86
41400	4.06
42300	4.14
43200	4.41
44100	4.54
45000	4.77
45900	4.95
46800	5.14
47700	5.32
48600	7.98
49500	6.5
50400	6.9
51300	7.28
52200	7.59
53100	8.04
54000	8.25
54900	8.24
55800	8.34
56700	8.48
57600	8.49
58500	8.56
59400	8.66
60300	8.62
61200	8.66
62100	8.48
63000	8.15
63900	7.8
64800	7.54
65700	7.35
66600	7.2
67500	7.06
68400	7.01
69300	6.82
70200	6.78
71100	6.78
72000	6.79
72900	6.74
73800	6.66
74700	6.52
75600	6.5
76500	6.55
77400	6.55
78300	6.51
79200	6.44
80100	6.42
81000	6.35
81900	6.36
82800	6.16
83700	6.02
84600	6.04
85500	5.96
86400	5.94
87300	5.86
88200	5.84
89100	5.72
90000	5.57
90900	5.46
91800	5.38
92700	5.22
93600	5.16
94500	5.1
95400	5.1
99000	5.0
99900	4.88
100800	4.89
101700	4.88
102600	4.94
103500	4.86
104400	4.86
105300	4.82
106200	4.76
107100	4.7
108000	4.64
108900	4.6
109800	4.68
110700	4.72
111600	4.78
112500	4.84
113400	4.88
114300	4.96
115200	5.07
116100	5.17
117000	5.34
117900	5.47
118800	5.76
119700	5.88
120600	6.21
121500	6.51
122400	6.89
123300	7.1
124200	7.36
125100	7.74
126000	8.1
126900	8.4
127800	8.53
128700	8.67
129600	8.96
130500	9.24
131400	9.48
132300	9.86
133200	10.02
134100	10.22
135900	10.81
136800	11.06
137700	11.29
138600	11.43
139500	11.64
140400	11.71
141300	11.73
142200	11.97
143100	12.04
144000	12.0
144900	11.98
145800	11.98
146700	11.83
147600	11.72
148500	11.71
149400	11.62
150300	11.6
151200	11.5
152100	11.26
153000	11.24
153900	11.1
154800	11.0
155700	10.87
156600	10.76
157500	10.72
158400	10.66
159300	10.62
160200	10.6
161100	10.56
162000	10.43
162900	10.39
163800	10.32
164700	10.27
165600	10.23
166500	10.14
167400	10.08
168300	9.99
169200	9.88
170100	9.82
171000	9.72
171900	9.58
172800	9.47
173700	9.43
174600	9.4
175500	9.38
176400	9.38
177300	9.36
178200	9.32
179100	9.24
180000	9.17
180900	9.14
181800	9.06
185400	8.87
186300	8.86
187200	8.83
188100	8.79
189000	8.72
189900	8.66
190800	8.64
191700	8.56
192600	8.5
193500	8.46
194400	8.46
195300	8.44
196200	8.4
197100	8.32
198000	8.35
198900	8.3
199800	8.3
200700	8.27
201600	8.37
202500	8.36
203400	8.48
204300	8.58
205200	8.82
206100	9.1
207000	9.42
207900	9.68
208800	9.96
209700	10.64
210600	10.9
211500	11.04
212400	11.3
213300	11.58
214200	11.9
215100	12.16
216000	12.39
216900	12.52
217800	12.97
218700	13.34
219600	13.4
220500	13.94
221400	14.91
222300	14.72
223200	15.06
224100	15.26
225000	15.61
225900	15.58
226800	15.93
227700	16.12
228600	16.1
229500	16.04
230400	15.98
231300	15.79
232200	15.72
233100	15.42
234000	15.44
234900	15.38
235800	15.45
236700	15.6
237600	15.84
238500	15.59
239400	15.3
240300	15.12
241200	14.85
242100	14.63
243000	14.44
243900	14.23
244800	14.14
245700	14.06
246600	13.92
247500	13.8
248400	13.69
249300	13.65
250200	13.58
251100	13.6
252000	13.42
252900	13.28
253800	13.1
254700	12.97
255600	12.79
256500	12.66
257400	12.58
258300	12.5
259200	12.4
260100	12.28
261000	12.16
261900	12.0
262800	11.91
263700	11.74
264600	11.64
265500	11.57
266400	11.44
267300	11.33
268200	11.21
270900	10.88
271800	10.77
272700	10.7
273600	10.7
274500	10.69
275400	10.64
276300	10.6
277200	10.55
278100	10.53
279000	10.44
279900	10.37
280800	10.36
281700	10.31
282600	10.34
283500	10.3
284400	10.18
285300	10.28
286200	10.34
287100	10.46
288000	10.72
288900	10.76
289800	10.42
290700	10.29
291600	10.18
292500	10.26
293400	10.31
294300	10.33
295200	10.24
296100	10.2
297000	10.22
297900	10.36
298800	10.5
299700	11.09
300600	11.31
301500	11.43
302400	11.95
303300	12.17
304200	12.09
305100	12.35
306000	12.36
306900	12.4
307800	12.48
308700	12.55
309600	12.76
310500	12.98
311400	13.32
312300	13.46
313200	13.62
314100	13.63
315000	13.82
315900	14.08
316800	14.43
317700	14.56
318600	14.42
319500	14.34
320400	14.66
321300	14.72
322200	14.54
323100	14.44
324000	14.31
324900	14.14
325800	13.99
326700	13.8
327600	13.64
328500	13.5
329400	13.41
330300	13.4
331200	13.32
332100	13.24
333000	13.24
333900	13.23
334800	13.22
335700	13.2
336600	13.14
337500	13.1
338400	13.06
339300	13.01
340200	12.92
341100	12.88
342000	12.84
342900	12.77
343800	12.71
344700	12.66
345600	12.58
346500	12.44
347400	12.4
348300	12.42
349200	12.37
350100	12.25
351000	12.12
351900	11.98
352800	11.84
353700	11.7
354600	11.6
358200	11.46
359100	11.42
360000	11.34
360900	11.33
361800	11.36
362700	11.29
363600	11.17
364500	11.09
365400	11.04
366300	10.93
367200	10.88
368100	10.87
369000	10.95
369900	10.91
370800	10.94
371700	10.93
372600	10.88
373500	10.54
374400	10.5
375300	10.34
376200	10.28
377100	10.18
378000	10.05
378900	10.26
379800	10.4
380700	10.4
381600	10.88
382500	11.3
383400	11.41
384300	11.55
385200	11.56
386100	11.66
387000	11.62
387900	11.5
388800	11.52
389700	11.67
390600	11.84
391500	12.0
392400	12.04
393300	12.02
394200	11.98
395100	12.08
396000	12.02
396900	12.04
397800	12.0
398700	12.06
399600	12.09
400500	11.96
401400	11.87
402300	11.93
403200	11.82
404100	11.76
405000	11.74
405900	11.74
406800	11.7
407700	11.73
408600	11.72
409500	11.56
410400	11.44
411300	11.38
412200	11.3
413100	11.22
414000	11.22
414900	11.14
415800	11.08
416700	10.96
417600	10.9
418500	10.86
419400	10.82
420300	10.76
421200	10.69
422100	10.61
423000	10.57
423900	10.48
424800	10.46
425700	10.44
426600	10.41
427500	10.4
428400	10.36
429300	10.3
430200	10.24
431100	10.14
432000	10.1
432900	10.1
433800	10.06
434700	10.02
435600	9.93
436500	9.89
437400	9.87
438300	9.85
439200	9.72
440100	9.69
441000	9.61
444600	9.39
445500	9.3
446400	9.22
447300	9.19
448200	9.16
449100	9.06
450000	9.01
450900	9.0
451800	8.98
452700	8.96
453600	8.97
454500	8.98
455400	9.0
456300	8.96
457200	8.98
458100	8.96
459000	9.06
459900	9.04
460800	9.1
461700	9.19
462600	9.14
463500	9.15
464400	9.2
465300	9.28
466200	9.38
467100	9.45
468000	9.48
468900	9.59
469800	9.62
470700	9.74
471600	9.78
472500	9.9
473400	10.09
474300	10.22
475200	10.5
476100	10.51
477000	10.53
477900	10.64
478800	10.88
479700	11.16
480600	11.3
481500	11.45
482400	11.46
483300	11.5
484200	11.59
485100	11.54
486000	11.54
486900	11.6
487800	11.65
488700	11.75
489600	11.93
490500	11.94
491400	11.88
492300	11.9
493200	11.92
494100	11.84
495000	11.82
495900	11.78
496800	11.8
497700	11.82
498600	11.74
499500	11.67
500400	11.66
501300	11.59
502200	11.56
503100	11.58
504000	11.56
504900	11.56
505800	11.54
506700	11.53
507600	11.5
508500	11.41
509400	11.36
510300	11.36
511200	11.3
512100	11.24
513000	11.21
513900	11.15
514800	11.08
515700	11.06
516600	11.05
517500	11.0
518400	10.98
519300	10.94
520200	10.9
521100	10.91
522000	10.88
522900	10.72
523800	10.66
524700	10.54
525600	10.53
526500	10.5
527400	10.44
530100	10.27
531000	10.22
531900	10.17
532800	10.11
533700	10.1
534600	10.0
535500	9.94
536400	9.86
537300	9.86
538200	9.92
539100	9.86
540000	9.8
540900	9.84
541800	9.85
542700	9.89
543600	9.86
544500	9.85
545400	9.86
546300	9.88
547200	9.91
548100	10.06
549000	10.18
549900	10.33
550800	10.58
551700	10.91
552600	11.08
553500	11.28
554400	11.58
555300	11.84
557100	12.54
558000	12.98
558900	13.34
559800	13.57
560700	13.69
561600	13.94
562500	14.04
563400	14.25
564300	14.25
566100	15.36
568800	15.77
569700	15.57
570600	15.8
571500	15.89
572400	15.86
573300	15.9
574200	16.35
575100	16.51
576000	16.34
576900	16.36
577800	16.03
578700	15.95
579600	16.06
580500	15.95
581400	15.88
582300	15.76
583200	15.61
584100	15.52
585000	15.34
585900	15.2
586800	15.13
588600	14.86
589500	14.8
590400	14.69
591300	14.53
592200	14.48
593100	14.35
594000	14.36
594900	14.31
595800	14.22
596700	14.18
597600	14.1
598500	14.04
599400	13.96
600300	13.85
601200	13.74
602100	13.68
603000	13.67
603900	13.6
604800	13.54
605700	13.43
606600	13.43
607500	13.34
608400	13.24
609300	13.11
610200	12.98
611100	12.86
612000	12.76
612900	12.6
613800	12.48
617400	12.37
618300	12.32
619200	12.36
620100	12.33
621000	12.26
621900	12.2
622800	12.21
623700	12.17
624600	12.14
625500	12.17
626400	12.1
627300	12.05
628200	11.99
629100	11.94
630000	11.84
630900	11.76
631800	11.62
632700	11.6
633600	11.62
634500	11.62
635400	11.64
636300	11.68
637200	11.77
638100	11.88
639000	11.93
639900	12.04
640800	12.12
641700	12.19
642600	12.4
643500	12.56
644400	12.96
645300	13.24
646200	13.3
647100	13.42
648000	13.68
648900	13.76
649800	13.8
650700	13.98
651600	14.22
652500	14.37
653400	14.38
654300	14.4
655200	14.46
656100	14.64
657000	15.17
657900	15.5
658800	15.82
659700	15.85
660600	16.09
661500	16.36
662400	15.76
663300	15.96
664200	16.24
665100	16.38
666000	16.3
666900	15.84
667800	15.73
668700	15.56
669600	15.33
670500	14.87
671400	14.54
672300	14.37
673200	14.03
674100	13.67
675000	13.54
675900	13.46
676800	13.41
677700	13.29
678600	13.17
679500	13.24
680400	13.1
681300	13.06
682200	13.06
683100	13.02
684000	13.02
684900	13.03
685800	12.94
686700	12.89
687600	12.76
688500	12.56
689400	12.43
690300	12.34
691200	12.21
692100	12.12
693000	12.12
693900	12.12
694800	12.05
695700	12.04
696600	11.96
697500	11.9
698400	11.79
699300	11.81
700200	11.78
703800	11.71
704700	11.72
705600	11.78
706500	11.78
707400	11.72
708300	11.72
709200	11.67
710100	11.65
711000	11.64
711900	11.65
712800	11.7
713700	11.76
714600	11.79
715500	11.8
716400	11.86
717300	11.95
718200	12.01
719100	12.23
720000	12.2
720900	12.31
721800	12.46
722700	12.76
723600	13.05
724500	12.99
725400	12.9
726300	12.94
727200	12.83
728100	12.91
729000	13.11
729900	13.25
730800	13.88
731700	14.27
732600	14.36
733500	14.46
734400	14.87
735300	14.76
736200	14.92
737100	15.35
738000	15.44
738900	15.58
739800	15.79
740700	15.64
741600	15.58
743400	15.29
744300	15.14
745200	14.86
746100	14.73
747000	14.36
747900	14.12
748800	14.46
749700	14.91
750600	14.74
751500	14.86
752400	15.16
753300	15.04
754200	15.14
755100	14.81
756000	14.52
756900	14.43
757800	14.3
758700	14.02
759600	13.82
760500	13.69
761400	13.54
762300	13.38
763200	13.24
764100	13.07
765000	12.99
765900	12.94
766800	12.83
767700	12.66
768600	12.39
769500	12.19
770400	12.08
771300	11.98
772200	11.88
773100	11.78
774000	11.73
774900	11.59
775800	11.48
776700	11.38
777600	11.34
